0.000000000000000000e+00 1.000000000000000000e+00 2.000000000000000000e+00 3.000000000000000000e+00 4.000000000000000000e+00 5.000000000000000000e+00 6.000000000000000000e+00
1.000000000000000000e+00 0.000000000000000000e+00 2.733445640464607918e-01 5.731223582898555824e-01 5.664193670852255558e-01 7.389564451797605571e-01 7.362211167140910728e-01
2.000000000000000000e+00 2.733445640464607918e-01 0.000000000000000000e+00 5.673444873301553004e-01 5.606202410888176946e-01 7.328708176619906922e-01 7.301349369414145141e-01
3.000000000000000000e+00 5.731223582898555824e-01 5.673444873301553004e-01 0.000000000000000000e+00 2.520366982193996686e-01 6.376258692283491847e-01 6.352190751174406902e-01
4.000000000000000000e+00 5.664193670852255558e-01 5.606202410888176946e-01 2.520366982193996686e-01 0.000000000000000000e+00 6.305200236687993343e-01 6.281041285784130235e-01
5.000000000000000000e+00 7.389564451797605571e-01 7.328708176619906922e-01 6.376258692283491847e-01 6.305200236687993343e-01 0.000000000000000000e+00 2.311602607566622947e-01
6.000000000000000000e+00 7.362211167140910728e-01 7.301349369414145141e-01 6.352190751174406902e-01 6.281041285784130235e-01 2.311602607566622947e-01 0.000000000000000000e+00
