0.000000000000000000e+00 1.000000000000000000e+00 2.000000000000000000e+00 3.000000000000000000e+00 4.000000000000000000e+00 5.000000000000000000e+00 6.000000000000000000e+00
1.000000000000000000e+00 0.000000000000000000e+00 5.466856770299816093e-01 1.123451139584806580e+00 1.116136523658608937e+00 1.447281632622955838e+00 1.443609655633293798e+00
2.000000000000000000e+00 5.466856770299816093e-01 0.000000000000000000e+00 1.112006112999006202e+00 1.104649639209227985e+00 1.435227897573011502e+00 1.431554670883513403e+00
3.000000000000000000e+00 1.123451139584806580e+00 1.112006112999006202e+00 0.000000000000000000e+00 4.997584332117250838e-01 1.222797396531020597e+00 1.219803330821260801e+00
4.000000000000000000e+00 1.116136523658608937e+00 1.104649639209227985e+00 4.997584332117250838e-01 0.000000000000000000e+00 1.214956353796079691e+00 1.211943518561564126e+00
5.000000000000000000e+00 1.447281632622955838e+00 1.435227897573011502e+00 1.222797396531020597e+00 1.214956353796079691e+00 0.000000000000000000e+00 4.613916414340368810e-01
6.000000000000000000e+00 1.443609655633293798e+00 1.431554670883513403e+00 1.219803330821260801e+00 1.211943518561564126e+00 4.613916414340368810e-01 0.000000000000000000e+00
