0.000000000000000000e+00 1.000000000000000000e+00 2.000000000000000000e+00 3.000000000000000000e+00 4.000000000000000000e+00 5.000000000000000000e+00 6.000000000000000000e+00
1.000000000000000000e+00 0.000000000000000000e+00 5.471196540534301045e-01 1.302674812720255648e+00 1.274202828905612206e+00 3.239481964808377690e+00 2.268042223771753907e+00
2.000000000000000000e+00 5.471196540534301045e-01 0.000000000000000000e+00 1.289396052032692808e+00 1.260875410266095065e+00 3.225634222384194949e+00 2.254192650699646361e+00
3.000000000000000000e+00 1.302674812720255648e+00 1.289396052032692808e+00 0.000000000000000000e+00 5.162672683852511657e-01 2.896759977631298888e+00 1.926261497300436165e+00
4.000000000000000000e+00 1.274202828905612206e+00 1.260875410266095065e+00 5.162672683852511657e-01 0.000000000000000000e+00 2.863537052762712420e+00 1.893024743794343490e+00
5.000000000000000000e+00 3.239481964808377690e+00 3.225634222384194949e+00 2.896759977631298888e+00 2.863537052762712420e+00 0.000000000000000000e+00 1.468115007178409481e+00
6.000000000000000000e+00 2.268042223771753907e+00 2.254192650699646361e+00 1.926261497300436165e+00 1.893024743794343490e+00 1.468115007178409481e+00 0.000000000000000000e+00
