0.000000000000000000e+00 1.000000000000000000e+00 2.000000000000000000e+00 3.000000000000000000e+00 4.000000000000000000e+00 5.000000000000000000e+00 6.000000000000000000e+00
1.000000000000000000e+00 0.000000000000000000e+00 5.466829073256039839e-01 1.123132323281089917e+00 1.115860128861254408e+00 1.443240621834382953e+00 1.439705033203552587e+00
2.000000000000000000e+00 5.466829073256039839e-01 0.000000000000000000e+00 1.111721410592979353e+00 1.104408259956990213e+00 1.431241902563797463e+00 1.427705054813019236e+00
3.000000000000000000e+00 1.123132323281089917e+00 1.111721410592979353e+00 0.000000000000000000e+00 4.997493562970587444e-01 1.217185336299363652e+00 1.214351146658805058e+00
4.000000000000000000e+00 1.115860128861254408e+00 1.104408259956990213e+00 4.997493562970587444e-01 0.000000000000000000e+00 1.209628842043929620e+00 1.206774241935575587e+00
5.000000000000000000e+00 1.443240621834382953e+00 1.431241902563797463e+00 1.217185336299363652e+00 1.209628842043929620e+00 0.000000000000000000e+00 4.613892847254434937e-01
6.000000000000000000e+00 1.439705033203552587e+00 1.427705054813019236e+00 1.214351146658805058e+00 1.206774241935575587e+00 4.613892847254434937e-01 0.000000000000000000e+00
