0.000000000000000000e+00 1.000000000000000000e+00 2.000000000000000000e+00 3.000000000000000000e+00 4.000000000000000000e+00 5.000000000000000000e+00 6.000000000000000000e+00
1.000000000000000000e+00 0.000000000000000000e+00 5.466855776403344302e-01 1.122902656043720526e+00 1.115706691286224794e+00 1.442936364474977307e+00 1.439427138234534942e+00
2.000000000000000000e+00 5.466855776403344302e-01 0.000000000000000000e+00 1.111460769046397790e+00 1.104223325582296633e+00 1.430893425549371045e+00 1.427382884281154452e+00
3.000000000000000000e+00 1.122902656043720526e+00 1.111460769046397790e+00 0.000000000000000000e+00 4.997446557679408041e-01 1.216111228563299118e+00 1.213305575468955455e+00
4.000000000000000000e+00 1.115706691286224794e+00 1.104223325582296633e+00 4.997446557679408041e-01 0.000000000000000000e+00 1.208634374977547221e+00 1.205808058470754007e+00
5.000000000000000000e+00 1.442936364474977307e+00 1.430893425549371045e+00 1.216111228563299118e+00 1.208634374977547221e+00 0.000000000000000000e+00 4.613888121973583889e-01
6.000000000000000000e+00 1.439427138234534942e+00 1.427382884281154452e+00 1.213305575468955455e+00 1.205808058470754007e+00 4.613888121973583889e-01 0.000000000000000000e+00
