0.000000000000000000e+00 1.000000000000000000e+00 2.000000000000000000e+00 3.000000000000000000e+00 4.000000000000000000e+00 5.000000000000000000e+00 6.000000000000000000e+00
1.000000000000000000e+00 0.000000000000000000e+00 5.466855748818203464e-01 1.122902596783390994e+00 1.115706562009308067e+00 1.442935862775718281e+00 1.439426616733588737e+00
2.000000000000000000e+00 5.466855748818203464e-01 0.000000000000000000e+00 1.111460695298162715e+00 1.104223156159772179e+00 1.430892921793308403e+00 1.427382352796743969e+00
3.000000000000000000e+00 1.122902596783390994e+00 1.111460695298162715e+00 0.000000000000000000e+00 4.997448612535644319e-01 1.216111087272541358e+00 1.213305412973224584e+00
4.000000000000000000e+00 1.115706562009308067e+00 1.104223156159772179e+00 4.997448612535644319e-01 0.000000000000000000e+00 1.208634162045310934e+00 1.205807824658869265e+00
5.000000000000000000e+00 1.442935862775718281e+00 1.430892921793308403e+00 1.216111087272541358e+00 1.208634162045310934e+00 0.000000000000000000e+00 4.613888248061290831e-01
6.000000000000000000e+00 1.439426616733588737e+00 1.427382352796743969e+00 1.213305412973224584e+00 1.205807824658869265e+00 4.613888248061290831e-01 0.000000000000000000e+00
