0.000000000000000000e+00 1.000000000000000000e+00 2.000000000000000000e+00 3.000000000000000000e+00 4.000000000000000000e+00 5.000000000000000000e+00 6.000000000000000000e+00
1.000000000000000000e+00 0.000000000000000000e+00 5.466758405360941930e-01 1.086772237097108906e+00 1.083474621132120674e+00 1.409779821472133321e+00 1.406569708279496123e+00
2.000000000000000000e+00 5.466758405360941930e-01 0.000000000000000000e+00 1.076230055357096926e+00 1.072862974880175901e+00 1.398466238772680281e+00 1.395253560784885050e+00
3.000000000000000000e+00 1.086772237097108906e+00 1.076230055357096926e+00 0.000000000000000000e+00 4.995561689707006536e-01 1.187335520912863984e+00 1.184819901177307511e+00
4.000000000000000000e+00 1.083474621132120674e+00 1.072862974880175901e+00 4.995561689707006536e-01 0.000000000000000000e+00 1.182784854571025335e+00 1.180243950376170137e+00
5.000000000000000000e+00 1.409779821472133321e+00 1.398466238772680281e+00 1.187335520912863984e+00 1.182784854571025335e+00 0.000000000000000000e+00 4.613877252957419017e-01
6.000000000000000000e+00 1.406569708279496123e+00 1.395253560784885050e+00 1.184819901177307511e+00 1.180243950376170137e+00 4.613877252957419017e-01 0.000000000000000000e+00
