0.000000000000000000e+00 1.000000000000000000e+00 2.000000000000000000e+00 3.000000000000000000e+00 4.000000000000000000e+00 5.000000000000000000e+00 6.000000000000000000e+00
1.000000000000000000e+00 0.000000000000000000e+00 2.702438915815248421e+00 4.148940488345389532e+00 4.478048832797431267e+00 3.413127757661408967e+00 3.386837688649741551e+00
2.000000000000000000e+00 2.702438915815248421e+00 0.000000000000000000e+00 4.040957428798161111e+00 4.369942341607806036e+00 3.302036129617441862e+00 3.275743509377655016e+00
3.000000000000000000e+00 4.148940488345389532e+00 4.040957428798161111e+00 0.000000000000000000e+00 2.196104368508164484e+00 2.776877893463852498e+00 2.751641472290792478e+00
4.000000000000000000e+00 4.478048832797431267e+00 4.369942341607806036e+00 2.196104368508164484e+00 0.000000000000000000e+00 3.112738169350194095e+00 3.087440091583535384e+00
5.000000000000000000e+00 3.413127757661408967e+00 3.302036129617441862e+00 2.776877893463852498e+00 3.112738169350194095e+00 0.000000000000000000e+00 4.650682117683295758e-01
6.000000000000000000e+00 3.386837688649741551e+00 3.275743509377655016e+00 2.751641472290792478e+00 3.087440091583535384e+00 4.650682117683295758e-01 0.000000000000000000e+00
