0.000000000000000000e+00 1.000000000000000000e+00 2.000000000000000000e+00 3.000000000000000000e+00 4.000000000000000000e+00 5.000000000000000000e+00 6.000000000000000000e+00
1.000000000000000000e+00 0.000000000000000000e+00 5.466580631583547456e-01 1.102106782533629259e+00 1.095553114218557944e+00 1.347452223607833899e+00 1.342115347582902185e+00
2.000000000000000000e+00 5.466580631583547456e-01 0.000000000000000000e+00 1.091046727735083932e+00 1.084453978897797821e+00 1.335786099824413986e+00 1.330447719052193278e+00
3.000000000000000000e+00 1.102106782533629259e+00 1.091046727735083932e+00 0.000000000000000000e+00 4.993444597243987815e-01 1.156822103611109709e+00 1.152305038920106828e+00
4.000000000000000000e+00 1.095553114218557944e+00 1.084453978897797821e+00 4.993444597243987815e-01 0.000000000000000000e+00 1.150099806904358646e+00 1.145556970111275330e+00
5.000000000000000000e+00 1.347452223607833899e+00 1.335786099824413986e+00 1.156822103611109709e+00 1.150099806904358646e+00 0.000000000000000000e+00 4.612579054506480425e-01
6.000000000000000000e+00 1.342115347582902185e+00 1.330447719052193278e+00 1.152305038920106828e+00 1.145556970111275330e+00 4.612579054506480425e-01 0.000000000000000000e+00
