0.000000000000000000e+00 1.000000000000000000e+00 2.000000000000000000e+00 3.000000000000000000e+00 4.000000000000000000e+00 5.000000000000000000e+00 6.000000000000000000e+00
1.000000000000000000e+00 0.000000000000000000e+00 5.466883571755597471e-01 1.141277896904238309e+00 1.135975022592061290e+00 1.453097498690283373e+00 1.448998738998914515e+00
2.000000000000000000e+00 5.466883571755597471e-01 0.000000000000000000e+00 1.129780857266624361e+00 1.124437935160774948e+00 1.440957779996074439e+00 1.436857749465755507e+00
3.000000000000000000e+00 1.141277896904238309e+00 1.129780857266624361e+00 0.000000000000000000e+00 5.000216800457499833e-01 1.239388270055689301e+00 1.236025857926633886e+00
4.000000000000000000e+00 1.135975022592061290e+00 1.124437935160774948e+00 5.000216800457499833e-01 0.000000000000000000e+00 1.233871967250457224e+00 1.230488594521691237e+00
5.000000000000000000e+00 1.453097498690283373e+00 1.440957779996074439e+00 1.239388270055689301e+00 1.233871967250457224e+00 0.000000000000000000e+00 4.614216529400372302e-01
6.000000000000000000e+00 1.448998738998914515e+00 1.436857749465755507e+00 1.236025857926633886e+00 1.230488594521691237e+00 4.614216529400372302e-01 0.000000000000000000e+00
