0.000000000000000000e+00 1.000000000000000000e+00 2.000000000000000000e+00 3.000000000000000000e+00 4.000000000000000000e+00 5.000000000000000000e+00 6.000000000000000000e+00
1.000000000000000000e+00 0.000000000000000000e+00 5.513981068283034803e-01 1.250086376801393229e+00 1.202139226249507420e+00 1.712371049874977569e+00 2.050414746827765811e+00
2.000000000000000000e+00 5.513981068283034803e-01 0.000000000000000000e+00 1.249565806372133991e+00 1.201570224324960190e+00 1.711152442148295538e+00 2.049192877795649181e+00
3.000000000000000000e+00 1.250086376801393229e+00 1.249565806372133991e+00 0.000000000000000000e+00 5.386682593019600507e-01 1.469615512868406082e+00 1.809164460669423935e+00
4.000000000000000000e+00 1.202139226249507420e+00 1.201570224324960190e+00 5.386682593019600507e-01 0.000000000000000000e+00 1.418955716327542582e+00 1.758477560116760152e+00
5.000000000000000000e+00 1.712371049874977569e+00 1.711152442148295538e+00 1.469615512868406082e+00 1.418955716327542582e+00 0.000000000000000000e+00 1.022809976555913991e+00
6.000000000000000000e+00 2.050414746827765811e+00 2.049192877795649181e+00 1.809164460669423935e+00 1.758477560116760152e+00 1.022809976555913991e+00 0.000000000000000000e+00
