0.000000000000000000e+00 1.000000000000000000e+00 2.000000000000000000e+00 3.000000000000000000e+00 4.000000000000000000e+00 5.000000000000000000e+00 6.000000000000000000e+00
1.000000000000000000e+00 0.000000000000000000e+00 5.466806465662792380e-01 1.119915408215929276e+00 1.111926515687991612e+00 1.440055316829152332e+00 1.436631013030992499e+00
2.000000000000000000e+00 5.466806465662792380e-01 0.000000000000000000e+00 1.108564991110116971e+00 1.100535090783529624e+00 1.428113262822248153e+00 1.424687655183521251e+00
3.000000000000000000e+00 1.119915408215929276e+00 1.108564991110116971e+00 0.000000000000000000e+00 4.996223907102042006e-01 1.212470488916396416e+00 1.209750828599211125e+00
4.000000000000000000e+00 1.111926515687991612e+00 1.100535090783529624e+00 4.996223907102042006e-01 0.000000000000000000e+00 1.204188421265243392e+00 1.201448403600065440e+00
5.000000000000000000e+00 1.440055316829152332e+00 1.428113262822248153e+00 1.212470488916396416e+00 1.204188421265243392e+00 0.000000000000000000e+00 4.613849763696813433e-01
6.000000000000000000e+00 1.436631013030992499e+00 1.424687655183521251e+00 1.209750828599211125e+00 1.201448403600065440e+00 4.613849763696813433e-01 0.000000000000000000e+00
