0.000000000000000000e+00 1.000000000000000000e+00 2.000000000000000000e+00 3.000000000000000000e+00 4.000000000000000000e+00 5.000000000000000000e+00 6.000000000000000000e+00
1.000000000000000000e+00 0.000000000000000000e+00 5.466855748867219811e-01 1.122902680951603394e+00 1.115706646328091356e+00 1.442936190020243981e+00 1.439426962832173196e+00
2.000000000000000000e+00 5.466855748867219811e-01 0.000000000000000000e+00 1.111460779073967675e+00 1.104223247012027898e+00 1.430893185727829753e+00 1.427382645111740622e+00
3.000000000000000000e+00 1.122902680951603394e+00 1.111460779073967675e+00 0.000000000000000000e+00 4.997448170536002987e-01 1.216111332117938648e+00 1.213305678976852153e+00
4.000000000000000000e+00 1.115706646328091356e+00 1.104223247012027898e+00 4.997448170536002987e-01 0.000000000000000000e+00 1.208634407015902745e+00 1.205808090547720202e+00
5.000000000000000000e+00 1.442936190020243981e+00 1.430893185727829753e+00 1.216111332117938648e+00 1.208634407015902745e+00 0.000000000000000000e+00 4.613889655418308422e-01
6.000000000000000000e+00 1.439426962832173196e+00 1.427382645111740622e+00 1.213305678976852153e+00 1.205808090547720202e+00 4.613889655418308422e-01 0.000000000000000000e+00
