0.000000000000000000e+00 1.000000000000000000e+00 2.000000000000000000e+00 3.000000000000000000e+00 4.000000000000000000e+00 5.000000000000000000e+00 6.000000000000000000e+00
1.000000000000000000e+00 0.000000000000000000e+00 5.466936807074550958e-02 1.194337688978616280e-01 1.168417791145088119e-01 1.598773665906375041e-01 1.589794482114958718e-01
2.000000000000000000e+00 5.466936807074550958e-02 0.000000000000000000e+00 1.182683942239693559e-01 1.156714110974439574e-01 1.586424113474357855e-01 1.577444226922027071e-01
3.000000000000000000e+00 1.194337688978616280e-01 1.182683942239693559e-01 0.000000000000000000e+00 5.120493865813564860e-02 1.461557322424714700e-01 1.453049581770618770e-01
4.000000000000000000e+00 1.168417791145088119e-01 1.156714110974439574e-01 5.120493865813564860e-02 0.000000000000000000e+00 1.433124102202722461e-01 1.424603737330953079e-01
5.000000000000000000e+00 1.598773665906375041e-01 1.586424113474357855e-01 1.461557322424714700e-01 1.433124102202722461e-01 0.000000000000000000e+00 4.640840931597486896e-02
6.000000000000000000e+00 1.589794482114958718e-01 1.577444226922027071e-01 1.453049581770618770e-01 1.424603737330953079e-01 4.640840931597486896e-02 0.000000000000000000e+00
