0.000000000000000000e+00 1.000000000000000000e+00 2.000000000000000000e+00 3.000000000000000000e+00 4.000000000000000000e+00 5.000000000000000000e+00 6.000000000000000000e+00
1.000000000000000000e+00 0.000000000000000000e+00 5.466902787948205722e-01 1.157332662809015700e+00 1.153434074996513292e+00 1.457459011742891386e+00 1.453059294451399142e+00
2.000000000000000000e+00 5.466902787948205722e-01 0.000000000000000000e+00 1.145874781407744125e+00 1.141936403721882431e+00 1.445275603629265992e+00 1.440874468669896880e+00
3.000000000000000000e+00 1.157332662809015700e+00 1.145874781407744125e+00 0.000000000000000000e+00 5.001802613788584040e-01 1.256236140712289062e+00 1.252632790082625514e+00
4.000000000000000000e+00 1.153434074996513292e+00 1.141936403721882431e+00 5.001802613788584040e-01 0.000000000000000000e+00 1.252220621854790883e+00 1.248595362498712946e+00
5.000000000000000000e+00 1.457459011742891386e+00 1.445275603629265992e+00 1.256236140712289062e+00 1.252220621854790883e+00 0.000000000000000000e+00 4.614420445188398556e-01
6.000000000000000000e+00 1.453059294451399142e+00 1.440874468669896880e+00 1.252632790082625514e+00 1.248595362498712946e+00 4.614420445188398556e-01 0.000000000000000000e+00
