0.000000000000000000e+00 1.000000000000000000e+00 2.000000000000000000e+00 3.000000000000000000e+00 4.000000000000000000e+00 5.000000000000000000e+00 6.000000000000000000e+00
1.000000000000000000e+00 0.000000000000000000e+00 5.418210442150100947e-01 4.101886188481340678e-01 4.103224221269393679e-01 4.008815451301021016e-01 4.008289447202537104e-01
2.000000000000000000e+00 5.418210442150100947e-01 0.000000000000000000e+00 3.784355146695430605e-01 3.785688709080267111e-01 3.676247055906124439e-01 3.675704112914724431e-01
3.000000000000000000e+00 4.101886188481340678e-01 3.784355146695430605e-01 0.000000000000000000e+00 5.019910305883890089e-03 3.041724564687403598e-02 3.040285389985925013e-02
4.000000000000000000e+00 4.103224221269393679e-01 3.785688709080267111e-01 5.019910305883890089e-03 0.000000000000000000e+00 3.056067254837169234e-02 3.054618155180810479e-02
5.000000000000000000e+00 4.008815451301021016e-01 3.676247055906124439e-01 3.041724564687403598e-02 3.056067254837169234e-02 0.000000000000000000e+00 4.616262253122560555e-03
6.000000000000000000e+00 4.008289447202537104e-01 3.675704112914724431e-01 3.040285389985925013e-02 3.054618155180810479e-02 4.616262253122560555e-03 0.000000000000000000e+00
