0.000000000000000000e+00 1.000000000000000000e+00 2.000000000000000000e+00 3.000000000000000000e+00 4.000000000000000000e+00 5.000000000000000000e+00 6.000000000000000000e+00
1.000000000000000000e+00 0.000000000000000000e+00 5.461709624253252571e-01 9.721687287793976395e-01 9.770144726549474523e-01 8.460291337478340612e-01 1.010375115151675995e+00
2.000000000000000000e+00 5.461709624253252571e-01 0.000000000000000000e+00 9.613154013613214310e-01 9.661182575475963930e-01 8.342879418381854428e-01 9.986331985560146229e-01
3.000000000000000000e+00 9.721687287793976395e-01 9.613154013613214310e-01 0.000000000000000000e+00 4.895380711603010138e-01 7.114974069270443291e-01 8.760531713238024487e-01
4.000000000000000000e+00 9.770144726549474523e-01 9.661182575475963930e-01 4.895380711603010138e-01 0.000000000000000000e+00 7.165079293671283711e-01 8.810538718409119952e-01
5.000000000000000000e+00 8.460291337478340612e-01 8.342879418381854428e-01 7.114974069270443291e-01 7.165079293671283711e-01 0.000000000000000000e+00 2.762852789326297742e-01
6.000000000000000000e+00 1.010375115151675995e+00 9.986331985560146229e-01 8.760531713238024487e-01 8.810538718409119952e-01 2.762852789326297742e-01 0.000000000000000000e+00
