0.000000000000000000e+00 1.000000000000000000e+00 2.000000000000000000e+00 3.000000000000000000e+00 4.000000000000000000e+00 5.000000000000000000e+00 6.000000000000000000e+00
1.000000000000000000e+00 0.000000000000000000e+00 5.466828671213165292e-01 1.109817846272065589e+00 1.105642894707204782e+00 1.302991072118541593e+00 1.304078973734485114e+00
2.000000000000000000e+00 5.466828671213165292e-01 0.000000000000000000e+00 1.098415353947766127e+00 1.094211054272385297e+00 1.291275922580866320e+00 1.292359517397109858e+00
3.000000000000000000e+00 1.109817846272065589e+00 1.098415353947766127e+00 0.000000000000000000e+00 4.994418529108040072e-01 9.942926711886872493e-01 9.970747516218509965e-01
4.000000000000000000e+00 1.105642894707204782e+00 1.094211054272385297e+00 4.994418529108040072e-01 0.000000000000000000e+00 9.990274677096426803e-01 1.001686989374476422e+00
5.000000000000000000e+00 1.302991072118541593e+00 1.291275922580866320e+00 9.942926711886872493e-01 9.990274677096426803e-01 0.000000000000000000e+00 4.613348735541222823e-01
6.000000000000000000e+00 1.304078973734485114e+00 1.292359517397109858e+00 9.970747516218509965e-01 1.001686989374476422e+00 4.613348735541222823e-01 0.000000000000000000e+00
