0.000000000000000000e+00 1.000000000000000000e+00 2.000000000000000000e+00 3.000000000000000000e+00 4.000000000000000000e+00 5.000000000000000000e+00 6.000000000000000000e+00
1.000000000000000000e+00 0.000000000000000000e+00 5.434468775166888754e+00 4.854087787603300619e+00 4.853324381808148402e+00 5.086294777421606739e+00 5.082708476062395953e+00
2.000000000000000000e+00 5.434468775166888754e+00 0.000000000000000000e+00 4.647702256546602406e+00 4.646706825677272334e+00 4.866178729626586374e+00 4.862556577582348716e+00
3.000000000000000000e+00 4.854087787603300619e+00 4.647702256546602406e+00 0.000000000000000000e+00 5.001484444616002278e-01 1.311274338363620728e+00 1.308912859697366038e+00
4.000000000000000000e+00 4.853324381808148402e+00 4.646706825677272334e+00 5.001484444616002278e-01 0.000000000000000000e+00 1.309350911718436095e+00 1.306976782456360731e+00
5.000000000000000000e+00 5.086294777421606739e+00 4.866178729626586374e+00 1.311274338363620728e+00 1.309350911718436095e+00 0.000000000000000000e+00 4.613894137370806448e-01
6.000000000000000000e+00 5.082708476062395953e+00 4.862556577582348716e+00 1.308912859697366038e+00 1.306976782456360731e+00 4.613894137370806448e-01 0.000000000000000000e+00
