0.000000000000000000e+00 1.000000000000000000e+00 2.000000000000000000e+00 3.000000000000000000e+00 4.000000000000000000e+00 5.000000000000000000e+00 6.000000000000000000e+00
1.000000000000000000e+00 0.000000000000000000e+00 5.466906653569454377e-01 1.158686353854237350e+00 1.141891408570171018e+00 1.498811444274814608e+00 1.492351142427746469e+00
2.000000000000000000e+00 5.466906653569454377e-01 0.000000000000000000e+00 1.147089153661954963e+00 1.130250420456691662e+00 1.486584969025549263e+00 1.480123660683225983e+00
3.000000000000000000e+00 1.158686353854237350e+00 1.147089153661954963e+00 0.000000000000000000e+00 5.064555370581298455e-01 1.312208802707847344e+00 1.306376541358462484e+00
4.000000000000000000e+00 1.141891408570171018e+00 1.130250420456691662e+00 5.064555370581298455e-01 0.000000000000000000e+00 1.294286539689620152e+00 1.288437281961465564e+00
5.000000000000000000e+00 1.498811444274814608e+00 1.486584969025549263e+00 1.312208802707847344e+00 1.294286539689620152e+00 0.000000000000000000e+00 4.628318751888751414e-01
6.000000000000000000e+00 1.492351142427746469e+00 1.480123660683225983e+00 1.306376541358462484e+00 1.288437281961465564e+00 4.628318751888751414e-01 0.000000000000000000e+00
