0.000000000000000000e+00 1.000000000000000000e+00 2.000000000000000000e+00 3.000000000000000000e+00 4.000000000000000000e+00 5.000000000000000000e+00 6.000000000000000000e+00
1.000000000000000000e+00 0.000000000000000000e+00 5.975921513996370393e+00 5.136502543136939103e+00 5.116878309027257821e+00 5.284958190308731041e+00 5.286795306249393533e+00
2.000000000000000000e+00 5.975921513996370393e+00 0.000000000000000000e+00 4.913848599691472252e+00 4.894103747339591415e+00 5.053021327384201733e+00 5.054767881253182438e+00
3.000000000000000000e+00 5.136502543136939103e+00 4.913848599691472252e+00 0.000000000000000000e+00 5.032444353412799387e-01 1.051773279610316081e+00 1.055652154417020760e+00
4.000000000000000000e+00 5.116878309027257821e+00 4.894103747339591415e+00 5.032444353412799387e-01 0.000000000000000000e+00 1.031795573934576993e+00 1.035664378792573892e+00
5.000000000000000000e+00 5.284958190308731041e+00 5.053021327384201733e+00 1.051773279610316081e+00 1.031795573934576993e+00 0.000000000000000000e+00 4.658427346385609624e-01
6.000000000000000000e+00 5.286795306249393533e+00 5.054767881253182438e+00 1.055652154417020760e+00 1.035664378792573892e+00 4.658427346385609624e-01 0.000000000000000000e+00
