0.000000000000000000e+00 1.000000000000000000e+00 2.000000000000000000e+00 3.000000000000000000e+00 4.000000000000000000e+00 5.000000000000000000e+00 6.000000000000000000e+00
1.000000000000000000e+00 0.000000000000000000e+00 1.633108578389368759e+01 2.400869921557210063e+01 2.482245618624462935e+01 2.713363972643453437e+01 2.580977404610927550e+01
2.000000000000000000e+00 1.633108578389368759e+01 0.000000000000000000e+00 2.354518554700273825e+01 2.435829315308452436e+01 2.665309031261235262e+01 2.532913551890863602e+01
3.000000000000000000e+00 2.400869921557210063e+01 2.354518554700273825e+01 0.000000000000000000e+00 9.328936713905150668e+00 1.726389434309218629e+01 1.595665505340226531e+01
4.000000000000000000e+00 2.482245618624462935e+01 2.435829315308452436e+01 9.328936713905150668e+00 0.000000000000000000e+00 1.819546387647152486e+01 1.688722197788627000e+01
5.000000000000000000e+00 2.713363972643453437e+01 2.665309031261235262e+01 1.726389434309218629e+01 1.819546387647152486e+01 0.000000000000000000e+00 5.939399133949095244e+00
6.000000000000000000e+00 2.580977404610927550e+01 2.532913551890863602e+01 1.595665505340226531e+01 1.688722197788627000e+01 5.939399133949095244e+00 0.000000000000000000e+00
