0.000000000000000000e+00 1.000000000000000000e+00 2.000000000000000000e+00 3.000000000000000000e+00 4.000000000000000000e+00 5.000000000000000000e+00 6.000000000000000000e+00
1.000000000000000000e+00 0.000000000000000000e+00 1.687880695258392905e+01 2.554270906316088485e+01 2.621616087843150922e+01 2.930476510150366565e+01 2.796051941192969537e+01
2.000000000000000000e+00 1.687880695258392905e+01 0.000000000000000000e+00 2.506596608725929798e+01 2.573850357776377251e+01 2.880606080125304302e+01 2.746174948914109848e+01
3.000000000000000000e+00 2.554270906316088485e+01 2.506596608725929798e+01 0.000000000000000000e+00 9.881858961042809142e+00 1.990568946652964044e+01 1.857554876222303619e+01
4.000000000000000000e+00 2.621616087843150922e+01 2.573850357776377251e+01 9.881858961042809142e+00 0.000000000000000000e+00 2.063683819261248331e+01 1.930605889476748871e+01
5.000000000000000000e+00 2.930476510150366565e+01 2.880606080125304302e+01 1.990568946652964044e+01 2.063683819261248331e+01 0.000000000000000000e+00 6.410381987268493731e+00
6.000000000000000000e+00 2.796051941192969537e+01 2.746174948914109848e+01 1.857554876222303619e+01 1.930605889476748871e+01 6.410381987268493731e+00 0.000000000000000000e+00
