0.000000000000000000e+00 1.000000000000000000e+00 2.000000000000000000e+00 3.000000000000000000e+00 4.000000000000000000e+00 5.000000000000000000e+00 6.000000000000000000e+00
1.000000000000000000e+00 0.000000000000000000e+00 5.465911345103025010e-01 9.934446405421736292e-01 9.711637689946714946e-01 1.158722671837415064e+00 1.162869262662857839e+00
2.000000000000000000e+00 5.465911345103025010e-01 0.000000000000000000e+00 9.859736284543744178e-01 9.636653884071049170e-01 1.150592159012345128e+00 1.154729447573191070e+00
3.000000000000000000e+00 9.934446405421736292e-01 9.859736284543744178e-01 0.000000000000000000e+00 4.980404996524971928e-01 9.449525266300926596e-01 9.500854368868956179e-01
4.000000000000000000e+00 9.711637689946714946e-01 9.636653884071049170e-01 4.980404996524971928e-01 0.000000000000000000e+00 9.223919617848705954e-01 9.275146637632372126e-01
5.000000000000000000e+00 1.158722671837415064e+00 1.150592159012345128e+00 9.449525266300926596e-01 9.223919617848705954e-01 0.000000000000000000e+00 4.611964787255198317e-01
6.000000000000000000e+00 1.162869262662857839e+00 1.154729447573191070e+00 9.500854368868956179e-01 9.275146637632372126e-01 4.611964787255198317e-01 0.000000000000000000e+00
