0.000000000000000000e+00 1.000000000000000000e+00 2.000000000000000000e+00 3.000000000000000000e+00 4.000000000000000000e+00 5.000000000000000000e+00 6.000000000000000000e+00
1.000000000000000000e+00 0.000000000000000000e+00 1.139423289028058761e+01 1.406494379304298903e+01 1.479660937896063899e+01 1.355488763673230679e+01 1.243140211502240255e+01
2.000000000000000000e+00 1.139423289028058761e+01 0.000000000000000000e+00 1.362995489953669903e+01 1.436133820347476586e+01 1.309618238119474043e+01 1.197267774130886231e+01
3.000000000000000000e+00 1.406494379304298903e+01 1.362995489953669903e+01 0.000000000000000000e+00 4.798221616593302485e+00 8.054971000629901567e+00 6.934215823128878853e+00
4.000000000000000000e+00 1.479660937896063899e+01 1.436133820347476586e+01 4.798221616593302485e+00 0.000000000000000000e+00 8.810043256771070475e+00 7.689155881738807707e+00
5.000000000000000000e+00 1.355488763673230679e+01 1.309618238119474043e+01 8.054971000629901567e+00 8.810043256771070475e+00 0.000000000000000000e+00 1.586766298635273742e+00
6.000000000000000000e+00 1.243140211502240255e+01 1.197267774130886231e+01 6.934215823128878853e+00 7.689155881738807707e+00 1.586766298635273742e+00 0.000000000000000000e+00
