0.000000000000000000e+00 1.000000000000000000e+00 2.000000000000000000e+00 3.000000000000000000e+00 4.000000000000000000e+00 5.000000000000000000e+00 6.000000000000000000e+00
1.000000000000000000e+00 0.000000000000000000e+00 5.466316636406230778e+00 8.876301015215279477e+00 9.126055184757314365e+00 9.429739709919704893e+00 9.520163180647166712e+00
2.000000000000000000e+00 5.466316636406230778e+00 0.000000000000000000e+00 8.797657853269807759e+00 9.046837425746916850e+00 9.351625801942738292e+00 9.442034101871556118e+00
3.000000000000000000e+00 8.876301015215279477e+00 8.797657853269807759e+00 0.000000000000000000e+00 4.839205472336510994e+00 6.122219893826574832e+00 6.213800069763536271e+00
4.000000000000000000e+00 9.126055184757314365e+00 9.046837425746916850e+00 4.839205472336510994e+00 0.000000000000000000e+00 6.404862114755829339e+00 6.496406440277979755e+00
5.000000000000000000e+00 9.429739709919704893e+00 9.351625801942738292e+00 6.122219893826574832e+00 6.404862114755829339e+00 0.000000000000000000e+00 4.571376455797501848e+00
6.000000000000000000e+00 9.520163180647166712e+00 9.442034101871556118e+00 6.213800069763536271e+00 6.496406440277979755e+00 4.571376455797501848e+00 0.000000000000000000e+00
