0.000000000000000000e+00 1.000000000000000000e+00 2.000000000000000000e+00 3.000000000000000000e+00 4.000000000000000000e+00 5.000000000000000000e+00 6.000000000000000000e+00 7.000000000000000000e+00
1.000000000000000000e+00 0.000000000000000000e+00 5.021686159013681872e-01 9.619778961861659150e-01 8.734796330106263662e-01 9.418850859421867838e-01 1.010301140346779647e+00 1.036774516930435208e+00
2.000000000000000000e+00 5.021686159013681872e-01 0.000000000000000000e+00 9.293522826813264137e-01 8.403968563007445658e-01 9.005140925747712188e-01 9.691654131687039708e-01 1.002836151584070468e+00
3.000000000000000000e+00 9.619778961861659150e-01 9.293522826813264137e-01 0.000000000000000000e+00 5.909041658451853474e-01 9.908940522285385466e-01 1.052756968763993495e+00 8.245618512771883957e-01
4.000000000000000000e+00 8.734796330106263662e-01 8.403968563007445658e-01 5.909041658451853474e-01 0.000000000000000000e+00 8.881298186931010363e-01 9.490857254013409516e-01 6.335725593118346488e-01
5.000000000000000000e+00 9.418850859421867838e-01 9.005140925747712188e-01 9.908940522285385466e-01 8.881298186931010363e-01 0.000000000000000000e+00 6.034367836883802738e-01 1.027398723146581094e+00
6.000000000000000000e+00 1.010301140346779647e+00 9.691654131687039708e-01 1.052756968763993495e+00 9.490857254013409516e-01 6.034367836883802738e-01 0.000000000000000000e+00 1.086939565033979260e+00
7.000000000000000000e+00 1.036774516930435208e+00 1.002836151584070468e+00 8.245618512771883957e-01 6.335725593118346488e-01 1.027398723146581094e+00 1.086939565033979260e+00 0.000000000000000000e+00
