0.000000000000000000e+00 1.000000000000000000e+00 2.000000000000000000e+00 3.000000000000000000e+00 4.000000000000000000e+00 5.000000000000000000e+00 6.000000000000000000e+00 7.000000000000000000e+00
1.000000000000000000e+00 0.000000000000000000e+00 1.649053884117571256e+00 3.121008239273456830e+00 3.258586004069985442e+00 3.209955413315275230e+00 3.307654322889844067e+00 3.461609699835896503e+00
2.000000000000000000e+00 1.649053884117571256e+00 0.000000000000000000e+00 3.135404336272080705e+00 3.271427047744838390e+00 3.192234095826571583e+00 3.290855645412448460e+00 3.471166196218391509e+00
3.000000000000000000e+00 3.121008239273456830e+00 3.135404336272080705e+00 0.000000000000000000e+00 2.316543809288927669e+00 3.407217337684755876e+00 3.480017860038265631e+00 2.757975054755352762e+00
4.000000000000000000e+00 3.258586004069985442e+00 3.271427047744838390e+00 2.316543809288927669e+00 0.000000000000000000e+00 3.496857857136265402e+00 3.566222520901204618e+00 2.543719453854537793e+00
5.000000000000000000e+00 3.209955413315275230e+00 3.192234095826571583e+00 3.407217337684755876e+00 3.496857857136265402e+00 0.000000000000000000e+00 2.122845453604288224e+00 3.611876725790368337e+00
6.000000000000000000e+00 3.307654322889844067e+00 3.290855645412448460e+00 3.480017860038265631e+00 3.566222520901204618e+00 2.122845453604288224e+00 0.000000000000000000e+00 3.675369770914992618e+00
7.000000000000000000e+00 3.461609699835896503e+00 3.471166196218391509e+00 2.757975054755352762e+00 2.543719453854537793e+00 3.611876725790368337e+00 3.675369770914992618e+00 0.000000000000000000e+00
