0.000000000000000000e+00 1.000000000000000000e+00 2.000000000000000000e+00 3.000000000000000000e+00 4.000000000000000000e+00 5.000000000000000000e+00 6.000000000000000000e+00 7.000000000000000000e+00
1.000000000000000000e+00 0.000000000000000000e+00 5.496853426499496154e-01 1.040657212234210593e+00 1.086387539964860149e+00 1.073982625252730472e+00 1.106474791983074635e+00 1.153701286992905750e+00
2.000000000000000000e+00 5.496853426499496154e-01 0.000000000000000000e+00 1.045494935650822743e+00 1.090710497082995278e+00 1.068204559309889223e+00 1.101006267656522652e+00 1.156933905104481131e+00
3.000000000000000000e+00 1.040657212234210593e+00 1.045494935650822743e+00 0.000000000000000000e+00 7.721340740949211856e-01 1.136978079487953153e+00 1.161131615309784149e+00 9.189411808732614872e-01
4.000000000000000000e+00 1.086387539964860149e+00 1.090710497082995278e+00 7.721340740949211856e-01 0.000000000000000000e+00 1.166535068998658442e+00 1.189534856333182677e+00 8.476938596236447410e-01
5.000000000000000000e+00 1.073982625252730472e+00 1.068204559309889223e+00 1.136978079487953153e+00 1.166535068998658442e+00 0.000000000000000000e+00 7.076091484485691474e-01 1.204110174957744306e+00
6.000000000000000000e+00 1.106474791983074635e+00 1.101006267656522652e+00 1.161131615309784149e+00 1.189534856333182677e+00 7.076091484485691474e-01 0.000000000000000000e+00 1.225135688141261170e+00
7.000000000000000000e+00 1.153701286992905750e+00 1.156933905104481131e+00 9.189411808732614872e-01 8.476938596236447410e-01 1.204110174957744306e+00 1.225135688141261170e+00 0.000000000000000000e+00
