0.000000000000000000e+00 1.000000000000000000e+00 2.000000000000000000e+00 3.000000000000000000e+00 4.000000000000000000e+00 5.000000000000000000e+00 6.000000000000000000e+00 7.000000000000000000e+00
1.000000000000000000e+00 0.000000000000000000e+00 5.496859133979178358e-01 1.041886673640245009e+00 1.088219194390360522e+00 1.074358644891345138e+00 1.106986683773896862e+00 1.155446822632068882e+00
2.000000000000000000e+00 5.496859133979178358e-01 0.000000000000000000e+00 1.046683863930422342e+00 1.092494344339994816e+00 1.068554566688724394e+00 1.101489533897025419e+00 1.158632803989944060e+00
3.000000000000000000e+00 1.041886673640245009e+00 1.046683863930422342e+00 0.000000000000000000e+00 7.722041663752883256e-01 1.137913760988101819e+00 1.162222332974366390e+00 9.191291267773864515e-01
4.000000000000000000e+00 1.088219194390360522e+00 1.092494344339994816e+00 7.722041663752883256e-01 0.000000000000000000e+00 1.167960623394302067e+00 1.191118944040409522e+00 8.478767758186720460e-01
5.000000000000000000e+00 1.074358644891345138e+00 1.068554566688724394e+00 1.137913760988101819e+00 1.167960623394302067e+00 0.000000000000000000e+00 7.076256385067209997e-01 1.205485419562563498e+00
6.000000000000000000e+00 1.106986683773896862e+00 1.101489533897025419e+00 1.162222332974366390e+00 1.191118944040409522e+00 7.076256385067209997e-01 0.000000000000000000e+00 1.226680629009653023e+00
7.000000000000000000e+00 1.155446822632068882e+00 1.158632803989944060e+00 9.191291267773864515e-01 8.478767758186720460e-01 1.205485419562563498e+00 1.226680629009653023e+00 0.000000000000000000e+00
