0.000000000000000000e+00 1.000000000000000000e+00 2.000000000000000000e+00 3.000000000000000000e+00 4.000000000000000000e+00 5.000000000000000000e+00 6.000000000000000000e+00 7.000000000000000000e+00
1.000000000000000000e+00 0.000000000000000000e+00 5.497027989464166042e-01 1.944363599190876091e+00 1.153512348350039352e+00 1.083089446289514868e+00 1.117731365439486702e+00 1.185427100008336954e+00
2.000000000000000000e+00 5.497027989464166042e-01 0.000000000000000000e+00 1.949211720256643687e+00 1.157518611795431918e+00 1.076901895152367228e+00 1.111849255606728981e+00 1.188350586282898469e+00
3.000000000000000000e+00 1.944363599190876091e+00 1.949211720256643687e+00 0.000000000000000000e+00 1.712472928104568526e+00 2.045038352307047003e+00 2.071041257693218895e+00 1.831549168252683213e+00
4.000000000000000000e+00 1.153512348350039352e+00 1.157518611795431918e+00 1.712472928104568526e+00 0.000000000000000000e+00 1.232152814901530391e+00 1.256800310033691304e+00 9.166319138898244567e-01
5.000000000000000000e+00 1.083089446289514868e+00 1.076901895152367228e+00 2.045038352307047003e+00 1.232152814901530391e+00 0.000000000000000000e+00 7.078781791640229581e-01 1.234441992167556457e+00
6.000000000000000000e+00 1.117731365439486702e+00 1.111849255606728981e+00 2.071041257693218895e+00 1.256800310033691304e+00 7.078781791640229581e-01 0.000000000000000000e+00 1.257048724057594935e+00
7.000000000000000000e+00 1.185427100008336954e+00 1.188350586282898469e+00 1.831549168252683213e+00 9.166319138898244567e-01 1.234441992167556457e+00 1.257048724057594935e+00 0.000000000000000000e+00
