0.000000000000000000e+00 1.000000000000000000e+00 2.000000000000000000e+00 3.000000000000000000e+00 4.000000000000000000e+00 5.000000000000000000e+00 6.000000000000000000e+00 7.000000000000000000e+00
1.000000000000000000e+00 0.000000000000000000e+00 5.495785299262725410e-01 1.033010004176164065e+00 1.078635550386468855e+00 1.065215125437265264e+00 1.095160901052328217e+00 1.146516375073458383e+00
2.000000000000000000e+00 5.495785299262725410e-01 0.000000000000000000e+00 1.038582863659575528e+00 1.083709706316163812e+00 1.060382694820781069e+00 1.090636439773108979e+00 1.150518128207205448e+00
3.000000000000000000e+00 1.033010004176164065e+00 1.038582863659575528e+00 0.000000000000000000e+00 7.720525513752212188e-01 1.128470327978702503e+00 1.150335578083271582e+00 9.187214696609935505e-01
4.000000000000000000e+00 1.078635550386468855e+00 1.083709706316163812e+00 7.720525513752212188e-01 0.000000000000000000e+00 1.158285287821941623e+00 1.179025225941435995e+00 8.476108579812702271e-01
5.000000000000000000e+00 1.065215125437265264e+00 1.060382694820781069e+00 1.128470327978702503e+00 1.158285287821941623e+00 0.000000000000000000e+00 7.058332251127708012e-01 1.196803745071363112e+00
6.000000000000000000e+00 1.095160901052328217e+00 1.090636439773108979e+00 1.150335578083271582e+00 1.179025225941435995e+00 7.058332251127708012e-01 0.000000000000000000e+00 1.215605185375059571e+00
7.000000000000000000e+00 1.146516375073458383e+00 1.150518128207205448e+00 9.187214696609935505e-01 8.476108579812702271e-01 1.196803745071363112e+00 1.215605185375059571e+00 0.000000000000000000e+00
