0.000000000000000000e+00 1.000000000000000000e+00 2.000000000000000000e+00 3.000000000000000000e+00 4.000000000000000000e+00 5.000000000000000000e+00 6.000000000000000000e+00 7.000000000000000000e+00
1.000000000000000000e+00 0.000000000000000000e+00 1.335461115840552271e+00 1.813312119050807247e+00 1.846227043096071219e+00 2.055902512620523481e+00 2.287989068308626361e+00 2.451561626497391622e+00
2.000000000000000000e+00 1.335461115840552271e+00 0.000000000000000000e+00 1.773112713847555533e+00 1.805112614815789440e+00 1.999518613867024897e+00 2.231967051918841261e+00 2.408782282244114725e+00
3.000000000000000000e+00 1.813312119050807247e+00 1.773112713847555533e+00 0.000000000000000000e+00 9.631644276493969148e-01 1.813831310906470318e+00 2.036712636264295551e+00 1.719195767211394887e+00
4.000000000000000000e+00 1.846227043096071219e+00 1.805112614815789440e+00 9.631644276493969148e-01 0.000000000000000000e+00 1.818464638512240938e+00 2.039913802335956650e+00 1.517258695722804696e+00
5.000000000000000000e+00 2.055902512620523481e+00 1.999518613867024897e+00 1.813831310906470318e+00 1.818464638512240938e+00 0.000000000000000000e+00 1.573969278895639423e+00 2.376467834439860205e+00
6.000000000000000000e+00 2.287989068308626361e+00 2.231967051918841261e+00 2.036712636264295551e+00 2.039913802335956650e+00 1.573969278895639423e+00 0.000000000000000000e+00 2.595772244674424023e+00
7.000000000000000000e+00 2.451561626497391622e+00 2.408782282244114725e+00 1.719195767211394887e+00 1.517258695722804696e+00 2.376467834439860205e+00 2.595772244674424023e+00 0.000000000000000000e+00
