0.000000000000000000e+00 1.000000000000000000e+00 2.000000000000000000e+00 3.000000000000000000e+00 4.000000000000000000e+00 5.000000000000000000e+00 6.000000000000000000e+00 7.000000000000000000e+00
1.000000000000000000e+00 0.000000000000000000e+00 3.136443054342157311e-01 7.734786398830464371e-01 8.252890742895599985e-01 7.450134252718376704e-01 7.539166159142777213e-01 7.439553110221891474e-01
2.000000000000000000e+00 3.136443054342157311e-01 0.000000000000000000e+00 7.776410533289870308e-01 8.290923976765052217e-01 7.416921151113591293e-01 7.508333972944939427e-01 7.470168050541153848e-01
3.000000000000000000e+00 7.734786398830464371e-01 7.776410533289870308e-01 0.000000000000000000e+00 6.896525857878430532e-01 8.827280041665488408e-01 8.844042803740751468e-01 6.605292541824633323e-01
4.000000000000000000e+00 8.252890742895599985e-01 8.290923976765052217e-01 6.896525857878430532e-01 0.000000000000000000e+00 9.228080678615786514e-01 9.235643669953047530e-01 6.379744970527888581e-01
5.000000000000000000e+00 7.450134252718376704e-01 7.416921151113591293e-01 8.827280041665488408e-01 9.228080678615786514e-01 0.000000000000000000e+00 4.582579028374579311e-01 8.196411552803225531e-01
6.000000000000000000e+00 7.539166159142777213e-01 7.508333972944939427e-01 8.844042803740751468e-01 9.235643669953047530e-01 4.582579028374579311e-01 0.000000000000000000e+00 8.187145612755183377e-01
7.000000000000000000e+00 7.439553110221891474e-01 7.470168050541153848e-01 6.605292541824633323e-01 6.379744970527888581e-01 8.196411552803225531e-01 8.187145612755183377e-01 0.000000000000000000e+00
