0.000000000000000000e+00 1.000000000000000000e+00 2.000000000000000000e+00 3.000000000000000000e+00 4.000000000000000000e+00 5.000000000000000000e+00 6.000000000000000000e+00 7.000000000000000000e+00
1.000000000000000000e+00 0.000000000000000000e+00 5.496851074408779514e-01 1.040569000305392011e+00 1.086463831876216091e+00 1.071954188954529208e+00 1.104577006701424446e+00 1.154195587236078735e+00
2.000000000000000000e+00 5.496851074408779514e-01 0.000000000000000000e+00 1.045390380746860748e+00 1.090768400486607170e+00 1.066110751935278156e+00 1.099041837083783557e+00 1.157407553961588897e+00
3.000000000000000000e+00 1.040569000305392011e+00 1.045390380746860748e+00 0.000000000000000000e+00 7.721829642610709143e-01 1.136620696721289292e+00 1.160933782736612185e+00 9.193409753630794601e-01
4.000000000000000000e+00 1.086463831876216091e+00 1.090768400486607170e+00 7.721829642610709143e-01 0.000000000000000000e+00 1.166453945429561490e+00 1.189620896918827553e+00 8.479237451426901995e-01
5.000000000000000000e+00 1.071954188954529208e+00 1.066110751935278156e+00 1.136620696721289292e+00 1.166453945429561490e+00 0.000000000000000000e+00 7.076181401882954969e-01 1.204683258243030908e+00
6.000000000000000000e+00 1.104577006701424446e+00 1.099041837083783557e+00 1.160933782736612185e+00 1.189620896918827553e+00 7.076181401882954969e-01 0.000000000000000000e+00 1.225890551944871953e+00
7.000000000000000000e+00 1.154195587236078735e+00 1.157407553961588897e+00 9.193409753630794601e-01 8.479237451426901995e-01 1.204683258243030908e+00 1.225890551944871953e+00 0.000000000000000000e+00
