0.000000000000000000e+00 1.000000000000000000e+00 2.000000000000000000e+00 3.000000000000000000e+00 4.000000000000000000e+00 5.000000000000000000e+00 6.000000000000000000e+00 7.000000000000000000e+00
1.000000000000000000e+00 0.000000000000000000e+00 5.496840048308288651e+00 1.039955805819924173e+01 1.085759359384584677e+01 1.066967578511463621e+01 1.099520873134374277e+01 1.153333317373612310e+01
2.000000000000000000e+00 5.496840048308288651e+00 0.000000000000000000e+00 1.044724792295854421e+01 1.090007959261762061e+01 1.060976885999876096e+01 1.093837699271282737e+01 1.156483832403712775e+01
3.000000000000000000e+00 1.039955805819924173e+01 1.044724792295854421e+01 0.000000000000000000e+00 7.721775896837522524e+00 1.134433044261307622e+01 1.158678564037200864e+01 9.193044512070864371e+00
4.000000000000000000e+00 1.085759359384584677e+01 1.090007959261762061e+01 7.721775896837522524e+00 0.000000000000000000e+00 1.164385151337243762e+01 1.187485175974667762e+01 8.478929936450741778e+00
5.000000000000000000e+00 1.066967578511463621e+01 1.060976885999876096e+01 1.134433044261307622e+01 1.164385151337243762e+01 0.000000000000000000e+00 7.076108973388274492e+00 1.202872644589664652e+01
6.000000000000000000e+00 1.099520873134374277e+01 1.093837699271282737e+01 1.158678564037200864e+01 1.187485175974667762e+01 7.076108973388274492e+00 0.000000000000000000e+00 1.224015586534451039e+01
7.000000000000000000e+00 1.153333317373612310e+01 1.156483832403712775e+01 9.193044512070864371e+00 8.478929936450741778e+00 1.202872644589664652e+01 1.224015586534451039e+01 0.000000000000000000e+00
