0.000000000000000000e+00 1.000000000000000000e+00 2.000000000000000000e+00 3.000000000000000000e+00 4.000000000000000000e+00 5.000000000000000000e+00 6.000000000000000000e+00 7.000000000000000000e+00
1.000000000000000000e+00 0.000000000000000000e+00 5.428569128362877860e-01 1.010771869927898914e+00 1.059042494566881043e+00 1.056037969524205478e+00 1.088251214816418733e+00 1.128190693774009601e+00
2.000000000000000000e+00 5.428569128362877860e-01 0.000000000000000000e+00 1.022571676613232894e+00 1.070377713234708761e+00 1.057664551186923374e+00 1.090178885323775271e+00 1.138537950111313313e+00
3.000000000000000000e+00 1.010771869927898914e+00 1.022571676613232894e+00 0.000000000000000000e+00 7.597790542072748732e-01 1.122367209473055238e+00 1.146259230077038671e+00 9.021254601424966157e-01
4.000000000000000000e+00 1.059042494566881043e+00 1.070377713234708761e+00 7.597790542072748732e-01 0.000000000000000000e+00 1.155393853468328347e+00 1.178179764158753917e+00 8.394504609713242527e-01
5.000000000000000000e+00 1.056037969524205478e+00 1.057664551186923374e+00 1.122367209473055238e+00 1.155393853468328347e+00 0.000000000000000000e+00 7.075705638166496225e-01 1.196138227283283006e+00
6.000000000000000000e+00 1.088251214816418733e+00 1.090178885323775271e+00 1.146259230077038671e+00 1.178179764158753917e+00 7.075705638166496225e-01 0.000000000000000000e+00 1.217000048797564959e+00
7.000000000000000000e+00 1.128190693774009601e+00 1.138537950111313313e+00 9.021254601424966157e-01 8.394504609713242527e-01 1.196138227283283006e+00 1.217000048797564959e+00 0.000000000000000000e+00
