0.000000000000000000e+00 1.000000000000000000e+00 2.000000000000000000e+00 3.000000000000000000e+00 4.000000000000000000e+00 5.000000000000000000e+00 6.000000000000000000e+00 7.000000000000000000e+00
1.000000000000000000e+00 0.000000000000000000e+00 5.496864806449733853e-01 1.043142373720207905e+00 1.090100696168884831e+00 1.074678413912677266e+00 1.107395120481071915e+00 1.157229937941776532e+00
2.000000000000000000e+00 5.496864806449733853e-01 0.000000000000000000e+00 1.047897047612169841e+00 1.094325786757543106e+00 1.068849852494895059e+00 1.101871544167802197e+00 1.160367322516956845e+00
3.000000000000000000e+00 1.043142373720207905e+00 1.047897047612169841e+00 0.000000000000000000e+00 7.722768294301776137e-01 1.138744885240581040e+00 1.163141757433973078e+00 9.193090160993515614e-01
4.000000000000000000e+00 1.090100696168884831e+00 1.094325786757543106e+00 7.722768294301776137e-01 0.000000000000000000e+00 1.169296142020673335e+00 1.192543569041386364e+00 8.480459121326584526e-01
5.000000000000000000e+00 1.074678413912677266e+00 1.068849852494895059e+00 1.138744885240581040e+00 1.169296142020673335e+00 0.000000000000000000e+00 7.076354216707039235e-01 1.206756486631586300e+00
6.000000000000000000e+00 1.107395120481071915e+00 1.101871544167802197e+00 1.163141757433973078e+00 1.192543569041386364e+00 7.076354216707039235e-01 0.000000000000000000e+00 1.228047723945030478e+00
7.000000000000000000e+00 1.157229937941776532e+00 1.160367322516956845e+00 9.193090160993515614e-01 8.480459121326584526e-01 1.206756486631586300e+00 1.228047723945030478e+00 0.000000000000000000e+00
