0.000000000000000000e+00 1.000000000000000000e+00 2.000000000000000000e+00 3.000000000000000000e+00 4.000000000000000000e+00 5.000000000000000000e+00 6.000000000000000000e+00 7.000000000000000000e+00
1.000000000000000000e+00 0.000000000000000000e+00 5.496866925173644614e-01 1.041517363102751004e+00 1.087579809264532793e+00 1.079528212752358440e+00 1.112213215855472281e+00 1.155498557455662878e+00
2.000000000000000000e+00 5.496866925173644614e-01 0.000000000000000000e+00 1.046413833473863741e+00 1.091965302153928397e+00 1.073893137695671962e+00 1.106886796270793116e+00 1.158797259468767882e+00
3.000000000000000000e+00 1.041517363102751004e+00 1.046413833473863741e+00 0.000000000000000000e+00 7.721985996880265102e-01 1.140031852593299311e+00 1.164422826056492166e+00 9.194101644763887915e-01
4.000000000000000000e+00 1.087579809264532793e+00 1.091965302153928397e+00 7.721985996880265102e-01 0.000000000000000000e+00 1.169736449359431996e+00 1.192982722161513909e+00 8.480146601248252924e-01
5.000000000000000000e+00 1.079528212752358440e+00 1.073893137695671962e+00 1.140031852593299311e+00 1.169736449359431996e+00 0.000000000000000000e+00 7.076282804168867457e-01 1.207471158796633359e+00
6.000000000000000000e+00 1.112213215855472281e+00 1.106886796270793116e+00 1.164422826056492166e+00 1.192982722161513909e+00 7.076282804168867457e-01 0.000000000000000000e+00 1.228752544076227027e+00
7.000000000000000000e+00 1.155498557455662878e+00 1.158797259468767882e+00 9.194101644763887915e-01 8.480146601248252924e-01 1.207471158796633359e+00 1.228752544076227027e+00 0.000000000000000000e+00
