0.000000000000000000e+00 1.000000000000000000e+00 2.000000000000000000e+00 3.000000000000000000e+00 4.000000000000000000e+00 5.000000000000000000e+00 6.000000000000000000e+00 7.000000000000000000e+00
1.000000000000000000e+00 0.000000000000000000e+00 5.496251746654842174e-01 1.017238494490056766e+00 1.051358420599266541e+00 1.023548367187528063e+00 1.056211738853546356e+00 1.093803485206231496e+00
2.000000000000000000e+00 5.496251746654842174e-01 0.000000000000000000e+00 1.022133317415224951e+00 1.055681976802566258e+00 1.019513265422959725e+00 1.052478008100490969e+00 1.096861881735550881e+00
3.000000000000000000e+00 1.017238494490056766e+00 1.022133317415224951e+00 0.000000000000000000e+00 7.699717969073542889e-01 1.053469863647782612e+00 1.077767401113238099e+00 9.023189597053160593e-01
4.000000000000000000e+00 1.051358420599266541e+00 1.055681976802566258e+00 7.699717969073542889e-01 0.000000000000000000e+00 1.068042055077680574e+00 1.090938642965429084e+00 8.391477729756591231e-01
5.000000000000000000e+00 1.023548367187528063e+00 1.019513265422959725e+00 1.053469863647782612e+00 1.068042055077680574e+00 0.000000000000000000e+00 6.964723173171500914e-01 1.073345472568162595e+00
6.000000000000000000e+00 1.056211738853546356e+00 1.052478008100490969e+00 1.077767401113238099e+00 1.090938642965429084e+00 6.964723173171500914e-01 0.000000000000000000e+00 1.093783574041745421e+00
7.000000000000000000e+00 1.093803485206231496e+00 1.096861881735550881e+00 9.023189597053160593e-01 8.391477729756591231e-01 1.073345472568162595e+00 1.093783574041745421e+00 0.000000000000000000e+00
