0.000000000000000000e+00 1.000000000000000000e+00 2.000000000000000000e+00 3.000000000000000000e+00 4.000000000000000000e+00 5.000000000000000000e+00 6.000000000000000000e+00 7.000000000000000000e+00
1.000000000000000000e+00 0.000000000000000000e+00 6.885303230822983345e-01 1.359137054218407359e+00 3.661356566368254573e+00 1.657297000844144108e+00 1.631842184495691850e+00 1.661068957172546101e+00
2.000000000000000000e+00 6.885303230822983345e-01 0.000000000000000000e+00 1.494247346293690493e+00 3.795846812627140299e+00 1.776818014955376501e+00 1.751798077960585953e+00 1.793825575332104849e+00
3.000000000000000000e+00 1.359137054218407359e+00 1.494247346293690493e+00 0.000000000000000000e+00 3.242254679275368812e+00 1.819185658570691366e+00 1.781325762956720293e+00 1.350721520270743214e+00
4.000000000000000000e+00 3.661356566368254573e+00 3.795846812627140299e+00 3.242254679275368812e+00 0.000000000000000000e+00 4.096300737209505272e+00 4.056775961113636697e+00 3.463737709561073075e+00
5.000000000000000000e+00 1.657297000844144108e+00 1.776818014955376501e+00 1.819185658570691366e+00 4.096300737209505272e+00 0.000000000000000000e+00 1.266859778431249417e+00 2.039352201825479050e+00
6.000000000000000000e+00 1.631842184495691850e+00 1.751798077960585953e+00 1.781325762956720293e+00 4.056775961113636697e+00 1.266859778431249417e+00 0.000000000000000000e+00 1.996262842124041148e+00
7.000000000000000000e+00 1.661068957172546101e+00 1.793825575332104849e+00 1.350721520270743214e+00 3.463737709561073075e+00 2.039352201825479050e+00 1.996262842124041148e+00 0.000000000000000000e+00
