0.000000000000000000e+00 1.000000000000000000e+00 2.000000000000000000e+00 3.000000000000000000e+00 4.000000000000000000e+00 5.000000000000000000e+00 6.000000000000000000e+00 7.000000000000000000e+00
1.000000000000000000e+00 0.000000000000000000e+00 5.566938375406127459e-01 1.463779983749910363e+00 1.498229494512048232e+00 1.902295468570446957e+00 2.062057135401115016e+00 1.558248161246396313e+00
2.000000000000000000e+00 5.566938375406127459e-01 0.000000000000000000e+00 1.443413865414948427e+00 1.477472842203107151e+00 1.870839395119064719e+00 2.030864815957760694e+00 1.536615358244638907e+00
3.000000000000000000e+00 1.463779983749910363e+00 1.443413865414948427e+00 0.000000000000000000e+00 7.768008634551508695e-01 1.930041933223551887e+00 2.071215069404051423e+00 9.369947422124031977e-01
4.000000000000000000e+00 1.498229494512048232e+00 1.477472842203107151e+00 7.768008634551508695e-01 0.000000000000000000e+00 1.937522775225811955e+00 2.077181374574531336e+00 8.532316185945816311e-01
5.000000000000000000e+00 1.902295468570446957e+00 1.870839395119064719e+00 1.930041933223551887e+00 1.937522775225811955e+00 0.000000000000000000e+00 9.558728097612703145e-01 1.948980473571635619e+00
6.000000000000000000e+00 2.062057135401115016e+00 2.030864815957760694e+00 2.071215069404051423e+00 2.077181374574531336e+00 9.558728097612703145e-01 0.000000000000000000e+00 2.086067723825594022e+00
7.000000000000000000e+00 1.558248161246396313e+00 1.536615358244638907e+00 9.369947422124031977e-01 8.532316185945816311e-01 1.948980473571635619e+00 2.086067723825594022e+00 0.000000000000000000e+00
