0.000000000000000000e+00 1.000000000000000000e+00 2.000000000000000000e+00 3.000000000000000000e+00 4.000000000000000000e+00 5.000000000000000000e+00 6.000000000000000000e+00 7.000000000000000000e+00
1.000000000000000000e+00 0.000000000000000000e+00 5.535610644247690448e-01 1.194426662895354818e+00 1.236103561351837410e+00 1.335671989445539332e+00 1.405336334383396668e+00 1.301427467531810045e+00
2.000000000000000000e+00 5.535610644247690448e-01 0.000000000000000000e+00 1.186346455421562807e+00 1.227509141763185152e+00 1.315495176445043768e+00 1.385530807778428297e+00 1.291714734299106659e+00
3.000000000000000000e+00 1.194426662895354818e+00 1.186346455421562807e+00 0.000000000000000000e+00 7.744958587349568546e-01 1.395233934208674587e+00 1.450766424964136547e+00 9.275356843620383707e-01
4.000000000000000000e+00 1.236103561351837410e+00 1.227509141763185152e+00 7.744958587349568546e-01 0.000000000000000000e+00 1.417426221754476412e+00 1.471400506036912859e+00 8.502726573450272163e-01
5.000000000000000000e+00 1.335671989445539332e+00 1.315495176445043768e+00 1.395233934208674587e+00 1.417426221754476412e+00 0.000000000000000000e+00 8.025899845923603060e-01 1.446939071147891553e+00
6.000000000000000000e+00 1.405336334383396668e+00 1.385530807778428297e+00 1.450766424964136547e+00 1.471400506036912859e+00 8.025899845923603060e-01 0.000000000000000000e+00 1.498245889596439895e+00
7.000000000000000000e+00 1.301427467531810045e+00 1.291714734299106659e+00 9.275356843620383707e-01 8.502726573450272163e-01 1.446939071147891553e+00 1.498245889596439895e+00 0.000000000000000000e+00
