0.000000000000000000e+00 1.000000000000000000e+00 2.000000000000000000e+00 3.000000000000000000e+00 4.000000000000000000e+00 5.000000000000000000e+00 6.000000000000000000e+00 7.000000000000000000e+00
1.000000000000000000e+00 0.000000000000000000e+00 5.300932985862448765e-01 9.583949709021435392e-01 1.005101833557573876e+00 1.019839860952317157e+00 1.051336199393923199e+00 1.074946050932060748e+00
2.000000000000000000e+00 5.300932985862448765e-01 0.000000000000000000e+00 9.843620223832088012e-01 1.030720899497425513e+00 1.036353967660947895e+00 1.068144374823718046e+00 1.099760764605937746e+00
3.000000000000000000e+00 9.583949709021435392e-01 9.843620223832088012e-01 0.000000000000000000e+00 7.372894676148928905e-01 1.098866379281032923e+00 1.121937296423571429e+00 8.709989354217382296e-01
4.000000000000000000e+00 1.005101833557573876e+00 1.030720899497425513e+00 7.372894676148928905e-01 0.000000000000000000e+00 1.133014015864014734e+00 1.155109520933787604e+00 8.222608924453995716e-01
5.000000000000000000e+00 1.019839860952317157e+00 1.036353967660947895e+00 1.098866379281032923e+00 1.133014015864014734e+00 0.000000000000000000e+00 7.074793828586358746e-01 1.177254713749666726e+00
6.000000000000000000e+00 1.051336199393923199e+00 1.068144374823718046e+00 1.121937296423571429e+00 1.155109520933787604e+00 7.074793828586358746e-01 0.000000000000000000e+00 1.197520405367529017e+00
7.000000000000000000e+00 1.074946050932060748e+00 1.099760764605937746e+00 8.709989354217382296e-01 8.222608924453995716e-01 1.177254713749666726e+00 1.197520405367529017e+00 0.000000000000000000e+00
