0.000000000000000000e+00 1.000000000000000000e+00 2.000000000000000000e+00 3.000000000000000000e+00 4.000000000000000000e+00 5.000000000000000000e+00 6.000000000000000000e+00
1.000000000000000000e+00 0.000000000000000000e+00 5.466855750805897918e-01 1.122986308260208066e+00 1.115787485384209132e+00 1.447017834074445508e+00 1.443593731407055270e+00
2.000000000000000000e+00 5.466855750805897918e-01 0.000000000000000000e+00 1.111544696551388434e+00 1.104304374471570815e+00 1.434976677700092962e+00 1.431551293701791128e+00
3.000000000000000000e+00 1.122986308260208066e+00 1.111544696551388434e+00 0.000000000000000000e+00 4.997447506989804999e-01 1.219119283901101136e+00 1.216386808559333677e+00
4.000000000000000000e+00 1.115787485384209132e+00 1.104304374471570815e+00 4.997447506989804999e-01 0.000000000000000000e+00 1.211659316727491609e+00 1.208906382430467108e+00
5.000000000000000000e+00 1.447017834074445508e+00 1.434976677700092962e+00 1.219119283901101136e+00 1.211659316727491609e+00 0.000000000000000000e+00 4.613891892084989177e-01
6.000000000000000000e+00 1.443593731407055270e+00 1.431551293701791128e+00 1.216386808559333677e+00 1.208906382430467108e+00 4.613891892084989177e-01 0.000000000000000000e+00
