0.000000000000000000e+00 1.000000000000000000e+00 2.000000000000000000e+00 3.000000000000000000e+00 4.000000000000000000e+00 5.000000000000000000e+00 6.000000000000000000e+00
1.000000000000000000e+00 0.000000000000000000e+00 5.490848792165843595e-02 5.684375375028719590e-01 5.524535128459804323e-01 9.078288294984244722e-01 9.044106203142563416e-01
2.000000000000000000e+00 5.490848792165843595e-02 0.000000000000000000e+00 5.676244309460135584e-01 5.516344068185747851e-01 9.070375054476338406e-01 9.036195477000608101e-01
3.000000000000000000e+00 5.684375375028719590e-01 5.676244309460135584e-01 0.000000000000000000e+00 4.993443874828420448e-01 1.164070399984100224e+00 1.161051333090824755e+00
4.000000000000000000e+00 5.524535128459804323e-01 5.516344068185747851e-01 4.993443874828420448e-01 0.000000000000000000e+00 1.151355029002706143e+00 1.148304555387325898e+00
5.000000000000000000e+00 9.078288294984244722e-01 9.070375054476338406e-01 1.164070399984100224e+00 1.151355029002706143e+00 0.000000000000000000e+00 4.613882089227772099e-01
6.000000000000000000e+00 9.044106203142563416e-01 9.036195477000608101e-01 1.161051333090824755e+00 1.148304555387325898e+00 4.613882089227772099e-01 0.000000000000000000e+00
