0.000000000000000000e+00 1.000000000000000000e+00 2.000000000000000000e+00 3.000000000000000000e+00 4.000000000000000000e+00 5.000000000000000000e+00 6.000000000000000000e+00
1.000000000000000000e+00 0.000000000000000000e+00 5.467556273812667067e-01 1.212574690352651086e+00 1.212551566582997342e+00 1.496654006845929308e+00 1.491353288539786437e+00
2.000000000000000000e+00 5.467556273812667067e-01 0.000000000000000000e+00 1.199579214168319474e+00 1.199520272247567299e+00 1.483009286224497680e+00 1.477707646006224174e+00
3.000000000000000000e+00 1.212574690352651086e+00 1.199579214168319474e+00 0.000000000000000000e+00 5.009066824269554630e-01 1.302184239511698260e+00 1.297740247777892098e+00
4.000000000000000000e+00 1.212551566582997342e+00 1.199520272247567299e+00 5.009066824269554630e-01 0.000000000000000000e+00 1.302909085611362761e+00 1.298438992073694731e+00
5.000000000000000000e+00 1.496654006845929308e+00 1.483009286224497680e+00 1.302184239511698260e+00 1.302909085611362761e+00 0.000000000000000000e+00 4.614839296085284648e-01
6.000000000000000000e+00 1.491353288539786437e+00 1.477707646006224174e+00 1.297740247777892098e+00 1.298438992073694731e+00 4.614839296085284648e-01 0.000000000000000000e+00
