0.000000000000000000e+00 1.000000000000000000e+00 2.000000000000000000e+00 3.000000000000000000e+00 4.000000000000000000e+00 5.000000000000000000e+00 6.000000000000000000e+00
1.000000000000000000e+00 0.000000000000000000e+00 5.466077868797306616e-01 1.100927901845063062e+00 1.093513766949025356e+00 1.382386336374833657e+00 1.377427279174709307e+00
2.000000000000000000e+00 5.466077868797306616e-01 0.000000000000000000e+00 1.088413039560056195e+00 1.080951915483043813e+00 1.368878398278360109e+00 1.363916485204480500e+00
3.000000000000000000e+00 1.100927901845063062e+00 1.088413039560056195e+00 0.000000000000000000e+00 4.997436625910842700e-01 1.192424093065754587e+00 1.188253632503476487e+00
4.000000000000000000e+00 1.093513766949025356e+00 1.080951915483043813e+00 4.997436625910842700e-01 0.000000000000000000e+00 1.184847707993968768e+00 1.180653350217204300e+00
5.000000000000000000e+00 1.382386336374833657e+00 1.368878398278360109e+00 1.192424093065754587e+00 1.184847707993968768e+00 0.000000000000000000e+00 4.613081341918336964e-01
6.000000000000000000e+00 1.377427279174709307e+00 1.363916485204480500e+00 1.188253632503476487e+00 1.180653350217204300e+00 4.613081341918336964e-01 0.000000000000000000e+00
