0.000000000000000000e+00 1.000000000000000000e+00 2.000000000000000000e+00 3.000000000000000000e+00 4.000000000000000000e+00 5.000000000000000000e+00 6.000000000000000000e+00
1.000000000000000000e+00 0.000000000000000000e+00 5.479473533198935264e-01 2.140374574571339839e+00 2.095865367375417954e+00 3.026509844871299038e+00 3.022100440660056009e+00
2.000000000000000000e+00 5.479473533198935264e-01 0.000000000000000000e+00 2.131892691047020616e+00 2.087325109012629021e+00 3.017790224166844837e+00 3.013380622872787740e+00
3.000000000000000000e+00 2.140374574571339839e+00 2.131892691047020616e+00 0.000000000000000000e+00 1.495869328533844911e+00 3.293304774069394369e+00 3.290878824362087229e+00
4.000000000000000000e+00 2.095865367375417954e+00 2.087325109012629021e+00 1.495869328533844911e+00 0.000000000000000000e+00 3.251643749742218148e+00 3.249119526436611061e+00
5.000000000000000000e+00 3.026509844871299038e+00 3.017790224166844837e+00 3.293304774069394369e+00 3.251643749742218148e+00 0.000000000000000000e+00 1.383860687681226054e+00
6.000000000000000000e+00 3.022100440660056009e+00 3.013380622872787740e+00 3.290878824362087229e+00 3.249119526436611061e+00 1.383860687681226054e+00 0.000000000000000000e+00
