0.000000000000000000e+00 1.000000000000000000e+00 2.000000000000000000e+00 3.000000000000000000e+00 4.000000000000000000e+00 5.000000000000000000e+00 6.000000000000000000e+00
1.000000000000000000e+00 0.000000000000000000e+00 5.466921842006651211e-01 1.173951695549516838e+00 1.153115424376606857e+00 1.532422212117428684e+00 1.524883890371356854e+00
2.000000000000000000e+00 5.466921842006651211e-01 0.000000000000000000e+00 1.162320741015073544e+00 1.141438426259437033e+00 1.520138726046440736e+00 1.512599523493736386e+00
3.000000000000000000e+00 1.173951695549516838e+00 1.162320741015073544e+00 0.000000000000000000e+00 5.091395215153797782e-01 1.366536079033192630e+00 1.359574071461512768e+00
4.000000000000000000e+00 1.153115424376606857e+00 1.141438426259437033e+00 5.091395215153797782e-01 0.000000000000000000e+00 1.344090253520723310e+00 1.337112845515711301e+00
5.000000000000000000e+00 1.532422212117428684e+00 1.520138726046440736e+00 1.366536079033192630e+00 1.344090253520723310e+00 0.000000000000000000e+00 4.634182315505395167e-01
6.000000000000000000e+00 1.524883890371356854e+00 1.512599523493736386e+00 1.359574071461512768e+00 1.337112845515711301e+00 4.634182315505395167e-01 0.000000000000000000e+00
