0.000000000000000000e+00 1.000000000000000000e+00 2.000000000000000000e+00 3.000000000000000000e+00 4.000000000000000000e+00 5.000000000000000000e+00 6.000000000000000000e+00
1.000000000000000000e+00 0.000000000000000000e+00 5.466875195559903755e-01 1.129813522432497663e+00 1.121723157830539330e+00 1.449297429030444562e+00 1.445715776125963359e+00
2.000000000000000000e+00 5.466875195559903755e-01 0.000000000000000000e+00 1.118216789318435822e+00 1.110089323005149842e+00 1.437131853880245558e+00 1.433549065289146718e+00
3.000000000000000000e+00 1.129813522432497663e+00 1.118216789318435822e+00 0.000000000000000000e+00 4.998005657928628054e-01 1.222968467564089945e+00 1.220084375329412829e+00
4.000000000000000000e+00 1.121723157830539330e+00 1.110089323005149842e+00 4.998005657928628054e-01 0.000000000000000000e+00 1.214764582478795152e+00 1.211860862532327054e+00
5.000000000000000000e+00 1.449297429030444562e+00 1.437131853880245558e+00 1.222968467564089945e+00 1.214764582478795152e+00 0.000000000000000000e+00 4.613892100112844119e-01
6.000000000000000000e+00 1.445715776125963359e+00 1.433549065289146718e+00 1.220084375329412829e+00 1.211860862532327054e+00 4.613892100112844119e-01 0.000000000000000000e+00
