0.000000000000000000e+00 1.000000000000000000e+00 2.000000000000000000e+00 3.000000000000000000e+00 4.000000000000000000e+00 5.000000000000000000e+00 6.000000000000000000e+00
1.000000000000000000e+00 0.000000000000000000e+00 5.466418559548827938e-01 1.032590086310188227e+00 1.015033641443944701e+00 1.215482078366039165e+00 1.218663973405775369e+00
2.000000000000000000e+00 5.466418559548827938e-01 0.000000000000000000e+00 1.023261528220123395e+00 1.005676680487743946e+00 1.205580774555517376e+00 1.208757055089115351e+00
3.000000000000000000e+00 1.032590086310188227e+00 1.023261528220123395e+00 0.000000000000000000e+00 4.988544918871242739e-01 9.926569496771651124e-01 9.968470927975272566e-01
4.000000000000000000e+00 1.015033641443944701e+00 1.005676680487743946e+00 4.988544918871242739e-01 0.000000000000000000e+00 9.748713780086073477e-01 9.790487862444599010e-01
5.000000000000000000e+00 1.215482078366039165e+00 1.205580774555517376e+00 9.926569496771651124e-01 9.748713780086073477e-01 0.000000000000000000e+00 4.612030043573573934e-01
6.000000000000000000e+00 1.218663973405775369e+00 1.208757055089115351e+00 9.968470927975272566e-01 9.790487862444599010e-01 4.612030043573573934e-01 0.000000000000000000e+00
