0.000000000000000000e+00 1.000000000000000000e+00 2.000000000000000000e+00 3.000000000000000000e+00 4.000000000000000000e+00 5.000000000000000000e+00 6.000000000000000000e+00
1.000000000000000000e+00 0.000000000000000000e+00 5.466621256657496764e-01 1.016308004843007540e+00 1.030581447570581677e+00 1.290808244610207600e+00 1.295627187628627386e+00
2.000000000000000000e+00 5.466621256657496764e-01 0.000000000000000000e+00 1.006028356615998431e+00 1.020250240775170347e+00 1.279981420727907215e+00 1.284797415815374766e+00
3.000000000000000000e+00 1.016308004843007540e+00 1.006028356615998431e+00 0.000000000000000000e+00 4.880927271524506672e-01 9.844536074982663809e-01 9.899134227218153725e-01
4.000000000000000000e+00 1.030581447570581677e+00 1.020250240775170347e+00 4.880927271524506672e-01 0.000000000000000000e+00 1.001028537125706608e+00 1.006457427990365083e+00
5.000000000000000000e+00 1.290808244610207600e+00 1.279981420727907215e+00 9.844536074982663809e-01 1.001028537125706608e+00 0.000000000000000000e+00 4.585254341669131595e-01
6.000000000000000000e+00 1.295627187628627386e+00 1.284797415815374766e+00 9.899134227218153725e-01 1.006457427990365083e+00 4.585254341669131595e-01 0.000000000000000000e+00
