0.000000000000000000e+00 1.000000000000000000e+00 2.000000000000000000e+00 3.000000000000000000e+00 4.000000000000000000e+00 5.000000000000000000e+00 6.000000000000000000e+00
1.000000000000000000e+00 0.000000000000000000e+00 5.466848393925800575e-01 1.118791716529014435e+00 1.112535501540623528e+00 1.402283469858945253e+00 1.400205011960403256e+00
2.000000000000000000e+00 5.466848393925800575e-01 0.000000000000000000e+00 1.107360682571695287e+00 1.101066829879006725e+00 1.390330720836335132e+00 1.388250239166466171e+00
3.000000000000000000e+00 1.118791716529014435e+00 1.107360682571695287e+00 0.000000000000000000e+00 4.996396642435942947e-01 1.152362604480646091e+00 1.151253376438394094e+00
4.000000000000000000e+00 1.112535501540623528e+00 1.101066829879006725e+00 4.996396642435942947e-01 0.000000000000000000e+00 1.148347054111287679e+00 1.147194178847560364e+00
5.000000000000000000e+00 1.402283469858945253e+00 1.390330720836335132e+00 1.152362604480646091e+00 1.148347054111287679e+00 0.000000000000000000e+00 4.613681953856418883e-01
6.000000000000000000e+00 1.400205011960403256e+00 1.388250239166466171e+00 1.151253376438394094e+00 1.147194178847560364e+00 4.613681953856418883e-01 0.000000000000000000e+00
