0.000000000000000000e+00 1.000000000000000000e+00 2.000000000000000000e+00 3.000000000000000000e+00 4.000000000000000000e+00 5.000000000000000000e+00 6.000000000000000000e+00
1.000000000000000000e+00 0.000000000000000000e+00 5.466004287855240618e-01 1.057911514598192992e+00 1.052556430505440677e+00 1.169232660000313118e+00 1.160646586972204686e+00
2.000000000000000000e+00 5.466004287855240618e-01 0.000000000000000000e+00 1.047600124734606508e+00 1.042210312895184732e+00 1.158307322551246354e+00 1.149719149807545415e+00
3.000000000000000000e+00 1.057911514598192992e+00 1.047600124734606508e+00 0.000000000000000000e+00 4.987239675347454604e-01 1.049634274840588244e+00 1.042178244816738930e+00
4.000000000000000000e+00 1.052556430505440677e+00 1.042210312895184732e+00 4.987239675347454604e-01 0.000000000000000000e+00 1.044269777386612308e+00 1.036773268012775029e+00
5.000000000000000000e+00 1.169232660000313118e+00 1.158307322551246354e+00 1.049634274840588244e+00 1.044269777386612308e+00 0.000000000000000000e+00 4.609964005928610664e-01
6.000000000000000000e+00 1.160646586972204686e+00 1.149719149807545415e+00 1.042178244816738930e+00 1.036773268012775029e+00 4.609964005928610664e-01 0.000000000000000000e+00
