0.000000000000000000e+00 1.000000000000000000e+00 2.000000000000000000e+00 3.000000000000000000e+00 4.000000000000000000e+00 5.000000000000000000e+00 6.000000000000000000e+00
1.000000000000000000e+00 0.000000000000000000e+00 5.466765241294602173e-01 1.120580614741428116e+00 1.113368445547054497e+00 1.435068393796677055e+00 1.431358934498985214e+00
2.000000000000000000e+00 5.466765241294602173e-01 0.000000000000000000e+00 1.109105390389021339e+00 1.101851610528408409e+00 1.422974238636286914e+00 1.419263383733057715e+00
3.000000000000000000e+00 1.120580614741428116e+00 1.109105390389021339e+00 0.000000000000000000e+00 4.997446144586528138e-01 1.212543397378871068e+00 1.209550591119182172e+00
4.000000000000000000e+00 1.113368445547054497e+00 1.101851610528408409e+00 4.997446144586528138e-01 0.000000000000000000e+00 1.205049557400507121e+00 1.202035794130758894e+00
5.000000000000000000e+00 1.435068393796677055e+00 1.422974238636286914e+00 1.212543397378871068e+00 1.205049557400507121e+00 0.000000000000000000e+00 4.613797279591298484e-01
6.000000000000000000e+00 1.431358934498985214e+00 1.419263383733057715e+00 1.209550591119182172e+00 1.202035794130758894e+00 4.613797279591298484e-01 0.000000000000000000e+00
