0.000000000000000000e+00 1.000000000000000000e+00 2.000000000000000000e+00 3.000000000000000000e+00 4.000000000000000000e+00 5.000000000000000000e+00 6.000000000000000000e+00
1.000000000000000000e+00 0.000000000000000000e+00 1.626731871643427807e+00 2.728274823424822415e+00 2.861663810932507435e+00 2.527462274380658069e+00 2.508167141401203448e+00
2.000000000000000000e+00 1.626731871643427807e+00 0.000000000000000000e+00 2.672000768981196650e+00 2.805303336301304906e+00 2.469380157574230683e+00 2.450083107448329134e+00
3.000000000000000000e+00 2.728274823424822415e+00 2.672000768981196650e+00 0.000000000000000000e+00 1.365972417524102145e+00 2.094598298778648005e+00 2.076215066049764690e+00
4.000000000000000000e+00 2.861663810932507435e+00 2.805303336301304906e+00 1.365972417524102145e+00 0.000000000000000000e+00 2.232012084448254274e+00 2.213583456107529823e+00
5.000000000000000000e+00 2.527462274380658069e+00 2.469380157574230683e+00 2.094598298778648005e+00 2.232012084448254274e+00 0.000000000000000000e+00 4.639936169002742972e-01
6.000000000000000000e+00 2.508167141401203448e+00 2.450083107448329134e+00 2.076215066049764690e+00 2.213583456107529823e+00 4.639936169002742972e-01 0.000000000000000000e+00
