0.000000000000000000e+00 1.000000000000000000e+00 2.000000000000000000e+00 3.000000000000000000e+00 4.000000000000000000e+00 5.000000000000000000e+00 6.000000000000000000e+00
1.000000000000000000e+00 0.000000000000000000e+00 5.560357325317821786e-01 1.387698702625055125e+00 1.309453660129089814e+00 2.000553482505606606e+00 3.762221880436626975e+00
2.000000000000000000e+00 5.560357325317821786e-01 0.000000000000000000e+00 1.400079645043298848e+00 1.321782974120504717e+00 2.012112935489877241e+00 3.773774004737600940e+00
3.000000000000000000e+00 1.387698702625055125e+00 1.400079645043298848e+00 0.000000000000000000e+00 5.673015304095485600e-01 1.714651501301842185e+00 3.479389669331460766e+00
4.000000000000000000e+00 1.309453660129089814e+00 1.321782974120504717e+00 5.673015304095485600e-01 0.000000000000000000e+00 1.631507730071003248e+00 3.396219548301070645e+00
5.000000000000000000e+00 2.000553482505606606e+00 2.012112935489877241e+00 1.714651501301842185e+00 1.631507730071003248e+00 0.000000000000000000e+00 2.692871937930165771e+00
6.000000000000000000e+00 3.762221880436626975e+00 3.773774004737600940e+00 3.479389669331460766e+00 3.396219548301070645e+00 2.692871937930165771e+00 0.000000000000000000e+00
