0.000000000000000000e+00 1.000000000000000000e+00 2.000000000000000000e+00 3.000000000000000000e+00 4.000000000000000000e+00 5.000000000000000000e+00 6.000000000000000000e+00
1.000000000000000000e+00 0.000000000000000000e+00 5.466848635544655499e-01 1.124245932346262800e+00 1.116849248902096026e+00 1.443795741167220426e+00 1.440221310329238946e+00
2.000000000000000000e+00 5.466848635544655499e-01 0.000000000000000000e+00 1.112781283529029386e+00 1.105344438780570204e+00 1.431752782700350002e+00 1.428177165771731261e+00
3.000000000000000000e+00 1.124245932346262800e+00 1.112781283529029386e+00 0.000000000000000000e+00 4.997570927448922173e-01 1.218285275955642843e+00 1.215409721947470878e+00
4.000000000000000000e+00 1.116849248902096026e+00 1.105344438780570204e+00 4.997570927448922173e-01 0.000000000000000000e+00 1.210592986443192354e+00 1.207697395559392817e+00
5.000000000000000000e+00 1.443795741167220426e+00 1.431752782700350002e+00 1.218285275955642843e+00 1.210592986443192354e+00 0.000000000000000000e+00 4.613899102929643892e-01
6.000000000000000000e+00 1.440221310329238946e+00 1.428177165771731261e+00 1.215409721947470878e+00 1.207697395559392817e+00 4.613899102929643892e-01 0.000000000000000000e+00
