0.000000000000000000e+00 1.000000000000000000e+00 2.000000000000000000e+00 3.000000000000000000e+00 4.000000000000000000e+00 5.000000000000000000e+00 6.000000000000000000e+00
1.000000000000000000e+00 0.000000000000000000e+00 5.499115066592641723e-03 4.427416825322843530e-01 4.232006861733547676e-01 7.799963700049075133e-01 7.766477737331253239e-01
2.000000000000000000e+00 5.499115066592641723e-03 0.000000000000000000e+00 4.427020557962790259e-01 4.231604087964944694e-01 7.799596757774731604e-01 7.766111128167819677e-01
3.000000000000000000e+00 4.427416825322843530e-01 4.427020557962790259e-01 0.000000000000000000e+00 4.992264153769370716e-01 1.143971078078404258e+00 1.140889138183560636e+00
4.000000000000000000e+00 4.232006861733547676e-01 4.231604087964944694e-01 4.992264153769370716e-01 0.000000000000000000e+00 1.129426996503528180e+00 1.126309370126945097e+00
5.000000000000000000e+00 7.799963700049075133e-01 7.799596757774731604e-01 1.143971078078404258e+00 1.129426996503528180e+00 0.000000000000000000e+00 4.613879968803421550e-01
6.000000000000000000e+00 7.766477737331253239e-01 7.766111128167819677e-01 1.140889138183560636e+00 1.126309370126945097e+00 4.613879968803421550e-01 0.000000000000000000e+00
