0.000000000000000000e+00 1.000000000000000000e+00 2.000000000000000000e+00 3.000000000000000000e+00 4.000000000000000000e+00 5.000000000000000000e+00 6.000000000000000000e+00
1.000000000000000000e+00 0.000000000000000000e+00 5.466749612179456763e-01 1.101253621023966067e+00 1.090398406966374800e+00 1.402024492901765784e+00 1.400035773410040152e+00
2.000000000000000000e+00 5.466749612179456763e-01 0.000000000000000000e+00 1.090174297776546064e+00 1.079279405888797783e+00 1.390355175818528854e+00 1.388364791144235832e+00
3.000000000000000000e+00 1.101253621023966067e+00 1.090174297776546064e+00 0.000000000000000000e+00 4.993660017191494660e-01 1.169415142844574040e+00 1.168197387151915345e+00
4.000000000000000000e+00 1.090398406966374800e+00 1.079279405888797783e+00 4.993660017191494660e-01 0.000000000000000000e+00 1.158297593066196063e+00 1.157060059832959675e+00
5.000000000000000000e+00 1.402024492901765784e+00 1.390355175818528854e+00 1.169415142844574040e+00 1.158297593066196063e+00 0.000000000000000000e+00 4.613267824403748385e-01
6.000000000000000000e+00 1.400035773410040152e+00 1.388364791144235832e+00 1.168197387151915345e+00 1.157060059832959675e+00 4.613267824403748385e-01 0.000000000000000000e+00
