0.000000000000000000e+00 1.000000000000000000e+00 2.000000000000000000e+00 3.000000000000000000e+00 4.000000000000000000e+00 5.000000000000000000e+00 6.000000000000000000e+00
1.000000000000000000e+00 0.000000000000000000e+00 5.467355560039548479e-01 1.176449525739737378e+00 1.174119249925025921e+00 1.481105592620622247e+00 1.476290504359188072e+00
2.000000000000000000e+00 5.467355560039548479e-01 0.000000000000000000e+00 1.163930423174055484e+00 1.161561842214676288e+00 1.467977731786810569e+00 1.463161620745344171e+00
3.000000000000000000e+00 1.176449525739737378e+00 1.163930423174055484e+00 0.000000000000000000e+00 5.005619393345865920e-01 1.270875180797832904e+00 1.266822910097882504e+00
4.000000000000000000e+00 1.174119249925025921e+00 1.161561842214676288e+00 5.005619393345865920e-01 0.000000000000000000e+00 1.268982514337288148e+00 1.264906248915441678e+00
5.000000000000000000e+00 1.481105592620622247e+00 1.467977731786810569e+00 1.270875180797832904e+00 1.268982514337288148e+00 0.000000000000000000e+00 4.614566129177781750e-01
6.000000000000000000e+00 1.476290504359188072e+00 1.463161620745344171e+00 1.266822910097882504e+00 1.264906248915441678e+00 4.614566129177781750e-01 0.000000000000000000e+00
