0.0	1.8957405456	1.8957405456	5.17816889938	5.18251708251	5.17816889938	5.06400973116	0.0	1.76536461586	0.0	1.8957405456	1.58433327927	1.35571622477	1.44946176471	2.91389642708	2.91389642708	2.91389642708	1.44946176471	1.44164867776	1.25650997767	1.25650997767	2.21383507172	2.20564837638	2.21383507172	2.21383507172	2.16661533584	2.11615544077	2.11615544077	2.16661533584	2.11615544077	2.20564837638	2.20564837638	2.21383507172	2.20564837638	4.31815400603	2.21383507172	2.21383507172	2.21383507172	2.21383507172	4.31815400603	2.16661533584	5.1458481922	5.58483269058	5.67965385858	5.67965385858	3.60850587547	6.46669330998	5.1458481922	5.1458481922	5.59326114224	5.58483269058	5.59326114224	5.74738495505	5.58483269058	5.74738495505	3.59528609555	5.1458481922	3.60850587547	3.59528609555	5.75930992148	5.59326114224	3.60850587547	5.75930992148	3.59528609555	5.58483269058	3.60850587547	6.46669330998	5.58483269058	6.23599503271	3.60850587547	5.74738495505	6.46669330998	5.1458481922	5.59326114224	5.59326114224	2.16661533584	2.21383507172
1.8957405456	0.0	0.0	4.96636142025	4.44635427282	4.96636142025	4.29812742001	1.8957405456	0.894881385178	1.8957405456	0.0	1.84079543433	1.7206193374	1.76467601329	3.23017372836	3.23017372836	3.23017372836	1.76467601329	1.64432061738	1.62553330923	1.62553330923	1.48653188408	1.49066499936	1.48653188408	1.48653188408	1.44214362852	1.3737765391	1.3737765391	1.44214362852	1.3737765391	1.49066499936	1.49066499936	1.48653188408	1.49066499936	3.5995101209	1.48653188408	1.48653188408	1.48653188408	1.48653188408	3.5995101209	1.44214362852	4.79908529172	5.28484083692	5.11176975153	5.11176975153	3.28393389912	6.22599365481	4.79908529172	4.79908529172	5.30468091537	5.28484083692	5.30468091537	5.14246986641	5.28484083692	5.14246986641	3.26477938026	4.79908529172	3.28393389912	3.26477938026	5.12769816465	5.30468091537	3.28393389912	5.12769816465	3.26477938026	5.28484083692	3.28393389912	6.22599365481	5.28484083692	5.91945693765	3.28393389912	5.14246986641	6.22599365481	4.79908529172	5.30468091537	5.30468091537	1.44214362852	1.48653188408
1.8957405456	0.0	0.0	4.96636142025	4.44635427282	4.96636142025	4.29812742001	1.8957405456	0.894881385178	1.8957405456	0.0	1.84079543433	1.7206193374	1.76467601329	3.23017372836	3.23017372836	3.23017372836	1.76467601329	1.64432061738	1.62553330923	1.62553330923	1.48653188408	1.49066499936	1.48653188408	1.48653188408	1.44214362852	1.3737765391	1.3737765391	1.44214362852	1.3737765391	1.49066499936	1.49066499936	1.48653188408	1.49066499936	3.5995101209	1.48653188408	1.48653188408	1.48653188408	1.48653188408	3.5995101209	1.44214362852	4.79908529172	5.28484083692	5.11176975153	5.11176975153	3.28393389912	6.22599365481	4.79908529172	4.79908529172	5.30468091537	5.28484083692	5.30468091537	5.14246986641	5.28484083692	5.14246986641	3.26477938026	4.79908529172	3.28393389912	3.26477938026	5.12769816465	5.30468091537	3.28393389912	5.12769816465	3.26477938026	5.28484083692	3.28393389912	6.22599365481	5.28484083692	5.91945693765	3.28393389912	5.14246986641	6.22599365481	4.79908529172	5.30468091537	5.30468091537	1.44214362852	1.48653188408
5.17816889938	4.96636142025	4.96636142025	0.0	8.32375278496	0.0	8.21164100183	5.17816889938	4.86556994047	5.17816889938	4.96636142025	5.29481603821	5.1286705247	5.19507184955	6.65742978768	6.65742978768	6.65742978768	5.19507184955	5.13483274944	5.05873212008	5.05873212008	5.2667902561	5.27080705542	5.2667902561	5.2667902561	5.22561386282	5.16308665978	5.16308665978	5.22561386282	5.16308665978	5.27080705542	5.27080705542	5.2667902561	5.27080705542	7.37157050219	5.2667902561	5.2667902561	5.2667902561	5.2667902561	7.37157050219	5.22561386282	8.46845744001	8.93894102433	8.8471299236	8.8471299236	6.94639381711	9.85940839355	8.46845744001	8.46845744001	8.95647889709	8.93894102433	8.95647889709	8.8860839365	8.93894102433	8.8860839365	6.92890448688	8.46845744001	6.94639381711	6.92890448688	8.87753972549	8.95647889709	6.94639381711	8.87753972549	6.92890448688	8.93894102433	6.94639381711	9.85940839355	8.93894102433	9.57829095876	6.94639381711	8.8860839365	9.85940839355	8.46845744001	8.95647889709	8.95647889709	5.22561386282	5.2667902561
5.18251708251	4.44635427282	4.44635427282	8.32375278496	0.0	8.32375278496	5.62931253814	5.18251708251	4.48525735917	5.18251708251	4.44635427282	5.02909471422	4.9409363469	4.97261619499	6.43770735853	6.43770735853	6.43770735853	4.97261619499	4.83081163641	4.85814726671	4.85814726671	4.52002112927	4.48068792538	4.52002112927	4.52002112927	4.43709619023	4.39672340309	4.39672340309	4.43709619023	4.39672340309	4.48068792538	4.48068792538	4.52002112927	4.48068792538	6.6686369892	4.52002112927	4.52002112927	4.52002112927	4.52002112927	6.6686369892	4.43709619023	7.77099067639	8.26520545779	8.089038272	8.089038272	6.25827055947	9.22131702051	7.77099067639	7.77099067639	8.28066904929	8.26520545779	8.28066904929	8.1509001767	8.26520545779	8.1509001767	6.23972468109	7.77099067639	6.25827055947	6.23972468109	8.15451546528	8.28066904929	6.25827055947	8.15451546528	6.23972468109	8.26520545779	6.25827055947	9.22131702051	8.26520545779	8.90088038517	6.25827055947	8.1509001767	9.22131702051	7.77099067639	8.28066904929	8.28066904929	4.43709619023	4.52002112927
5.17816889938	4.96636142025	4.96636142025	0.0	8.32375278496	0.0	8.21164100183	5.17816889938	4.86556994047	5.17816889938	4.96636142025	5.29481603821	5.1286705247	5.19507184955	6.65742978768	6.65742978768	6.65742978768	5.19507184955	5.13483274944	5.05873212008	5.05873212008	5.2667902561	5.27080705542	5.2667902561	5.2667902561	5.22561386282	5.16308665978	5.16308665978	5.22561386282	5.16308665978	5.27080705542	5.27080705542	5.2667902561	5.27080705542	7.37157050219	5.2667902561	5.2667902561	5.2667902561	5.2667902561	7.37157050219	5.22561386282	8.46845744001	8.93894102433	8.8471299236	8.8471299236	6.94639381711	9.85940839355	8.46845744001	8.46845744001	8.95647889709	8.93894102433	8.95647889709	8.8860839365	8.93894102433	8.8860839365	6.92890448688	8.46845744001	6.94639381711	6.92890448688	8.87753972549	8.95647889709	6.94639381711	8.87753972549	6.92890448688	8.93894102433	6.94639381711	9.85940839355	8.93894102433	9.57829095876	6.94639381711	8.8860839365	9.85940839355	8.46845744001	8.95647889709	8.95647889709	5.22561386282	5.2667902561
5.06400973116	4.29812742001	4.29812742001	8.21164100183	5.62931253814	8.21164100183	0.0	5.06400973116	4.35197010884	5.06400973116	4.29812742001	4.91075151042	4.821412341	4.85326409459	6.31850937248	6.31850937248	6.31850937248	4.85326409459	4.7095617604	4.73765150513	4.73765150513	4.50162036112	4.47514139202	4.50162036112	4.50162036112	4.43181416516	4.38459863406	4.38459863406	4.43181416516	4.38459863406	4.47514139202	4.47514139202	4.50162036112	4.47514139202	6.6368566154	4.50162036112	4.50162036112	4.50162036112	4.50162036112	6.6368566154	4.43181416516	7.71810509255	8.20552354782	8.06313721175	8.06313721175	6.20223247037	9.15322353571	7.71810509255	7.71810509255	8.21968098244	8.20552354782	8.21968098244	8.12149563611	8.20552354782	8.12149563611	6.18434376717	7.71810509255	6.20223247037	6.18434376717	8.12339153211	8.21968098244	6.20223247037	8.12339153211	6.18434376717	8.20552354782	6.20223247037	9.15322353571	8.20552354782	8.84307773682	6.20223247037	8.12149563611	9.15322353571	7.71810509255	8.21968098244	8.21968098244	4.43181416516	4.50162036112
0.0	1.8957405456	1.8957405456	5.17816889938	5.18251708251	5.17816889938	5.06400973116	0.0	1.76536461586	0.0	1.8957405456	1.58433327927	1.35571622477	1.44946176471	2.91389642708	2.91389642708	2.91389642708	1.44946176471	1.44164867776	1.25650997767	1.25650997767	2.21383507172	2.20564837638	2.21383507172	2.21383507172	2.16661533584	2.11615544077	2.11615544077	2.16661533584	2.11615544077	2.20564837638	2.20564837638	2.21383507172	2.20564837638	4.31815400603	2.21383507172	2.21383507172	2.21383507172	2.21383507172	4.31815400603	2.16661533584	5.1458481922	5.58483269058	5.67965385858	5.67965385858	3.60850587547	6.46669330998	5.1458481922	5.1458481922	5.59326114224	5.58483269058	5.59326114224	5.74738495505	5.58483269058	5.74738495505	3.59528609555	5.1458481922	3.60850587547	3.59528609555	5.75930992148	5.59326114224	3.60850587547	5.75930992148	3.59528609555	5.58483269058	3.60850587547	6.46669330998	5.58483269058	6.23599503271	3.60850587547	5.74738495505	6.46669330998	5.1458481922	5.59326114224	5.59326114224	2.16661533584	2.21383507172
1.76536461586	0.894881385178	0.894881385178	4.86556994047	4.48525735917	4.86556994047	4.35197010884	1.76536461586	0.0	1.76536461586	0.894881385178	1.71796442792	1.59167531103	1.6377116403	3.1035683578	3.1035683578	3.1035683578	1.6377116403	1.51964386735	1.49051327722	1.49051327722	1.49076987266	1.49433156142	1.49076987266	1.49076987266	1.4472371714	1.38137275948	1.38137275948	1.4472371714	1.38137275948	1.49433156142	1.49433156142	1.49076987266	1.49433156142	3.60096836895	1.49076987266	1.49076987266	1.49076987266	1.49076987266	3.60096836895	1.4472371714	4.75340313773	5.23289774885	5.09538404177	5.09538404177	3.23527426686	6.16621566473	4.75340313773	4.75340313773	5.25117266638	5.23289774885	5.25117266638	5.13029629716	5.23289774885	5.13029629716	3.21690478054	4.75340313773	3.23527426686	3.21690478054	5.11860867651	5.25117266638	3.23527426686	5.11860867651	3.21690478054	5.23289774885	3.23527426686	6.16621566473	5.23289774885	5.86970731272	3.23527426686	5.13029629716	6.16621566473	4.75340313773	5.25117266638	5.25117266638	1.4472371714	1.49076987266
0.0	1.8957405456	1.8957405456	5.17816889938	5.18251708251	5.17816889938	5.06400973116	0.0	1.76536461586	0.0	1.8957405456	1.58433327927	1.35571622477	1.44946176471	2.91389642708	2.91389642708	2.91389642708	1.44946176471	1.44164867776	1.25650997767	1.25650997767	2.21383507172	2.20564837638	2.21383507172	2.21383507172	2.16661533584	2.11615544077	2.11615544077	2.16661533584	2.11615544077	2.20564837638	2.20564837638	2.21383507172	2.20564837638	4.31815400603	2.21383507172	2.21383507172	2.21383507172	2.21383507172	4.31815400603	2.16661533584	5.1458481922	5.58483269058	5.67965385858	5.67965385858	3.60850587547	6.46669330998	5.1458481922	5.1458481922	5.59326114224	5.58483269058	5.59326114224	5.74738495505	5.58483269058	5.74738495505	3.59528609555	5.1458481922	3.60850587547	3.59528609555	5.75930992148	5.59326114224	3.60850587547	5.75930992148	3.59528609555	5.58483269058	3.60850587547	6.46669330998	5.58483269058	6.23599503271	3.60850587547	5.74738495505	6.46669330998	5.1458481922	5.59326114224	5.59326114224	2.16661533584	2.21383507172
1.8957405456	0.0	0.0	4.96636142025	4.44635427282	4.96636142025	4.29812742001	1.8957405456	0.894881385178	1.8957405456	0.0	1.84079543433	1.7206193374	1.76467601329	3.23017372836	3.23017372836	3.23017372836	1.76467601329	1.64432061738	1.62553330923	1.62553330923	1.48653188408	1.49066499936	1.48653188408	1.48653188408	1.44214362852	1.3737765391	1.3737765391	1.44214362852	1.3737765391	1.49066499936	1.49066499936	1.48653188408	1.49066499936	3.5995101209	1.48653188408	1.48653188408	1.48653188408	1.48653188408	3.5995101209	1.44214362852	4.79908529172	5.28484083692	5.11176975153	5.11176975153	3.28393389912	6.22599365481	4.79908529172	4.79908529172	5.30468091537	5.28484083692	5.30468091537	5.14246986641	5.28484083692	5.14246986641	3.26477938026	4.79908529172	3.28393389912	3.26477938026	5.12769816465	5.30468091537	3.28393389912	5.12769816465	3.26477938026	5.28484083692	3.28393389912	6.22599365481	5.28484083692	5.91945693765	3.28393389912	5.14246986641	6.22599365481	4.79908529172	5.30468091537	5.30468091537	1.44214362852	1.48653188408
1.58433327927	1.84079543433	1.84079543433	5.29481603821	5.02909471422	5.29481603821	4.91075151042	1.58433327927	1.71796442792	1.58433327927	1.84079543433	0.0	0.902994383811	0.787823525507	2.23183224024	2.23183224024	2.23183224024	0.787823525507	0.886083497842	0.977782043752	0.977782043752	2.11723314361	2.09877877682	2.11723314361	2.11723314361	2.06553063394	2.02623572833	2.02623572833	2.06553063394	2.02623572833	2.09877877682	2.09877877682	2.11723314361	2.09877877682	4.2195146882	2.11723314361	2.11723314361	2.11723314361	2.11723314361	4.2195146882	2.06553063394	4.79496429302	5.20208700835	5.476712281	5.476712281	3.24270894476	6.04267494392	4.79496429302	4.79496429302	5.20358241174	5.20208700835	5.20358241174	5.57025640034	5.20208700835	5.57025640034	3.23342054699	4.79496429302	3.24270894476	3.23342054699	5.60081215019	5.20358241174	3.24270894476	5.60081215019	3.23342054699	5.20208700835	3.24270894476	6.04267494392	5.20208700835	5.86428081789	3.24270894476	5.57025640034	6.04267494392	4.79496429302	5.20358241174	5.20358241174	2.06553063394	2.11723314361
1.35571622477	1.7206193374	1.7206193374	5.1286705247	4.9409363469	5.1286705247	4.821412341	1.35571622477	1.59167531103	1.35571622477	1.7206193374	0.902994383811	0.0	0.654958189768	2.13544608986	2.13544608986	2.13544608986	0.654958189768	0.852463914226	0.781504133712	0.781504133712	2.01557771065	2.00029226182	2.01557771065	2.01557771065	1.96515473839	1.92227718238	1.92227718238	1.96515473839	1.92227718238	2.00029226182	2.00029226182	2.01557771065	2.00029226182	4.11881740609	2.01557771065	2.01557771065	2.01557771065	2.01557771065	4.11881740609	1.96515473839	4.78025707196	5.1994009796	5.41058961282	5.41058961282	3.23335416703	6.05672165683	4.78025707196	4.78025707196	5.20235022327	5.1994009796	5.20235022327	5.49580153167	5.1994009796	5.49580153167	3.22277418024	4.78025707196	3.23335416703	3.22277418024	5.52020343648	5.20235022327	3.23335416703	5.52020343648	3.22277418024	5.1994009796	3.23335416703	6.05672165683	5.1994009796	5.85788928452	3.23335416703	5.49580153167	6.05672165683	4.78025707196	5.20235022327	5.20235022327	1.96515473839	2.01557771065
1.44946176471	1.76467601329	1.76467601329	5.19507184955	4.97261619499	5.19507184955	4.85326409459	1.44946176471	1.6377116403	1.44946176471	1.76467601329	0.787823525507	0.654958189768	0.0	1.89737595473	1.89737595473	1.89737595473	0.0	0.838860892343	0.847355077757	0.847355077757	2.05358497717	2.0370728854	2.05358497717	2.05358497717	2.00263797489	1.96111097483	1.96111097483	2.00263797489	1.96111097483	2.0370728854	2.0370728854	2.05358497717	2.0370728854	4.15654903343	2.05358497717	2.05358497717	2.05358497717	2.05358497717	4.15654903343	2.00263797489	4.78721478432	5.20242047558	5.43565659378	5.43565659378	3.23847775319	6.05461208398	4.78721478432	4.78721478432	5.20454855986	5.20242047558	5.20454855986	5.52399040828	5.20242047558	5.52399040828	3.22837698668	4.78721478432	3.23847775319	3.22837698668	5.55065281764	5.20454855986	3.23847775319	5.55065281764	3.22837698668	5.20242047558	3.23847775319	6.05461208398	5.20242047558	5.86225820476	3.23847775319	5.52399040828	6.05461208398	4.78721478432	5.20454855986	5.20454855986	2.00263797489	2.05358497717
2.91389642708	3.23017372836	3.23017372836	6.65742978768	6.43770735853	6.65742978768	6.31850937248	2.91389642708	3.1035683578	2.91389642708	3.23017372836	2.23183224024	2.13544608986	1.89737595473	0.0	0.0	0.0	1.89737595473	2.31221043166	2.32165563357	2.32165563357	3.51821902836	3.50167693366	3.51821902836	3.51821902836	3.46727663257	3.42580512957	3.42580512957	3.46727663257	3.42580512957	3.50167693366	3.50167693366	3.51821902836	3.50167693366	5.62111709428	3.51821902836	3.51821902836	3.51821902836	3.51821902836	5.62111709428	3.46727663257	6.24945057275	6.66407718735	6.89947303659	6.89947303659	4.70051565127	7.5151824483	6.24945057275	6.24945057275	6.66639684765	6.66407718735	6.66639684765	6.98794238686	6.66407718735	6.98794238686	4.69043571245	6.24945057275	4.70051565127	4.69043571245	7.01473456685	6.66639684765	4.70051565127	7.01473456685	4.69043571245	6.66407718735	4.70051565127	7.5151824483	6.66407718735	7.32399021695	4.70051565127	6.98794238686	7.5151824483	6.24945057275	6.66639684765	6.66639684765	3.46727663257	3.51821902836
2.91389642708	3.23017372836	3.23017372836	6.65742978768	6.43770735853	6.65742978768	6.31850937248	2.91389642708	3.1035683578	2.91389642708	3.23017372836	2.23183224024	2.13544608986	1.89737595473	0.0	0.0	0.0	1.89737595473	2.31221043166	2.32165563357	2.32165563357	3.51821902836	3.50167693366	3.51821902836	3.51821902836	3.46727663257	3.42580512957	3.42580512957	3.46727663257	3.42580512957	3.50167693366	3.50167693366	3.51821902836	3.50167693366	5.62111709428	3.51821902836	3.51821902836	3.51821902836	3.51821902836	5.62111709428	3.46727663257	6.24945057275	6.66407718735	6.89947303659	6.89947303659	4.70051565127	7.5151824483	6.24945057275	6.24945057275	6.66639684765	6.66407718735	6.66639684765	6.98794238686	6.66407718735	6.98794238686	4.69043571245	6.24945057275	4.70051565127	4.69043571245	7.01473456685	6.66639684765	4.70051565127	7.01473456685	4.69043571245	6.66407718735	4.70051565127	7.5151824483	6.66407718735	7.32399021695	4.70051565127	6.98794238686	7.5151824483	6.24945057275	6.66639684765	6.66639684765	3.46727663257	3.51821902836
2.91389642708	3.23017372836	3.23017372836	6.65742978768	6.43770735853	6.65742978768	6.31850937248	2.91389642708	3.1035683578	2.91389642708	3.23017372836	2.23183224024	2.13544608986	1.89737595473	0.0	0.0	0.0	1.89737595473	2.31221043166	2.32165563357	2.32165563357	3.51821902836	3.50167693366	3.51821902836	3.51821902836	3.46727663257	3.42580512957	3.42580512957	3.46727663257	3.42580512957	3.50167693366	3.50167693366	3.51821902836	3.50167693366	5.62111709428	3.51821902836	3.51821902836	3.51821902836	3.51821902836	5.62111709428	3.46727663257	6.24945057275	6.66407718735	6.89947303659	6.89947303659	4.70051565127	7.5151824483	6.24945057275	6.24945057275	6.66639684765	6.66407718735	6.66639684765	6.98794238686	6.66407718735	6.98794238686	4.69043571245	6.24945057275	4.70051565127	4.69043571245	7.01473456685	6.66639684765	4.70051565127	7.01473456685	4.69043571245	6.66407718735	4.70051565127	7.5151824483	6.66407718735	7.32399021695	4.70051565127	6.98794238686	7.5151824483	6.24945057275	6.66639684765	6.66639684765	3.46727663257	3.51821902836
1.44946176471	1.76467601329	1.76467601329	5.19507184955	4.97261619499	5.19507184955	4.85326409459	1.44946176471	1.6377116403	1.44946176471	1.76467601329	0.787823525507	0.654958189768	0.0	1.89737595473	1.89737595473	1.89737595473	0.0	0.838860892343	0.847355077757	0.847355077757	2.05358497717	2.0370728854	2.05358497717	2.05358497717	2.00263797489	1.96111097483	1.96111097483	2.00263797489	1.96111097483	2.0370728854	2.0370728854	2.05358497717	2.0370728854	4.15654903343	2.05358497717	2.05358497717	2.05358497717	2.05358497717	4.15654903343	2.00263797489	4.78721478432	5.20242047558	5.43565659378	5.43565659378	3.23847775319	6.05461208398	4.78721478432	4.78721478432	5.20454855986	5.20242047558	5.20454855986	5.52399040828	5.20242047558	5.52399040828	3.22837698668	4.78721478432	3.23847775319	3.22837698668	5.55065281764	5.20454855986	3.23847775319	5.55065281764	3.22837698668	5.20242047558	3.23847775319	6.05461208398	5.20242047558	5.86225820476	3.23847775319	5.52399040828	6.05461208398	4.78721478432	5.20454855986	5.20454855986	2.00263797489	2.05358497717
1.44164867776	1.64432061738	1.64432061738	5.13483274944	4.83081163641	5.13483274944	4.7095617604	1.44164867776	1.51964386735	1.44164867776	1.64432061738	0.886083497842	0.852463914226	0.838860892343	2.31221043166	2.31221043166	2.31221043166	0.838860892343	0.0	0.791077070305	0.791077070305	1.93063639109	1.9121938875	1.93063639109	1.93063639109	1.87863068547	1.83894427546	1.83894427546	1.87863068547	1.83894427546	1.9121938875	1.9121938875	1.93063639109	1.9121938875	4.03397066138	1.93063639109	1.93063639109	1.93063639109	1.93063639109	4.03397066138	1.87863068547	4.63844291326	5.0540796534	5.29939845477	5.29939845477	3.08896510382	5.91106274266	4.63844291326	4.63844291326	5.05223896651	5.0540796534	5.05223896651	5.39179352992	5.0540796534	5.39179352992	3.0794645852	4.63844291326	3.08896510382	3.0794645852	5.42095756224	5.05223896651	3.08896510382	5.42095756224	3.0794645852	5.0540796534	3.08896510382	5.91106274266	5.0540796534	5.71536594368	3.08896510382	5.39179352992	5.91106274266	4.63844291326	5.05223896651	5.05223896651	1.87863068547	1.93063639109
1.25650997767	1.62553330923	1.62553330923	5.05873212008	4.85814726671	5.05873212008	4.73765150513	1.25650997767	1.49051327722	1.25650997767	1.62553330923	0.977782043752	0.781504133712	0.847355077757	2.32165563357	2.32165563357	2.32165563357	0.847355077757	0.791077070305	0.0	0.0	1.93126726441	1.91685137853	1.93126726441	1.93126726441	1.88112649612	1.83716086068	1.83716086068	1.88112649612	1.83716086068	1.91685137853	1.91685137853	1.93126726441	1.91685137853	4.03497697507	1.93126726441	1.93126726441	1.93126726441	1.93126726441	4.03497697507	1.88112649612	4.72431507475	5.14794170684	5.3375094471	5.3375094471	3.17927000866	6.01216702962	4.72431507475	4.72431507475	5.15082466421	5.14794170684	5.15082466421	5.42023547744	5.14794170684	5.42023547744	3.16830414589	4.72431507475	3.17927000866	3.16830414589	5.44273415438	5.15082466421	3.17927000866	5.44273415438	3.16830414589	5.14794170684	3.17927000866	6.01216702962	5.14794170684	5.80529106642	3.17927000866	5.42023547744	6.01216702962	4.72431507475	5.15082466421	5.15082466421	1.88112649612	1.93126726441
1.25650997767	1.62553330923	1.62553330923	5.05873212008	4.85814726671	5.05873212008	4.73765150513	1.25650997767	1.49051327722	1.25650997767	1.62553330923	0.977782043752	0.781504133712	0.847355077757	2.32165563357	2.32165563357	2.32165563357	0.847355077757	0.791077070305	0.0	0.0	1.93126726441	1.91685137853	1.93126726441	1.93126726441	1.88112649612	1.83716086068	1.83716086068	1.88112649612	1.83716086068	1.91685137853	1.91685137853	1.93126726441	1.91685137853	4.03497697507	1.93126726441	1.93126726441	1.93126726441	1.93126726441	4.03497697507	1.88112649612	4.72431507475	5.14794170684	5.3375094471	5.3375094471	3.17927000866	6.01216702962	4.72431507475	4.72431507475	5.15082466421	5.14794170684	5.15082466421	5.42023547744	5.14794170684	5.42023547744	3.16830414589	4.72431507475	3.17927000866	3.16830414589	5.44273415438	5.15082466421	3.17927000866	5.44273415438	3.16830414589	5.14794170684	3.17927000866	6.01216702962	5.14794170684	5.80529106642	3.17927000866	5.42023547744	6.01216702962	4.72431507475	5.15082466421	5.15082466421	1.88112649612	1.93126726441
2.21383507172	1.48653188408	1.48653188408	5.2667902561	4.52002112927	5.2667902561	4.50162036112	2.21383507172	1.49076987266	2.21383507172	1.48653188408	2.11723314361	2.01557771065	2.05358497717	3.51821902836	3.51821902836	3.51821902836	2.05358497717	1.93063639109	1.93126726441	1.93126726441	0.0	0.718373315594	0.0	0.0	0.719144861849	0.789072139901	0.789072139901	0.719144861849	0.789072139901	0.718373315594	0.718373315594	0.0	0.718373315594	2.98879233991	0.0	0.0	0.0	0.0	2.98879233991	0.719144861849	4.60560309515	5.14317778104	4.62795652864	4.62795652864	3.11651719866	6.14446254407	4.60560309515	4.60560309515	5.18085369931	5.14317778104	5.18085369931	4.62685263726	5.14317778104	4.62685263726	3.08991963755	4.60560309515	3.11651719866	3.08991963755	4.59638850036	5.18085369931	3.11651719866	4.59638850036	3.08991963755	5.14317778104	3.11651719866	6.14446254407	5.14317778104	5.75765753364	3.11651719866	4.62685263726	6.14446254407	4.60560309515	5.18085369931	5.18085369931	0.719144861849	0.0
2.20564837638	1.49066499936	1.49066499936	5.27080705542	4.48068792538	5.27080705542	4.47514139202	2.20564837638	1.49433156142	2.20564837638	1.49066499936	2.09877877682	2.00029226182	2.0370728854	3.50167693366	3.50167693366	3.50167693366	2.0370728854	1.9121938875	1.91685137853	1.91685137853	0.718373315594	0.0	0.718373315594	0.718373315594	0.556238886574	0.761525557602	0.761525557602	0.556238886574	0.761525557602	0.0	0.0	0.718373315594	0.0	3.03764388408	0.718373315594	0.718373315594	0.718373315594	0.718373315594	3.03764388408	0.556238886574	4.54871265873	5.08990650422	4.5483238771	4.5483238771	3.06124930885	6.09559800798	4.54871265873	4.54871265873	5.12707657867	5.08990650422	5.12707657867	4.58302359679	5.08990650422	4.58302359679	3.03477301543	4.54871265873	3.06124930885	3.03477301543	4.57857204742	5.12707657867	3.06124930885	4.57857204742	3.03477301543	5.08990650422	3.06124930885	6.09559800798	5.08990650422	5.70480811384	3.06124930885	4.58302359679	6.09559800798	4.54871265873	5.12707657867	5.12707657867	0.556238886574	0.718373315594
2.21383507172	1.48653188408	1.48653188408	5.2667902561	4.52002112927	5.2667902561	4.50162036112	2.21383507172	1.49076987266	2.21383507172	1.48653188408	2.11723314361	2.01557771065	2.05358497717	3.51821902836	3.51821902836	3.51821902836	2.05358497717	1.93063639109	1.93126726441	1.93126726441	0.0	0.718373315594	0.0	0.0	0.719144861849	0.789072139901	0.789072139901	0.719144861849	0.789072139901	0.718373315594	0.718373315594	0.0	0.718373315594	2.98879233991	0.0	0.0	0.0	0.0	2.98879233991	0.719144861849	4.60560309515	5.14317778104	4.62795652864	4.62795652864	3.11651719866	6.14446254407	4.60560309515	4.60560309515	5.18085369931	5.14317778104	5.18085369931	4.62685263726	5.14317778104	4.62685263726	3.08991963755	4.60560309515	3.11651719866	3.08991963755	4.59638850036	5.18085369931	3.11651719866	4.59638850036	3.08991963755	5.14317778104	3.11651719866	6.14446254407	5.14317778104	5.75765753364	3.11651719866	4.62685263726	6.14446254407	4.60560309515	5.18085369931	5.18085369931	0.719144861849	0.0
2.21383507172	1.48653188408	1.48653188408	5.2667902561	4.52002112927	5.2667902561	4.50162036112	2.21383507172	1.49076987266	2.21383507172	1.48653188408	2.11723314361	2.01557771065	2.05358497717	3.51821902836	3.51821902836	3.51821902836	2.05358497717	1.93063639109	1.93126726441	1.93126726441	0.0	0.718373315594	0.0	0.0	0.719144861849	0.789072139901	0.789072139901	0.719144861849	0.789072139901	0.718373315594	0.718373315594	0.0	0.718373315594	2.98879233991	0.0	0.0	0.0	0.0	2.98879233991	0.719144861849	4.60560309515	5.14317778104	4.62795652864	4.62795652864	3.11651719866	6.14446254407	4.60560309515	4.60560309515	5.18085369931	5.14317778104	5.18085369931	4.62685263726	5.14317778104	4.62685263726	3.08991963755	4.60560309515	3.11651719866	3.08991963755	4.59638850036	5.18085369931	3.11651719866	4.59638850036	3.08991963755	5.14317778104	3.11651719866	6.14446254407	5.14317778104	5.75765753364	3.11651719866	4.62685263726	6.14446254407	4.60560309515	5.18085369931	5.18085369931	0.719144861849	0.0
2.16661533584	1.44214362852	1.44214362852	5.22561386282	4.43709619023	5.22561386282	4.43181416516	2.16661533584	1.4472371714	2.16661533584	1.44214362852	2.06553063394	1.96515473839	2.00263797489	3.46727663257	3.46727663257	3.46727663257	2.00263797489	1.87863068547	1.88112649612	1.88112649612	0.719144861849	0.556238886574	0.719144861849	0.719144861849	0.0	0.65671294921	0.65671294921	0.0	0.65671294921	0.556238886574	0.556238886574	0.719144861849	0.556238886574	3.03099575713	0.719144861849	0.719144861849	0.719144861849	0.719144861849	3.03099575713	0.0	4.55492784615	5.09153678051	4.58697477783	4.58697477783	3.06514005114	6.09206058624	4.55492784615	4.55492784615	5.12750408707	5.09153678051	5.12750408707	4.60999204986	5.09153678051	4.60999204986	3.0391544073	4.55492784615	3.06514005114	3.0391544073	4.59502997128	5.12750408707	3.06514005114	4.59502997128	3.0391544073	5.09153678051	3.06514005114	6.09206058624	5.09153678051	5.70768214626	3.06514005114	4.60999204986	6.09206058624	4.55492784615	5.12750408707	5.12750408707	0.0	0.719144861849
2.11615544077	1.3737765391	1.3737765391	5.16308665978	4.39672340309	5.16308665978	4.38459863406	2.11615544077	1.38137275948	2.11615544077	1.3737765391	2.02623572833	1.92227718238	1.96111097483	3.42580512957	3.42580512957	3.42580512957	1.96111097483	1.83894427546	1.83716086068	1.83716086068	0.789072139901	0.761525557602	0.789072139901	0.789072139901	0.65671294921	0.0	0.0	0.65671294921	0.0	0.761525557602	0.761525557602	0.789072139901	0.761525557602	3.04127151835	0.789072139901	0.789072139901	0.789072139901	0.789072139901	3.04127151835	0.65671294921	4.57862640746	5.10846978443	4.65137560834	4.65137560834	3.08551316625	6.10109925043	4.57862640746	4.57862640746	5.14295436092	5.10846978443	5.14295436092	4.65887626242	5.10846978443	4.65887626242	3.06018039694	4.57862640746	3.08551316625	3.06018039694	4.63124456059	5.14295436092	3.08551316625	4.63124456059	3.06018039694	5.10846978443	3.08551316625	6.10109925043	5.10846978443	5.72631680484	3.08551316625	4.65887626242	6.10109925043	4.57862640746	5.14295436092	5.14295436092	0.65671294921	0.789072139901
2.11615544077	1.3737765391	1.3737765391	5.16308665978	4.39672340309	5.16308665978	4.38459863406	2.11615544077	1.38137275948	2.11615544077	1.3737765391	2.02623572833	1.92227718238	1.96111097483	3.42580512957	3.42580512957	3.42580512957	1.96111097483	1.83894427546	1.83716086068	1.83716086068	0.789072139901	0.761525557602	0.789072139901	0.789072139901	0.65671294921	0.0	0.0	0.65671294921	0.0	0.761525557602	0.761525557602	0.789072139901	0.761525557602	3.04127151835	0.789072139901	0.789072139901	0.789072139901	0.789072139901	3.04127151835	0.65671294921	4.57862640746	5.10846978443	4.65137560834	4.65137560834	3.08551316625	6.10109925043	4.57862640746	4.57862640746	5.14295436092	5.10846978443	5.14295436092	4.65887626242	5.10846978443	4.65887626242	3.06018039694	4.57862640746	3.08551316625	3.06018039694	4.63124456059	5.14295436092	3.08551316625	4.63124456059	3.06018039694	5.10846978443	3.08551316625	6.10109925043	5.10846978443	5.72631680484	3.08551316625	4.65887626242	6.10109925043	4.57862640746	5.14295436092	5.14295436092	0.65671294921	0.789072139901
2.16661533584	1.44214362852	1.44214362852	5.22561386282	4.43709619023	5.22561386282	4.43181416516	2.16661533584	1.4472371714	2.16661533584	1.44214362852	2.06553063394	1.96515473839	2.00263797489	3.46727663257	3.46727663257	3.46727663257	2.00263797489	1.87863068547	1.88112649612	1.88112649612	0.719144861849	0.556238886574	0.719144861849	0.719144861849	0.0	0.65671294921	0.65671294921	0.0	0.65671294921	0.556238886574	0.556238886574	0.719144861849	0.556238886574	3.03099575713	0.719144861849	0.719144861849	0.719144861849	0.719144861849	3.03099575713	0.0	4.55492784615	5.09153678051	4.58697477783	4.58697477783	3.06514005114	6.09206058624	4.55492784615	4.55492784615	5.12750408707	5.09153678051	5.12750408707	4.60999204986	5.09153678051	4.60999204986	3.0391544073	4.55492784615	3.06514005114	3.0391544073	4.59502997128	5.12750408707	3.06514005114	4.59502997128	3.0391544073	5.09153678051	3.06514005114	6.09206058624	5.09153678051	5.70768214626	3.06514005114	4.60999204986	6.09206058624	4.55492784615	5.12750408707	5.12750408707	0.0	0.719144861849
2.11615544077	1.3737765391	1.3737765391	5.16308665978	4.39672340309	5.16308665978	4.38459863406	2.11615544077	1.38137275948	2.11615544077	1.3737765391	2.02623572833	1.92227718238	1.96111097483	3.42580512957	3.42580512957	3.42580512957	1.96111097483	1.83894427546	1.83716086068	1.83716086068	0.789072139901	0.761525557602	0.789072139901	0.789072139901	0.65671294921	0.0	0.0	0.65671294921	0.0	0.761525557602	0.761525557602	0.789072139901	0.761525557602	3.04127151835	0.789072139901	0.789072139901	0.789072139901	0.789072139901	3.04127151835	0.65671294921	4.57862640746	5.10846978443	4.65137560834	4.65137560834	3.08551316625	6.10109925043	4.57862640746	4.57862640746	5.14295436092	5.10846978443	5.14295436092	4.65887626242	5.10846978443	4.65887626242	3.06018039694	4.57862640746	3.08551316625	3.06018039694	4.63124456059	5.14295436092	3.08551316625	4.63124456059	3.06018039694	5.10846978443	3.08551316625	6.10109925043	5.10846978443	5.72631680484	3.08551316625	4.65887626242	6.10109925043	4.57862640746	5.14295436092	5.14295436092	0.65671294921	0.789072139901
2.20564837638	1.49066499936	1.49066499936	5.27080705542	4.48068792538	5.27080705542	4.47514139202	2.20564837638	1.49433156142	2.20564837638	1.49066499936	2.09877877682	2.00029226182	2.0370728854	3.50167693366	3.50167693366	3.50167693366	2.0370728854	1.9121938875	1.91685137853	1.91685137853	0.718373315594	0.0	0.718373315594	0.718373315594	0.556238886574	0.761525557602	0.761525557602	0.556238886574	0.761525557602	0.0	0.0	0.718373315594	0.0	3.03764388408	0.718373315594	0.718373315594	0.718373315594	0.718373315594	3.03764388408	0.556238886574	4.54871265873	5.08990650422	4.5483238771	4.5483238771	3.06124930885	6.09559800798	4.54871265873	4.54871265873	5.12707657867	5.08990650422	5.12707657867	4.58302359679	5.08990650422	4.58302359679	3.03477301543	4.54871265873	3.06124930885	3.03477301543	4.57857204742	5.12707657867	3.06124930885	4.57857204742	3.03477301543	5.08990650422	3.06124930885	6.09559800798	5.08990650422	5.70480811384	3.06124930885	4.58302359679	6.09559800798	4.54871265873	5.12707657867	5.12707657867	0.556238886574	0.718373315594
2.20564837638	1.49066499936	1.49066499936	5.27080705542	4.48068792538	5.27080705542	4.47514139202	2.20564837638	1.49433156142	2.20564837638	1.49066499936	2.09877877682	2.00029226182	2.0370728854	3.50167693366	3.50167693366	3.50167693366	2.0370728854	1.9121938875	1.91685137853	1.91685137853	0.718373315594	0.0	0.718373315594	0.718373315594	0.556238886574	0.761525557602	0.761525557602	0.556238886574	0.761525557602	0.0	0.0	0.718373315594	0.0	3.03764388408	0.718373315594	0.718373315594	0.718373315594	0.718373315594	3.03764388408	0.556238886574	4.54871265873	5.08990650422	4.5483238771	4.5483238771	3.06124930885	6.09559800798	4.54871265873	4.54871265873	5.12707657867	5.08990650422	5.12707657867	4.58302359679	5.08990650422	4.58302359679	3.03477301543	4.54871265873	3.06124930885	3.03477301543	4.57857204742	5.12707657867	3.06124930885	4.57857204742	3.03477301543	5.08990650422	3.06124930885	6.09559800798	5.08990650422	5.70480811384	3.06124930885	4.58302359679	6.09559800798	4.54871265873	5.12707657867	5.12707657867	0.556238886574	0.718373315594
2.21383507172	1.48653188408	1.48653188408	5.2667902561	4.52002112927	5.2667902561	4.50162036112	2.21383507172	1.49076987266	2.21383507172	1.48653188408	2.11723314361	2.01557771065	2.05358497717	3.51821902836	3.51821902836	3.51821902836	2.05358497717	1.93063639109	1.93126726441	1.93126726441	0.0	0.718373315594	0.0	0.0	0.719144861849	0.789072139901	0.789072139901	0.719144861849	0.789072139901	0.718373315594	0.718373315594	0.0	0.718373315594	2.98879233991	0.0	0.0	0.0	0.0	2.98879233991	0.719144861849	4.60560309515	5.14317778104	4.62795652864	4.62795652864	3.11651719866	6.14446254407	4.60560309515	4.60560309515	5.18085369931	5.14317778104	5.18085369931	4.62685263726	5.14317778104	4.62685263726	3.08991963755	4.60560309515	3.11651719866	3.08991963755	4.59638850036	5.18085369931	3.11651719866	4.59638850036	3.08991963755	5.14317778104	3.11651719866	6.14446254407	5.14317778104	5.75765753364	3.11651719866	4.62685263726	6.14446254407	4.60560309515	5.18085369931	5.18085369931	0.719144861849	0.0
2.20564837638	1.49066499936	1.49066499936	5.27080705542	4.48068792538	5.27080705542	4.47514139202	2.20564837638	1.49433156142	2.20564837638	1.49066499936	2.09877877682	2.00029226182	2.0370728854	3.50167693366	3.50167693366	3.50167693366	2.0370728854	1.9121938875	1.91685137853	1.91685137853	0.718373315594	0.0	0.718373315594	0.718373315594	0.556238886574	0.761525557602	0.761525557602	0.556238886574	0.761525557602	0.0	0.0	0.718373315594	0.0	3.03764388408	0.718373315594	0.718373315594	0.718373315594	0.718373315594	3.03764388408	0.556238886574	4.54871265873	5.08990650422	4.5483238771	4.5483238771	3.06124930885	6.09559800798	4.54871265873	4.54871265873	5.12707657867	5.08990650422	5.12707657867	4.58302359679	5.08990650422	4.58302359679	3.03477301543	4.54871265873	3.06124930885	3.03477301543	4.57857204742	5.12707657867	3.06124930885	4.57857204742	3.03477301543	5.08990650422	3.06124930885	6.09559800798	5.08990650422	5.70480811384	3.06124930885	4.58302359679	6.09559800798	4.54871265873	5.12707657867	5.12707657867	0.556238886574	0.718373315594
4.31815400603	3.5995101209	3.5995101209	7.37157050219	6.6686369892	7.37157050219	6.6368566154	4.31815400603	3.60096836895	4.31815400603	3.5995101209	4.2195146882	4.11881740609	4.15654903343	5.62111709428	5.62111709428	5.62111709428	4.15654903343	4.03397066138	4.03497697507	4.03497697507	2.98879233991	3.03764388408	2.98879233991	2.98879233991	3.03099575713	3.04127151835	3.04127151835	3.03099575713	3.04127151835	3.03764388408	3.03764388408	2.98879233991	3.03764388408	0.0	2.98879233991	2.98879233991	2.98879233991	2.98879233991	0.0	3.03099575713	6.62837002354	7.17621328812	6.60203493742	6.60203493742	5.14496577897	8.18890014528	6.62837002354	6.62837002354	7.22194874089	7.17621328812	7.22194874089	6.48191390808	7.17621328812	6.48191390808	5.11523095136	6.62837002354	5.14496577897	5.11523095136	6.37011782098	7.22194874089	5.14496577897	6.37011782098	5.11523095136	7.17621328812	5.14496577897	8.18890014528	7.17621328812	7.78197980167	5.14496577897	6.48191390808	8.18890014528	6.62837002354	7.22194874089	7.22194874089	3.03099575713	2.98879233991
2.21383507172	1.48653188408	1.48653188408	5.2667902561	4.52002112927	5.2667902561	4.50162036112	2.21383507172	1.49076987266	2.21383507172	1.48653188408	2.11723314361	2.01557771065	2.05358497717	3.51821902836	3.51821902836	3.51821902836	2.05358497717	1.93063639109	1.93126726441	1.93126726441	0.0	0.718373315594	0.0	0.0	0.719144861849	0.789072139901	0.789072139901	0.719144861849	0.789072139901	0.718373315594	0.718373315594	0.0	0.718373315594	2.98879233991	0.0	0.0	0.0	0.0	2.98879233991	0.719144861849	4.60560309515	5.14317778104	4.62795652864	4.62795652864	3.11651719866	6.14446254407	4.60560309515	4.60560309515	5.18085369931	5.14317778104	5.18085369931	4.62685263726	5.14317778104	4.62685263726	3.08991963755	4.60560309515	3.11651719866	3.08991963755	4.59638850036	5.18085369931	3.11651719866	4.59638850036	3.08991963755	5.14317778104	3.11651719866	6.14446254407	5.14317778104	5.75765753364	3.11651719866	4.62685263726	6.14446254407	4.60560309515	5.18085369931	5.18085369931	0.719144861849	0.0
2.21383507172	1.48653188408	1.48653188408	5.2667902561	4.52002112927	5.2667902561	4.50162036112	2.21383507172	1.49076987266	2.21383507172	1.48653188408	2.11723314361	2.01557771065	2.05358497717	3.51821902836	3.51821902836	3.51821902836	2.05358497717	1.93063639109	1.93126726441	1.93126726441	0.0	0.718373315594	0.0	0.0	0.719144861849	0.789072139901	0.789072139901	0.719144861849	0.789072139901	0.718373315594	0.718373315594	0.0	0.718373315594	2.98879233991	0.0	0.0	0.0	0.0	2.98879233991	0.719144861849	4.60560309515	5.14317778104	4.62795652864	4.62795652864	3.11651719866	6.14446254407	4.60560309515	4.60560309515	5.18085369931	5.14317778104	5.18085369931	4.62685263726	5.14317778104	4.62685263726	3.08991963755	4.60560309515	3.11651719866	3.08991963755	4.59638850036	5.18085369931	3.11651719866	4.59638850036	3.08991963755	5.14317778104	3.11651719866	6.14446254407	5.14317778104	5.75765753364	3.11651719866	4.62685263726	6.14446254407	4.60560309515	5.18085369931	5.18085369931	0.719144861849	0.0
2.21383507172	1.48653188408	1.48653188408	5.2667902561	4.52002112927	5.2667902561	4.50162036112	2.21383507172	1.49076987266	2.21383507172	1.48653188408	2.11723314361	2.01557771065	2.05358497717	3.51821902836	3.51821902836	3.51821902836	2.05358497717	1.93063639109	1.93126726441	1.93126726441	0.0	0.718373315594	0.0	0.0	0.719144861849	0.789072139901	0.789072139901	0.719144861849	0.789072139901	0.718373315594	0.718373315594	0.0	0.718373315594	2.98879233991	0.0	0.0	0.0	0.0	2.98879233991	0.719144861849	4.60560309515	5.14317778104	4.62795652864	4.62795652864	3.11651719866	6.14446254407	4.60560309515	4.60560309515	5.18085369931	5.14317778104	5.18085369931	4.62685263726	5.14317778104	4.62685263726	3.08991963755	4.60560309515	3.11651719866	3.08991963755	4.59638850036	5.18085369931	3.11651719866	4.59638850036	3.08991963755	5.14317778104	3.11651719866	6.14446254407	5.14317778104	5.75765753364	3.11651719866	4.62685263726	6.14446254407	4.60560309515	5.18085369931	5.18085369931	0.719144861849	0.0
