0.0	4.81414651133	4.81414651133	4.64891235192	3.19216671831	4.64891235192	3.17439835643	0.0	4.41240088152	0.0	4.81414651133	2.81405750572	2.66079894422	2.71640819048	2.73775913311	2.73775913311	2.73775913311	2.71640819048	2.7724028869	2.67154210207	2.67154210207	3.51488506165	3.4079179377	3.51488506165	3.51488506165	3.38698502364	3.49411243111	3.49411243111	3.38698502364	3.49411243111	3.4079179377	3.4079179377	3.51488506165	3.4079179377	5.57438459364	3.51488506165	3.51488506165	3.51488506165	3.51488506165	5.57438459364	3.38698502364	6.78603200173	6.47349528328	6.62008760364	6.62008760364	6.46102131405	5.36625569646	6.78603200173	6.78603200173	6.16538805991	6.47349528328	6.16538805991	6.37949842005	6.47349528328	6.37949842005	6.73876722298	6.78603200173	6.46102131405	6.73876722298	6.08408480551	6.16538805991	6.46102131405	6.08408480551	6.73876722298	6.47349528328	6.46102131405	5.36625569646	6.47349528328	6.95624386596	6.46102131405	6.37949842005	5.36625569646	6.78603200173	6.16538805991	6.16538805991	3.38698502364	3.51488506165
4.81414651133	0.0	0.0	5.22878418069	2.75234873828	5.22878418069	2.69708072267	4.81414651133	4.12612773455	4.81414651133	0.0	3.07326544022	3.02700619418	3.0390916804	3.06443267838	3.06443267838	3.06443267838	3.0390916804	2.92804284503	2.94255831703	2.94255831703	3.24197061469	3.11906348224	3.24197061469	3.24197061469	3.0849005255	3.1868828191	3.1868828191	3.0849005255	3.1868828191	3.11906348224	3.11906348224	3.24197061469	3.11906348224	5.36969534016	3.24197061469	3.24197061469	3.24197061469	3.24197061469	5.36969534016	3.0849005255	6.72795337318	6.48332848424	6.43590467898	6.43590467898	6.45702799869	5.39945619204	6.72795337318	6.72795337318	6.17889935116	6.48332848424	6.17889935116	6.18325618871	6.48332848424	6.18325618871	6.71825687636	6.72795337318	6.45702799869	6.71825687636	5.88260191037	6.17889935116	6.45702799869	5.88260191037	6.71825687636	6.48332848424	6.45702799869	5.39945619204	6.48332848424	6.94068390966	6.45702799869	6.18325618871	5.39945619204	6.72795337318	6.17889935116	6.17889935116	3.0849005255	3.24197061469
4.81414651133	0.0	0.0	5.22878418069	2.75234873828	5.22878418069	2.69708072267	4.81414651133	4.12612773455	4.81414651133	0.0	3.07326544022	3.02700619418	3.0390916804	3.06443267838	3.06443267838	3.06443267838	3.0390916804	2.92804284503	2.94255831703	2.94255831703	3.24197061469	3.11906348224	3.24197061469	3.24197061469	3.0849005255	3.1868828191	3.1868828191	3.0849005255	3.1868828191	3.11906348224	3.11906348224	3.24197061469	3.11906348224	5.36969534016	3.24197061469	3.24197061469	3.24197061469	3.24197061469	5.36969534016	3.0849005255	6.72795337318	6.48332848424	6.43590467898	6.43590467898	6.45702799869	5.39945619204	6.72795337318	6.72795337318	6.17889935116	6.48332848424	6.17889935116	6.18325618871	6.48332848424	6.18325618871	6.71825687636	6.72795337318	6.45702799869	6.71825687636	5.88260191037	6.17889935116	6.45702799869	5.88260191037	6.71825687636	6.48332848424	6.45702799869	5.39945619204	6.48332848424	6.94068390966	6.45702799869	6.18325618871	5.39945619204	6.72795337318	6.17889935116	6.17889935116	3.0849005255	3.24197061469
4.64891235192	5.22878418069	5.22878418069	0.0	3.57616151628	0.0	3.56485010541	4.64891235192	4.88975340091	4.64891235192	5.22878418069	3.3219349865	3.19703164041	3.24101482615	3.25953934688	3.25953934688	3.25953934688	3.24101482615	3.28675347429	3.21752445252	3.21752445252	3.85118320771	3.75090695431	3.85118320771	3.85118320771	3.73186909655	3.83605959109	3.83605959109	3.73186909655	3.83605959109	3.75090695431	3.75090695431	3.85118320771	3.75090695431	5.89043938595	3.85118320771	3.85118320771	3.85118320771	3.85118320771	5.89043938595	3.73186909655	7.20115179398	6.91782220443	6.97338988247	6.97338988247	6.90137118316	5.81845860117	7.20115179398	7.20115179398	6.61504656354	6.91782220443	6.61504656354	6.71623791419	6.91782220443	6.71623791419	7.16923044294	7.20115179398	6.90137118316	7.16923044294	6.41201999297	6.61504656354	6.90137118316	6.41201999297	7.16923044294	6.91782220443	6.90137118316	5.81845860117	6.91782220443	7.38653605407	6.90137118316	6.71623791419	5.81845860117	7.20115179398	6.61504656354	6.61504656354	3.73186909655	3.85118320771
3.19216671831	2.75234873828	2.75234873828	3.57616151628	0.0	3.57616151628	0.571015524428	3.19216671831	2.79300606907	3.19216671831	2.75234873828	1.41984583791	1.39866804995	1.40362108311	1.42617739371	1.42617739371	1.42617739371	1.40362108311	1.30036029873	1.34017407158	1.34017407158	1.18518963247	1.04877635791	1.18518963247	1.18518963247	1.00298624453	1.10118120897	1.10118120897	1.00298624453	1.10118120897	1.04877635791	1.04877635791	1.18518963247	1.04877635791	3.37037339192	1.18518963247	1.18518963247	1.18518963247	1.18518963247	3.37037339192	1.00298624453	4.87890244597	4.69554522246	4.46332646915	4.46332646915	4.65917752175	3.62914506737	4.87890244597	4.87890244597	4.3991108636	4.69554522246	4.3991108636	4.1956834345	4.69554522246	4.1956834345	4.90264073519	4.87890244597	4.65917752175	4.90264073519	3.88844380462	4.3991108636	4.65917752175	3.88844380462	4.90264073519	4.69554522246	4.65917752175	3.62914506737	4.69554522246	5.12716781476	4.65917752175	4.1956834345	3.62914506737	4.87890244597	4.3991108636	4.3991108636	1.00298624453	1.18518963247
4.64891235192	5.22878418069	5.22878418069	0.0	3.57616151628	0.0	3.56485010541	4.64891235192	4.88975340091	4.64891235192	5.22878418069	3.3219349865	3.19703164041	3.24101482615	3.25953934688	3.25953934688	3.25953934688	3.24101482615	3.28675347429	3.21752445252	3.21752445252	3.85118320771	3.75090695431	3.85118320771	3.85118320771	3.73186909655	3.83605959109	3.83605959109	3.73186909655	3.83605959109	3.75090695431	3.75090695431	3.85118320771	3.75090695431	5.89043938595	3.85118320771	3.85118320771	3.85118320771	3.85118320771	5.89043938595	3.73186909655	7.20115179398	6.91782220443	6.97338988247	6.97338988247	6.90137118316	5.81845860117	7.20115179398	7.20115179398	6.61504656354	6.91782220443	6.61504656354	6.71623791419	6.91782220443	6.71623791419	7.16923044294	7.20115179398	6.90137118316	7.16923044294	6.41201999297	6.61504656354	6.90137118316	6.41201999297	7.16923044294	6.91782220443	6.90137118316	5.81845860117	6.91782220443	7.38653605407	6.90137118316	6.71623791419	5.81845860117	7.20115179398	6.61504656354	6.61504656354	3.73186909655	3.85118320771
3.17439835643	2.69708072267	2.69708072267	3.56485010541	0.571015524428	3.56485010541	0.0	3.17439835643	2.75930632149	3.17439835643	2.69708072267	1.40096843052	1.37810496229	1.38340820401	1.40629866393	1.40629866393	1.40629866393	1.38340820401	1.27707869842	1.31678563811	1.31678563811	1.23670284438	1.10252828754	1.23670284438	1.23670284438	1.0587773126	1.15754194889	1.15754194889	1.0587773126	1.15754194889	1.10252828754	1.10252828754	1.23670284438	1.10252828754	3.41224972291	1.23670284438	1.23670284438	1.23670284438	1.23670284438	3.41224972291	1.0587773126	4.89006678881	4.69526817811	4.49877064681	4.49877064681	4.66056165012	3.6258592629	4.89006678881	4.89006678881	4.3969333152	4.69526817811	4.3969333152	4.23461959555	4.69526817811	4.23461959555	4.9076223231	4.89006678881	4.66056165012	4.9076223231	3.92893085511	4.3969333152	4.66056165012	3.92893085511	4.9076223231	4.69526817811	4.66056165012	3.6258592629	4.69526817811	5.13198229016	4.66056165012	4.23461959555	3.6258592629	4.89006678881	4.3969333152	4.3969333152	1.0587773126	1.23670284438
0.0	4.81414651133	4.81414651133	4.64891235192	3.19216671831	4.64891235192	3.17439835643	0.0	4.41240088152	0.0	4.81414651133	2.81405750572	2.66079894422	2.71640819048	2.73775913311	2.73775913311	2.73775913311	2.71640819048	2.7724028869	2.67154210207	2.67154210207	3.51488506165	3.4079179377	3.51488506165	3.51488506165	3.38698502364	3.49411243111	3.49411243111	3.38698502364	3.49411243111	3.4079179377	3.4079179377	3.51488506165	3.4079179377	5.57438459364	3.51488506165	3.51488506165	3.51488506165	3.51488506165	5.57438459364	3.38698502364	6.78603200173	6.47349528328	6.62008760364	6.62008760364	6.46102131405	5.36625569646	6.78603200173	6.78603200173	6.16538805991	6.47349528328	6.16538805991	6.37949842005	6.47349528328	6.37949842005	6.73876722298	6.78603200173	6.46102131405	6.73876722298	6.08408480551	6.16538805991	6.46102131405	6.08408480551	6.73876722298	6.47349528328	6.46102131405	5.36625569646	6.47349528328	6.95624386596	6.46102131405	6.37949842005	5.36625569646	6.78603200173	6.16538805991	6.16538805991	3.38698502364	3.51488506165
4.41240088152	4.12612773455	4.12612773455	4.88975340091	2.79300606907	4.88975340091	2.75930632149	4.41240088152	0.0	4.41240088152	4.12612773455	2.71990460355	2.63720389055	2.66060188894	2.68952654732	2.68952654732	2.68952654732	2.66060188894	2.55758548086	2.50883969264	2.50883969264	3.19573132705	3.08056770763	3.19573132705	3.19573132705	3.05362872096	3.15918618708	3.15918618708	3.05362872096	3.15918618708	3.08056770763	3.08056770763	3.19573132705	3.08056770763	5.28860951816	3.19573132705	3.19573132705	3.19573132705	3.19573132705	5.28860951816	3.05362872096	6.54293266792	6.25497584659	6.33521902835	6.33521902835	6.23640433851	5.15782321827	6.54293266792	6.54293266792	5.94605949889	6.25497584659	5.94605949889	6.09306712346	6.25497584659	6.09306712346	6.50952303693	6.54293266792	6.23640433851	6.50952303693	5.79724755426	5.94605949889	6.23640433851	5.79724755426	6.50952303693	6.25497584659	6.23640433851	5.15782321827	6.25497584659	6.72991938967	6.23640433851	6.09306712346	5.15782321827	6.54293266792	5.94605949889	5.94605949889	3.05362872096	3.19573132705
0.0	4.81414651133	4.81414651133	4.64891235192	3.19216671831	4.64891235192	3.17439835643	0.0	4.41240088152	0.0	4.81414651133	2.81405750572	2.66079894422	2.71640819048	2.73775913311	2.73775913311	2.73775913311	2.71640819048	2.7724028869	2.67154210207	2.67154210207	3.51488506165	3.4079179377	3.51488506165	3.51488506165	3.38698502364	3.49411243111	3.49411243111	3.38698502364	3.49411243111	3.4079179377	3.4079179377	3.51488506165	3.4079179377	5.57438459364	3.51488506165	3.51488506165	3.51488506165	3.51488506165	5.57438459364	3.38698502364	6.78603200173	6.47349528328	6.62008760364	6.62008760364	6.46102131405	5.36625569646	6.78603200173	6.78603200173	6.16538805991	6.47349528328	6.16538805991	6.37949842005	6.47349528328	6.37949842005	6.73876722298	6.78603200173	6.46102131405	6.73876722298	6.08408480551	6.16538805991	6.46102131405	6.08408480551	6.73876722298	6.47349528328	6.46102131405	5.36625569646	6.47349528328	6.95624386596	6.46102131405	6.37949842005	5.36625569646	6.78603200173	6.16538805991	6.16538805991	3.38698502364	3.51488506165
4.81414651133	0.0	0.0	5.22878418069	2.75234873828	5.22878418069	2.69708072267	4.81414651133	4.12612773455	4.81414651133	0.0	3.07326544022	3.02700619418	3.0390916804	3.06443267838	3.06443267838	3.06443267838	3.0390916804	2.92804284503	2.94255831703	2.94255831703	3.24197061469	3.11906348224	3.24197061469	3.24197061469	3.0849005255	3.1868828191	3.1868828191	3.0849005255	3.1868828191	3.11906348224	3.11906348224	3.24197061469	3.11906348224	5.36969534016	3.24197061469	3.24197061469	3.24197061469	3.24197061469	5.36969534016	3.0849005255	6.72795337318	6.48332848424	6.43590467898	6.43590467898	6.45702799869	5.39945619204	6.72795337318	6.72795337318	6.17889935116	6.48332848424	6.17889935116	6.18325618871	6.48332848424	6.18325618871	6.71825687636	6.72795337318	6.45702799869	6.71825687636	5.88260191037	6.17889935116	6.45702799869	5.88260191037	6.71825687636	6.48332848424	6.45702799869	5.39945619204	6.48332848424	6.94068390966	6.45702799869	6.18325618871	5.39945619204	6.72795337318	6.17889935116	6.17889935116	3.0849005255	3.24197061469
2.81405750572	3.07326544022	3.07326544022	3.3219349865	1.41984583791	3.3219349865	1.40096843052	2.81405750572	2.71990460355	2.81405750572	3.07326544022	0.0	0.841036346215	0.764520720618	0.767545762293	0.767545762293	0.767545762293	0.764520720618	0.885414363974	0.922901147295	0.922901147295	1.76628325485	1.65460095575	1.76628325485	1.76628325485	1.63403241556	1.74559369102	1.74559369102	1.63403241556	1.74559369102	1.65460095575	1.65460095575	1.76628325485	1.65460095575	3.83602638628	1.76628325485	1.76628325485	1.76628325485	1.76628325485	3.83602638628	1.63403241556	4.89866201436	4.53524019741	4.83329220894	4.83329220894	4.53146551814	3.41216884691	4.89866201436	4.89866201436	4.22122424839	4.53524019741	4.22122424839	4.61470908429	4.53524019741	4.61470908429	4.82414236532	4.89866201436	4.53146551814	4.82414236532	4.33085925553	4.22122424839	4.53146551814	4.33085925553	4.82414236532	4.53524019741	4.53146551814	3.41216884691	4.53524019741	5.04005754698	4.53146551814	4.61470908429	3.41216884691	4.89866201436	4.22122424839	4.22122424839	1.63403241556	1.76628325485
2.66079894422	3.02700619418	3.02700619418	3.19703164041	1.39866804995	3.19703164041	1.37810496229	2.66079894422	2.63720389055	2.66079894422	3.02700619418	0.841036346215	0.0	0.633157250639	0.677672925519	0.677672925519	0.677672925519	0.633157250639	0.844079260789	0.773569050796	0.773569050796	1.74729368386	1.63623982913	1.74729368386	1.74729368386	1.61471852656	1.72444542931	1.72444542931	1.61471852656	1.72444542931	1.63623982913	1.63623982913	1.74729368386	1.63623982913	3.81782718374	1.74729368386	1.74729368386	1.74729368386	1.74729368386	3.81782718374	1.61471852656	4.94385685901	4.60433705314	4.8336542265	4.8336542265	4.59586032166	3.48950882971	4.94385685901	4.94385685901	4.29191050326	4.60433705314	4.29191050326	4.60653340014	4.60433705314	4.60653340014	4.88228932679	4.94385685901	4.59586032166	4.88228932679	4.31820972974	4.29191050326	4.59586032166	4.31820972974	4.88228932679	4.60433705314	4.59586032166	3.48950882971	4.60433705314	5.09956034232	4.59586032166	4.60653340014	3.48950882971	4.94385685901	4.29191050326	4.29191050326	1.61471852656	1.74729368386
2.71640819048	3.0390916804	3.0390916804	3.24101482615	1.40362108311	3.24101482615	1.38340820401	2.71640819048	2.66060188894	2.71640819048	3.0390916804	0.764520720618	0.633157250639	0.0	0.510285383016	0.510285383016	0.510285383016	0.0	0.840539579344	0.820115763137	0.820115763137	1.75251994876	1.64117089594	1.75251994876	1.75251994876	1.61987688336	1.73016289127	1.73016289127	1.61987688336	1.73016289127	1.64117089594	1.64117089594	1.75251994876	1.64117089594	3.82320764292	1.75251994876	1.75251994876	1.75251994876	1.75251994876	3.82320764292	1.61987688336	4.93011593665	4.5835430198	4.83327637587	4.83327637587	4.57644000146	3.46626315967	4.93011593665	4.93011593665	4.27062758924	4.5835430198	4.27062758924	4.60879480109	4.5835430198	4.60879480109	4.86473185848	4.93011593665	4.57644000146	4.86473185848	4.32185545626	4.27062758924	4.57644000146	4.32185545626	4.86473185848	4.5835430198	4.57644000146	3.46626315967	4.5835430198	5.08161298074	4.57644000146	4.60879480109	3.46626315967	4.93011593665	4.27062758924	4.27062758924	1.61987688336	1.75251994876
2.73775913311	3.06443267838	3.06443267838	3.25953934688	1.42617739371	3.25953934688	1.40629866393	2.73775913311	2.68952654732	2.73775913311	3.06443267838	0.767545762293	0.677672925519	0.510285383016	0.0	0.0	0.0	0.510285383016	0.874390265362	0.856433749412	0.856433749412	1.7736300552	1.66238360008	1.7736300552	1.7736300552	1.64124361709	1.75165639968	1.75165639968	1.64124361709	1.75165639968	1.66238360008	1.66238360008	1.7736300552	1.66238360008	3.84370196555	1.7736300552	1.7736300552	1.7736300552	1.7736300552	3.84370196555	1.64124361709	4.94586196701	4.59709090096	4.85262656956	4.85262656956	4.59058790091	3.47876275423	4.94586196701	4.94586196701	4.28436438589	4.59709090096	4.28436438589	4.62867363133	4.59709090096	4.62867363133	4.87925534829	4.94586196701	4.59058790091	4.87925534829	4.34201765987	4.28436438589	4.59058790091	4.34201765987	4.87925534829	4.59709090096	4.59058790091	3.47876275423	4.59709090096	5.09584140844	4.59058790091	4.62867363133	3.47876275423	4.94586196701	4.28436438589	4.28436438589	1.64124361709	1.7736300552
2.73775913311	3.06443267838	3.06443267838	3.25953934688	1.42617739371	3.25953934688	1.40629866393	2.73775913311	2.68952654732	2.73775913311	3.06443267838	0.767545762293	0.677672925519	0.510285383016	0.0	0.0	0.0	0.510285383016	0.874390265362	0.856433749412	0.856433749412	1.7736300552	1.66238360008	1.7736300552	1.7736300552	1.64124361709	1.75165639968	1.75165639968	1.64124361709	1.75165639968	1.66238360008	1.66238360008	1.7736300552	1.66238360008	3.84370196555	1.7736300552	1.7736300552	1.7736300552	1.7736300552	3.84370196555	1.64124361709	4.94586196701	4.59709090096	4.85262656956	4.85262656956	4.59058790091	3.47876275423	4.94586196701	4.94586196701	4.28436438589	4.59709090096	4.28436438589	4.62867363133	4.59709090096	4.62867363133	4.87925534829	4.94586196701	4.59058790091	4.87925534829	4.34201765987	4.28436438589	4.59058790091	4.34201765987	4.87925534829	4.59709090096	4.59058790091	3.47876275423	4.59709090096	5.09584140844	4.59058790091	4.62867363133	3.47876275423	4.94586196701	4.28436438589	4.28436438589	1.64124361709	1.7736300552
2.73775913311	3.06443267838	3.06443267838	3.25953934688	1.42617739371	3.25953934688	1.40629866393	2.73775913311	2.68952654732	2.73775913311	3.06443267838	0.767545762293	0.677672925519	0.510285383016	0.0	0.0	0.0	0.510285383016	0.874390265362	0.856433749412	0.856433749412	1.7736300552	1.66238360008	1.7736300552	1.7736300552	1.64124361709	1.75165639968	1.75165639968	1.64124361709	1.75165639968	1.66238360008	1.66238360008	1.7736300552	1.66238360008	3.84370196555	1.7736300552	1.7736300552	1.7736300552	1.7736300552	3.84370196555	1.64124361709	4.94586196701	4.59709090096	4.85262656956	4.85262656956	4.59058790091	3.47876275423	4.94586196701	4.94586196701	4.28436438589	4.59709090096	4.28436438589	4.62867363133	4.59709090096	4.62867363133	4.87925534829	4.94586196701	4.59058790091	4.87925534829	4.34201765987	4.28436438589	4.59058790091	4.34201765987	4.87925534829	4.59709090096	4.59058790091	3.47876275423	4.59709090096	5.09584140844	4.59058790091	4.62867363133	3.47876275423	4.94586196701	4.28436438589	4.28436438589	1.64124361709	1.7736300552
2.71640819048	3.0390916804	3.0390916804	3.24101482615	1.40362108311	3.24101482615	1.38340820401	2.71640819048	2.66060188894	2.71640819048	3.0390916804	0.764520720618	0.633157250639	0.0	0.510285383016	0.510285383016	0.510285383016	0.0	0.840539579344	0.820115763137	0.820115763137	1.75251994876	1.64117089594	1.75251994876	1.75251994876	1.61987688336	1.73016289127	1.73016289127	1.61987688336	1.73016289127	1.64117089594	1.64117089594	1.75251994876	1.64117089594	3.82320764292	1.75251994876	1.75251994876	1.75251994876	1.75251994876	3.82320764292	1.61987688336	4.93011593665	4.5835430198	4.83327637587	4.83327637587	4.57644000146	3.46626315967	4.93011593665	4.93011593665	4.27062758924	4.5835430198	4.27062758924	4.60879480109	4.5835430198	4.60879480109	4.86473185848	4.93011593665	4.57644000146	4.86473185848	4.32185545626	4.27062758924	4.57644000146	4.32185545626	4.86473185848	4.5835430198	4.57644000146	3.46626315967	4.5835430198	5.08161298074	4.57644000146	4.60879480109	3.46626315967	4.93011593665	4.27062758924	4.27062758924	1.61987688336	1.75251994876
2.7724028869	2.92804284503	2.92804284503	3.28675347429	1.30036029873	3.28675347429	1.27707869842	2.7724028869	2.55758548086	2.7724028869	2.92804284503	0.885414363974	0.844079260789	0.840539579344	0.874390265362	0.874390265362	0.874390265362	0.840539579344	0.0	0.779162658174	0.779162658174	1.6679029331	1.55445529116	1.6679029331	1.6679029331	1.53188267972	1.64216001132	1.64216001132	1.53188267972	1.64216001132	1.55445529116	1.55445529116	1.6679029331	1.55445529116	3.74669800856	1.6679029331	1.6679029331	1.6679029331	1.6679029331	3.74669800856	1.53188267972	4.8606095284	4.52267247886	4.75517256966	4.75517256966	4.51161640693	3.41200423945	4.8606095284	4.8606095284	4.20587412143	4.52267247886	4.20587412143	4.53140301002	4.52267247886	4.53140301002	4.80032717028	4.8606095284	4.51161640693	4.80032717028	4.24473335476	4.20587412143	4.51161640693	4.24473335476	4.80032717028	4.52267247886	4.51161640693	3.41200423945	4.52267247886	5.01994552336	4.51161640693	4.53140301002	3.41200423945	4.8606095284	4.20587412143	4.20587412143	1.53188267972	1.6679029331
2.67154210207	2.94255831703	2.94255831703	3.21752445252	1.34017407158	3.21752445252	1.31678563811	2.67154210207	2.50883969264	2.67154210207	2.94255831703	0.922901147295	0.773569050796	0.820115763137	0.856433749412	0.856433749412	0.856433749412	0.820115763137	0.779162658174	0.0	0.0	1.70194312548	1.58973997332	1.70194312548	1.70194312548	1.56705947647	1.67614428906	1.67614428906	1.56705947647	1.67614428906	1.58973997332	1.58973997332	1.70194312548	1.58973997332	3.77794261456	1.70194312548	1.70194312548	1.70194312548	1.70194312548	3.77794261456	1.56705947647	4.92701828934	4.59841205558	4.79851265915	4.79851265915	4.58711830111	3.48843189122	4.92701828934	4.92701828934	4.28538313296	4.59841205558	4.28538313296	4.56908731482	4.59841205558	4.56908731482	4.87152140394	4.92701828934	4.58711830111	4.87152140394	4.27957543717	4.28538313296	4.58711830111	4.27957543717	4.87152140394	4.59841205558	4.58711830111	3.48843189122	4.59841205558	5.09011540901	4.58711830111	4.56908731482	3.48843189122	4.92701828934	4.28538313296	4.28538313296	1.56705947647	1.70194312548
2.67154210207	2.94255831703	2.94255831703	3.21752445252	1.34017407158	3.21752445252	1.31678563811	2.67154210207	2.50883969264	2.67154210207	2.94255831703	0.922901147295	0.773569050796	0.820115763137	0.856433749412	0.856433749412	0.856433749412	0.820115763137	0.779162658174	0.0	0.0	1.70194312548	1.58973997332	1.70194312548	1.70194312548	1.56705947647	1.67614428906	1.67614428906	1.56705947647	1.67614428906	1.58973997332	1.58973997332	1.70194312548	1.58973997332	3.77794261456	1.70194312548	1.70194312548	1.70194312548	1.70194312548	3.77794261456	1.56705947647	4.92701828934	4.59841205558	4.79851265915	4.79851265915	4.58711830111	3.48843189122	4.92701828934	4.92701828934	4.28538313296	4.59841205558	4.28538313296	4.56908731482	4.59841205558	4.56908731482	4.87152140394	4.92701828934	4.58711830111	4.87152140394	4.27957543717	4.28538313296	4.58711830111	4.27957543717	4.87152140394	4.59841205558	4.58711830111	3.48843189122	4.59841205558	5.09011540901	4.58711830111	4.56908731482	3.48843189122	4.92701828934	4.28538313296	4.28538313296	1.56705947647	1.70194312548
3.51488506165	3.24197061469	3.24197061469	3.85118320771	1.18518963247	3.85118320771	1.23670284438	3.51488506165	3.19573132705	3.51488506165	3.24197061469	1.76628325485	1.74729368386	1.75251994876	1.7736300552	1.7736300552	1.7736300552	1.75251994876	1.6679029331	1.70194312548	1.70194312548	0.0	0.686653351504	0.0	0.0	0.752198713688	0.956961435568	0.956961435568	0.752198713688	0.956961435568	0.686653351504	0.686653351504	0.0	0.686653351504	3.01461279253	0.0	0.0	0.0	0.0	3.01461279253	0.752198713688	4.95652235325	4.89744902236	4.23096022218	4.23096022218	4.84753471689	3.86059205743	4.95652235325	4.95652235325	4.62958673138	4.89744902236	4.62958673138	3.89243011922	4.89744902236	3.89243011922	5.04511779475	4.95652235325	4.84753471689	5.04511779475	3.55819440221	4.62958673138	4.84753471689	3.55819440221	5.04511779475	4.89744902236	4.84753471689	3.86059205743	4.89744902236	5.26603878371	4.84753471689	3.89243011922	3.86059205743	4.95652235325	4.62958673138	4.62958673138	0.752198713688	0.0
3.4079179377	3.11906348224	3.11906348224	3.75090695431	1.04877635791	3.75090695431	1.10252828754	3.4079179377	3.08056770763	3.4079179377	3.11906348224	1.65460095575	1.63623982913	1.64117089594	1.66238360008	1.66238360008	1.66238360008	1.64117089594	1.55445529116	1.58973997332	1.58973997332	0.686653351504	0.0	0.686653351504	0.686653351504	0.592356337909	0.84988115875	0.84988115875	0.592356337909	0.84988115875	0.0	0.0	0.686653351504	0.0	2.99659152822	0.686653351504	0.686653351504	0.686653351504	0.686653351504	2.99659152822	0.592356337909	4.86998897522	4.79849798691	4.18083661345	4.18083661345	4.74937459798	3.75885798074	4.86998897522	4.86998897522	4.52676699045	4.79849798691	4.52676699045	3.85925889098	4.79849798691	3.85925889098	4.95260327175	4.86998897522	4.74937459798	4.95260327175	3.53119182933	4.52676699045	4.74937459798	3.53119182933	4.95260327175	4.79849798691	4.74937459798	3.75885798074	4.79849798691	5.17475364439	4.74937459798	3.85925889098	3.75885798074	4.86998897522	4.52676699045	4.52676699045	0.592356337909	0.686653351504
3.51488506165	3.24197061469	3.24197061469	3.85118320771	1.18518963247	3.85118320771	1.23670284438	3.51488506165	3.19573132705	3.51488506165	3.24197061469	1.76628325485	1.74729368386	1.75251994876	1.7736300552	1.7736300552	1.7736300552	1.75251994876	1.6679029331	1.70194312548	1.70194312548	0.0	0.686653351504	0.0	0.0	0.752198713688	0.956961435568	0.956961435568	0.752198713688	0.956961435568	0.686653351504	0.686653351504	0.0	0.686653351504	3.01461279253	0.0	0.0	0.0	0.0	3.01461279253	0.752198713688	4.95652235325	4.89744902236	4.23096022218	4.23096022218	4.84753471689	3.86059205743	4.95652235325	4.95652235325	4.62958673138	4.89744902236	4.62958673138	3.89243011922	4.89744902236	3.89243011922	5.04511779475	4.95652235325	4.84753471689	5.04511779475	3.55819440221	4.62958673138	4.84753471689	3.55819440221	5.04511779475	4.89744902236	4.84753471689	3.86059205743	4.89744902236	5.26603878371	4.84753471689	3.89243011922	3.86059205743	4.95652235325	4.62958673138	4.62958673138	0.752198713688	0.0
3.51488506165	3.24197061469	3.24197061469	3.85118320771	1.18518963247	3.85118320771	1.23670284438	3.51488506165	3.19573132705	3.51488506165	3.24197061469	1.76628325485	1.74729368386	1.75251994876	1.7736300552	1.7736300552	1.7736300552	1.75251994876	1.6679029331	1.70194312548	1.70194312548	0.0	0.686653351504	0.0	0.0	0.752198713688	0.956961435568	0.956961435568	0.752198713688	0.956961435568	0.686653351504	0.686653351504	0.0	0.686653351504	3.01461279253	0.0	0.0	0.0	0.0	3.01461279253	0.752198713688	4.95652235325	4.89744902236	4.23096022218	4.23096022218	4.84753471689	3.86059205743	4.95652235325	4.95652235325	4.62958673138	4.89744902236	4.62958673138	3.89243011922	4.89744902236	3.89243011922	5.04511779475	4.95652235325	4.84753471689	5.04511779475	3.55819440221	4.62958673138	4.84753471689	3.55819440221	5.04511779475	4.89744902236	4.84753471689	3.86059205743	4.89744902236	5.26603878371	4.84753471689	3.89243011922	3.86059205743	4.95652235325	4.62958673138	4.62958673138	0.752198713688	0.0
3.38698502364	3.0849005255	3.0849005255	3.73186909655	1.00298624453	3.73186909655	1.0587773126	3.38698502364	3.05362872096	3.38698502364	3.0849005255	1.63403241556	1.61471852656	1.61987688336	1.64124361709	1.64124361709	1.64124361709	1.61987688336	1.53188267972	1.56705947647	1.56705947647	0.752198713688	0.592356337909	0.752198713688	0.752198713688	0.0	0.743680988517	0.743680988517	0.0	0.743680988517	0.592356337909	0.592356337909	0.752198713688	0.592356337909	3.0733170365	0.752198713688	0.752198713688	0.752198713688	0.752198713688	3.0733170365	0.0	4.88871199638	4.79944202644	4.24514397078	4.24514397078	4.75228417516	3.75555213019	4.88871199638	4.88871199638	4.52369768173	4.79944202644	4.52369768173	3.93236331237	4.79944202644	3.93236331237	4.96200897438	4.88871199638	4.75228417516	4.96200897438	3.60726625544	4.52369768173	4.75228417516	3.60726625544	4.96200897438	4.79944202644	4.75228417516	3.75555213019	4.79944202644	5.18461230439	4.75228417516	3.93236331237	3.75555213019	4.88871199638	4.52369768173	4.52369768173	0.0	0.752198713688
3.49411243111	3.1868828191	3.1868828191	3.83605959109	1.10118120897	3.83605959109	1.15754194889	3.49411243111	3.15918618708	3.49411243111	3.1868828191	1.74559369102	1.72444542931	1.73016289127	1.75165639968	1.75165639968	1.75165639968	1.73016289127	1.64216001132	1.67614428906	1.67614428906	0.956961435568	0.84988115875	0.956961435568	0.956961435568	0.743680988517	0.0	0.0	0.743680988517	0.0	0.84988115875	0.84988115875	0.956961435568	0.84988115875	3.2617139477	0.956961435568	0.956961435568	0.956961435568	0.956961435568	3.2617139477	0.743680988517	5.03521633916	4.93115454211	4.42745742949	4.42745742949	4.88585389353	3.88360179898	5.03521633916	5.03521633916	4.65246858937	4.93115454211	4.65246858937	4.11979604253	4.93115454211	4.11979604253	5.10061432434	5.03521633916	4.88585389353	5.10061432434	3.79629344198	4.65246858937	4.88585389353	3.79629344198	5.10061432434	4.93115454211	4.88585389353	3.88360179898	4.93115454211	5.32329490649	4.88585389353	4.11979604253	3.88360179898	5.03521633916	4.65246858937	4.65246858937	0.743680988517	0.956961435568
3.49411243111	3.1868828191	3.1868828191	3.83605959109	1.10118120897	3.83605959109	1.15754194889	3.49411243111	3.15918618708	3.49411243111	3.1868828191	1.74559369102	1.72444542931	1.73016289127	1.75165639968	1.75165639968	1.75165639968	1.73016289127	1.64216001132	1.67614428906	1.67614428906	0.956961435568	0.84988115875	0.956961435568	0.956961435568	0.743680988517	0.0	0.0	0.743680988517	0.0	0.84988115875	0.84988115875	0.956961435568	0.84988115875	3.2617139477	0.956961435568	0.956961435568	0.956961435568	0.956961435568	3.2617139477	0.743680988517	5.03521633916	4.93115454211	4.42745742949	4.42745742949	4.88585389353	3.88360179898	5.03521633916	5.03521633916	4.65246858937	4.93115454211	4.65246858937	4.11979604253	4.93115454211	4.11979604253	5.10061432434	5.03521633916	4.88585389353	5.10061432434	3.79629344198	4.65246858937	4.88585389353	3.79629344198	5.10061432434	4.93115454211	4.88585389353	3.88360179898	4.93115454211	5.32329490649	4.88585389353	4.11979604253	3.88360179898	5.03521633916	4.65246858937	4.65246858937	0.743680988517	0.956961435568
3.38698502364	3.0849005255	3.0849005255	3.73186909655	1.00298624453	3.73186909655	1.0587773126	3.38698502364	3.05362872096	3.38698502364	3.0849005255	1.63403241556	1.61471852656	1.61987688336	1.64124361709	1.64124361709	1.64124361709	1.61987688336	1.53188267972	1.56705947647	1.56705947647	0.752198713688	0.592356337909	0.752198713688	0.752198713688	0.0	0.743680988517	0.743680988517	0.0	0.743680988517	0.592356337909	0.592356337909	0.752198713688	0.592356337909	3.0733170365	0.752198713688	0.752198713688	0.752198713688	0.752198713688	3.0733170365	0.0	4.88871199638	4.79944202644	4.24514397078	4.24514397078	4.75228417516	3.75555213019	4.88871199638	4.88871199638	4.52369768173	4.79944202644	4.52369768173	3.93236331237	4.79944202644	3.93236331237	4.96200897438	4.88871199638	4.75228417516	4.96200897438	3.60726625544	4.52369768173	4.75228417516	3.60726625544	4.96200897438	4.79944202644	4.75228417516	3.75555213019	4.79944202644	5.18461230439	4.75228417516	3.93236331237	3.75555213019	4.88871199638	4.52369768173	4.52369768173	0.0	0.752198713688
3.49411243111	3.1868828191	3.1868828191	3.83605959109	1.10118120897	3.83605959109	1.15754194889	3.49411243111	3.15918618708	3.49411243111	3.1868828191	1.74559369102	1.72444542931	1.73016289127	1.75165639968	1.75165639968	1.75165639968	1.73016289127	1.64216001132	1.67614428906	1.67614428906	0.956961435568	0.84988115875	0.956961435568	0.956961435568	0.743680988517	0.0	0.0	0.743680988517	0.0	0.84988115875	0.84988115875	0.956961435568	0.84988115875	3.2617139477	0.956961435568	0.956961435568	0.956961435568	0.956961435568	3.2617139477	0.743680988517	5.03521633916	4.93115454211	4.42745742949	4.42745742949	4.88585389353	3.88360179898	5.03521633916	5.03521633916	4.65246858937	4.93115454211	4.65246858937	4.11979604253	4.93115454211	4.11979604253	5.10061432434	5.03521633916	4.88585389353	5.10061432434	3.79629344198	4.65246858937	4.88585389353	3.79629344198	5.10061432434	4.93115454211	4.88585389353	3.88360179898	4.93115454211	5.32329490649	4.88585389353	4.11979604253	3.88360179898	5.03521633916	4.65246858937	4.65246858937	0.743680988517	0.956961435568
3.4079179377	3.11906348224	3.11906348224	3.75090695431	1.04877635791	3.75090695431	1.10252828754	3.4079179377	3.08056770763	3.4079179377	3.11906348224	1.65460095575	1.63623982913	1.64117089594	1.66238360008	1.66238360008	1.66238360008	1.64117089594	1.55445529116	1.58973997332	1.58973997332	0.686653351504	0.0	0.686653351504	0.686653351504	0.592356337909	0.84988115875	0.84988115875	0.592356337909	0.84988115875	0.0	0.0	0.686653351504	0.0	2.99659152822	0.686653351504	0.686653351504	0.686653351504	0.686653351504	2.99659152822	0.592356337909	4.86998897522	4.79849798691	4.18083661345	4.18083661345	4.74937459798	3.75885798074	4.86998897522	4.86998897522	4.52676699045	4.79849798691	4.52676699045	3.85925889098	4.79849798691	3.85925889098	4.95260327175	4.86998897522	4.74937459798	4.95260327175	3.53119182933	4.52676699045	4.74937459798	3.53119182933	4.95260327175	4.79849798691	4.74937459798	3.75885798074	4.79849798691	5.17475364439	4.74937459798	3.85925889098	3.75885798074	4.86998897522	4.52676699045	4.52676699045	0.592356337909	0.686653351504
3.4079179377	3.11906348224	3.11906348224	3.75090695431	1.04877635791	3.75090695431	1.10252828754	3.4079179377	3.08056770763	3.4079179377	3.11906348224	1.65460095575	1.63623982913	1.64117089594	1.66238360008	1.66238360008	1.66238360008	1.64117089594	1.55445529116	1.58973997332	1.58973997332	0.686653351504	0.0	0.686653351504	0.686653351504	0.592356337909	0.84988115875	0.84988115875	0.592356337909	0.84988115875	0.0	0.0	0.686653351504	0.0	2.99659152822	0.686653351504	0.686653351504	0.686653351504	0.686653351504	2.99659152822	0.592356337909	4.86998897522	4.79849798691	4.18083661345	4.18083661345	4.74937459798	3.75885798074	4.86998897522	4.86998897522	4.52676699045	4.79849798691	4.52676699045	3.85925889098	4.79849798691	3.85925889098	4.95260327175	4.86998897522	4.74937459798	4.95260327175	3.53119182933	4.52676699045	4.74937459798	3.53119182933	4.95260327175	4.79849798691	4.74937459798	3.75885798074	4.79849798691	5.17475364439	4.74937459798	3.85925889098	3.75885798074	4.86998897522	4.52676699045	4.52676699045	0.592356337909	0.686653351504
3.51488506165	3.24197061469	3.24197061469	3.85118320771	1.18518963247	3.85118320771	1.23670284438	3.51488506165	3.19573132705	3.51488506165	3.24197061469	1.76628325485	1.74729368386	1.75251994876	1.7736300552	1.7736300552	1.7736300552	1.75251994876	1.6679029331	1.70194312548	1.70194312548	0.0	0.686653351504	0.0	0.0	0.752198713688	0.956961435568	0.956961435568	0.752198713688	0.956961435568	0.686653351504	0.686653351504	0.0	0.686653351504	3.01461279253	0.0	0.0	0.0	0.0	3.01461279253	0.752198713688	4.95652235325	4.89744902236	4.23096022218	4.23096022218	4.84753471689	3.86059205743	4.95652235325	4.95652235325	4.62958673138	4.89744902236	4.62958673138	3.89243011922	4.89744902236	3.89243011922	5.04511779475	4.95652235325	4.84753471689	5.04511779475	3.55819440221	4.62958673138	4.84753471689	3.55819440221	5.04511779475	4.89744902236	4.84753471689	3.86059205743	4.89744902236	5.26603878371	4.84753471689	3.89243011922	3.86059205743	4.95652235325	4.62958673138	4.62958673138	0.752198713688	0.0
3.4079179377	3.11906348224	3.11906348224	3.75090695431	1.04877635791	3.75090695431	1.10252828754	3.4079179377	3.08056770763	3.4079179377	3.11906348224	1.65460095575	1.63623982913	1.64117089594	1.66238360008	1.66238360008	1.66238360008	1.64117089594	1.55445529116	1.58973997332	1.58973997332	0.686653351504	0.0	0.686653351504	0.686653351504	0.592356337909	0.84988115875	0.84988115875	0.592356337909	0.84988115875	0.0	0.0	0.686653351504	0.0	2.99659152822	0.686653351504	0.686653351504	0.686653351504	0.686653351504	2.99659152822	0.592356337909	4.86998897522	4.79849798691	4.18083661345	4.18083661345	4.74937459798	3.75885798074	4.86998897522	4.86998897522	4.52676699045	4.79849798691	4.52676699045	3.85925889098	4.79849798691	3.85925889098	4.95260327175	4.86998897522	4.74937459798	4.95260327175	3.53119182933	4.52676699045	4.74937459798	3.53119182933	4.95260327175	4.79849798691	4.74937459798	3.75885798074	4.79849798691	5.17475364439	4.74937459798	3.85925889098	3.75885798074	4.86998897522	4.52676699045	4.52676699045	0.592356337909	0.686653351504
5.57438459364	5.36969534016	5.36969534016	5.89043938595	3.37037339192	5.89043938595	3.41224972291	5.57438459364	5.28860951816	5.57438459364	5.36969534016	3.83602638628	3.81782718374	3.82320764292	3.84370196555	3.84370196555	3.84370196555	3.82320764292	3.74669800856	3.77794261456	3.77794261456	3.01461279253	2.99659152822	3.01461279253	3.01461279253	3.0733170365	3.2617139477	3.2617139477	3.0733170365	3.2617139477	2.99659152822	2.99659152822	3.01461279253	2.99659152822	0.0	3.01461279253	3.01461279253	3.01461279253	3.01461279253	0.0	3.0733170365	6.84989862367	6.87020044392	5.9486462879	5.9486462879	6.81580809699	5.85187113671	6.84989862367	6.84989862367	6.62874309228	6.87020044392	6.62874309228	5.44534045691	6.87020044392	5.44534045691	6.97488756594	6.84989862367	6.81580809699	6.97488756594	5.01430182104	6.62874309228	6.81580809699	5.01430182104	6.97488756594	6.87020044392	6.81580809699	5.85187113671	6.87020044392	7.18566929633	6.81580809699	5.44534045691	5.85187113671	6.84989862367	6.62874309228	6.62874309228	3.0733170365	3.01461279253
3.51488506165	3.24197061469	3.24197061469	3.85118320771	1.18518963247	3.85118320771	1.23670284438	3.51488506165	3.19573132705	3.51488506165	3.24197061469	1.76628325485	1.74729368386	1.75251994876	1.7736300552	1.7736300552	1.7736300552	1.75251994876	1.6679029331	1.70194312548	1.70194312548	0.0	0.686653351504	0.0	0.0	0.752198713688	0.956961435568	0.956961435568	0.752198713688	0.956961435568	0.686653351504	0.686653351504	0.0	0.686653351504	3.01461279253	0.0	0.0	0.0	0.0	3.01461279253	0.752198713688	4.95652235325	4.89744902236	4.23096022218	4.23096022218	4.84753471689	3.86059205743	4.95652235325	4.95652235325	4.62958673138	4.89744902236	4.62958673138	3.89243011922	4.89744902236	3.89243011922	5.04511779475	4.95652235325	4.84753471689	5.04511779475	3.55819440221	4.62958673138	4.84753471689	3.55819440221	5.04511779475	4.89744902236	4.84753471689	3.86059205743	4.89744902236	5.26603878371	4.84753471689	3.89243011922	3.86059205743	4.95652235325	4.62958673138	4.62958673138	0.752198713688	0.0
3.51488506165	3.24197061469	3.24197061469	3.85118320771	1.18518963247	3.85118320771	1.23670284438	3.51488506165	3.19573132705	3.51488506165	3.24197061469	1.76628325485	1.74729368386	1.75251994876	1.7736300552	1.7736300552	1.7736300552	1.75251994876	1.6679029331	1.70194312548	1.70194312548	0.0	0.686653351504	0.0	0.0	0.752198713688	0.956961435568	0.956961435568	0.752198713688	0.956961435568	0.686653351504	0.686653351504	0.0	0.686653351504	3.01461279253	0.0	0.0	0.0	0.0	3.01461279253	0.752198713688	4.95652235325	4.89744902236	4.23096022218	4.23096022218	4.84753471689	3.86059205743	4.95652235325	4.95652235325	4.62958673138	4.89744902236	4.62958673138	3.89243011922	4.89744902236	3.89243011922	5.04511779475	4.95652235325	4.84753471689	5.04511779475	3.55819440221	4.62958673138	4.84753471689	3.55819440221	5.04511779475	4.89744902236	4.84753471689	3.86059205743	4.89744902236	5.26603878371	4.84753471689	3.89243011922	3.86059205743	4.95652235325	4.62958673138	4.62958673138	0.752198713688	0.0
3.51488506165	3.24197061469	3.24197061469	3.85118320771	1.18518963247	3.85118320771	1.23670284438	3.51488506165	3.19573132705	3.51488506165	3.24197061469	1.76628325485	1.74729368386	1.75251994876	1.7736300552	1.7736300552	1.7736300552	1.75251994876	1.6679029331	1.70194312548	1.70194312548	0.0	0.686653351504	0.0	0.0	0.752198713688	0.956961435568	0.956961435568	0.752198713688	0.956961435568	0.686653351504	0.686653351504	0.0	0.686653351504	3.01461279253	0.0	0.0	0.0	0.0	3.01461279253	0.752198713688	4.95652235325	4.89744902236	4.23096022218	4.23096022218	4.84753471689	3.86059205743	4.95652235325	4.95652235325	4.62958673138	4.89744902236	4.62958673138	3.89243011922	4.89744902236	3.89243011922	5.04511779475	4.95652235325	4.84753471689	5.04511779475	3.55819440221	4.62958673138	4.84753471689	3.55819440221	5.04511779475	4.89744902236	4.84753471689	3.86059205743	4.89744902236	5.26603878371	4.84753471689	3.89243011922	3.86059205743	4.95652235325	4.62958673138	4.62958673138	0.752198713688	0.0
