0.0	7.21138689813	7.21138689813	9.61450530105	8.37275815376	9.61450530105	8.29069677062	0.0	6.19109618668	0.0	7.21138689813	4.02468538173	3.70210521753	3.82691611185	5.30239488044	5.30239488044	5.30239488044	3.82691611185	3.87508803379	3.69991438469	3.69991438469	6.06526526945	5.87911145813	6.06526526945	6.06526526945	5.86037917778	5.93653751283	5.93653751283	5.86037917778	5.93653751283	5.87911145813	5.87911145813	6.06526526945	5.87911145813	10.498070404	6.06526526945	6.06526526945	6.06526526945	6.06526526945	10.498070404	5.86037917778	11.8748778285	12.0640899333	12.2578815906	12.2578815906	10.1387491465	11.6627398228	11.8748778285	11.8748778285	11.6335901155	12.0640899333	11.6335901155	12.2540602899	12.0640899333	12.2540602899	10.3083003404	11.8748778285	10.1387491465	10.3083003404	12.1130601267	11.6335901155	10.1387491465	12.1130601267	10.3083003404	12.0640899333	10.1387491465	11.6627398228	12.0640899333	13.0950695221	10.1387491465	12.2540602899	11.6627398228	11.8748778285	11.6335901155	11.6335901155	5.86037917778	6.06526526945
7.21138689813	0.0	0.0	10.7064689452	7.57635035538	10.7064689452	7.3095968062	7.21138689813	5.23866646267	7.21138689813	0.0	5.01091200568	4.85121502626	4.89417069593	6.37481265981	6.37481265981	6.37481265981	4.89417069593	4.72037974696	4.7545735205	4.7545735205	5.76113505608	5.57224627576	5.76113505608	5.76113505608	5.54089463298	5.59961287026	5.59961287026	5.54089463298	5.59961287026	5.57224627576	5.57224627576	5.76113505608	5.57224627576	10.2851635427	5.76113505608	5.76113505608	5.76113505608	5.76113505608	10.2851635427	5.54089463298	12.0464027866	12.3533316492	12.1438975113	12.1438975113	10.3937288871	12.0162835405	12.0464027866	12.0464027866	11.9307865058	12.3533316492	11.9307865058	12.1104025834	12.3533316492	12.1104025834	10.5368361621	12.0464027866	10.3937288871	10.5368361621	11.9525097678	11.9307865058	10.3937288871	11.9525097678	10.5368361621	12.3533316492	10.3937288871	12.0162835405	12.3533316492	13.3374864503	10.3937288871	12.1104025834	12.0162835405	12.0464027866	11.9307865058	11.9307865058	5.54089463298	5.76113505608
7.21138689813	0.0	0.0	10.7064689452	7.57635035538	10.7064689452	7.3095968062	7.21138689813	5.23866646267	7.21138689813	0.0	5.01091200568	4.85121502626	4.89417069593	6.37481265981	6.37481265981	6.37481265981	4.89417069593	4.72037974696	4.7545735205	4.7545735205	5.76113505608	5.57224627576	5.76113505608	5.76113505608	5.54089463298	5.59961287026	5.59961287026	5.54089463298	5.59961287026	5.57224627576	5.57224627576	5.76113505608	5.57224627576	10.2851635427	5.76113505608	5.76113505608	5.76113505608	5.76113505608	10.2851635427	5.54089463298	12.0464027866	12.3533316492	12.1438975113	12.1438975113	10.3937288871	12.0162835405	12.0464027866	12.0464027866	11.9307865058	12.3533316492	11.9307865058	12.1104025834	12.3533316492	12.1104025834	10.5368361621	12.0464027866	10.3937288871	10.5368361621	11.9525097678	11.9307865058	10.3937288871	11.9525097678	10.5368361621	12.3533316492	10.3937288871	12.0162835405	12.3533316492	13.3374864503	10.3937288871	12.1104025834	12.0162835405	12.0464027866	11.9307865058	11.9307865058	5.54089463298	5.76113505608
9.61450530105	10.7064689452	10.7064689452	0.0	11.7778202336	0.0	11.7250769991	9.61450530105	9.82359798874	9.61450530105	10.7064689452	8.10198725443	7.84040635602	7.93750347951	9.41119950583	9.41119950583	9.41119950583	7.93750347951	7.93226482254	7.8356070644	7.8356070644	9.31384306041	9.13895369267	9.31384306041	9.31384306041	9.11618929058	9.18278407735	9.18278407735	9.11618929058	9.18278407735	9.13895369267	9.13895369267	9.31384306041	9.13895369267	13.7168867478	9.31384306041	9.31384306041	9.31384306041	9.31384306041	13.7168867478	9.11618929058	15.4924723573	15.770468835	15.6357955397	15.6357955397	13.8237264884	15.4110161289	15.4924723573	15.4924723573	15.3557571121	15.770468835	15.3557571121	15.5782461894	15.770468835	15.5782461894	13.9678164382	15.4924723573	13.8237264884	13.9678164382	15.4027575445	15.3557571121	13.8237264884	15.4027575445	13.9678164382	15.770468835	13.8237264884	15.4110161289	15.770468835	16.7593876785	13.8237264884	15.5782461894	15.4110161289	15.4924723573	15.3557571121	15.3557571121	9.11618929058	9.31384306041
8.37275815376	7.57635035538	7.57635035538	11.7778202336	0.0	11.7778202336	5.73161919574	8.37275815376	7.4018776747	8.37275815376	7.57635035538	6.09292556903	5.97194717293	6.00280072782	7.4813224659	7.4813224659	7.4813224659	6.00280072782	5.82034925362	5.90336488977	5.90336488977	5.53844226406	5.3264324204	5.53844226406	5.53844226406	5.27784901956	5.32691770908	5.32691770908	5.27784901956	5.32691770908	5.3264324204	5.3264324204	5.53844226406	5.3264324204	10.2696634006	5.53844226406	5.53844226406	5.53844226406	5.53844226406	10.2696634006	5.27784901956	12.4145973016	12.8592507014	12.1721277326	12.1721277326	10.8613169655	12.5909814839	12.4145973016	12.4145973016	12.4505550317	12.8592507014	12.4505550317	12.1305636266	12.8592507014	12.1305636266	10.9728620569	12.4145973016	10.8613169655	10.9728620569	11.9721493207	12.4505550317	10.8613169655	11.9721493207	10.9728620569	12.8592507014	10.8613169655	12.5909814839	12.8592507014	13.7888372738	10.8613169655	12.1305636266	12.5909814839	12.4145973016	12.4505550317	12.4505550317	5.27784901956	5.53844226406
9.61450530105	10.7064689452	10.7064689452	0.0	11.7778202336	0.0	11.7250769991	9.61450530105	9.82359798874	9.61450530105	10.7064689452	8.10198725443	7.84040635602	7.93750347951	9.41119950583	9.41119950583	9.41119950583	7.93750347951	7.93226482254	7.8356070644	7.8356070644	9.31384306041	9.13895369267	9.31384306041	9.31384306041	9.11618929058	9.18278407735	9.18278407735	9.11618929058	9.18278407735	9.13895369267	9.13895369267	9.31384306041	9.13895369267	13.7168867478	9.31384306041	9.31384306041	9.31384306041	9.31384306041	13.7168867478	9.11618929058	15.4924723573	15.770468835	15.6357955397	15.6357955397	13.8237264884	15.4110161289	15.4924723573	15.4924723573	15.3557571121	15.770468835	15.3557571121	15.5782461894	15.770468835	15.5782461894	13.9678164382	15.4924723573	13.8237264884	13.9678164382	15.4027575445	15.3557571121	13.8237264884	15.4027575445	13.9678164382	15.770468835	13.8237264884	15.4110161289	15.770468835	16.7593876785	13.8237264884	15.5782461894	15.4110161289	15.4924723573	15.3557571121	15.3557571121	9.11618929058	9.31384306041
8.29069677062	7.3095968062	7.3095968062	11.7250769991	5.73161919574	11.7250769991	0.0	8.29069677062	7.24006743973	8.29069677062	7.3095968062	6.00311522326	5.88002263231	5.9109541476	7.38985667279	7.38985667279	7.38985667279	5.9109541476	5.72378496726	5.80789324699	5.80789324699	5.79044190131	5.58451704846	5.79044190131	5.79044190131	5.54091661143	5.59228552529	5.59228552529	5.54091661143	5.59228552529	5.58451704846	5.58451704846	5.79044190131	5.58451704846	10.4661724468	5.79044190131	5.79044190131	5.79044190131	5.79044190131	10.4661724468	5.54091661143	12.4821180494	12.8875724361	12.3451214877	12.3451214877	10.8994978331	12.6012227901	12.4821180494	12.4821180494	12.4727250673	12.8875724361	12.4727250673	12.3102802481	12.8875724361	12.3102802481	11.0212436272	12.4821180494	10.8994978331	11.0212436272	12.1544403503	12.4727250673	10.8994978331	12.1544403503	11.0212436272	12.8875724361	10.8994978331	12.6012227901	12.8875724361	13.834081701	10.8994978331	12.3102802481	12.6012227901	12.4821180494	12.4727250673	12.4727250673	5.54091661143	5.79044190131
0.0	7.21138689813	7.21138689813	9.61450530105	8.37275815376	9.61450530105	8.29069677062	0.0	6.19109618668	0.0	7.21138689813	4.02468538173	3.70210521753	3.82691611185	5.30239488044	5.30239488044	5.30239488044	3.82691611185	3.87508803379	3.69991438469	3.69991438469	6.06526526945	5.87911145813	6.06526526945	6.06526526945	5.86037917778	5.93653751283	5.93653751283	5.86037917778	5.93653751283	5.87911145813	5.87911145813	6.06526526945	5.87911145813	10.498070404	6.06526526945	6.06526526945	6.06526526945	6.06526526945	10.498070404	5.86037917778	11.8748778285	12.0640899333	12.2578815906	12.2578815906	10.1387491465	11.6627398228	11.8748778285	11.8748778285	11.6335901155	12.0640899333	11.6335901155	12.2540602899	12.0640899333	12.2540602899	10.3083003404	11.8748778285	10.1387491465	10.3083003404	12.1130601267	11.6335901155	10.1387491465	12.1130601267	10.3083003404	12.0640899333	10.1387491465	11.6627398228	12.0640899333	13.0950695221	10.1387491465	12.2540602899	11.6627398228	11.8748778285	11.6335901155	11.6335901155	5.86037917778	6.06526526945
6.19109618668	5.23866646267	5.23866646267	9.82359798874	7.4018776747	9.82359798874	7.24006743973	6.19109618668	0.0	6.19109618668	5.23866646267	4.03174998357	3.84496695499	3.89699064003	5.37912399768	5.37912399768	5.37912399768	3.89699064003	3.74090273011	3.71971436183	3.71971436183	5.31326419868	5.12653409771	5.31326419868	5.31326419868	5.10133397567	5.16818791986	5.16818791986	5.10133397567	5.16818791986	5.12653409771	5.12653409771	5.31326419868	5.12653409771	9.78926282372	5.31326419868	5.31326419868	5.31326419868	5.31326419868	9.78926282372	5.10133397567	11.3819955421	11.6373279679	11.6077593481	11.6077593481	9.69206400329	11.2737552628	11.3819955421	11.3819955421	11.2096723039	11.6373279679	11.2096723039	11.586152436	11.6373279679	11.586152436	9.84736950402	11.3819955421	9.69206400329	9.84736950402	11.4346738811	11.2096723039	9.69206400329	11.4346738811	9.84736950402	11.6373279679	9.69206400329	11.2737552628	11.6373279679	12.642610502	9.69206400329	11.586152436	11.2737552628	11.3819955421	11.2096723039	11.2096723039	5.10133397567	5.31326419868
0.0	7.21138689813	7.21138689813	9.61450530105	8.37275815376	9.61450530105	8.29069677062	0.0	6.19109618668	0.0	7.21138689813	4.02468538173	3.70210521753	3.82691611185	5.30239488044	5.30239488044	5.30239488044	3.82691611185	3.87508803379	3.69991438469	3.69991438469	6.06526526945	5.87911145813	6.06526526945	6.06526526945	5.86037917778	5.93653751283	5.93653751283	5.86037917778	5.93653751283	5.87911145813	5.87911145813	6.06526526945	5.87911145813	10.498070404	6.06526526945	6.06526526945	6.06526526945	6.06526526945	10.498070404	5.86037917778	11.8748778285	12.0640899333	12.2578815906	12.2578815906	10.1387491465	11.6627398228	11.8748778285	11.8748778285	11.6335901155	12.0640899333	11.6335901155	12.2540602899	12.0640899333	12.2540602899	10.3083003404	11.8748778285	10.1387491465	10.3083003404	12.1130601267	11.6335901155	10.1387491465	12.1130601267	10.3083003404	12.0640899333	10.1387491465	11.6627398228	12.0640899333	13.0950695221	10.1387491465	12.2540602899	11.6627398228	11.8748778285	11.6335901155	11.6335901155	5.86037917778	6.06526526945
7.21138689813	0.0	0.0	10.7064689452	7.57635035538	10.7064689452	7.3095968062	7.21138689813	5.23866646267	7.21138689813	0.0	5.01091200568	4.85121502626	4.89417069593	6.37481265981	6.37481265981	6.37481265981	4.89417069593	4.72037974696	4.7545735205	4.7545735205	5.76113505608	5.57224627576	5.76113505608	5.76113505608	5.54089463298	5.59961287026	5.59961287026	5.54089463298	5.59961287026	5.57224627576	5.57224627576	5.76113505608	5.57224627576	10.2851635427	5.76113505608	5.76113505608	5.76113505608	5.76113505608	10.2851635427	5.54089463298	12.0464027866	12.3533316492	12.1438975113	12.1438975113	10.3937288871	12.0162835405	12.0464027866	12.0464027866	11.9307865058	12.3533316492	11.9307865058	12.1104025834	12.3533316492	12.1104025834	10.5368361621	12.0464027866	10.3937288871	10.5368361621	11.9525097678	11.9307865058	10.3937288871	11.9525097678	10.5368361621	12.3533316492	10.3937288871	12.0162835405	12.3533316492	13.3374864503	10.3937288871	12.1104025834	12.0162835405	12.0464027866	11.9307865058	11.9307865058	5.54089463298	5.76113505608
4.02468538173	5.01091200568	5.01091200568	8.10198725443	6.09292556903	8.10198725443	6.00311522326	4.02468538173	4.03174998357	4.02468538173	5.01091200568	0.0	1.03033074043	0.890087546798	2.33876365549	2.33876365549	2.33876365549	0.890087546798	1.08608069981	1.14225089766	1.14225089766	3.86229400891	3.6675537251	3.86229400891	3.86229400891	3.65330947778	3.7388175002	3.7388175002	3.65330947778	3.7388175002	3.6675537251	3.6675537251	3.86229400891	3.6675537251	8.30869467102	3.86229400891	3.86229400891	3.86229400891	3.86229400891	8.30869467102	3.65330947778	9.32493028477	9.42640045274	9.9318548864	9.9318548864	7.52462915453	8.97928929318	9.32493028477	9.32493028477	8.98577649451	9.42640045274	8.98577649451	9.97341344833	9.42640045274	9.97341344833	7.71672175889	9.32493028477	7.52462915453	7.71672175889	9.86155089009	8.98577649451	7.52462915453	9.86155089009	7.71672175889	9.42640045274	7.52462915453	8.97928929318	9.42640045274	10.4960205762	7.52462915453	9.97341344833	8.97928929318	9.32493028477	8.98577649451	8.98577649451	3.65330947778	3.86229400891
3.70210521753	4.85121502626	4.85121502626	7.84040635602	5.97194717293	7.84040635602	5.88002263231	3.70210521753	3.84496695499	3.70210521753	4.85121502626	1.03033074043	0.0	0.720128122306	2.21391773026	2.21391773026	2.21391773026	0.720128122306	0.977584107214	0.876467536255	0.876467536255	3.73703738267	3.54402088834	3.73703738267	3.73703738267	3.52853428922	3.61170608343	3.61170608343	3.52853428922	3.61170608343	3.54402088834	3.54402088834	3.73703738267	3.54402088834	8.18304017776	3.73703738267	3.73703738267	3.73703738267	3.73703738267	8.18304017776	3.52853428922	9.29126699718	9.41931269547	9.83864918593	9.83864918593	7.50881271929	8.98915706732	9.29126699718	9.29126699718	8.97810918069	9.41931269547	8.97810918069	9.86984699753	9.41931269547	9.86984699753	7.6957356912	9.29126699718	7.50881271929	7.6957356912	9.75117255644	8.97810918069	7.50881271929	9.75117255644	7.6957356912	9.41931269547	7.50881271929	8.98915706732	9.41931269547	10.4790442037	7.50881271929	9.86984699753	8.98915706732	9.29126699718	8.97810918069	8.97810918069	3.52853428922	3.73703738267
3.82691611185	4.89417069593	4.89417069593	7.93750347951	6.00280072782	7.93750347951	5.9109541476	3.82691611185	3.89699064003	3.82691611185	4.89417069593	0.890087546798	0.720128122306	0.0	1.95024066007	1.95024066007	1.95024066007	0.0	0.972504293157	0.952158593545	0.952158593545	3.77221468182	3.57848161787	3.77221468182	3.77221468182	3.56343255281	3.64747118747	3.64747118747	3.56343255281	3.64747118747	3.57848161787	3.57848161787	3.77221468182	3.57848161787	8.21893432542	3.77221468182	3.77221468182	3.77221468182	3.77221468182	8.21893432542	3.56343255281	9.29386240952	9.41325002463	9.86229588038	9.86229588038	7.50527307194	8.97820500294	9.29386240952	9.29386240952	8.97149772567	9.41325002463	8.97149772567	9.89750428312	9.41325002463	9.89750428312	7.69421295169	9.29386240952	7.50527307194	7.69421295169	9.78142179597	8.97149772567	7.50527307194	9.78142179597	7.69421295169	9.41325002463	7.50527307194	8.97820500294	9.41325002463	10.4765670677	7.50527307194	9.89750428312	8.97820500294	9.29386240952	8.97149772567	8.97149772567	3.56343255281	3.77221468182
5.30239488044	6.37481265981	6.37481265981	9.41119950583	7.4813224659	9.41119950583	7.38985667279	5.30239488044	5.37912399768	5.30239488044	6.37481265981	2.33876365549	2.21391773026	1.95024066007	0.0	0.0	0.0	1.95024066007	2.46158564793	2.44247654757	2.44247654757	5.24948771174	5.05575709776	5.24948771174	5.24948771174	5.04074603951	5.12483412897	5.12483412897	5.04074603951	5.12483412897	5.05575709776	5.05575709776	5.24948771174	5.05575709776	9.6959258421	5.24948771174	5.24948771174	5.24948771174	5.24948771174	9.6959258421	5.04074603951	10.7684475707	10.8865864583	11.3387044035	11.3387044035	8.97921880255	10.4503263024	10.7684475707	10.7684475707	10.4453248866	10.8865864583	10.4453248866	11.3740433374	10.8865864583	11.3740433374	9.16819573369	10.7684475707	8.97921880255	9.16819573369	11.2580726998	10.4453248866	8.97921880255	11.2580726998	9.16819573369	10.8865864583	8.97921880255	10.4503263024	10.8865864583	11.950139811	8.97921880255	11.3740433374	10.4503263024	10.7684475707	10.4453248866	10.4453248866	5.04074603951	5.24948771174
5.30239488044	6.37481265981	6.37481265981	9.41119950583	7.4813224659	9.41119950583	7.38985667279	5.30239488044	5.37912399768	5.30239488044	6.37481265981	2.33876365549	2.21391773026	1.95024066007	0.0	0.0	0.0	1.95024066007	2.46158564793	2.44247654757	2.44247654757	5.24948771174	5.05575709776	5.24948771174	5.24948771174	5.04074603951	5.12483412897	5.12483412897	5.04074603951	5.12483412897	5.05575709776	5.05575709776	5.24948771174	5.05575709776	9.6959258421	5.24948771174	5.24948771174	5.24948771174	5.24948771174	9.6959258421	5.04074603951	10.7684475707	10.8865864583	11.3387044035	11.3387044035	8.97921880255	10.4503263024	10.7684475707	10.7684475707	10.4453248866	10.8865864583	10.4453248866	11.3740433374	10.8865864583	11.3740433374	9.16819573369	10.7684475707	8.97921880255	9.16819573369	11.2580726998	10.4453248866	8.97921880255	11.2580726998	9.16819573369	10.8865864583	8.97921880255	10.4503263024	10.8865864583	11.950139811	8.97921880255	11.3740433374	10.4503263024	10.7684475707	10.4453248866	10.4453248866	5.04074603951	5.24948771174
5.30239488044	6.37481265981	6.37481265981	9.41119950583	7.4813224659	9.41119950583	7.38985667279	5.30239488044	5.37912399768	5.30239488044	6.37481265981	2.33876365549	2.21391773026	1.95024066007	0.0	0.0	0.0	1.95024066007	2.46158564793	2.44247654757	2.44247654757	5.24948771174	5.05575709776	5.24948771174	5.24948771174	5.04074603951	5.12483412897	5.12483412897	5.04074603951	5.12483412897	5.05575709776	5.05575709776	5.24948771174	5.05575709776	9.6959258421	5.24948771174	5.24948771174	5.24948771174	5.24948771174	9.6959258421	5.04074603951	10.7684475707	10.8865864583	11.3387044035	11.3387044035	8.97921880255	10.4503263024	10.7684475707	10.7684475707	10.4453248866	10.8865864583	10.4453248866	11.3740433374	10.8865864583	11.3740433374	9.16819573369	10.7684475707	8.97921880255	9.16819573369	11.2580726998	10.4453248866	8.97921880255	11.2580726998	9.16819573369	10.8865864583	8.97921880255	10.4503263024	10.8865864583	11.950139811	8.97921880255	11.3740433374	10.4503263024	10.7684475707	10.4453248866	10.4453248866	5.04074603951	5.24948771174
3.82691611185	4.89417069593	4.89417069593	7.93750347951	6.00280072782	7.93750347951	5.9109541476	3.82691611185	3.89699064003	3.82691611185	4.89417069593	0.890087546798	0.720128122306	0.0	1.95024066007	1.95024066007	1.95024066007	0.0	0.972504293157	0.952158593545	0.952158593545	3.77221468182	3.57848161787	3.77221468182	3.77221468182	3.56343255281	3.64747118747	3.64747118747	3.56343255281	3.64747118747	3.57848161787	3.57848161787	3.77221468182	3.57848161787	8.21893432542	3.77221468182	3.77221468182	3.77221468182	3.77221468182	8.21893432542	3.56343255281	9.29386240952	9.41325002463	9.86229588038	9.86229588038	7.50527307194	8.97820500294	9.29386240952	9.29386240952	8.97149772567	9.41325002463	8.97149772567	9.89750428312	9.41325002463	9.89750428312	7.69421295169	9.29386240952	7.50527307194	7.69421295169	9.78142179597	8.97149772567	7.50527307194	9.78142179597	7.69421295169	9.41325002463	7.50527307194	8.97820500294	9.41325002463	10.4765670677	7.50527307194	9.89750428312	8.97820500294	9.29386240952	8.97149772567	8.97149772567	3.56343255281	3.77221468182
3.87508803379	4.72037974696	4.72037974696	7.93226482254	5.82034925362	7.93226482254	5.72378496726	3.87508803379	3.74090273011	3.87508803379	4.72037974696	1.08608069981	0.977584107214	0.972504293157	2.46158564793	2.46158564793	2.46158564793	0.972504293157	0.0	0.89520178373	0.89520178373	3.6153713339	3.42013191594	3.6153713339	3.6153713339	3.40548128202	3.49067047532	3.49067047532	3.40548128202	3.49067047532	3.42013191594	3.42013191594	3.6153713339	3.42013191594	8.06736589651	3.6153713339	3.6153713339	3.6153713339	3.6153713339	8.06736589651	3.40548128202	9.10896010554	9.22924997716	9.6939714618	9.6939714618	7.31728579265	8.80229691078	9.10896010554	9.10896010554	8.77894201545	9.22924997716	8.77894201545	9.73559834824	9.22924997716	9.73559834824	7.50986335405	9.10896010554	7.31728579265	7.50986335405	9.62321487624	8.77894201545	7.31728579265	9.62321487624	7.50986335405	9.22924997716	7.31728579265	8.80229691078	9.22924997716	10.2964191901	7.31728579265	9.73559834824	8.80229691078	9.10896010554	8.77894201545	8.77894201545	3.40548128202	3.6153713339
3.69991438469	4.7545735205	4.7545735205	7.8356070644	5.90336488977	7.8356070644	5.80789324699	3.69991438469	3.71971436183	3.69991438469	4.7545735205	1.14225089766	0.876467536255	0.952158593545	2.44247654757	2.44247654757	2.44247654757	0.952158593545	0.89520178373	0.0	0.0	3.67932708774	3.48624382949	3.67932708774	3.67932708774	3.47046840024	3.55326290059	3.55326290059	3.47046840024	3.55326290059	3.48624382949	3.48624382949	3.67932708774	3.48624382949	8.12759514676	3.67932708774	3.67932708774	3.67932708774	3.67932708774	8.12759514676	3.47046840024	9.249355469	9.38379706885	9.78639337896	9.78639337896	7.47039240215	8.95937150034	9.249355469	9.249355469	8.94059143085	9.38379706885	8.94059143085	9.81683897917	9.38379706885	9.81683897917	7.65691422691	9.249355469	7.47039240215	7.65691422691	9.69758471242	8.94059143085	7.47039240215	9.69758471242	7.65691422691	9.38379706885	7.47039240215	8.95937150034	9.38379706885	10.4420911384	7.47039240215	9.81683897917	8.95937150034	9.249355469	8.94059143085	8.94059143085	3.47046840024	3.67932708774
3.69991438469	4.7545735205	4.7545735205	7.8356070644	5.90336488977	7.8356070644	5.80789324699	3.69991438469	3.71971436183	3.69991438469	4.7545735205	1.14225089766	0.876467536255	0.952158593545	2.44247654757	2.44247654757	2.44247654757	0.952158593545	0.89520178373	0.0	0.0	3.67932708774	3.48624382949	3.67932708774	3.67932708774	3.47046840024	3.55326290059	3.55326290059	3.47046840024	3.55326290059	3.48624382949	3.48624382949	3.67932708774	3.48624382949	8.12759514676	3.67932708774	3.67932708774	3.67932708774	3.67932708774	8.12759514676	3.47046840024	9.249355469	9.38379706885	9.78639337896	9.78639337896	7.47039240215	8.95937150034	9.249355469	9.249355469	8.94059143085	9.38379706885	8.94059143085	9.81683897917	9.38379706885	9.81683897917	7.65691422691	9.249355469	7.47039240215	7.65691422691	9.69758471242	8.94059143085	7.47039240215	9.69758471242	7.65691422691	9.38379706885	7.47039240215	8.95937150034	9.38379706885	10.4420911384	7.47039240215	9.81683897917	8.95937150034	9.249355469	8.94059143085	8.94059143085	3.47046840024	3.67932708774
6.06526526945	5.76113505608	5.76113505608	9.31384306041	5.53844226406	9.31384306041	5.79044190131	6.06526526945	5.31326419868	6.06526526945	5.76113505608	3.86229400891	3.73703738267	3.77221468182	5.24948771174	5.24948771174	5.24948771174	3.77221468182	3.6153713339	3.67932708774	3.67932708774	0.0	0.853873225753	0.0	0.0	0.877576540318	1.11230594268	1.11230594268	0.877576540318	1.11230594268	0.853873225753	0.853873225753	0.0	0.853873225753	6.16084080351	0.0	0.0	0.0	0.0	6.16084080351	0.877576540318	9.41026502422	10.0884486631	8.3913185206	8.3913185206	8.04254963785	9.91801080759	9.41026502422	9.41026502422	9.7374525695	10.0884486631	9.7374525695	8.22679862351	10.0884486631	8.22679862351	8.07894522856	9.41026502422	8.04254963785	8.07894522856	8.02152715292	9.7374525695	8.04254963785	8.02152715292	8.07894522856	10.0884486631	8.04254963785	9.91801080759	10.0884486631	10.8996137648	8.04254963785	8.22679862351	9.91801080759	9.41026502422	9.7374525695	9.7374525695	0.877576540318	0.0
5.87911145813	5.57224627576	5.57224627576	9.13895369267	5.3264324204	9.13895369267	5.58451704846	5.87911145813	5.12653409771	5.87911145813	5.57224627576	3.6675537251	3.54402088834	3.57848161787	5.05575709776	5.05575709776	5.05575709776	3.57848161787	3.42013191594	3.48624382949	3.48624382949	0.853873225753	0.0	0.853873225753	0.853873225753	0.617924021874	0.946670023731	0.946670023731	0.617924021874	0.946670023731	0.0	0.0	0.853873225753	0.0	6.00687147745	0.853873225753	0.853873225753	0.853873225753	0.853873225753	6.00687147745	0.617924021874	9.19552531538	9.87770301161	8.16487556801	8.16487556801	7.83007128847	9.70941247919	9.19552531538	9.19552531538	9.52567248321	9.87770301161	9.52567248321	8.02364116803	9.87770301161	8.02364116803	7.86684592424	9.19552531538	7.83007128847	7.86684592424	7.8335915735	9.52567248321	7.83007128847	7.8335915735	7.86684592424	9.87770301161	7.83007128847	9.70941247919	9.87770301161	10.6892658639	7.83007128847	8.02364116803	9.70941247919	9.19552531538	9.52567248321	9.52567248321	0.617924021874	0.853873225753
6.06526526945	5.76113505608	5.76113505608	9.31384306041	5.53844226406	9.31384306041	5.79044190131	6.06526526945	5.31326419868	6.06526526945	5.76113505608	3.86229400891	3.73703738267	3.77221468182	5.24948771174	5.24948771174	5.24948771174	3.77221468182	3.6153713339	3.67932708774	3.67932708774	0.0	0.853873225753	0.0	0.0	0.877576540318	1.11230594268	1.11230594268	0.877576540318	1.11230594268	0.853873225753	0.853873225753	0.0	0.853873225753	6.16084080351	0.0	0.0	0.0	0.0	6.16084080351	0.877576540318	9.41026502422	10.0884486631	8.3913185206	8.3913185206	8.04254963785	9.91801080759	9.41026502422	9.41026502422	9.7374525695	10.0884486631	9.7374525695	8.22679862351	10.0884486631	8.22679862351	8.07894522856	9.41026502422	8.04254963785	8.07894522856	8.02152715292	9.7374525695	8.04254963785	8.02152715292	8.07894522856	10.0884486631	8.04254963785	9.91801080759	10.0884486631	10.8996137648	8.04254963785	8.22679862351	9.91801080759	9.41026502422	9.7374525695	9.7374525695	0.877576540318	0.0
6.06526526945	5.76113505608	5.76113505608	9.31384306041	5.53844226406	9.31384306041	5.79044190131	6.06526526945	5.31326419868	6.06526526945	5.76113505608	3.86229400891	3.73703738267	3.77221468182	5.24948771174	5.24948771174	5.24948771174	3.77221468182	3.6153713339	3.67932708774	3.67932708774	0.0	0.853873225753	0.0	0.0	0.877576540318	1.11230594268	1.11230594268	0.877576540318	1.11230594268	0.853873225753	0.853873225753	0.0	0.853873225753	6.16084080351	0.0	0.0	0.0	0.0	6.16084080351	0.877576540318	9.41026502422	10.0884486631	8.3913185206	8.3913185206	8.04254963785	9.91801080759	9.41026502422	9.41026502422	9.7374525695	10.0884486631	9.7374525695	8.22679862351	10.0884486631	8.22679862351	8.07894522856	9.41026502422	8.04254963785	8.07894522856	8.02152715292	9.7374525695	8.04254963785	8.02152715292	8.07894522856	10.0884486631	8.04254963785	9.91801080759	10.0884486631	10.8996137648	8.04254963785	8.22679862351	9.91801080759	9.41026502422	9.7374525695	9.7374525695	0.877576540318	0.0
5.86037917778	5.54089463298	5.54089463298	9.11618929058	5.27784901956	9.11618929058	5.54091661143	5.86037917778	5.10133397567	5.86037917778	5.54089463298	3.65330947778	3.52853428922	3.56343255281	5.04074603951	5.04074603951	5.04074603951	3.56343255281	3.40548128202	3.47046840024	3.47046840024	0.877576540318	0.617924021874	0.877576540318	0.877576540318	0.0	0.794681713686	0.794681713686	0.0	0.794681713686	0.617924021874	0.617924021874	0.877576540318	0.617924021874	6.08501856984	0.877576540318	0.877576540318	0.877576540318	0.877576540318	6.08501856984	0.0	9.23181572926	9.90019082926	8.25144724871	8.25144724871	7.8556045099	9.72596753643	9.23181572926	9.23181572926	9.54528449407	9.90019082926	9.54528449407	8.10985687866	9.90019082926	8.10985687866	7.8964082643	9.23181572926	7.8556045099	7.8964082643	7.9158562366	9.54528449407	7.8556045099	7.9158562366	7.8964082643	9.90019082926	7.8556045099	9.72596753643	9.90019082926	10.718119254	7.8556045099	8.10985687866	9.72596753643	9.23181572926	9.54528449407	9.54528449407	0.0	0.877576540318
5.93653751283	5.59961287026	5.59961287026	9.18278407735	5.32691770908	9.18278407735	5.59228552529	5.93653751283	5.16818791986	5.93653751283	5.59961287026	3.7388175002	3.61170608343	3.64747118747	5.12483412897	5.12483412897	5.12483412897	3.64747118747	3.49067047532	3.55326290059	3.55326290059	1.11230594268	0.946670023731	1.11230594268	1.11230594268	0.794681713686	0.0	0.0	0.794681713686	0.0	0.946670023731	0.946670023731	1.11230594268	0.946670023731	6.28855147811	1.11230594268	1.11230594268	1.11230594268	1.11230594268	6.28855147811	0.794681713686	9.38774715363	10.0379345991	8.46736909262	8.46736909262	7.99768372084	9.85563037658	9.38774715363	9.38774715363	9.67986402502	10.0379345991	9.67986402502	8.32288659396	10.0379345991	8.32288659396	8.04334175582	9.38774715363	7.99768372084	8.04334175582	8.1235019257	9.67986402502	7.99768372084	8.1235019257	8.04334175582	10.0379345991	7.99768372084	9.85563037658	10.0379345991	10.8636780809	7.99768372084	8.32288659396	9.85563037658	9.38774715363	9.67986402502	9.67986402502	0.794681713686	1.11230594268
5.93653751283	5.59961287026	5.59961287026	9.18278407735	5.32691770908	9.18278407735	5.59228552529	5.93653751283	5.16818791986	5.93653751283	5.59961287026	3.7388175002	3.61170608343	3.64747118747	5.12483412897	5.12483412897	5.12483412897	3.64747118747	3.49067047532	3.55326290059	3.55326290059	1.11230594268	0.946670023731	1.11230594268	1.11230594268	0.794681713686	0.0	0.0	0.794681713686	0.0	0.946670023731	0.946670023731	1.11230594268	0.946670023731	6.28855147811	1.11230594268	1.11230594268	1.11230594268	1.11230594268	6.28855147811	0.794681713686	9.38774715363	10.0379345991	8.46736909262	8.46736909262	7.99768372084	9.85563037658	9.38774715363	9.38774715363	9.67986402502	10.0379345991	9.67986402502	8.32288659396	10.0379345991	8.32288659396	8.04334175582	9.38774715363	7.99768372084	8.04334175582	8.1235019257	9.67986402502	7.99768372084	8.1235019257	8.04334175582	10.0379345991	7.99768372084	9.85563037658	10.0379345991	10.8636780809	7.99768372084	8.32288659396	9.85563037658	9.38774715363	9.67986402502	9.67986402502	0.794681713686	1.11230594268
5.86037917778	5.54089463298	5.54089463298	9.11618929058	5.27784901956	9.11618929058	5.54091661143	5.86037917778	5.10133397567	5.86037917778	5.54089463298	3.65330947778	3.52853428922	3.56343255281	5.04074603951	5.04074603951	5.04074603951	3.56343255281	3.40548128202	3.47046840024	3.47046840024	0.877576540318	0.617924021874	0.877576540318	0.877576540318	0.0	0.794681713686	0.794681713686	0.0	0.794681713686	0.617924021874	0.617924021874	0.877576540318	0.617924021874	6.08501856984	0.877576540318	0.877576540318	0.877576540318	0.877576540318	6.08501856984	0.0	9.23181572926	9.90019082926	8.25144724871	8.25144724871	7.8556045099	9.72596753643	9.23181572926	9.23181572926	9.54528449407	9.90019082926	9.54528449407	8.10985687866	9.90019082926	8.10985687866	7.8964082643	9.23181572926	7.8556045099	7.8964082643	7.9158562366	9.54528449407	7.8556045099	7.9158562366	7.8964082643	9.90019082926	7.8556045099	9.72596753643	9.90019082926	10.718119254	7.8556045099	8.10985687866	9.72596753643	9.23181572926	9.54528449407	9.54528449407	0.0	0.877576540318
5.93653751283	5.59961287026	5.59961287026	9.18278407735	5.32691770908	9.18278407735	5.59228552529	5.93653751283	5.16818791986	5.93653751283	5.59961287026	3.7388175002	3.61170608343	3.64747118747	5.12483412897	5.12483412897	5.12483412897	3.64747118747	3.49067047532	3.55326290059	3.55326290059	1.11230594268	0.946670023731	1.11230594268	1.11230594268	0.794681713686	0.0	0.0	0.794681713686	0.0	0.946670023731	0.946670023731	1.11230594268	0.946670023731	6.28855147811	1.11230594268	1.11230594268	1.11230594268	1.11230594268	6.28855147811	0.794681713686	9.38774715363	10.0379345991	8.46736909262	8.46736909262	7.99768372084	9.85563037658	9.38774715363	9.38774715363	9.67986402502	10.0379345991	9.67986402502	8.32288659396	10.0379345991	8.32288659396	8.04334175582	9.38774715363	7.99768372084	8.04334175582	8.1235019257	9.67986402502	7.99768372084	8.1235019257	8.04334175582	10.0379345991	7.99768372084	9.85563037658	10.0379345991	10.8636780809	7.99768372084	8.32288659396	9.85563037658	9.38774715363	9.67986402502	9.67986402502	0.794681713686	1.11230594268
5.87911145813	5.57224627576	5.57224627576	9.13895369267	5.3264324204	9.13895369267	5.58451704846	5.87911145813	5.12653409771	5.87911145813	5.57224627576	3.6675537251	3.54402088834	3.57848161787	5.05575709776	5.05575709776	5.05575709776	3.57848161787	3.42013191594	3.48624382949	3.48624382949	0.853873225753	0.0	0.853873225753	0.853873225753	0.617924021874	0.946670023731	0.946670023731	0.617924021874	0.946670023731	0.0	0.0	0.853873225753	0.0	6.00687147745	0.853873225753	0.853873225753	0.853873225753	0.853873225753	6.00687147745	0.617924021874	9.19552531538	9.87770301161	8.16487556801	8.16487556801	7.83007128847	9.70941247919	9.19552531538	9.19552531538	9.52567248321	9.87770301161	9.52567248321	8.02364116803	9.87770301161	8.02364116803	7.86684592424	9.19552531538	7.83007128847	7.86684592424	7.8335915735	9.52567248321	7.83007128847	7.8335915735	7.86684592424	9.87770301161	7.83007128847	9.70941247919	9.87770301161	10.6892658639	7.83007128847	8.02364116803	9.70941247919	9.19552531538	9.52567248321	9.52567248321	0.617924021874	0.853873225753
5.87911145813	5.57224627576	5.57224627576	9.13895369267	5.3264324204	9.13895369267	5.58451704846	5.87911145813	5.12653409771	5.87911145813	5.57224627576	3.6675537251	3.54402088834	3.57848161787	5.05575709776	5.05575709776	5.05575709776	3.57848161787	3.42013191594	3.48624382949	3.48624382949	0.853873225753	0.0	0.853873225753	0.853873225753	0.617924021874	0.946670023731	0.946670023731	0.617924021874	0.946670023731	0.0	0.0	0.853873225753	0.0	6.00687147745	0.853873225753	0.853873225753	0.853873225753	0.853873225753	6.00687147745	0.617924021874	9.19552531538	9.87770301161	8.16487556801	8.16487556801	7.83007128847	9.70941247919	9.19552531538	9.19552531538	9.52567248321	9.87770301161	9.52567248321	8.02364116803	9.87770301161	8.02364116803	7.86684592424	9.19552531538	7.83007128847	7.86684592424	7.8335915735	9.52567248321	7.83007128847	7.8335915735	7.86684592424	9.87770301161	7.83007128847	9.70941247919	9.87770301161	10.6892658639	7.83007128847	8.02364116803	9.70941247919	9.19552531538	9.52567248321	9.52567248321	0.617924021874	0.853873225753
6.06526526945	5.76113505608	5.76113505608	9.31384306041	5.53844226406	9.31384306041	5.79044190131	6.06526526945	5.31326419868	6.06526526945	5.76113505608	3.86229400891	3.73703738267	3.77221468182	5.24948771174	5.24948771174	5.24948771174	3.77221468182	3.6153713339	3.67932708774	3.67932708774	0.0	0.853873225753	0.0	0.0	0.877576540318	1.11230594268	1.11230594268	0.877576540318	1.11230594268	0.853873225753	0.853873225753	0.0	0.853873225753	6.16084080351	0.0	0.0	0.0	0.0	6.16084080351	0.877576540318	9.41026502422	10.0884486631	8.3913185206	8.3913185206	8.04254963785	9.91801080759	9.41026502422	9.41026502422	9.7374525695	10.0884486631	9.7374525695	8.22679862351	10.0884486631	8.22679862351	8.07894522856	9.41026502422	8.04254963785	8.07894522856	8.02152715292	9.7374525695	8.04254963785	8.02152715292	8.07894522856	10.0884486631	8.04254963785	9.91801080759	10.0884486631	10.8996137648	8.04254963785	8.22679862351	9.91801080759	9.41026502422	9.7374525695	9.7374525695	0.877576540318	0.0
5.87911145813	5.57224627576	5.57224627576	9.13895369267	5.3264324204	9.13895369267	5.58451704846	5.87911145813	5.12653409771	5.87911145813	5.57224627576	3.6675537251	3.54402088834	3.57848161787	5.05575709776	5.05575709776	5.05575709776	3.57848161787	3.42013191594	3.48624382949	3.48624382949	0.853873225753	0.0	0.853873225753	0.853873225753	0.617924021874	0.946670023731	0.946670023731	0.617924021874	0.946670023731	0.0	0.0	0.853873225753	0.0	6.00687147745	0.853873225753	0.853873225753	0.853873225753	0.853873225753	6.00687147745	0.617924021874	9.19552531538	9.87770301161	8.16487556801	8.16487556801	7.83007128847	9.70941247919	9.19552531538	9.19552531538	9.52567248321	9.87770301161	9.52567248321	8.02364116803	9.87770301161	8.02364116803	7.86684592424	9.19552531538	7.83007128847	7.86684592424	7.8335915735	9.52567248321	7.83007128847	7.8335915735	7.86684592424	9.87770301161	7.83007128847	9.70941247919	9.87770301161	10.6892658639	7.83007128847	8.02364116803	9.70941247919	9.19552531538	9.52567248321	9.52567248321	0.617924021874	0.853873225753
10.498070404	10.2851635427	10.2851635427	13.7168867478	10.2696634006	13.7168867478	10.4661724468	10.498070404	9.78926282372	10.498070404	10.2851635427	8.30869467102	8.18304017776	8.21893432542	9.6959258421	9.6959258421	9.6959258421	8.21893432542	8.06736589651	8.12759514676	8.12759514676	6.16084080351	6.00687147745	6.16084080351	6.16084080351	6.08501856984	6.28855147811	6.28855147811	6.08501856984	6.28855147811	6.00687147745	6.00687147745	6.16084080351	6.00687147745	0.0	6.16084080351	6.16084080351	6.16084080351	6.16084080351	0.0	6.08501856984	13.5578682023	14.3206560181	12.3514337177	12.3514337177	12.266847766	14.1839324466	13.5578682023	13.5578682023	14.0129461764	14.3206560181	14.0129461764	11.7300997611	14.3206560181	11.7300997611	12.2556138666	13.5578682023	12.266847766	12.2556138666	11.1945774077	14.0129461764	12.266847766	11.1945774077	12.2556138666	14.3206560181	12.266847766	14.1839324466	14.3206560181	15.0572752545	12.266847766	11.7300997611	14.1839324466	13.5578682023	14.0129461764	14.0129461764	6.08501856984	6.16084080351
6.06526526945	5.76113505608	5.76113505608	9.31384306041	5.53844226406	9.31384306041	5.79044190131	6.06526526945	5.31326419868	6.06526526945	5.76113505608	3.86229400891	3.73703738267	3.77221468182	5.24948771174	5.24948771174	5.24948771174	3.77221468182	3.6153713339	3.67932708774	3.67932708774	0.0	0.853873225753	0.0	0.0	0.877576540318	1.11230594268	1.11230594268	0.877576540318	1.11230594268	0.853873225753	0.853873225753	0.0	0.853873225753	6.16084080351	0.0	0.0	0.0	0.0	6.16084080351	0.877576540318	9.41026502422	10.0884486631	8.3913185206	8.3913185206	8.04254963785	9.91801080759	9.41026502422	9.41026502422	9.7374525695	10.0884486631	9.7374525695	8.22679862351	10.0884486631	8.22679862351	8.07894522856	9.41026502422	8.04254963785	8.07894522856	8.02152715292	9.7374525695	8.04254963785	8.02152715292	8.07894522856	10.0884486631	8.04254963785	9.91801080759	10.0884486631	10.8996137648	8.04254963785	8.22679862351	9.91801080759	9.41026502422	9.7374525695	9.7374525695	0.877576540318	0.0
6.06526526945	5.76113505608	5.76113505608	9.31384306041	5.53844226406	9.31384306041	5.79044190131	6.06526526945	5.31326419868	6.06526526945	5.76113505608	3.86229400891	3.73703738267	3.77221468182	5.24948771174	5.24948771174	5.24948771174	3.77221468182	3.6153713339	3.67932708774	3.67932708774	0.0	0.853873225753	0.0	0.0	0.877576540318	1.11230594268	1.11230594268	0.877576540318	1.11230594268	0.853873225753	0.853873225753	0.0	0.853873225753	6.16084080351	0.0	0.0	0.0	0.0	6.16084080351	0.877576540318	9.41026502422	10.0884486631	8.3913185206	8.3913185206	8.04254963785	9.91801080759	9.41026502422	9.41026502422	9.7374525695	10.0884486631	9.7374525695	8.22679862351	10.0884486631	8.22679862351	8.07894522856	9.41026502422	8.04254963785	8.07894522856	8.02152715292	9.7374525695	8.04254963785	8.02152715292	8.07894522856	10.0884486631	8.04254963785	9.91801080759	10.0884486631	10.8996137648	8.04254963785	8.22679862351	9.91801080759	9.41026502422	9.7374525695	9.7374525695	0.877576540318	0.0
6.06526526945	5.76113505608	5.76113505608	9.31384306041	5.53844226406	9.31384306041	5.79044190131	6.06526526945	5.31326419868	6.06526526945	5.76113505608	3.86229400891	3.73703738267	3.77221468182	5.24948771174	5.24948771174	5.24948771174	3.77221468182	3.6153713339	3.67932708774	3.67932708774	0.0	0.853873225753	0.0	0.0	0.877576540318	1.11230594268	1.11230594268	0.877576540318	1.11230594268	0.853873225753	0.853873225753	0.0	0.853873225753	6.16084080351	0.0	0.0	0.0	0.0	6.16084080351	0.877576540318	9.41026502422	10.0884486631	8.3913185206	8.3913185206	8.04254963785	9.91801080759	9.41026502422	9.41026502422	9.7374525695	10.0884486631	9.7374525695	8.22679862351	10.0884486631	8.22679862351	8.07894522856	9.41026502422	8.04254963785	8.07894522856	8.02152715292	9.7374525695	8.04254963785	8.02152715292	8.07894522856	10.0884486631	8.04254963785	9.91801080759	10.0884486631	10.8996137648	8.04254963785	8.22679862351	9.91801080759	9.41026502422	9.7374525695	9.7374525695	0.877576540318	0.0
