0.0	9.39188195656	9.39188195656	10.9851375456	9.90139683161	10.9851375456	9.606110657	0.0	8.54955879774	0.0	9.39188195656	8.36818743619	7.90004462493	5.83587489102	7.10309868165	7.10309868165	7.10309868165	5.83587489102	8.35564460029	7.40792103994	7.40792103994	11.6735783473	11.1387510124	11.6735783473	11.6735783473	11.0136512973	10.9233916302	10.9233916302	11.0136512973	10.9233916302	11.1387510124	11.1387510124	11.6735783473	11.1387510124	15.1103241704	11.6735783473	11.6735783473	11.6735783473	11.6735783473	15.1103241704	11.0136512973	10.1496441793	10.527418571	12.2178528805	12.2178528805	8.58703315464	11.4271678173	10.1496441793	10.1496441793	10.6190379131	10.527418571	10.6190379131	12.174817816	10.527418571	12.174817816	8.58687941186	10.1496441793	8.58703315464	8.58687941186	12.4926371015	10.6190379131	8.58703315464	12.4926371015	8.58687941186	10.527418571	8.58703315464	11.4271678173	10.527418571	11.2321142843	8.58703315464	12.174817816	11.4271678173	10.1496441793	10.6190379131	10.6190379131	11.0136512973	11.6735783473
9.39188195656	0.0	0.0	12.4573642783	8.20943673627	12.4573642783	7.79875208424	9.39188195656	7.35360877602	9.39188195656	0.0	9.0545918189	8.89382725887	6.66939086146	7.95680169916	7.95680169916	7.95680169916	6.66939086146	8.66971130817	8.44334047511	8.44334047511	10.4514417183	9.90308953612	10.4514417183	10.4514417183	9.73839944614	9.59367828071	9.59367828071	9.73839944614	9.59367828071	9.90308953612	9.90308953612	10.4514417183	9.90308953612	13.9985551454	10.4514417183	10.4514417183	10.4514417183	10.4514417183	13.9985551454	9.73839944614	9.34951558307	9.76854473653	11.2412743385	11.2412743385	7.79701434763	10.7644148936	9.34951558307	9.34951558307	9.8578206276	9.76854473653	9.8578206276	11.1834272025	9.76854473653	11.1834272025	7.7967740935	9.34951558307	7.79701434763	7.7967740935	11.4871985016	9.8578206276	7.79701434763	11.4871985016	7.7967740935	9.76854473653	7.79701434763	10.7644148936	9.76854473653	10.471109908	7.79701434763	11.1834272025	10.7644148936	9.34951558307	9.8578206276	9.8578206276	9.73839944614	10.4514417183
9.39188195656	0.0	0.0	12.4573642783	8.20943673627	12.4573642783	7.79875208424	9.39188195656	7.35360877602	9.39188195656	0.0	9.0545918189	8.89382725887	6.66939086146	7.95680169916	7.95680169916	7.95680169916	6.66939086146	8.66971130817	8.44334047511	8.44334047511	10.4514417183	9.90308953612	10.4514417183	10.4514417183	9.73839944614	9.59367828071	9.59367828071	9.73839944614	9.59367828071	9.90308953612	9.90308953612	10.4514417183	9.90308953612	13.9985551454	10.4514417183	10.4514417183	10.4514417183	10.4514417183	13.9985551454	9.73839944614	9.34951558307	9.76854473653	11.2412743385	11.2412743385	7.79701434763	10.7644148936	9.34951558307	9.34951558307	9.8578206276	9.76854473653	9.8578206276	11.1834272025	9.76854473653	11.1834272025	7.7967740935	9.34951558307	7.79701434763	7.7967740935	11.4871985016	9.8578206276	7.79701434763	11.4871985016	7.7967740935	9.76854473653	7.79701434763	10.7644148936	9.76854473653	10.471109908	7.79701434763	11.1834272025	10.7644148936	9.34951558307	9.8578206276	9.8578206276	9.73839944614	10.4514417183
10.9851375456	12.4573642783	12.4573642783	0.0	12.930498309	0.0	12.6503587129	10.9851375456	11.7872525117	10.9851375456	12.4573642783	11.8050547199	11.420507837	9.28110613738	10.5490509851	10.5490509851	10.5490509851	9.28110613738	11.888432108	11.2261343995	11.2261343995	14.6898760391	14.1623091024	14.6898760391	14.6898760391	14.0187774325	13.8851347844	13.8851347844	14.0187774325	13.8851347844	14.1623091024	14.1623091024	14.6898760391	14.1623091024	18.1662428195	14.6898760391	14.6898760391	14.6898760391	14.6898760391	18.1662428195	14.0187774325	13.3083273086	13.6939730541	15.3293451573	15.3293451573	11.7478978679	14.6098646218	13.3083273086	13.3083273086	13.7874965151	13.6939730541	13.7874965151	15.2771781676	13.6939730541	15.2771781676	11.7477152727	13.3083273086	11.7478978679	11.7477152727	15.5888492806	13.7874965151	11.7478978679	15.5888492806	11.7477152727	13.6939730541	11.7478978679	14.6098646218	13.6939730541	14.3976383726	11.7478978679	15.2771781676	14.6098646218	13.3083273086	13.7874965151	13.7874965151	14.0187774325	14.6898760391
9.90139683161	8.20943673627	8.20943673627	12.930498309	0.0	12.930498309	5.2509787098	9.90139683161	8.61011962826	9.90139683161	8.20943673627	9.24208447867	9.18514943466	6.89798630947	8.18997699807	8.18997699807	8.18997699807	6.89798630947	8.97181014164	8.92543547959	8.92543547959	9.19203551531	8.57763501996	9.19203551531	9.19203551531	8.39205498343	8.31073716502	8.31073716502	8.39205498343	8.31073716502	8.57763501996	8.57763501996	9.19203551531	8.57763501996	12.8361802661	9.19203551531	9.19203551531	9.19203551531	9.19203551531	12.8361802661	8.39205498343	8.45919750033	8.9159029683	10.1748733212	10.1748733212	6.91666445982	9.9935183805	8.45919750033	8.45919750033	9.00834822065	8.9159029683	9.00834822065	10.1114608052	8.9159029683	10.1114608052	6.91632719119	8.45919750033	6.91666445982	6.91632719119	10.4060116302	9.00834822065	6.91666445982	10.4060116302	6.91632719119	8.9159029683	6.91666445982	9.9935183805	8.9159029683	9.61546070321	6.91666445982	10.1114608052	9.9935183805	8.45919750033	9.00834822065	9.00834822065	8.39205498343	9.19203551531
10.9851375456	12.4573642783	12.4573642783	0.0	12.930498309	0.0	12.6503587129	10.9851375456	11.7872525117	10.9851375456	12.4573642783	11.8050547199	11.420507837	9.28110613738	10.5490509851	10.5490509851	10.5490509851	9.28110613738	11.888432108	11.2261343995	11.2261343995	14.6898760391	14.1623091024	14.6898760391	14.6898760391	14.0187774325	13.8851347844	13.8851347844	14.0187774325	13.8851347844	14.1623091024	14.1623091024	14.6898760391	14.1623091024	18.1662428195	14.6898760391	14.6898760391	14.6898760391	14.6898760391	18.1662428195	14.0187774325	13.3083273086	13.6939730541	15.3293451573	15.3293451573	11.7478978679	14.6098646218	13.3083273086	13.3083273086	13.7874965151	13.6939730541	13.7874965151	15.2771781676	13.6939730541	15.2771781676	11.7477152727	13.3083273086	11.7478978679	11.7477152727	15.5888492806	13.7874965151	11.7478978679	15.5888492806	11.7477152727	13.6939730541	11.7478978679	14.6098646218	13.6939730541	14.3976383726	11.7478978679	15.2771781676	14.6098646218	13.3083273086	13.7874965151	13.7874965151	14.0187774325	14.6898760391
9.606110657	7.79875208424	7.79875208424	12.6503587129	5.2509787098	12.6503587129	0.0	9.606110657	8.26489899898	9.606110657	7.79875208424	8.96577756326	8.90042126322	6.61930841301	7.9110227043	7.9110227043	7.9110227043	6.61930841301	8.66544620093	8.61944269683	8.61944269683	9.26135226718	8.66715210582	9.26135226718	9.26135226718	8.49287993887	8.39811018316	8.39811018316	8.49287993887	8.39811018316	8.66715210582	8.66715210582	9.26135226718	8.66715210582	12.8673343953	9.26135226718	9.26135226718	9.26135226718	9.26135226718	12.8673343953	8.49287993887	8.39215592376	8.83903394617	10.1644884238	10.1644884238	6.84680726771	9.89697405719	8.39215592376	8.39215592376	8.92888005602	8.83903394617	8.92888005602	10.1058687622	8.83903394617	10.1058687622	6.84650438246	8.39215592376	6.84680726771	6.84650438246	10.404698441	8.92888005602	6.84680726771	10.404698441	6.84650438246	8.83903394617	6.84680726771	9.89697405719	8.83903394617	9.53981678029	6.84680726771	10.1058687622	9.89697405719	8.39215592376	8.92888005602	8.92888005602	8.49287993887	9.26135226718
0.0	9.39188195656	9.39188195656	10.9851375456	9.90139683161	10.9851375456	9.606110657	0.0	8.54955879774	0.0	9.39188195656	8.36818743619	7.90004462493	5.83587489102	7.10309868165	7.10309868165	7.10309868165	5.83587489102	8.35564460029	7.40792103994	7.40792103994	11.6735783473	11.1387510124	11.6735783473	11.6735783473	11.0136512973	10.9233916302	10.9233916302	11.0136512973	10.9233916302	11.1387510124	11.1387510124	11.6735783473	11.1387510124	15.1103241704	11.6735783473	11.6735783473	11.6735783473	11.6735783473	15.1103241704	11.0136512973	10.1496441793	10.527418571	12.2178528805	12.2178528805	8.58703315464	11.4271678173	10.1496441793	10.1496441793	10.6190379131	10.527418571	10.6190379131	12.174817816	10.527418571	12.174817816	8.58687941186	10.1496441793	8.58703315464	8.58687941186	12.4926371015	10.6190379131	8.58703315464	12.4926371015	8.58687941186	10.527418571	8.58703315464	11.4271678173	10.527418571	11.2321142843	8.58703315464	12.174817816	11.4271678173	10.1496441793	10.6190379131	10.6190379131	11.0136512973	11.6735783473
8.54955879774	7.35360877602	7.35360877602	11.7872525117	8.61011962826	11.7872525117	8.26489899898	8.54955879774	0.0	8.54955879774	7.35360877602	8.424591239	8.17960170665	6.00653658533	7.29057195274	7.29057195274	7.29057195274	6.00653658533	7.98331994535	7.53726883883	7.53726883883	10.601288195	10.0595731311	10.601288195	10.601288195	9.91418962472	9.79504554111	9.79504554111	9.91418962472	9.79504554111	10.0595731311	10.0595731311	10.601288195	10.0595731311	14.0965672276	10.601288195	10.601288195	10.601288195	10.601288195	14.0965672276	9.91418962472	9.30450706882	9.7063131184	11.2755456283	11.2755456283	7.74763343107	10.663414529	9.30450706882	9.30450706882	9.79524826776	9.7063131184	9.79524826776	11.2252368797	9.7063131184	11.2252368797	7.7474348243	9.30450706882	7.74763343107	7.7474348243	11.5356909649	9.79524826776	7.74763343107	11.5356909649	7.7474348243	9.7063131184	7.74763343107	10.663414529	9.7063131184	10.4100866142	7.74763343107	11.2252368797	10.663414529	9.30450706882	9.79524826776	9.79524826776	9.91418962472	10.601288195
0.0	9.39188195656	9.39188195656	10.9851375456	9.90139683161	10.9851375456	9.606110657	0.0	8.54955879774	0.0	9.39188195656	8.36818743619	7.90004462493	5.83587489102	7.10309868165	7.10309868165	7.10309868165	5.83587489102	8.35564460029	7.40792103994	7.40792103994	11.6735783473	11.1387510124	11.6735783473	11.6735783473	11.0136512973	10.9233916302	10.9233916302	11.0136512973	10.9233916302	11.1387510124	11.1387510124	11.6735783473	11.1387510124	15.1103241704	11.6735783473	11.6735783473	11.6735783473	11.6735783473	15.1103241704	11.0136512973	10.1496441793	10.527418571	12.2178528805	12.2178528805	8.58703315464	11.4271678173	10.1496441793	10.1496441793	10.6190379131	10.527418571	10.6190379131	12.174817816	10.527418571	12.174817816	8.58687941186	10.1496441793	8.58703315464	8.58687941186	12.4926371015	10.6190379131	8.58703315464	12.4926371015	8.58687941186	10.527418571	8.58703315464	11.4271678173	10.527418571	11.2321142843	8.58703315464	12.174817816	11.4271678173	10.1496441793	10.6190379131	10.6190379131	11.0136512973	11.6735783473
9.39188195656	0.0	0.0	12.4573642783	8.20943673627	12.4573642783	7.79875208424	9.39188195656	7.35360877602	9.39188195656	0.0	9.0545918189	8.89382725887	6.66939086146	7.95680169916	7.95680169916	7.95680169916	6.66939086146	8.66971130817	8.44334047511	8.44334047511	10.4514417183	9.90308953612	10.4514417183	10.4514417183	9.73839944614	9.59367828071	9.59367828071	9.73839944614	9.59367828071	9.90308953612	9.90308953612	10.4514417183	9.90308953612	13.9985551454	10.4514417183	10.4514417183	10.4514417183	10.4514417183	13.9985551454	9.73839944614	9.34951558307	9.76854473653	11.2412743385	11.2412743385	7.79701434763	10.7644148936	9.34951558307	9.34951558307	9.8578206276	9.76854473653	9.8578206276	11.1834272025	9.76854473653	11.1834272025	7.7967740935	9.34951558307	7.79701434763	7.7967740935	11.4871985016	9.8578206276	7.79701434763	11.4871985016	7.7967740935	9.76854473653	7.79701434763	10.7644148936	9.76854473653	10.471109908	7.79701434763	11.1834272025	10.7644148936	9.34951558307	9.8578206276	9.8578206276	9.73839944614	10.4514417183
8.36818743619	9.0545918189	9.0545918189	11.8050547199	9.24208447867	11.8050547199	8.96577756326	8.36818743619	8.424591239	8.36818743619	9.0545918189	0.0	5.89650277199	2.94274554702	4.2963885357	4.2963885357	4.2963885357	2.94274554702	6.89796879652	7.0597726644	7.0597726644	10.8412650159	10.3017422511	10.8412650159	10.8412650159	10.2241015237	10.2284650725	10.2284650725	10.2241015237	10.2284650725	10.3017422511	10.3017422511	10.8412650159	10.3017422511	14.1604240934	10.8412650159	10.8412650159	10.8412650159	10.8412650159	14.1604240934	10.2241015237	8.87654247406	9.21827495713	11.1133544603	11.1133544603	7.30484720157	10.0366920548	8.87654247406	8.87654247406	9.3093106085	9.21827495713	9.3093106085	11.0911259543	9.21827495713	11.0911259543	7.30478271019	8.87654247406	7.30484720157	7.30478271019	11.4255049041	9.3093106085	7.30484720157	11.4255049041	7.30478271019	9.21827495713	7.30484720157	10.0366920548	9.21827495713	9.92559688387	7.30484720157	11.0911259543	10.0366920548	8.87654247406	9.3093106085	9.3093106085	10.2241015237	10.8412650159
7.90004462493	8.89382725887	8.89382725887	11.420507837	9.18514943466	11.420507837	8.90042126322	7.90004462493	8.17960170665	7.90004462493	8.89382725887	5.89650277199	0.0	3.1322520265	4.35307883438	4.35307883438	4.35307883438	3.1322520265	6.87809463991	6.52944604948	6.52944604948	10.8410794592	10.3023717401	10.8410794592	10.8410794592	10.2118008476	10.1910560383	10.1910560383	10.2118008476	10.1910560383	10.3023717401	10.3023717401	10.8410794592	10.3023717401	14.1925786402	10.8410794592	10.8410794592	10.8410794592	10.8410794592	14.1925786402	10.2118008476	8.99739491575	9.34857958009	11.1878887741	11.1878887741	7.42816322664	10.1873549229	8.99739491575	8.99739491575	9.44056846097	9.34857958009	9.44056846097	11.1599466114	9.34857958009	11.1599466114	7.42807258794	8.99739491575	7.42816322664	7.42807258794	11.4897861215	9.44056846097	7.42816322664	11.4897861215	7.42807258794	9.34857958009	7.42816322664	10.1873549229	9.34857958009	10.0550015912	7.42816322664	11.1599466114	10.1873549229	8.99739491575	9.44056846097	9.44056846097	10.2118008476	10.8410794592
5.83587489102	6.66939086146	6.66939086146	9.28110613738	6.89798630947	9.28110613738	6.61930841301	5.83587489102	6.00653658533	5.83587489102	6.66939086146	2.94274554702	3.1322520265	0.0	1.38542783203	1.38542783203	1.38542783203	0.0	4.5752832297	4.55121589299	4.55121589299	8.51488165881	7.97622020583	8.51488165881	8.51488165881	7.89355040335	7.8876572002	7.8876572002	7.89355040335	7.8876572002	7.97622020583	7.97622020583	8.51488165881	7.97622020583	11.8456124557	8.51488165881	8.51488165881	8.51488165881	8.51488165881	11.8456124557	7.89355040335	6.59188666092	6.93565750009	8.81422235699	8.81422235699	5.02085142638	7.75711968313	6.59188666092	6.59188666092	7.02811646922	6.93565750009	7.02811646922	8.78952671671	6.93565750009	8.78952671671	5.02077645326	6.59188666092	5.02085142638	5.02077645326	9.12218534923	7.02811646922	5.02085142638	9.12218534923	5.02077645326	6.93565750009	5.02085142638	7.75711968313	6.93565750009	7.64247146885	5.02085142638	8.78952671671	7.75711968313	6.59188666092	7.02811646922	7.02811646922	7.89355040335	8.51488165881
7.10309868165	7.95680169916	7.95680169916	10.5490509851	8.18997699807	10.5490509851	7.9110227043	7.10309868165	7.29057195274	7.10309868165	7.95680169916	4.2963885357	4.35307883438	1.38542783203	0.0	0.0	0.0	1.38542783203	5.87852570666	5.82823793211	5.82823793211	9.80920008509	9.27061143694	9.80920008509	9.80920008509	9.1873049586	9.18013696397	9.18013696397	9.1873049586	9.18013696397	9.27061143694	9.27061143694	9.80920008509	9.27061143694	13.1414827585	9.80920008509	9.80920008509	9.80920008509	9.80920008509	13.1414827585	9.1873049586	7.89197271225	8.23617197984	10.1121467906	10.1121467906	6.32105022472	9.05854797332	7.89197271225	7.89197271225	8.32868385854	8.23617197984	8.32868385854	10.0871639089	8.23617197984	10.0871639089	6.32097402109	7.89197271225	6.32105022472	6.32097402109	10.4196012846	8.32868385854	6.32105022472	10.4196012846	6.32097402109	8.23617197984	6.32105022472	9.05854797332	8.23617197984	8.94294252504	6.32105022472	10.0871639089	9.05854797332	7.89197271225	8.32868385854	8.32868385854	9.1873049586	9.80920008509
7.10309868165	7.95680169916	7.95680169916	10.5490509851	8.18997699807	10.5490509851	7.9110227043	7.10309868165	7.29057195274	7.10309868165	7.95680169916	4.2963885357	4.35307883438	1.38542783203	0.0	0.0	0.0	1.38542783203	5.87852570666	5.82823793211	5.82823793211	9.80920008509	9.27061143694	9.80920008509	9.80920008509	9.1873049586	9.18013696397	9.18013696397	9.1873049586	9.18013696397	9.27061143694	9.27061143694	9.80920008509	9.27061143694	13.1414827585	9.80920008509	9.80920008509	9.80920008509	9.80920008509	13.1414827585	9.1873049586	7.89197271225	8.23617197984	10.1121467906	10.1121467906	6.32105022472	9.05854797332	7.89197271225	7.89197271225	8.32868385854	8.23617197984	8.32868385854	10.0871639089	8.23617197984	10.0871639089	6.32097402109	7.89197271225	6.32105022472	6.32097402109	10.4196012846	8.32868385854	6.32105022472	10.4196012846	6.32097402109	8.23617197984	6.32105022472	9.05854797332	8.23617197984	8.94294252504	6.32105022472	10.0871639089	9.05854797332	7.89197271225	8.32868385854	8.32868385854	9.1873049586	9.80920008509
7.10309868165	7.95680169916	7.95680169916	10.5490509851	8.18997699807	10.5490509851	7.9110227043	7.10309868165	7.29057195274	7.10309868165	7.95680169916	4.2963885357	4.35307883438	1.38542783203	0.0	0.0	0.0	1.38542783203	5.87852570666	5.82823793211	5.82823793211	9.80920008509	9.27061143694	9.80920008509	9.80920008509	9.1873049586	9.18013696397	9.18013696397	9.1873049586	9.18013696397	9.27061143694	9.27061143694	9.80920008509	9.27061143694	13.1414827585	9.80920008509	9.80920008509	9.80920008509	9.80920008509	13.1414827585	9.1873049586	7.89197271225	8.23617197984	10.1121467906	10.1121467906	6.32105022472	9.05854797332	7.89197271225	7.89197271225	8.32868385854	8.23617197984	8.32868385854	10.0871639089	8.23617197984	10.0871639089	6.32097402109	7.89197271225	6.32105022472	6.32097402109	10.4196012846	8.32868385854	6.32105022472	10.4196012846	6.32097402109	8.23617197984	6.32105022472	9.05854797332	8.23617197984	8.94294252504	6.32105022472	10.0871639089	9.05854797332	7.89197271225	8.32868385854	8.32868385854	9.1873049586	9.80920008509
5.83587489102	6.66939086146	6.66939086146	9.28110613738	6.89798630947	9.28110613738	6.61930841301	5.83587489102	6.00653658533	5.83587489102	6.66939086146	2.94274554702	3.1322520265	0.0	1.38542783203	1.38542783203	1.38542783203	0.0	4.5752832297	4.55121589299	4.55121589299	8.51488165881	7.97622020583	8.51488165881	8.51488165881	7.89355040335	7.8876572002	7.8876572002	7.89355040335	7.8876572002	7.97622020583	7.97622020583	8.51488165881	7.97622020583	11.8456124557	8.51488165881	8.51488165881	8.51488165881	8.51488165881	11.8456124557	7.89355040335	6.59188666092	6.93565750009	8.81422235699	8.81422235699	5.02085142638	7.75711968313	6.59188666092	6.59188666092	7.02811646922	6.93565750009	7.02811646922	8.78952671671	6.93565750009	8.78952671671	5.02077645326	6.59188666092	5.02085142638	5.02077645326	9.12218534923	7.02811646922	5.02085142638	9.12218534923	5.02077645326	6.93565750009	5.02085142638	7.75711968313	6.93565750009	7.64247146885	5.02085142638	8.78952671671	7.75711968313	6.59188666092	7.02811646922	7.02811646922	7.89355040335	8.51488165881
8.35564460029	8.66971130817	8.66971130817	11.888432108	8.97181014164	11.888432108	8.66544620093	8.35564460029	7.98331994535	8.35564460029	8.66971130817	6.89796879652	6.87809463991	4.5752832297	5.87852570666	5.87852570666	5.87852570666	4.5752832297	0.0	6.72536520971	6.72536520971	10.714318694	10.1683538736	10.714318694	10.714318694	10.0757842537	10.0586042144	10.0586042144	10.0757842537	10.0586042144	10.1683538736	10.1683538736	10.714318694	10.1683538736	14.0827984692	10.714318694	10.714318694	10.714318694	10.714318694	14.0827984692	10.0757842537	8.9501865177	9.31828071227	11.0945381317	11.0945381317	7.3844178578	10.2026322029	8.9501865177	8.9501865177	9.40326409814	9.31828071227	9.40326409814	11.068029919	9.31828071227	11.068029919	7.38431773358	8.9501865177	7.3844178578	7.38431773358	11.3965349083	9.40326409814	7.3844178578	11.3965349083	7.38431773358	9.31828071227	7.3844178578	10.2026322029	9.31828071227	10.0253091923	7.3844178578	11.068029919	10.2026322029	8.9501865177	9.40326409814	9.40326409814	10.0757842537	10.714318694
7.40792103994	8.44334047511	8.44334047511	11.2261343995	8.92543547959	11.2261343995	8.61944269683	7.40792103994	7.53726883883	7.40792103994	8.44334047511	7.0597726644	6.52944604948	4.55121589299	5.82823793211	5.82823793211	5.82823793211	4.55121589299	6.72536520971	0.0	0.0	10.7010305857	10.1604725869	10.7010305857	10.7010305857	10.0501444204	9.99419262004	9.99419262004	10.0501444204	9.99419262004	10.1604725869	10.1604725869	10.7010305857	10.1604725869	14.1068436307	10.7010305857	10.7010305857	10.7010305857	10.7010305857	14.1068436307	10.0501444204	9.06759166308	9.44040156437	11.1707569241	11.1707569241	7.50347737913	10.3311641757	9.06759166308	9.06759166308	9.52965691163	9.44040156437	9.52965691163	11.1351795973	9.44040156437	11.1351795973	7.50334691692	9.06759166308	7.50347737913	7.50334691692	11.457859169	9.52965691163	7.50347737913	11.457859169	7.50334691692	9.44040156437	7.50347737913	10.3311641757	9.44040156437	10.1460411124	7.50347737913	11.1351795973	10.3311641757	9.06759166308	9.52965691163	9.52965691163	10.0501444204	10.7010305857
7.40792103994	8.44334047511	8.44334047511	11.2261343995	8.92543547959	11.2261343995	8.61944269683	7.40792103994	7.53726883883	7.40792103994	8.44334047511	7.0597726644	6.52944604948	4.55121589299	5.82823793211	5.82823793211	5.82823793211	4.55121589299	6.72536520971	0.0	0.0	10.7010305857	10.1604725869	10.7010305857	10.7010305857	10.0501444204	9.99419262004	9.99419262004	10.0501444204	9.99419262004	10.1604725869	10.1604725869	10.7010305857	10.1604725869	14.1068436307	10.7010305857	10.7010305857	10.7010305857	10.7010305857	14.1068436307	10.0501444204	9.06759166308	9.44040156437	11.1707569241	11.1707569241	7.50347737913	10.3311641757	9.06759166308	9.06759166308	9.52965691163	9.44040156437	9.52965691163	11.1351795973	9.44040156437	11.1351795973	7.50334691692	9.06759166308	7.50347737913	7.50334691692	11.457859169	9.52965691163	7.50347737913	11.457859169	7.50334691692	9.44040156437	7.50347737913	10.3311641757	9.44040156437	10.1460411124	7.50347737913	11.1351795973	10.3311641757	9.06759166308	9.52965691163	9.52965691163	10.0501444204	10.7010305857
11.6735783473	10.4514417183	10.4514417183	14.6898760391	9.19203551531	14.6898760391	9.26135226718	11.6735783473	10.601288195	11.6735783473	10.4514417183	10.8412650159	10.8410794592	8.51488165881	9.80920008509	9.80920008509	9.80920008509	8.51488165881	10.714318694	10.7010305857	10.7010305857	0.0	6.18826620317	0.0	0.0	6.52273047572	7.22998232609	7.22998232609	6.52273047572	7.22998232609	6.18826620317	6.18826620317	0.0	6.18826620317	10.540452639	0.0	0.0	0.0	0.0	10.540452639	6.52273047572	8.55442182767	9.10295223987	9.41530465518	9.41530465518	7.03995180327	10.3473457649	8.55442182767	8.55442182767	9.24916074529	9.10295223987	9.24916074529	9.03157988804	9.10295223987	9.03157988804	7.03905165719	8.55442182767	7.03995180327	7.03905165719	9.14914602714	9.24916074529	7.03995180327	9.14914602714	7.03905165719	9.10295223987	7.03995180327	10.3473457649	9.10295223987	9.78032097699	7.03995180327	9.03157988804	10.3473457649	8.55442182767	9.24916074529	9.24916074529	6.52273047572	0.0
11.1387510124	9.90308953612	9.90308953612	14.1623091024	8.57763501996	14.1623091024	8.66715210582	11.1387510124	10.0595731311	11.1387510124	9.90308953612	10.3017422511	10.3023717401	7.97622020583	9.27061143694	9.27061143694	9.27061143694	7.97622020583	10.1683538736	10.1604725869	10.1604725869	6.18826620317	0.0	6.18826620317	6.18826620317	5.36093571625	6.88410901538	6.88410901538	5.36093571625	6.88410901538	0.0	0.0	6.18826620317	0.0	10.8820144587	6.18826620317	6.18826620317	6.18826620317	6.18826620317	10.8820144587	5.36093571625	8.10633663243	8.64615063616	9.08697354311	9.08697354311	6.58945366708	9.87588073216	8.10633663243	8.10633663243	8.78200708371	8.64615063616	8.78200708371	8.84929039678	8.64615063616	8.84929039678	6.58865984522	8.10633663243	6.58945366708	6.58865984522	9.0481483368	8.78200708371	6.58945366708	9.0481483368	6.58865984522	8.64615063616	6.58945366708	9.87588073216	8.64615063616	9.32815964668	6.58945366708	8.84929039678	9.87588073216	8.10633663243	8.78200708371	8.78200708371	5.36093571625	6.18826620317
11.6735783473	10.4514417183	10.4514417183	14.6898760391	9.19203551531	14.6898760391	9.26135226718	11.6735783473	10.601288195	11.6735783473	10.4514417183	10.8412650159	10.8410794592	8.51488165881	9.80920008509	9.80920008509	9.80920008509	8.51488165881	10.714318694	10.7010305857	10.7010305857	0.0	6.18826620317	0.0	0.0	6.52273047572	7.22998232609	7.22998232609	6.52273047572	7.22998232609	6.18826620317	6.18826620317	0.0	6.18826620317	10.540452639	0.0	0.0	0.0	0.0	10.540452639	6.52273047572	8.55442182767	9.10295223987	9.41530465518	9.41530465518	7.03995180327	10.3473457649	8.55442182767	8.55442182767	9.24916074529	9.10295223987	9.24916074529	9.03157988804	9.10295223987	9.03157988804	7.03905165719	8.55442182767	7.03995180327	7.03905165719	9.14914602714	9.24916074529	7.03995180327	9.14914602714	7.03905165719	9.10295223987	7.03995180327	10.3473457649	9.10295223987	9.78032097699	7.03995180327	9.03157988804	10.3473457649	8.55442182767	9.24916074529	9.24916074529	6.52273047572	0.0
11.6735783473	10.4514417183	10.4514417183	14.6898760391	9.19203551531	14.6898760391	9.26135226718	11.6735783473	10.601288195	11.6735783473	10.4514417183	10.8412650159	10.8410794592	8.51488165881	9.80920008509	9.80920008509	9.80920008509	8.51488165881	10.714318694	10.7010305857	10.7010305857	0.0	6.18826620317	0.0	0.0	6.52273047572	7.22998232609	7.22998232609	6.52273047572	7.22998232609	6.18826620317	6.18826620317	0.0	6.18826620317	10.540452639	0.0	0.0	0.0	0.0	10.540452639	6.52273047572	8.55442182767	9.10295223987	9.41530465518	9.41530465518	7.03995180327	10.3473457649	8.55442182767	8.55442182767	9.24916074529	9.10295223987	9.24916074529	9.03157988804	9.10295223987	9.03157988804	7.03905165719	8.55442182767	7.03995180327	7.03905165719	9.14914602714	9.24916074529	7.03995180327	9.14914602714	7.03905165719	9.10295223987	7.03995180327	10.3473457649	9.10295223987	9.78032097699	7.03995180327	9.03157988804	10.3473457649	8.55442182767	9.24916074529	9.24916074529	6.52273047572	0.0
11.0136512973	9.73839944614	9.73839944614	14.0187774325	8.39205498343	14.0187774325	8.49287993887	11.0136512973	9.91418962472	11.0136512973	9.73839944614	10.2241015237	10.2118008476	7.89355040335	9.1873049586	9.1873049586	9.1873049586	7.89355040335	10.0757842537	10.0501444204	10.0501444204	6.52273047572	5.36093571625	6.52273047572	6.52273047572	0.0	6.19547224374	6.19547224374	0.0	6.19547224374	5.36093571625	5.36093571625	6.52273047572	5.36093571625	11.1330029379	6.52273047572	6.52273047572	6.52273047572	6.52273047572	11.1330029379	0.0	8.2462064317	8.77392997895	9.34035791732	9.34035791732	6.72550145811	9.98151359293	8.2462064317	8.2462064317	8.90410866281	8.77392997895	8.90410866281	9.1050661439	8.77392997895	9.1050661439	6.72476799155	8.2462064317	6.72550145811	6.72476799155	9.30185408193	8.90410866281	6.72550145811	9.30185408193	6.72476799155	8.77392997895	6.72550145811	9.98151359293	8.77392997895	9.45815350468	6.72550145811	9.1050661439	9.98151359293	8.2462064317	8.90410866281	8.90410866281	0.0	6.52273047572
10.9233916302	9.59367828071	9.59367828071	13.8851347844	8.31073716502	13.8851347844	8.39811018316	10.9233916302	9.79504554111	10.9233916302	9.59367828071	10.2284650725	10.1910560383	7.8876572002	9.18013696397	9.18013696397	9.18013696397	7.8876572002	10.0586042144	9.99419262004	9.99419262004	7.22998232609	6.88410901538	7.22998232609	7.22998232609	6.19547224374	0.0	0.0	6.19547224374	0.0	6.88410901538	6.88410901538	7.22998232609	6.88410901538	11.5654764308	7.22998232609	7.22998232609	7.22998232609	7.22998232609	11.5654764308	6.19547224374	8.59295137893	9.10439635704	9.80604046256	9.80604046256	7.06731845297	10.2804460964	8.59295137893	8.59295137893	9.22940371139	9.10439635704	9.22940371139	9.56225322511	9.10439635704	9.56225322511	7.0666473345	8.59295137893	7.06731845297	7.0666473345	9.75308744869	9.22940371139	7.06731845297	9.75308744869	7.0666473345	9.10439635704	7.06731845297	10.2804460964	9.10439635704	9.79077772281	7.06731845297	9.56225322511	10.2804460964	8.59295137893	9.22940371139	9.22940371139	6.19547224374	7.22998232609
10.9233916302	9.59367828071	9.59367828071	13.8851347844	8.31073716502	13.8851347844	8.39811018316	10.9233916302	9.79504554111	10.9233916302	9.59367828071	10.2284650725	10.1910560383	7.8876572002	9.18013696397	9.18013696397	9.18013696397	7.8876572002	10.0586042144	9.99419262004	9.99419262004	7.22998232609	6.88410901538	7.22998232609	7.22998232609	6.19547224374	0.0	0.0	6.19547224374	0.0	6.88410901538	6.88410901538	7.22998232609	6.88410901538	11.5654764308	7.22998232609	7.22998232609	7.22998232609	7.22998232609	11.5654764308	6.19547224374	8.59295137893	9.10439635704	9.80604046256	9.80604046256	7.06731845297	10.2804460964	8.59295137893	8.59295137893	9.22940371139	9.10439635704	9.22940371139	9.56225322511	9.10439635704	9.56225322511	7.0666473345	8.59295137893	7.06731845297	7.0666473345	9.75308744869	9.22940371139	7.06731845297	9.75308744869	7.0666473345	9.10439635704	7.06731845297	10.2804460964	9.10439635704	9.79077772281	7.06731845297	9.56225322511	10.2804460964	8.59295137893	9.22940371139	9.22940371139	6.19547224374	7.22998232609
11.0136512973	9.73839944614	9.73839944614	14.0187774325	8.39205498343	14.0187774325	8.49287993887	11.0136512973	9.91418962472	11.0136512973	9.73839944614	10.2241015237	10.2118008476	7.89355040335	9.1873049586	9.1873049586	9.1873049586	7.89355040335	10.0757842537	10.0501444204	10.0501444204	6.52273047572	5.36093571625	6.52273047572	6.52273047572	0.0	6.19547224374	6.19547224374	0.0	6.19547224374	5.36093571625	5.36093571625	6.52273047572	5.36093571625	11.1330029379	6.52273047572	6.52273047572	6.52273047572	6.52273047572	11.1330029379	0.0	8.2462064317	8.77392997895	9.34035791732	9.34035791732	6.72550145811	9.98151359293	8.2462064317	8.2462064317	8.90410866281	8.77392997895	8.90410866281	9.1050661439	8.77392997895	9.1050661439	6.72476799155	8.2462064317	6.72550145811	6.72476799155	9.30185408193	8.90410866281	6.72550145811	9.30185408193	6.72476799155	8.77392997895	6.72550145811	9.98151359293	8.77392997895	9.45815350468	6.72550145811	9.1050661439	9.98151359293	8.2462064317	8.90410866281	8.90410866281	0.0	6.52273047572
10.9233916302	9.59367828071	9.59367828071	13.8851347844	8.31073716502	13.8851347844	8.39811018316	10.9233916302	9.79504554111	10.9233916302	9.59367828071	10.2284650725	10.1910560383	7.8876572002	9.18013696397	9.18013696397	9.18013696397	7.8876572002	10.0586042144	9.99419262004	9.99419262004	7.22998232609	6.88410901538	7.22998232609	7.22998232609	6.19547224374	0.0	0.0	6.19547224374	0.0	6.88410901538	6.88410901538	7.22998232609	6.88410901538	11.5654764308	7.22998232609	7.22998232609	7.22998232609	7.22998232609	11.5654764308	6.19547224374	8.59295137893	9.10439635704	9.80604046256	9.80604046256	7.06731845297	10.2804460964	8.59295137893	8.59295137893	9.22940371139	9.10439635704	9.22940371139	9.56225322511	9.10439635704	9.56225322511	7.0666473345	8.59295137893	7.06731845297	7.0666473345	9.75308744869	9.22940371139	7.06731845297	9.75308744869	7.0666473345	9.10439635704	7.06731845297	10.2804460964	9.10439635704	9.79077772281	7.06731845297	9.56225322511	10.2804460964	8.59295137893	9.22940371139	9.22940371139	6.19547224374	7.22998232609
11.1387510124	9.90308953612	9.90308953612	14.1623091024	8.57763501996	14.1623091024	8.66715210582	11.1387510124	10.0595731311	11.1387510124	9.90308953612	10.3017422511	10.3023717401	7.97622020583	9.27061143694	9.27061143694	9.27061143694	7.97622020583	10.1683538736	10.1604725869	10.1604725869	6.18826620317	0.0	6.18826620317	6.18826620317	5.36093571625	6.88410901538	6.88410901538	5.36093571625	6.88410901538	0.0	0.0	6.18826620317	0.0	10.8820144587	6.18826620317	6.18826620317	6.18826620317	6.18826620317	10.8820144587	5.36093571625	8.10633663243	8.64615063616	9.08697354311	9.08697354311	6.58945366708	9.87588073216	8.10633663243	8.10633663243	8.78200708371	8.64615063616	8.78200708371	8.84929039678	8.64615063616	8.84929039678	6.58865984522	8.10633663243	6.58945366708	6.58865984522	9.0481483368	8.78200708371	6.58945366708	9.0481483368	6.58865984522	8.64615063616	6.58945366708	9.87588073216	8.64615063616	9.32815964668	6.58945366708	8.84929039678	9.87588073216	8.10633663243	8.78200708371	8.78200708371	5.36093571625	6.18826620317
11.1387510124	9.90308953612	9.90308953612	14.1623091024	8.57763501996	14.1623091024	8.66715210582	11.1387510124	10.0595731311	11.1387510124	9.90308953612	10.3017422511	10.3023717401	7.97622020583	9.27061143694	9.27061143694	9.27061143694	7.97622020583	10.1683538736	10.1604725869	10.1604725869	6.18826620317	0.0	6.18826620317	6.18826620317	5.36093571625	6.88410901538	6.88410901538	5.36093571625	6.88410901538	0.0	0.0	6.18826620317	0.0	10.8820144587	6.18826620317	6.18826620317	6.18826620317	6.18826620317	10.8820144587	5.36093571625	8.10633663243	8.64615063616	9.08697354311	9.08697354311	6.58945366708	9.87588073216	8.10633663243	8.10633663243	8.78200708371	8.64615063616	8.78200708371	8.84929039678	8.64615063616	8.84929039678	6.58865984522	8.10633663243	6.58945366708	6.58865984522	9.0481483368	8.78200708371	6.58945366708	9.0481483368	6.58865984522	8.64615063616	6.58945366708	9.87588073216	8.64615063616	9.32815964668	6.58945366708	8.84929039678	9.87588073216	8.10633663243	8.78200708371	8.78200708371	5.36093571625	6.18826620317
11.6735783473	10.4514417183	10.4514417183	14.6898760391	9.19203551531	14.6898760391	9.26135226718	11.6735783473	10.601288195	11.6735783473	10.4514417183	10.8412650159	10.8410794592	8.51488165881	9.80920008509	9.80920008509	9.80920008509	8.51488165881	10.714318694	10.7010305857	10.7010305857	0.0	6.18826620317	0.0	0.0	6.52273047572	7.22998232609	7.22998232609	6.52273047572	7.22998232609	6.18826620317	6.18826620317	0.0	6.18826620317	10.540452639	0.0	0.0	0.0	0.0	10.540452639	6.52273047572	8.55442182767	9.10295223987	9.41530465518	9.41530465518	7.03995180327	10.3473457649	8.55442182767	8.55442182767	9.24916074529	9.10295223987	9.24916074529	9.03157988804	9.10295223987	9.03157988804	7.03905165719	8.55442182767	7.03995180327	7.03905165719	9.14914602714	9.24916074529	7.03995180327	9.14914602714	7.03905165719	9.10295223987	7.03995180327	10.3473457649	9.10295223987	9.78032097699	7.03995180327	9.03157988804	10.3473457649	8.55442182767	9.24916074529	9.24916074529	6.52273047572	0.0
11.1387510124	9.90308953612	9.90308953612	14.1623091024	8.57763501996	14.1623091024	8.66715210582	11.1387510124	10.0595731311	11.1387510124	9.90308953612	10.3017422511	10.3023717401	7.97622020583	9.27061143694	9.27061143694	9.27061143694	7.97622020583	10.1683538736	10.1604725869	10.1604725869	6.18826620317	0.0	6.18826620317	6.18826620317	5.36093571625	6.88410901538	6.88410901538	5.36093571625	6.88410901538	0.0	0.0	6.18826620317	0.0	10.8820144587	6.18826620317	6.18826620317	6.18826620317	6.18826620317	10.8820144587	5.36093571625	8.10633663243	8.64615063616	9.08697354311	9.08697354311	6.58945366708	9.87588073216	8.10633663243	8.10633663243	8.78200708371	8.64615063616	8.78200708371	8.84929039678	8.64615063616	8.84929039678	6.58865984522	8.10633663243	6.58945366708	6.58865984522	9.0481483368	8.78200708371	6.58945366708	9.0481483368	6.58865984522	8.64615063616	6.58945366708	9.87588073216	8.64615063616	9.32815964668	6.58945366708	8.84929039678	9.87588073216	8.10633663243	8.78200708371	8.78200708371	5.36093571625	6.18826620317
15.1103241704	13.9985551454	13.9985551454	18.1662428195	12.8361802661	18.1662428195	12.8673343953	15.1103241704	14.0965672276	15.1103241704	13.9985551454	14.1604240934	14.1925786402	11.8456124557	13.1414827585	13.1414827585	13.1414827585	11.8456124557	14.0827984692	14.1068436307	14.1068436307	10.540452639	10.8820144587	10.540452639	10.540452639	11.1330029379	11.5654764308	11.5654764308	11.1330029379	11.5654764308	10.8820144587	10.8820144587	10.540452639	10.8820144587	0.0	10.540452639	10.540452639	10.540452639	10.540452639	0.0	11.1330029379	11.1032303929	11.7010567569	11.5369235628	11.5369235628	9.60166259164	13.0368740002	11.1032303929	11.1032303929	11.8902594534	11.7010567569	11.8902594534	10.4856559276	11.7010567569	10.4856559276	9.60029556825	11.1032303929	9.60166259164	9.60029556825	10.1484014433	11.8902594534	9.60166259164	10.1484014433	9.60029556825	11.7010567569	9.60166259164	13.0368740002	11.7010567569	12.3581275103	9.60166259164	10.4856559276	13.0368740002	11.1032303929	11.8902594534	11.8902594534	11.1330029379	10.540452639
11.6735783473	10.4514417183	10.4514417183	14.6898760391	9.19203551531	14.6898760391	9.26135226718	11.6735783473	10.601288195	11.6735783473	10.4514417183	10.8412650159	10.8410794592	8.51488165881	9.80920008509	9.80920008509	9.80920008509	8.51488165881	10.714318694	10.7010305857	10.7010305857	0.0	6.18826620317	0.0	0.0	6.52273047572	7.22998232609	7.22998232609	6.52273047572	7.22998232609	6.18826620317	6.18826620317	0.0	6.18826620317	10.540452639	0.0	0.0	0.0	0.0	10.540452639	6.52273047572	8.55442182767	9.10295223987	9.41530465518	9.41530465518	7.03995180327	10.3473457649	8.55442182767	8.55442182767	9.24916074529	9.10295223987	9.24916074529	9.03157988804	9.10295223987	9.03157988804	7.03905165719	8.55442182767	7.03995180327	7.03905165719	9.14914602714	9.24916074529	7.03995180327	9.14914602714	7.03905165719	9.10295223987	7.03995180327	10.3473457649	9.10295223987	9.78032097699	7.03995180327	9.03157988804	10.3473457649	8.55442182767	9.24916074529	9.24916074529	6.52273047572	0.0
11.6735783473	10.4514417183	10.4514417183	14.6898760391	9.19203551531	14.6898760391	9.26135226718	11.6735783473	10.601288195	11.6735783473	10.4514417183	10.8412650159	10.8410794592	8.51488165881	9.80920008509	9.80920008509	9.80920008509	8.51488165881	10.714318694	10.7010305857	10.7010305857	0.0	6.18826620317	0.0	0.0	6.52273047572	7.22998232609	7.22998232609	6.52273047572	7.22998232609	6.18826620317	6.18826620317	0.0	6.18826620317	10.540452639	0.0	0.0	0.0	0.0	10.540452639	6.52273047572	8.55442182767	9.10295223987	9.41530465518	9.41530465518	7.03995180327	10.3473457649	8.55442182767	8.55442182767	9.24916074529	9.10295223987	9.24916074529	9.03157988804	9.10295223987	9.03157988804	7.03905165719	8.55442182767	7.03995180327	7.03905165719	9.14914602714	9.24916074529	7.03995180327	9.14914602714	7.03905165719	9.10295223987	7.03995180327	10.3473457649	9.10295223987	9.78032097699	7.03995180327	9.03157988804	10.3473457649	8.55442182767	9.24916074529	9.24916074529	6.52273047572	0.0
11.6735783473	10.4514417183	10.4514417183	14.6898760391	9.19203551531	14.6898760391	9.26135226718	11.6735783473	10.601288195	11.6735783473	10.4514417183	10.8412650159	10.8410794592	8.51488165881	9.80920008509	9.80920008509	9.80920008509	8.51488165881	10.714318694	10.7010305857	10.7010305857	0.0	6.18826620317	0.0	0.0	6.52273047572	7.22998232609	7.22998232609	6.52273047572	7.22998232609	6.18826620317	6.18826620317	0.0	6.18826620317	10.540452639	0.0	0.0	0.0	0.0	10.540452639	6.52273047572	8.55442182767	9.10295223987	9.41530465518	9.41530465518	7.03995180327	10.3473457649	8.55442182767	8.55442182767	9.24916074529	9.10295223987	9.24916074529	9.03157988804	9.10295223987	9.03157988804	7.03905165719	8.55442182767	7.03995180327	7.03905165719	9.14914602714	9.24916074529	7.03995180327	9.14914602714	7.03905165719	9.10295223987	7.03995180327	10.3473457649	9.10295223987	9.78032097699	7.03995180327	9.03157988804	10.3473457649	8.55442182767	9.24916074529	9.24916074529	6.52273047572	0.0
