0.0	5.78255588383	5.78255588383	4.30213800449	2.67372082405	4.30213800449	2.67190533075	0.0	5.77972663864	0.0	5.78255588383	5.96648500524	5.77759287452	3.36561087848	3.36364964941	3.36364964941	3.36364964941	3.36561087848	6.11592863525	5.51800023127	5.51800023127	6.71529334848	6.30325912703	6.71529334848	6.71529334848	6.29830355836	6.48925893673	6.48925893673	6.29830355836	6.48925893673	6.30325912703	6.30325912703	6.71529334848	6.30325912703	6.65818237953	6.71529334848	6.71529334848	6.71529334848	6.71529334848	6.65818237953	6.29830355836	2.69049052275	2.69122771926	2.69449925617	2.69449925617	2.69065768521	2.69242273968	2.69049052275	2.69049052275	2.69055206943	2.69122771926	2.69055206943	2.6941316674	2.69122771926	2.6941316674	2.69100029555	2.69049052275	2.69065768521	2.69100029555	2.69517312649	2.69055206943	2.69065768521	2.69517312649	2.69100029555	2.69122771926	2.69065768521	2.69242273968	2.69122771926	2.69179546366	2.69065768521	2.6941316674	2.69242273968	2.69049052275	2.69055206943	2.69055206943	6.29830355836	6.71529334848
5.78255588383	0.0	0.0	4.78731771546	3.12762264979	4.78731771546	3.12596636165	5.78255588383	5.97970925292	5.78255588383	0.0	6.50036440994	6.32129269977	3.9141697022	3.91221938149	3.91221938149	3.91221938149	3.9141697022	6.60600486294	6.0062938874	6.0062938874	7.16132586265	6.75197306733	7.16132586265	7.16132586265	6.74411523302	6.92334543504	6.92334543504	6.74411523302	6.92334543504	6.75197306733	6.75197306733	7.16132586265	6.75197306733	7.11085392259	7.16132586265	7.16132586265	7.16132586265	7.16132586265	7.11085392259	6.74411523302	3.14758472199	3.14836045379	3.15156788905	3.15156788905	3.14777239968	3.14959025189	3.14758472199	3.14758472199	3.14766714373	3.14836045379	3.14766714373	3.15120139092	3.14836045379	3.15120139092	3.14811640041	3.14758472199	3.14777239968	3.14811640041	3.15224118302	3.14766714373	3.14777239968	3.15224118302	3.14811640041	3.14836045379	3.14777239968	3.14959025189	3.14836045379	3.14892205248	3.14777239968	3.15120139092	3.14959025189	3.14758472199	3.14766714373	3.14766714373	6.74411523302	7.16132586265
5.78255588383	0.0	0.0	4.78731771546	3.12762264979	4.78731771546	3.12596636165	5.78255588383	5.97970925292	5.78255588383	0.0	6.50036440994	6.32129269977	3.9141697022	3.91221938149	3.91221938149	3.91221938149	3.9141697022	6.60600486294	6.0062938874	6.0062938874	7.16132586265	6.75197306733	7.16132586265	7.16132586265	6.74411523302	6.92334543504	6.92334543504	6.74411523302	6.92334543504	6.75197306733	6.75197306733	7.16132586265	6.75197306733	7.11085392259	7.16132586265	7.16132586265	7.16132586265	7.16132586265	7.11085392259	6.74411523302	3.14758472199	3.14836045379	3.15156788905	3.15156788905	3.14777239968	3.14959025189	3.14758472199	3.14758472199	3.14766714373	3.14836045379	3.14766714373	3.15120139092	3.14836045379	3.15120139092	3.14811640041	3.14758472199	3.14777239968	3.14811640041	3.15224118302	3.14766714373	3.14777239968	3.15224118302	3.14811640041	3.14836045379	3.14777239968	3.14959025189	3.14836045379	3.14892205248	3.14777239968	3.15120139092	3.14959025189	3.14758472199	3.14766714373	3.14766714373	6.74411523302	7.16132586265
4.30213800449	4.78731771546	4.78731771546	0.0	1.67937591661	0.0	1.67756201855	4.30213800449	4.78431916686	4.30213800449	4.78731771546	5.02958821227	4.84814818978	2.44005676885	2.43810434329	2.43810434329	2.43810434329	2.44005676885	5.14302159019	4.53887901197	4.53887901197	5.72099564964	5.30904706083	5.72099564964	5.72099564964	5.30395581886	5.49445154116	5.49445154116	5.30395581886	5.49445154116	5.30904706083	5.30904706083	5.72099564964	5.30904706083	5.66418885501	5.72099564964	5.72099564964	5.72099564964	5.72099564964	5.66418885501	5.30395581886	1.69670146094	1.69746635038	1.70069542753	1.70069542753	1.69688281333	1.69868713932	1.69670146094	1.69670146094	1.69677698279	1.69746635038	1.69677698279	1.70033229151	1.69746635038	1.70033229151	1.69722705614	1.69670146094	1.69688281333	1.69722705614	1.7013743388	1.69677698279	1.69688281333	1.7013743388	1.69722705614	1.69746635038	1.69688281333	1.69868713932	1.69746635038	1.69803019152	1.69688281333	1.70033229151	1.69868713932	1.69670146094	1.69677698279	1.69677698279	5.30395581886	5.72099564964
2.67372082405	3.12762264979	3.12762264979	1.67937591661	0.0	1.67937591661	0.00566048169091	2.67372082405	3.13435979948	2.67372082405	3.12762264979	3.38962075597	3.21098382594	0.803763909212	0.80181359687	0.80181359687	0.80181359687	0.803763909212	3.49515808909	2.89652450787	2.89652450787	4.05673208388	3.64472955252	4.05673208388	4.05673208388	3.63874042171	3.82795087916	3.82795087916	3.63874042171	3.82795087916	3.64472955252	3.64472955252	4.05673208388	3.64472955252	4.00095207952	4.05673208388	4.05673208388	4.05673208388	4.05673208388	4.00095207952	3.63874042171	0.0339956989096	0.0347719986703	0.0379827500992	0.0379827500992	0.034183076455	0.0360031253318	0.0339956989096	0.0339956989096	0.0340773202157	0.0347719986703	0.0340773202157	0.037620942698	0.0347719986703	0.037620942698	0.0345278081143	0.0339956989096	0.034183076455	0.0345278081143	0.0386629644995	0.0340773202157	0.034183076455	0.0386629644995	0.0345278081143	0.0347719986703	0.034183076455	0.0360031253318	0.0347719986703	0.0353340973718	0.034183076455	0.037620942698	0.0360031253318	0.0339956989096	0.0340773202157	0.0340773202157	3.63874042171	4.05673208388
4.30213800449	4.78731771546	4.78731771546	0.0	1.67937591661	0.0	1.67756201855	4.30213800449	4.78431916686	4.30213800449	4.78731771546	5.02958821227	4.84814818978	2.44005676885	2.43810434329	2.43810434329	2.43810434329	2.44005676885	5.14302159019	4.53887901197	4.53887901197	5.72099564964	5.30904706083	5.72099564964	5.72099564964	5.30395581886	5.49445154116	5.49445154116	5.30395581886	5.49445154116	5.30904706083	5.30904706083	5.72099564964	5.30904706083	5.66418885501	5.72099564964	5.72099564964	5.72099564964	5.72099564964	5.66418885501	5.30395581886	1.69670146094	1.69746635038	1.70069542753	1.70069542753	1.69688281333	1.69868713932	1.69670146094	1.69670146094	1.69677698279	1.69746635038	1.69677698279	1.70033229151	1.69746635038	1.70033229151	1.69722705614	1.69670146094	1.69688281333	1.69722705614	1.7013743388	1.69677698279	1.69688281333	1.7013743388	1.69722705614	1.69746635038	1.69688281333	1.69868713932	1.69746635038	1.69803019152	1.69688281333	1.70033229151	1.69868713932	1.69670146094	1.69677698279	1.69677698279	5.30395581886	5.72099564964
2.67190533075	3.12596636165	3.12596636165	1.67756201855	0.00566048169091	1.67756201855	0.0	2.67190533075	3.13262047571	2.67190533075	3.12596636165	3.38781490904	3.20917585504	0.801957412002	0.800007101159	0.800007101159	0.800007101159	0.801957412002	3.49334489346	2.89470873883	2.89470873883	4.05552224176	3.6434770416	4.05552224176	4.05552224176	3.63775023219	3.82748330721	3.82748330721	3.63775023219	3.82748330721	3.6434770416	3.6434770416	4.05552224176	3.6434770416	3.99937906209	4.05552224176	4.05552224176	4.05552224176	4.05552224176	3.99937906209	3.63775023219	0.0322162711911	0.0329924564803	0.0362036920164	0.0362036920164	0.0324035313114	0.0342235621361	0.0322162711911	0.0322162711911	0.0322977272644	0.0329924564803	0.0322977272644	0.0358421138012	0.0329924564803	0.0358421138012	0.0327483206965	0.0322162711911	0.0324035313114	0.0327483206965	0.0368842558216	0.0322977272644	0.0324035313114	0.0368842558216	0.0327483206965	0.0329924564803	0.0324035313114	0.0342235621361	0.0329924564803	0.0335546200293	0.0324035313114	0.0358421138012	0.0342235621361	0.0322162711911	0.0322977272644	0.0322977272644	3.63775023219	4.05552224176
0.0	5.78255588383	5.78255588383	4.30213800449	2.67372082405	4.30213800449	2.67190533075	0.0	5.77972663864	0.0	5.78255588383	5.96648500524	5.77759287452	3.36561087848	3.36364964941	3.36364964941	3.36364964941	3.36561087848	6.11592863525	5.51800023127	5.51800023127	6.71529334848	6.30325912703	6.71529334848	6.71529334848	6.29830355836	6.48925893673	6.48925893673	6.29830355836	6.48925893673	6.30325912703	6.30325912703	6.71529334848	6.30325912703	6.65818237953	6.71529334848	6.71529334848	6.71529334848	6.71529334848	6.65818237953	6.29830355836	2.69049052275	2.69122771926	2.69449925617	2.69449925617	2.69065768521	2.69242273968	2.69049052275	2.69049052275	2.69055206943	2.69122771926	2.69055206943	2.6941316674	2.69122771926	2.6941316674	2.69100029555	2.69049052275	2.69065768521	2.69100029555	2.69517312649	2.69055206943	2.69065768521	2.69517312649	2.69100029555	2.69122771926	2.69065768521	2.69242273968	2.69122771926	2.69179546366	2.69065768521	2.6941316674	2.69242273968	2.69049052275	2.69055206943	2.69055206943	6.29830355836	6.71529334848
5.77972663864	5.97970925292	5.97970925292	4.78431916686	3.13435979948	4.78431916686	3.13262047571	5.77972663864	0.0	5.77972663864	5.97970925292	6.50074910447	6.32091935547	3.9140482381	3.91209801052	3.91209801052	3.91209801052	3.9140482381	6.60632066213	6.00442293124	6.00442293124	7.16921182054	6.75916372009	7.16921182054	7.16921182054	6.75217016475	6.93466161542	6.93466161542	6.75217016475	6.93466161542	6.75916372009	6.75916372009	7.16921182054	6.75916372009	7.11689802363	7.16921182054	7.16921182054	7.16921182054	7.16921182054	7.11689802363	6.75217016475	3.15242434301	3.15319754297	3.15641032913	3.15641032913	3.15261048901	3.15442536996	3.15242434301	3.15242434301	3.15250505371	3.15319754297	3.15250505371	3.15604488684	3.15319754297	3.15604488684	3.152954609	3.15242434301	3.15261048901	3.152954609	3.15708533586	3.15250505371	3.15261048901	3.15708533586	3.152954609	3.15319754297	3.15261048901	3.15442536996	3.15319754297	3.15375971411	3.15261048901	3.15604488684	3.15442536996	3.15242434301	3.15250505371	3.15250505371	6.75217016475	7.16921182054
0.0	5.78255588383	5.78255588383	4.30213800449	2.67372082405	4.30213800449	2.67190533075	0.0	5.77972663864	0.0	5.78255588383	5.96648500524	5.77759287452	3.36561087848	3.36364964941	3.36364964941	3.36364964941	3.36561087848	6.11592863525	5.51800023127	5.51800023127	6.71529334848	6.30325912703	6.71529334848	6.71529334848	6.29830355836	6.48925893673	6.48925893673	6.29830355836	6.48925893673	6.30325912703	6.30325912703	6.71529334848	6.30325912703	6.65818237953	6.71529334848	6.71529334848	6.71529334848	6.71529334848	6.65818237953	6.29830355836	2.69049052275	2.69122771926	2.69449925617	2.69449925617	2.69065768521	2.69242273968	2.69049052275	2.69049052275	2.69055206943	2.69122771926	2.69055206943	2.6941316674	2.69122771926	2.6941316674	2.69100029555	2.69049052275	2.69065768521	2.69100029555	2.69517312649	2.69055206943	2.69065768521	2.69517312649	2.69100029555	2.69122771926	2.69065768521	2.69242273968	2.69122771926	2.69179546366	2.69065768521	2.6941316674	2.69242273968	2.69049052275	2.69055206943	2.69055206943	6.29830355836	6.71529334848
5.78255588383	0.0	0.0	4.78731771546	3.12762264979	4.78731771546	3.12596636165	5.78255588383	5.97970925292	5.78255588383	0.0	6.50036440994	6.32129269977	3.9141697022	3.91221938149	3.91221938149	3.91221938149	3.9141697022	6.60600486294	6.0062938874	6.0062938874	7.16132586265	6.75197306733	7.16132586265	7.16132586265	6.74411523302	6.92334543504	6.92334543504	6.74411523302	6.92334543504	6.75197306733	6.75197306733	7.16132586265	6.75197306733	7.11085392259	7.16132586265	7.16132586265	7.16132586265	7.16132586265	7.11085392259	6.74411523302	3.14758472199	3.14836045379	3.15156788905	3.15156788905	3.14777239968	3.14959025189	3.14758472199	3.14758472199	3.14766714373	3.14836045379	3.14766714373	3.15120139092	3.14836045379	3.15120139092	3.14811640041	3.14758472199	3.14777239968	3.14811640041	3.15224118302	3.14766714373	3.14777239968	3.15224118302	3.14811640041	3.14836045379	3.14777239968	3.14959025189	3.14836045379	3.14892205248	3.14777239968	3.15120139092	3.14959025189	3.14758472199	3.14766714373	3.14766714373	6.74411523302	7.16132586265
5.96648500524	6.50036440994	6.50036440994	5.02958821227	3.38962075597	5.02958821227	3.38781490904	5.96648500524	6.50074910447	5.96648500524	6.50036440994	0.0	5.43865465242	2.8619769263	2.85998907637	2.85998907637	2.85998907637	2.8619769263	6.26782766458	6.0406361549	6.0406361549	7.42254637656	7.01044713252	7.42254637656	7.42254637656	7.0068295605	7.20061576562	7.20061576562	7.0068295605	7.20061576562	7.01044713252	7.01044713252	7.42254637656	7.01044713252	7.36277717588	7.42254637656	7.42254637656	7.42254637656	7.42254637656	7.36277717588	7.0068295605	3.3933100336	3.39341631944	3.39765534228	3.39765534228	3.39315224448	3.39402865312	3.3933100336	3.3933100336	3.39304896361	3.39341631944	3.39304896361	3.39718179258	3.39341631944	3.39718179258	3.39345887415	3.3933100336	3.39315224448	3.39345887415	3.39820809476	3.39304896361	3.39315224448	3.39820809476	3.39345887415	3.39341631944	3.39315224448	3.39402865312	3.39341631944	3.39407375408	3.39315224448	3.39718179258	3.39402865312	3.3933100336	3.39304896361	3.39304896361	7.0068295605	7.42254637656
5.77759287452	6.32129269977	6.32129269977	4.84814818978	3.21098382594	4.84814818978	3.20917585504	5.77759287452	6.32091935547	5.77759287452	6.32129269977	5.43865465242	0.0	2.6430383341	2.641575252	2.641575252	2.641575252	2.6430383341	6.19250160602	5.73679045578	5.73679045578	7.24587032854	6.83379088002	7.24587032854	7.24587032854	6.82987186582	7.02301757058	7.02301757058	6.82987186582	7.02301757058	6.83379088002	6.83379088002	7.24587032854	6.83379088002	7.18668686143	7.24587032854	7.24587032854	7.24587032854	7.24587032854	7.18668686143	6.82987186582	3.21760695075	3.21783577198	3.22188448815	3.22188448815	3.21751407465	3.21855715658	3.21760695075	3.21760695075	3.21741230262	3.21783577198	3.21741230262	3.22143196085	3.21783577198	3.22143196085	3.21782595708	3.21760695075	3.21751407465	3.21782595708	3.22246124655	3.21741230262	3.21751407465	3.22246124655	3.21782595708	3.21783577198	3.21751407465	3.21855715658	3.21783577198	3.21847460128	3.21751407465	3.22143196085	3.21855715658	3.21760695075	3.21741230262	3.21741230262	6.82987186582	7.24587032854
3.36561087848	3.9141697022	3.9141697022	2.44005676885	0.803763909212	2.44005676885	0.801957412002	3.36561087848	3.9140482381	3.36561087848	3.9141697022	2.8619769263	2.6430383341	0.0	0.00589564517641	0.00589564517641	0.00589564517641	0.0	3.81527324111	3.43814083509	3.43814083509	4.83754124243	4.42546504202	4.83754124243	4.83754124243	4.42170366367	4.61516209691	4.61516209691	4.42170366367	4.61516209691	4.42546504202	4.42546504202	4.83754124243	4.42546504202	4.77804384601	4.83754124243	4.83754124243	4.83754124243	4.83754124243	4.77804384601	4.42170366367	0.808753082816	0.808896891148	0.813075276684	0.813075276684	0.808616923982	0.809538618919	0.808753082816	0.808753082816	0.808516018422	0.808896891148	0.808516018422	0.812608575585	0.808896891148	0.812608575585	0.808923475563	0.808753082816	0.808616923982	0.808923475563	0.813635820233	0.808516018422	0.808616923982	0.813635820233	0.808923475563	0.808896891148	0.808616923982	0.809538618919	0.808896891148	0.809547477348	0.808616923982	0.812608575585	0.809538618919	0.808753082816	0.808516018422	0.808516018422	4.42170366367	4.83754124243
3.36364964941	3.91221938149	3.91221938149	2.43810434329	0.80181359687	2.43810434329	0.800007101159	3.36364964941	3.91209801052	3.36364964941	3.91221938149	2.85998907637	2.641575252	0.00589564517641	0.0	0.0	0.0	0.00589564517641	3.81348504833	3.43629164116	3.43629164116	4.83558992826	4.42351373869	4.83558992826	4.83558992826	4.41975249511	4.61321118186	4.61321118186	4.41975249511	4.61321118186	4.42351373869	4.42351373869	4.83558992826	4.42351373869	4.7760922599	4.83558992826	4.83558992826	4.83558992826	4.83558992826	4.7760922599	4.41975249511	0.80680131244	0.806945037182	0.811123549463	0.811123549463	0.806665111612	0.807586685356	0.80680131244	0.80680131244	0.806564207498	0.806945037182	0.806564207498	0.810656834543	0.806945037182	0.810656834543	0.806971657399	0.80680131244	0.806665111612	0.806971657399	0.811684077194	0.806564207498	0.806665111612	0.811684077194	0.806971657399	0.806945037182	0.806665111612	0.807586685356	0.806945037182	0.807595634561	0.806665111612	0.810656834543	0.807586685356	0.80680131244	0.806564207498	0.806564207498	4.41975249511	4.83558992826
3.36364964941	3.91221938149	3.91221938149	2.43810434329	0.80181359687	2.43810434329	0.800007101159	3.36364964941	3.91209801052	3.36364964941	3.91221938149	2.85998907637	2.641575252	0.00589564517641	0.0	0.0	0.0	0.00589564517641	3.81348504833	3.43629164116	3.43629164116	4.83558992826	4.42351373869	4.83558992826	4.83558992826	4.41975249511	4.61321118186	4.61321118186	4.41975249511	4.61321118186	4.42351373869	4.42351373869	4.83558992826	4.42351373869	4.7760922599	4.83558992826	4.83558992826	4.83558992826	4.83558992826	4.7760922599	4.41975249511	0.80680131244	0.806945037182	0.811123549463	0.811123549463	0.806665111612	0.807586685356	0.80680131244	0.80680131244	0.806564207498	0.806945037182	0.806564207498	0.810656834543	0.806945037182	0.810656834543	0.806971657399	0.80680131244	0.806665111612	0.806971657399	0.811684077194	0.806564207498	0.806665111612	0.811684077194	0.806971657399	0.806945037182	0.806665111612	0.807586685356	0.806945037182	0.807595634561	0.806665111612	0.810656834543	0.807586685356	0.80680131244	0.806564207498	0.806564207498	4.41975249511	4.83558992826
3.36364964941	3.91221938149	3.91221938149	2.43810434329	0.80181359687	2.43810434329	0.800007101159	3.36364964941	3.91209801052	3.36364964941	3.91221938149	2.85998907637	2.641575252	0.00589564517641	0.0	0.0	0.0	0.00589564517641	3.81348504833	3.43629164116	3.43629164116	4.83558992826	4.42351373869	4.83558992826	4.83558992826	4.41975249511	4.61321118186	4.61321118186	4.41975249511	4.61321118186	4.42351373869	4.42351373869	4.83558992826	4.42351373869	4.7760922599	4.83558992826	4.83558992826	4.83558992826	4.83558992826	4.7760922599	4.41975249511	0.80680131244	0.806945037182	0.811123549463	0.811123549463	0.806665111612	0.807586685356	0.80680131244	0.80680131244	0.806564207498	0.806945037182	0.806564207498	0.810656834543	0.806945037182	0.810656834543	0.806971657399	0.80680131244	0.806665111612	0.806971657399	0.811684077194	0.806564207498	0.806665111612	0.811684077194	0.806971657399	0.806945037182	0.806665111612	0.807586685356	0.806945037182	0.807595634561	0.806665111612	0.810656834543	0.807586685356	0.80680131244	0.806564207498	0.806564207498	4.41975249511	4.83558992826
3.36561087848	3.9141697022	3.9141697022	2.44005676885	0.803763909212	2.44005676885	0.801957412002	3.36561087848	3.9140482381	3.36561087848	3.9141697022	2.8619769263	2.6430383341	0.0	0.00589564517641	0.00589564517641	0.00589564517641	0.0	3.81527324111	3.43814083509	3.43814083509	4.83754124243	4.42546504202	4.83754124243	4.83754124243	4.42170366367	4.61516209691	4.61516209691	4.42170366367	4.61516209691	4.42546504202	4.42546504202	4.83754124243	4.42546504202	4.77804384601	4.83754124243	4.83754124243	4.83754124243	4.83754124243	4.77804384601	4.42170366367	0.808753082816	0.808896891148	0.813075276684	0.813075276684	0.808616923982	0.809538618919	0.808753082816	0.808753082816	0.808516018422	0.808896891148	0.808516018422	0.812608575585	0.808896891148	0.812608575585	0.808923475563	0.808753082816	0.808616923982	0.808923475563	0.813635820233	0.808516018422	0.808616923982	0.813635820233	0.808923475563	0.808896891148	0.808616923982	0.809538618919	0.808896891148	0.809547477348	0.808616923982	0.812608575585	0.809538618919	0.808753082816	0.808516018422	0.808516018422	4.42170366367	4.83754124243
6.11592863525	6.60600486294	6.60600486294	5.14302159019	3.49515808909	5.14302159019	3.49334489346	6.11592863525	6.60632066213	6.11592863525	6.60600486294	6.26782766458	6.19250160602	3.81527324111	3.81348504833	3.81348504833	3.81348504833	3.81527324111	0.0	6.1173346091	6.1173346091	7.53297498198	7.1208312172	7.53297498198	7.53297498198	7.11655097004	7.30907803523	7.30907803523	7.11655097004	7.30907803523	7.1208312172	7.1208312172	7.53297498198	7.1208312172	7.4745335804	7.53297498198	7.53297498198	7.53297498198	7.53297498198	7.4745335804	7.11655097004	3.50596251313	3.50645573434	3.51010480691	3.51010480691	3.50600165834	3.50743066687	3.50596251313	3.50596251313	3.50589438511	3.50645573434	3.50589438511	3.50969580773	3.50645573434	3.50969580773	3.50633261142	3.50596251313	3.50600165834	3.50633261142	3.51073143239	3.50589438511	3.50600165834	3.51073143239	3.50633261142	3.50645573434	3.50600165834	3.50743066687	3.50645573434	3.50705968302	3.50600165834	3.50969580773	3.50743066687	3.50596251313	3.50589438511	3.50589438511	7.11655097004	7.53297498198
5.51800023127	6.0062938874	6.0062938874	4.53887901197	2.89652450787	4.53887901197	2.89470873883	5.51800023127	6.00442293124	5.51800023127	6.0062938874	6.0406361549	5.73679045578	3.43814083509	3.43629164116	3.43629164116	3.43629164116	3.43814083509	6.1173346091	0.0	0.0	6.93734360375	6.5252494866	6.93734360375	6.93734360375	6.52049078982	6.71197144383	6.71197144383	6.52049078982	6.71197144383	6.5252494866	6.5252494866	6.93734360375	6.5252494866	6.87982170559	6.93734360375	6.93734360375	6.93734360375	6.93734360375	6.87982170559	6.52049078982	2.91185496368	2.91252413496	2.91590008514	2.91590008514	2.91198708154	2.91365632574	2.91185496368	2.91185496368	2.91188171078	2.91252413496	2.91188171078	2.91552117573	2.91252413496	2.91552117573	2.91232581991	2.91185496368	2.91198708154	2.91232581991	2.91656105247	2.91188171078	2.91198708154	2.91656105247	2.91232581991	2.91252413496	2.91198708154	2.91365632574	2.91252413496	2.91310155415	2.91198708154	2.91552117573	2.91365632574	2.91185496368	2.91188171078	2.91188171078	6.52049078982	6.93734360375
5.51800023127	6.0062938874	6.0062938874	4.53887901197	2.89652450787	4.53887901197	2.89470873883	5.51800023127	6.00442293124	5.51800023127	6.0062938874	6.0406361549	5.73679045578	3.43814083509	3.43629164116	3.43629164116	3.43629164116	3.43814083509	6.1173346091	0.0	0.0	6.93734360375	6.5252494866	6.93734360375	6.93734360375	6.52049078982	6.71197144383	6.71197144383	6.52049078982	6.71197144383	6.5252494866	6.5252494866	6.93734360375	6.5252494866	6.87982170559	6.93734360375	6.93734360375	6.93734360375	6.93734360375	6.87982170559	6.52049078982	2.91185496368	2.91252413496	2.91590008514	2.91590008514	2.91198708154	2.91365632574	2.91185496368	2.91185496368	2.91188171078	2.91252413496	2.91188171078	2.91552117573	2.91252413496	2.91552117573	2.91232581991	2.91185496368	2.91198708154	2.91232581991	2.91656105247	2.91188171078	2.91198708154	2.91656105247	2.91232581991	2.91252413496	2.91198708154	2.91365632574	2.91252413496	2.91310155415	2.91198708154	2.91552117573	2.91365632574	2.91185496368	2.91188171078	2.91188171078	6.52049078982	6.93734360375
6.71529334848	7.16132586265	7.16132586265	5.72099564964	4.05673208388	5.72099564964	4.05552224176	6.71529334848	7.16921182054	6.71529334848	7.16132586265	7.42254637656	7.24587032854	4.83754124243	4.83558992826	4.83558992826	4.83558992826	4.83754124243	7.53297498198	6.93734360375	6.93734360375	0.0	5.8179888816	0.0	0.0	6.14662643667	6.67843399384	6.67843399384	6.14662643667	6.67843399384	5.8179888816	5.8179888816	0.0	5.8179888816	7.05614573427	0.0	0.0	0.0	0.0	7.05614573427	6.14662643667	4.04572347565	4.04679126349	4.0482652514	4.0482652514	4.04625036457	4.04804621711	4.04572347565	4.04572347565	4.04629437979	4.04679126349	4.04629437979	4.04669485236	4.04679126349	4.04669485236	4.0463889834	4.04572347565	4.04625036457	4.0463889834	4.04715708925	4.04629437979	4.04625036457	4.04715708925	4.0463889834	4.04679126349	4.04625036457	4.04804621711	4.04679126349	4.04713130266	4.04625036457	4.04669485236	4.04804621711	4.04572347565	4.04629437979	4.04629437979	6.14662643667	0.0
6.30325912703	6.75197306733	6.75197306733	5.30904706083	3.64472955252	5.30904706083	3.6434770416	6.30325912703	6.75916372009	6.30325912703	6.75197306733	7.01044713252	6.83379088002	4.42546504202	4.42351373869	4.42351373869	4.42351373869	4.42546504202	7.1208312172	6.5252494866	6.5252494866	5.8179888816	0.0	5.8179888816	5.8179888816	5.25865294623	6.45100711556	6.45100711556	5.25865294623	6.45100711556	0.0	0.0	5.8179888816	0.0	7.07044736459	5.8179888816	5.8179888816	5.8179888816	5.8179888816	7.07044736459	5.25865294623	3.63375069255	3.63473588642	3.63673845375	3.63673845375	3.63417489804	3.63598795144	3.63375069255	3.63375069255	3.63417168468	3.63473588642	3.63417168468	3.63569497973	3.63473588642	3.63569497973	3.63438220923	3.63375069255	3.63417489804	3.63438220923	3.63641389879	3.63417168468	3.63417489804	3.63641389879	3.63438220923	3.63473588642	3.63417489804	3.63598795144	3.63473588642	3.63514930727	3.63417489804	3.63569497973	3.63598795144	3.63375069255	3.63417168468	3.63417168468	5.25865294623	5.8179888816
6.71529334848	7.16132586265	7.16132586265	5.72099564964	4.05673208388	5.72099564964	4.05552224176	6.71529334848	7.16921182054	6.71529334848	7.16132586265	7.42254637656	7.24587032854	4.83754124243	4.83558992826	4.83558992826	4.83558992826	4.83754124243	7.53297498198	6.93734360375	6.93734360375	0.0	5.8179888816	0.0	0.0	6.14662643667	6.67843399384	6.67843399384	6.14662643667	6.67843399384	5.8179888816	5.8179888816	0.0	5.8179888816	7.05614573427	0.0	0.0	0.0	0.0	7.05614573427	6.14662643667	4.04572347565	4.04679126349	4.0482652514	4.0482652514	4.04625036457	4.04804621711	4.04572347565	4.04572347565	4.04629437979	4.04679126349	4.04629437979	4.04669485236	4.04679126349	4.04669485236	4.0463889834	4.04572347565	4.04625036457	4.0463889834	4.04715708925	4.04629437979	4.04625036457	4.04715708925	4.0463889834	4.04679126349	4.04625036457	4.04804621711	4.04679126349	4.04713130266	4.04625036457	4.04669485236	4.04804621711	4.04572347565	4.04629437979	4.04629437979	6.14662643667	0.0
6.71529334848	7.16132586265	7.16132586265	5.72099564964	4.05673208388	5.72099564964	4.05552224176	6.71529334848	7.16921182054	6.71529334848	7.16132586265	7.42254637656	7.24587032854	4.83754124243	4.83558992826	4.83558992826	4.83558992826	4.83754124243	7.53297498198	6.93734360375	6.93734360375	0.0	5.8179888816	0.0	0.0	6.14662643667	6.67843399384	6.67843399384	6.14662643667	6.67843399384	5.8179888816	5.8179888816	0.0	5.8179888816	7.05614573427	0.0	0.0	0.0	0.0	7.05614573427	6.14662643667	4.04572347565	4.04679126349	4.0482652514	4.0482652514	4.04625036457	4.04804621711	4.04572347565	4.04572347565	4.04629437979	4.04679126349	4.04629437979	4.04669485236	4.04679126349	4.04669485236	4.0463889834	4.04572347565	4.04625036457	4.0463889834	4.04715708925	4.04629437979	4.04625036457	4.04715708925	4.0463889834	4.04679126349	4.04625036457	4.04804621711	4.04679126349	4.04713130266	4.04625036457	4.04669485236	4.04804621711	4.04572347565	4.04629437979	4.04629437979	6.14662643667	0.0
6.29830355836	6.74411523302	6.74411523302	5.30395581886	3.63874042171	5.30395581886	3.63775023219	6.29830355836	6.75217016475	6.29830355836	6.74411523302	7.0068295605	6.82987186582	4.42170366367	4.41975249511	4.41975249511	4.41975249511	4.42170366367	7.11655097004	6.52049078982	6.52049078982	6.14662643667	5.25865294623	6.14662643667	6.14662643667	0.0	5.97567577266	5.97567577266	0.0	5.97567577266	5.25865294623	5.25865294623	6.14662643667	5.25865294623	7.15011104698	6.14662643667	6.14662643667	6.14662643667	6.14662643667	7.15011104698	0.0	3.63333329426	3.63427206652	3.63656857128	3.63656857128	3.63370439183	3.63552023022	3.63333329426	3.63333329426	3.63367817226	3.63427206652	3.63367817226	3.63564760854	3.63427206652	3.63564760854	3.63394257622	3.63333329426	3.63370439183	3.63394257622	3.63641861477	3.63367817226	3.63370439183	3.63641861477	3.63394257622	3.63427206652	3.63370439183	3.63552023022	3.63427206652	3.63471860299	3.63370439183	3.63564760854	3.63552023022	3.63333329426	3.63367817226	3.63367817226	0.0	6.14662643667
6.48925893673	6.92334543504	6.92334543504	5.49445154116	3.82795087916	5.49445154116	3.82748330721	6.48925893673	6.93466161542	6.48925893673	6.92334543504	7.20061576562	7.02301757058	4.61516209691	4.61321118186	4.61321118186	4.61321118186	4.61516209691	7.30907803523	6.71197144383	6.71197144383	6.67843399384	6.45100711556	6.67843399384	6.67843399384	5.97567577266	0.0	0.0	5.97567577266	0.0	6.45100711556	6.45100711556	6.67843399384	6.45100711556	7.37895976883	6.67843399384	6.67843399384	6.67843399384	6.67843399384	7.37895976883	5.97567577266	3.83359812335	3.83450130913	3.83698770069	3.83698770069	3.83393150608	3.83574415379	3.83359812335	3.83359812335	3.83388975815	3.83450130913	3.83388975815	3.83611728411	3.83450130913	3.83611728411	3.83418905081	3.83359812335	3.83393150608	3.83418905081	3.83690818939	3.83388975815	3.83393150608	3.83690818939	3.83418905081	3.83450130913	3.83393150608	3.83574415379	3.83450130913	3.83496913106	3.83393150608	3.83611728411	3.83574415379	3.83359812335	3.83388975815	3.83388975815	5.97567577266	6.67843399384
6.48925893673	6.92334543504	6.92334543504	5.49445154116	3.82795087916	5.49445154116	3.82748330721	6.48925893673	6.93466161542	6.48925893673	6.92334543504	7.20061576562	7.02301757058	4.61516209691	4.61321118186	4.61321118186	4.61321118186	4.61516209691	7.30907803523	6.71197144383	6.71197144383	6.67843399384	6.45100711556	6.67843399384	6.67843399384	5.97567577266	0.0	0.0	5.97567577266	0.0	6.45100711556	6.45100711556	6.67843399384	6.45100711556	7.37895976883	6.67843399384	6.67843399384	6.67843399384	6.67843399384	7.37895976883	5.97567577266	3.83359812335	3.83450130913	3.83698770069	3.83698770069	3.83393150608	3.83574415379	3.83359812335	3.83359812335	3.83388975815	3.83450130913	3.83388975815	3.83611728411	3.83450130913	3.83611728411	3.83418905081	3.83359812335	3.83393150608	3.83418905081	3.83690818939	3.83388975815	3.83393150608	3.83690818939	3.83418905081	3.83450130913	3.83393150608	3.83574415379	3.83450130913	3.83496913106	3.83393150608	3.83611728411	3.83574415379	3.83359812335	3.83388975815	3.83388975815	5.97567577266	6.67843399384
6.29830355836	6.74411523302	6.74411523302	5.30395581886	3.63874042171	5.30395581886	3.63775023219	6.29830355836	6.75217016475	6.29830355836	6.74411523302	7.0068295605	6.82987186582	4.42170366367	4.41975249511	4.41975249511	4.41975249511	4.42170366367	7.11655097004	6.52049078982	6.52049078982	6.14662643667	5.25865294623	6.14662643667	6.14662643667	0.0	5.97567577266	5.97567577266	0.0	5.97567577266	5.25865294623	5.25865294623	6.14662643667	5.25865294623	7.15011104698	6.14662643667	6.14662643667	6.14662643667	6.14662643667	7.15011104698	0.0	3.63333329426	3.63427206652	3.63656857128	3.63656857128	3.63370439183	3.63552023022	3.63333329426	3.63333329426	3.63367817226	3.63427206652	3.63367817226	3.63564760854	3.63427206652	3.63564760854	3.63394257622	3.63333329426	3.63370439183	3.63394257622	3.63641861477	3.63367817226	3.63370439183	3.63641861477	3.63394257622	3.63427206652	3.63370439183	3.63552023022	3.63427206652	3.63471860299	3.63370439183	3.63564760854	3.63552023022	3.63333329426	3.63367817226	3.63367817226	0.0	6.14662643667
6.48925893673	6.92334543504	6.92334543504	5.49445154116	3.82795087916	5.49445154116	3.82748330721	6.48925893673	6.93466161542	6.48925893673	6.92334543504	7.20061576562	7.02301757058	4.61516209691	4.61321118186	4.61321118186	4.61321118186	4.61516209691	7.30907803523	6.71197144383	6.71197144383	6.67843399384	6.45100711556	6.67843399384	6.67843399384	5.97567577266	0.0	0.0	5.97567577266	0.0	6.45100711556	6.45100711556	6.67843399384	6.45100711556	7.37895976883	6.67843399384	6.67843399384	6.67843399384	6.67843399384	7.37895976883	5.97567577266	3.83359812335	3.83450130913	3.83698770069	3.83698770069	3.83393150608	3.83574415379	3.83359812335	3.83359812335	3.83388975815	3.83450130913	3.83388975815	3.83611728411	3.83450130913	3.83611728411	3.83418905081	3.83359812335	3.83393150608	3.83418905081	3.83690818939	3.83388975815	3.83393150608	3.83690818939	3.83418905081	3.83450130913	3.83393150608	3.83574415379	3.83450130913	3.83496913106	3.83393150608	3.83611728411	3.83574415379	3.83359812335	3.83388975815	3.83388975815	5.97567577266	6.67843399384
6.30325912703	6.75197306733	6.75197306733	5.30904706083	3.64472955252	5.30904706083	3.6434770416	6.30325912703	6.75916372009	6.30325912703	6.75197306733	7.01044713252	6.83379088002	4.42546504202	4.42351373869	4.42351373869	4.42351373869	4.42546504202	7.1208312172	6.5252494866	6.5252494866	5.8179888816	0.0	5.8179888816	5.8179888816	5.25865294623	6.45100711556	6.45100711556	5.25865294623	6.45100711556	0.0	0.0	5.8179888816	0.0	7.07044736459	5.8179888816	5.8179888816	5.8179888816	5.8179888816	7.07044736459	5.25865294623	3.63375069255	3.63473588642	3.63673845375	3.63673845375	3.63417489804	3.63598795144	3.63375069255	3.63375069255	3.63417168468	3.63473588642	3.63417168468	3.63569497973	3.63473588642	3.63569497973	3.63438220923	3.63375069255	3.63417489804	3.63438220923	3.63641389879	3.63417168468	3.63417489804	3.63641389879	3.63438220923	3.63473588642	3.63417489804	3.63598795144	3.63473588642	3.63514930727	3.63417489804	3.63569497973	3.63598795144	3.63375069255	3.63417168468	3.63417168468	5.25865294623	5.8179888816
6.30325912703	6.75197306733	6.75197306733	5.30904706083	3.64472955252	5.30904706083	3.6434770416	6.30325912703	6.75916372009	6.30325912703	6.75197306733	7.01044713252	6.83379088002	4.42546504202	4.42351373869	4.42351373869	4.42351373869	4.42546504202	7.1208312172	6.5252494866	6.5252494866	5.8179888816	0.0	5.8179888816	5.8179888816	5.25865294623	6.45100711556	6.45100711556	5.25865294623	6.45100711556	0.0	0.0	5.8179888816	0.0	7.07044736459	5.8179888816	5.8179888816	5.8179888816	5.8179888816	7.07044736459	5.25865294623	3.63375069255	3.63473588642	3.63673845375	3.63673845375	3.63417489804	3.63598795144	3.63375069255	3.63375069255	3.63417168468	3.63473588642	3.63417168468	3.63569497973	3.63473588642	3.63569497973	3.63438220923	3.63375069255	3.63417489804	3.63438220923	3.63641389879	3.63417168468	3.63417489804	3.63641389879	3.63438220923	3.63473588642	3.63417489804	3.63598795144	3.63473588642	3.63514930727	3.63417489804	3.63569497973	3.63598795144	3.63375069255	3.63417168468	3.63417168468	5.25865294623	5.8179888816
6.71529334848	7.16132586265	7.16132586265	5.72099564964	4.05673208388	5.72099564964	4.05552224176	6.71529334848	7.16921182054	6.71529334848	7.16132586265	7.42254637656	7.24587032854	4.83754124243	4.83558992826	4.83558992826	4.83558992826	4.83754124243	7.53297498198	6.93734360375	6.93734360375	0.0	5.8179888816	0.0	0.0	6.14662643667	6.67843399384	6.67843399384	6.14662643667	6.67843399384	5.8179888816	5.8179888816	0.0	5.8179888816	7.05614573427	0.0	0.0	0.0	0.0	7.05614573427	6.14662643667	4.04572347565	4.04679126349	4.0482652514	4.0482652514	4.04625036457	4.04804621711	4.04572347565	4.04572347565	4.04629437979	4.04679126349	4.04629437979	4.04669485236	4.04679126349	4.04669485236	4.0463889834	4.04572347565	4.04625036457	4.0463889834	4.04715708925	4.04629437979	4.04625036457	4.04715708925	4.0463889834	4.04679126349	4.04625036457	4.04804621711	4.04679126349	4.04713130266	4.04625036457	4.04669485236	4.04804621711	4.04572347565	4.04629437979	4.04629437979	6.14662643667	0.0
6.30325912703	6.75197306733	6.75197306733	5.30904706083	3.64472955252	5.30904706083	3.6434770416	6.30325912703	6.75916372009	6.30325912703	6.75197306733	7.01044713252	6.83379088002	4.42546504202	4.42351373869	4.42351373869	4.42351373869	4.42546504202	7.1208312172	6.5252494866	6.5252494866	5.8179888816	0.0	5.8179888816	5.8179888816	5.25865294623	6.45100711556	6.45100711556	5.25865294623	6.45100711556	0.0	0.0	5.8179888816	0.0	7.07044736459	5.8179888816	5.8179888816	5.8179888816	5.8179888816	7.07044736459	5.25865294623	3.63375069255	3.63473588642	3.63673845375	3.63673845375	3.63417489804	3.63598795144	3.63375069255	3.63375069255	3.63417168468	3.63473588642	3.63417168468	3.63569497973	3.63473588642	3.63569497973	3.63438220923	3.63375069255	3.63417489804	3.63438220923	3.63641389879	3.63417168468	3.63417489804	3.63641389879	3.63438220923	3.63473588642	3.63417489804	3.63598795144	3.63473588642	3.63514930727	3.63417489804	3.63569497973	3.63598795144	3.63375069255	3.63417168468	3.63417168468	5.25865294623	5.8179888816
6.65818237953	7.11085392259	7.11085392259	5.66418885501	4.00095207952	5.66418885501	3.99937906209	6.65818237953	7.11689802363	6.65818237953	7.11085392259	7.36277717588	7.18668686143	4.77804384601	4.7760922599	4.7760922599	4.7760922599	4.77804384601	7.4745335804	6.87982170559	6.87982170559	7.05614573427	7.07044736459	7.05614573427	7.05614573427	7.15011104698	7.37895976883	7.37895976883	7.15011104698	7.37895976883	7.07044736459	7.07044736459	7.05614573427	7.07044736459	0.0	7.05614573427	7.05614573427	7.05614573427	7.05614573427	0.0	7.15011104698	3.97913825355	3.98047740978	3.98049412702	3.98049412702	3.98000359538	3.98174451702	3.97913825355	3.97913825355	3.98020495332	3.98047740978	3.98020495332	3.97680922986	3.98047740978	3.97680922986	3.97991147817	3.97913825355	3.98000359538	3.97991147817	3.97604824961	3.98020495332	3.98000359538	3.97604824961	3.97991147817	3.98047740978	3.98000359538	3.98174451702	3.98047740978	3.98056909259	3.98000359538	3.97680922986	3.98174451702	3.97913825355	3.98020495332	3.98020495332	7.15011104698	7.05614573427
6.71529334848	7.16132586265	7.16132586265	5.72099564964	4.05673208388	5.72099564964	4.05552224176	6.71529334848	7.16921182054	6.71529334848	7.16132586265	7.42254637656	7.24587032854	4.83754124243	4.83558992826	4.83558992826	4.83558992826	4.83754124243	7.53297498198	6.93734360375	6.93734360375	0.0	5.8179888816	0.0	0.0	6.14662643667	6.67843399384	6.67843399384	6.14662643667	6.67843399384	5.8179888816	5.8179888816	0.0	5.8179888816	7.05614573427	0.0	0.0	0.0	0.0	7.05614573427	6.14662643667	4.04572347565	4.04679126349	4.0482652514	4.0482652514	4.04625036457	4.04804621711	4.04572347565	4.04572347565	4.04629437979	4.04679126349	4.04629437979	4.04669485236	4.04679126349	4.04669485236	4.0463889834	4.04572347565	4.04625036457	4.0463889834	4.04715708925	4.04629437979	4.04625036457	4.04715708925	4.0463889834	4.04679126349	4.04625036457	4.04804621711	4.04679126349	4.04713130266	4.04625036457	4.04669485236	4.04804621711	4.04572347565	4.04629437979	4.04629437979	6.14662643667	0.0
6.71529334848	7.16132586265	7.16132586265	5.72099564964	4.05673208388	5.72099564964	4.05552224176	6.71529334848	7.16921182054	6.71529334848	7.16132586265	7.42254637656	7.24587032854	4.83754124243	4.83558992826	4.83558992826	4.83558992826	4.83754124243	7.53297498198	6.93734360375	6.93734360375	0.0	5.8179888816	0.0	0.0	6.14662643667	6.67843399384	6.67843399384	6.14662643667	6.67843399384	5.8179888816	5.8179888816	0.0	5.8179888816	7.05614573427	0.0	0.0	0.0	0.0	7.05614573427	6.14662643667	4.04572347565	4.04679126349	4.0482652514	4.0482652514	4.04625036457	4.04804621711	4.04572347565	4.04572347565	4.04629437979	4.04679126349	4.04629437979	4.04669485236	4.04679126349	4.04669485236	4.0463889834	4.04572347565	4.04625036457	4.0463889834	4.04715708925	4.04629437979	4.04625036457	4.04715708925	4.0463889834	4.04679126349	4.04625036457	4.04804621711	4.04679126349	4.04713130266	4.04625036457	4.04669485236	4.04804621711	4.04572347565	4.04629437979	4.04629437979	6.14662643667	0.0
6.71529334848	7.16132586265	7.16132586265	5.72099564964	4.05673208388	5.72099564964	4.05552224176	6.71529334848	7.16921182054	6.71529334848	7.16132586265	7.42254637656	7.24587032854	4.83754124243	4.83558992826	4.83558992826	4.83558992826	4.83754124243	7.53297498198	6.93734360375	6.93734360375	0.0	5.8179888816	0.0	0.0	6.14662643667	6.67843399384	6.67843399384	6.14662643667	6.67843399384	5.8179888816	5.8179888816	0.0	5.8179888816	7.05614573427	0.0	0.0	0.0	0.0	7.05614573427	6.14662643667	4.04572347565	4.04679126349	4.0482652514	4.0482652514	4.04625036457	4.04804621711	4.04572347565	4.04572347565	4.04629437979	4.04679126349	4.04629437979	4.04669485236	4.04679126349	4.04669485236	4.0463889834	4.04572347565	4.04625036457	4.0463889834	4.04715708925	4.04629437979	4.04625036457	4.04715708925	4.0463889834	4.04679126349	4.04625036457	4.04804621711	4.04679126349	4.04713130266	4.04625036457	4.04669485236	4.04804621711	4.04572347565	4.04629437979	4.04629437979	6.14662643667	0.0
