0.0	15.3852563322	15.3852563322	16.4588224161	14.2634408055	16.4588224161	13.933387837	0.0	13.7999010202	0.0	15.3852563322	11.9800758175	11.2314991055	9.40375320264	10.6157300472	10.6157300472	10.6157300472	9.40375320264	11.9914044837	11.0069055485	11.0069055485	17.1117963947	16.1842665695	17.1117963947	17.1117963947	16.0183380226	16.2972460948	16.2972460948	16.0183380226	16.2972460948	16.1842665695	16.1842665695	17.1117963947	16.1842665695	23.5662506582	17.1117963947	17.1117963947	17.1117963947	17.1117963947	23.5662506582	16.0183380226	18.6037058492	18.7299630512	20.7887144484	20.7887144484	16.7935621292	18.40570371	18.6037058492	18.6037058492	18.2840775426	18.7299630512	18.2840775426	20.8750570469	18.7299630512	20.8750570469	17.0091067636	18.6037058492	16.7935621292	17.0091067636	21.2094913436	18.2840775426	16.7935621292	21.2094913436	17.0091067636	18.7299630512	16.7935621292	18.40570371	18.7299630512	19.9050655464	16.7935621292	20.8750570469	18.40570371	18.6037058492	18.2840775426	18.2840775426	16.0183380226	17.1117963947
15.3852563322	0.0	0.0	19.1059678479	11.5706572735	19.1059678479	11.0305833818	15.3852563322	11.9212491992	15.3852563322	0.0	12.8483652493	12.6358515731	10.582236408	11.8136395828	11.8136395828	11.8136395828	10.582236408	12.1796847562	12.0753751092	12.0753751092	15.1893072155	14.2297719586	15.1893072155	15.1893072155	14.0153835543	14.2492657342	14.2492657342	14.0153835543	14.2492657342	14.2297719586	14.2297719586	15.1893072155	14.2297719586	21.8172900445	15.1893072155	15.1893072155	15.1893072155	15.1893072155	21.8172900445	14.0153835543	17.3613596373	17.6694299822	19.2092975438	19.2092975438	15.6648509561	17.4726725849	17.3613596373	17.3613596373	17.2017922517	17.6694299822	17.2017922517	19.2667365986	17.6694299822	19.2667365986	15.855312549	17.3613596373	15.6648509561	15.855312549	19.5776302472	17.2017922517	15.6648509561	19.5776302472	15.855312549	17.6694299822	15.6648509561	17.4726725849	17.6694299822	18.7888135975	15.6648509561	19.2667365986	17.4726725849	17.3613596373	17.2017922517	17.2017922517	14.0153835543	15.1893072155
15.3852563322	0.0	0.0	19.1059678479	11.5706572735	19.1059678479	11.0305833818	15.3852563322	11.9212491992	15.3852563322	0.0	12.8483652493	12.6358515731	10.582236408	11.8136395828	11.8136395828	11.8136395828	10.582236408	12.1796847562	12.0753751092	12.0753751092	15.1893072155	14.2297719586	15.1893072155	15.1893072155	14.0153835543	14.2492657342	14.2492657342	14.0153835543	14.2492657342	14.2297719586	14.2297719586	15.1893072155	14.2297719586	21.8172900445	15.1893072155	15.1893072155	15.1893072155	15.1893072155	21.8172900445	14.0153835543	17.3613596373	17.6694299822	19.2092975438	19.2092975438	15.6648509561	17.4726725849	17.3613596373	17.3613596373	17.2017922517	17.6694299822	17.2017922517	19.2667365986	17.6694299822	19.2667365986	15.855312549	17.3613596373	15.6648509561	15.855312549	19.5776302472	17.2017922517	15.6648509561	19.5776302472	15.855312549	17.6694299822	15.6648509561	17.4726725849	17.6694299822	18.7888135975	15.6648509561	19.2667365986	17.4726725849	17.3613596373	17.2017922517	17.2017922517	14.0153835543	15.1893072155
16.4588224161	19.1059678479	19.1059678479	0.0	17.9010208764	0.0	17.5942968166	16.4588224161	17.7652805482	16.4588224161	19.1059678479	16.1685785326	15.575579924	13.6470499859	14.8545977601	14.8545977601	14.8545977601	13.6470499859	16.2519617718	15.5561415484	15.5561415484	20.7268184705	19.8042777837	20.7268184705	20.7268184705	19.6166927902	19.8456469133	19.8456469133	19.6166927902	19.8456469133	19.8042777837	19.8042777837	20.7268184705	19.8042777837	27.2377672588	20.7268184705	20.7268184705	20.7268184705	20.7268184705	27.2377672588	19.6166927902	22.4230648207	22.5845721167	24.5228835711	24.5228835711	20.6378453216	22.2799244924	22.4230648207	22.4230648207	22.1408443857	22.5845721167	22.1408443857	24.5948152551	22.5845721167	24.5948152551	20.8455052192	22.4230648207	20.6378453216	20.8455052192	24.9203100005	22.1408443857	20.6378453216	24.9203100005	20.8455052192	22.5845721167	20.6378453216	22.2799244924	22.5845721167	23.7457441296	20.6378453216	24.5948152551	22.2799244924	22.4230648207	22.1408443857	22.1408443857	19.6166927902	20.7268184705
14.2634408055	11.5706572735	11.5706572735	17.9010208764	0.0	17.9010208764	5.85521955991	14.2634408055	11.992791545	14.2634408055	11.5706572735	11.3209718413	11.2811873079	9.14885240511	10.3785364741	10.3785364741	10.3785364741	9.14885240511	10.8410559781	10.9655625249	10.9655625249	11.2399806752	10.20595909	11.2399806752	11.2399806752	9.93957139013	10.1996158875	10.1996158875	9.93957139013	10.1996158875	10.20595909	10.20595909	11.2399806752	10.20595909	18.0837760259	11.2399806752	11.2399806752	11.2399806752	11.2399806752	18.0837760259	9.93957139013	14.2435675468	14.7432881775	15.6809666627	15.6809666627	12.6771955739	14.6604628944	14.2435675468	14.2435675468	14.2761360839	14.7432881775	14.2761360839	15.7009558924	14.7432881775	15.7009558924	12.8312917725	14.2435675468	12.6771955739	12.8312917725	15.9832478251	14.2761360839	12.6771955739	15.9832478251	12.8312917725	14.7432881775	12.6771955739	14.6604628944	14.7432881775	15.7943554391	12.6771955739	15.7009558924	14.6604628944	14.2435675468	14.2761360839	14.2761360839	9.93957139013	11.2399806752
16.4588224161	19.1059678479	19.1059678479	0.0	17.9010208764	0.0	17.5942968166	16.4588224161	17.7652805482	16.4588224161	19.1059678479	16.1685785326	15.575579924	13.6470499859	14.8545977601	14.8545977601	14.8545977601	13.6470499859	16.2519617718	15.5561415484	15.5561415484	20.7268184705	19.8042777837	20.7268184705	20.7268184705	19.6166927902	19.8456469133	19.8456469133	19.6166927902	19.8456469133	19.8042777837	19.8042777837	20.7268184705	19.8042777837	27.2377672588	20.7268184705	20.7268184705	20.7268184705	20.7268184705	27.2377672588	19.6166927902	22.4230648207	22.5845721167	24.5228835711	24.5228835711	20.6378453216	22.2799244924	22.4230648207	22.4230648207	22.1408443857	22.5845721167	22.1408443857	24.5948152551	22.5845721167	24.5948152551	20.8455052192	22.4230648207	20.6378453216	20.8455052192	24.9203100005	22.1408443857	20.6378453216	24.9203100005	20.8455052192	22.5845721167	20.6378453216	22.2799244924	22.5845721167	23.7457441296	20.6378453216	24.5948152551	22.2799244924	22.4230648207	22.1408443857	22.1408443857	19.6166927902	20.7268184705
13.933387837	11.0305833818	11.0305833818	17.5942968166	5.85521955991	17.5942968166	0.0	13.933387837	11.5714455776	13.933387837	11.0305833818	11.0111868564	10.9555485389	8.83081761576	10.0610191096	10.0610191096	10.0610191096	8.83081761576	10.4879554321	10.6105098748	10.6105098748	11.4824084467	10.4700350763	11.4824084467	11.4824084467	10.2212646042	10.4763586755	10.4763586755	10.2212646042	10.4763586755	10.4700350763	10.4700350763	11.4824084467	10.4700350763	18.2588453763	11.4824084467	11.4824084467	11.4824084467	11.4824084467	18.2588453763	10.2212646042	14.2360325354	14.6878204071	15.7899680875	15.7899680875	12.6352486846	14.5795434137	14.2360325354	14.2360325354	14.216558374	14.6878204071	14.216558374	15.8237400071	14.6878204071	15.8237400071	12.800363068	14.2360325354	12.6352486846	12.800363068	16.1153412443	14.216558374	12.6352486846	16.1153412443	12.800363068	14.6878204071	12.6352486846	14.5795434137	14.6878204071	15.7578972186	12.6352486846	15.8237400071	14.5795434137	14.2360325354	14.216558374	14.216558374	10.2212646042	11.4824084467
0.0	15.3852563322	15.3852563322	16.4588224161	14.2634408055	16.4588224161	13.933387837	0.0	13.7999010202	0.0	15.3852563322	11.9800758175	11.2314991055	9.40375320264	10.6157300472	10.6157300472	10.6157300472	9.40375320264	11.9914044837	11.0069055485	11.0069055485	17.1117963947	16.1842665695	17.1117963947	17.1117963947	16.0183380226	16.2972460948	16.2972460948	16.0183380226	16.2972460948	16.1842665695	16.1842665695	17.1117963947	16.1842665695	23.5662506582	17.1117963947	17.1117963947	17.1117963947	17.1117963947	23.5662506582	16.0183380226	18.6037058492	18.7299630512	20.7887144484	20.7887144484	16.7935621292	18.40570371	18.6037058492	18.6037058492	18.2840775426	18.7299630512	18.2840775426	20.8750570469	18.7299630512	20.8750570469	17.0091067636	18.6037058492	16.7935621292	17.0091067636	21.2094913436	18.2840775426	16.7935621292	21.2094913436	17.0091067636	18.7299630512	16.7935621292	18.40570371	18.7299630512	19.9050655464	16.7935621292	20.8750570469	18.40570371	18.6037058492	18.2840775426	18.2840775426	16.0183380226	17.1117963947
13.7999010202	11.9212491992	11.9212491992	17.7652805482	11.992791545	17.7652805482	11.5714455776	13.7999010202	0.0	13.7999010202	11.9212491992	11.5850398241	11.2125501498	9.23376160973	10.4665665158	10.4665665158	10.4665665158	9.23376160973	10.8336198526	10.3724132802	10.3724132802	15.1909232319	14.2474351005	15.1909232319	15.1909232319	14.0600570782	14.3207262759	14.3207262759	14.0600570782	14.3207262759	14.2474351005	14.2474351005	15.1909232319	14.2474351005	21.7267866801	15.1909232319	15.1909232319	15.1909232319	15.1909232319	21.7267866801	14.0600570782	17.0081115867	17.2299974674	19.0275609308	19.0275609308	15.2555374553	16.9772299373	17.0081115867	17.0081115867	16.767647737	17.2299974674	16.767647737	19.1017663111	17.2299974674	19.1017663111	15.4600480064	17.0081115867	15.2555374553	15.4600480064	19.4254054971	16.767647737	15.2555374553	19.4254054971	15.4600480064	17.2299974674	15.2555374553	16.9772299373	17.2299974674	18.3779432716	15.2555374553	19.1017663111	16.9772299373	17.0081115867	16.767647737	16.767647737	14.0600570782	15.1909232319
0.0	15.3852563322	15.3852563322	16.4588224161	14.2634408055	16.4588224161	13.933387837	0.0	13.7999010202	0.0	15.3852563322	11.9800758175	11.2314991055	9.40375320264	10.6157300472	10.6157300472	10.6157300472	9.40375320264	11.9914044837	11.0069055485	11.0069055485	17.1117963947	16.1842665695	17.1117963947	17.1117963947	16.0183380226	16.2972460948	16.2972460948	16.0183380226	16.2972460948	16.1842665695	16.1842665695	17.1117963947	16.1842665695	23.5662506582	17.1117963947	17.1117963947	17.1117963947	17.1117963947	23.5662506582	16.0183380226	18.6037058492	18.7299630512	20.7887144484	20.7887144484	16.7935621292	18.40570371	18.6037058492	18.6037058492	18.2840775426	18.7299630512	18.2840775426	20.8750570469	18.7299630512	20.8750570469	17.0091067636	18.6037058492	16.7935621292	17.0091067636	21.2094913436	18.2840775426	16.7935621292	21.2094913436	17.0091067636	18.7299630512	16.7935621292	18.40570371	18.7299630512	19.9050655464	16.7935621292	20.8750570469	18.40570371	18.6037058492	18.2840775426	18.2840775426	16.0183380226	17.1117963947
15.3852563322	0.0	0.0	19.1059678479	11.5706572735	19.1059678479	11.0305833818	15.3852563322	11.9212491992	15.3852563322	0.0	12.8483652493	12.6358515731	10.582236408	11.8136395828	11.8136395828	11.8136395828	10.582236408	12.1796847562	12.0753751092	12.0753751092	15.1893072155	14.2297719586	15.1893072155	15.1893072155	14.0153835543	14.2492657342	14.2492657342	14.0153835543	14.2492657342	14.2297719586	14.2297719586	15.1893072155	14.2297719586	21.8172900445	15.1893072155	15.1893072155	15.1893072155	15.1893072155	21.8172900445	14.0153835543	17.3613596373	17.6694299822	19.2092975438	19.2092975438	15.6648509561	17.4726725849	17.3613596373	17.3613596373	17.2017922517	17.6694299822	17.2017922517	19.2667365986	17.6694299822	19.2667365986	15.855312549	17.3613596373	15.6648509561	15.855312549	19.5776302472	17.2017922517	15.6648509561	19.5776302472	15.855312549	17.6694299822	15.6648509561	17.4726725849	17.6694299822	18.7888135975	15.6648509561	19.2667365986	17.4726725849	17.3613596373	17.2017922517	17.2017922517	14.0153835543	15.1893072155
11.9800758175	12.8483652493	12.8483652493	16.1685785326	11.3209718413	16.1685785326	11.0111868564	11.9800758175	11.5850398241	11.9800758175	12.8483652493	0.0	7.07641171683	4.20766319877	5.4350748743	5.4350748743	5.4350748743	4.20766319877	8.06556040828	8.3140959475	8.3140959475	13.9592656146	13.0345865782	13.9592656146	13.9592656146	12.9244333813	13.3089851809	13.3089851809	12.9244333813	13.3089851809	13.0345865782	13.0345865782	13.9592656146	13.0345865782	20.2480120847	13.9592656146	13.9592656146	13.9592656146	13.9592656146	20.2480120847	12.9244333813	14.8265037838	14.8138690611	17.2958900329	17.2958900329	12.9255655164	14.3998383298	14.8265037838	14.8265037838	14.375682351	14.8138690611	14.375682351	17.4177030654	14.8138690611	17.4177030654	13.164510665	14.8265037838	12.9255655164	13.164510665	17.7767566776	14.375682351	12.9255655164	17.7767566776	13.164510665	14.8138690611	12.9255655164	14.3998383298	14.8138690611	16.0360867085	12.9255655164	17.4177030654	14.3998383298	14.8265037838	14.375682351	14.375682351	12.9244333813	13.9592656146
11.2314991055	12.6358515731	12.6358515731	15.575579924	11.2811873079	15.575579924	10.9555485389	11.2314991055	11.2125501498	11.2314991055	12.6358515731	7.07641171683	0.0	3.96914947818	5.20125398123	5.20125398123	5.20125398123	3.96914947818	7.97234860534	7.51791022111	7.51791022111	14.0165369884	13.0892357767	14.0165369884	14.0165369884	12.9610907556	13.3140132305	13.3140132305	12.9610907556	13.3140132305	13.0892357767	13.0892357767	14.0165369884	13.0892357767	20.361099752	14.0165369884	14.0165369884	14.0165369884	14.0165369884	20.361099752	12.9610907556	15.0967944799	15.1337629715	17.4669895651	17.4669895651	13.2281693344	14.7515248282	15.0967944799	15.0967944799	14.6927105809	15.1337629715	14.6927105809	17.5774589375	15.1337629715	17.5774589375	13.4589046805	15.0967944799	13.2281693344	13.4589046805	17.9283589251	14.6927105809	13.2281693344	17.9283589251	13.4589046805	15.1337629715	13.2281693344	14.7515248282	15.1337629715	16.3392706863	13.2281693344	17.5774589375	14.7515248282	15.0967944799	14.6927105809	14.6927105809	12.9610907556	14.0165369884
9.40375320264	10.582236408	10.582236408	13.6470499859	9.14885240511	13.6470499859	8.83081761576	9.40375320264	9.23376160973	9.40375320264	10.582236408	4.20766319877	3.96914947818	0.0	2.07307930325	2.07307930325	2.07307930325	0.0	5.82948598341	5.76424000491	5.76424000491	11.8380885262	10.9122458448	11.8380885262	11.8380885262	10.7922085693	11.1590907892	11.1590907892	10.7922085693	11.1590907892	10.9122458448	10.9122458448	11.8380885262	10.9122458448	18.1568443311	11.8380885262	11.8380885262	11.8380885262	11.8380885262	18.1568443311	10.7922085693	12.8188640022	12.8306730708	15.2362040933	15.2362040933	10.9345560111	12.430674515	12.8188640022	12.8188640022	12.3927481515	12.8306730708	12.3927481515	15.3516283832	12.8306730708	15.3516283832	11.1687644436	12.8188640022	10.9345560111	11.1687644436	15.706240628	12.3927481515	10.9345560111	15.706240628	11.1687644436	12.8306730708	10.9345560111	12.430674515	12.8306730708	14.0439414855	10.9345560111	15.3516283832	12.430674515	12.8188640022	12.3927481515	12.3927481515	10.7922085693	11.8380885262
10.6157300472	11.8136395828	11.8136395828	14.8545977601	10.3785364741	14.8545977601	10.0610191096	10.6157300472	10.4665665158	10.6157300472	11.8136395828	5.4350748743	5.20125398123	2.07307930325	0.0	0.0	0.0	2.07307930325	7.0837902705	7.00813328912	7.00813328912	13.0657168291	12.1400179829	13.0657168291	13.0657168291	12.0200515688	12.3868937727	12.3868937727	12.0200515688	12.3868937727	12.1400179829	12.1400179829	13.0657168291	12.1400179829	19.3839972554	13.0657168291	13.0657168291	13.0657168291	13.0657168291	19.3839972554	12.0200515688	14.044332542	14.0550842625	16.462962057	16.462962057	12.159500765	13.6540513465	14.044332542	14.044332542	13.6176040868	14.0550842625	13.6176040868	16.5783905473	14.0550842625	16.5783905473	12.3937214359	14.044332542	12.159500765	12.3937214359	16.9330534462	13.6176040868	12.159500765	16.9330534462	12.3937214359	14.0550842625	12.159500765	13.6540513465	14.0550842625	15.2685422715	12.159500765	16.5783905473	13.6540513465	14.044332542	13.6176040868	13.6176040868	12.0200515688	13.0657168291
10.6157300472	11.8136395828	11.8136395828	14.8545977601	10.3785364741	14.8545977601	10.0610191096	10.6157300472	10.4665665158	10.6157300472	11.8136395828	5.4350748743	5.20125398123	2.07307930325	0.0	0.0	0.0	2.07307930325	7.0837902705	7.00813328912	7.00813328912	13.0657168291	12.1400179829	13.0657168291	13.0657168291	12.0200515688	12.3868937727	12.3868937727	12.0200515688	12.3868937727	12.1400179829	12.1400179829	13.0657168291	12.1400179829	19.3839972554	13.0657168291	13.0657168291	13.0657168291	13.0657168291	19.3839972554	12.0200515688	14.044332542	14.0550842625	16.462962057	16.462962057	12.159500765	13.6540513465	14.044332542	14.044332542	13.6176040868	14.0550842625	13.6176040868	16.5783905473	14.0550842625	16.5783905473	12.3937214359	14.044332542	12.159500765	12.3937214359	16.9330534462	13.6176040868	12.159500765	16.9330534462	12.3937214359	14.0550842625	12.159500765	13.6540513465	14.0550842625	15.2685422715	12.159500765	16.5783905473	13.6540513465	14.044332542	13.6176040868	13.6176040868	12.0200515688	13.0657168291
10.6157300472	11.8136395828	11.8136395828	14.8545977601	10.3785364741	14.8545977601	10.0610191096	10.6157300472	10.4665665158	10.6157300472	11.8136395828	5.4350748743	5.20125398123	2.07307930325	0.0	0.0	0.0	2.07307930325	7.0837902705	7.00813328912	7.00813328912	13.0657168291	12.1400179829	13.0657168291	13.0657168291	12.0200515688	12.3868937727	12.3868937727	12.0200515688	12.3868937727	12.1400179829	12.1400179829	13.0657168291	12.1400179829	19.3839972554	13.0657168291	13.0657168291	13.0657168291	13.0657168291	19.3839972554	12.0200515688	14.044332542	14.0550842625	16.462962057	16.462962057	12.159500765	13.6540513465	14.044332542	14.044332542	13.6176040868	14.0550842625	13.6176040868	16.5783905473	14.0550842625	16.5783905473	12.3937214359	14.044332542	12.159500765	12.3937214359	16.9330534462	13.6176040868	12.159500765	16.9330534462	12.3937214359	14.0550842625	12.159500765	13.6540513465	14.0550842625	15.2685422715	12.159500765	16.5783905473	13.6540513465	14.044332542	13.6176040868	13.6176040868	12.0200515688	13.0657168291
9.40375320264	10.582236408	10.582236408	13.6470499859	9.14885240511	13.6470499859	8.83081761576	9.40375320264	9.23376160973	9.40375320264	10.582236408	4.20766319877	3.96914947818	0.0	2.07307930325	2.07307930325	2.07307930325	0.0	5.82948598341	5.76424000491	5.76424000491	11.8380885262	10.9122458448	11.8380885262	11.8380885262	10.7922085693	11.1590907892	11.1590907892	10.7922085693	11.1590907892	10.9122458448	10.9122458448	11.8380885262	10.9122458448	18.1568443311	11.8380885262	11.8380885262	11.8380885262	11.8380885262	18.1568443311	10.7922085693	12.8188640022	12.8306730708	15.2362040933	15.2362040933	10.9345560111	12.430674515	12.8188640022	12.8188640022	12.3927481515	12.8306730708	12.3927481515	15.3516283832	12.8306730708	15.3516283832	11.1687644436	12.8188640022	10.9345560111	11.1687644436	15.706240628	12.3927481515	10.9345560111	15.706240628	11.1687644436	12.8306730708	10.9345560111	12.430674515	12.8306730708	14.0439414855	10.9345560111	15.3516283832	12.430674515	12.8188640022	12.3927481515	12.3927481515	10.7922085693	11.8380885262
11.9914044837	12.1796847562	12.1796847562	16.2519617718	10.8410559781	16.2519617718	10.4879554321	11.9914044837	10.8336198526	11.9914044837	12.1796847562	8.06556040828	7.97234860534	5.82948598341	7.0837902705	7.0837902705	7.0837902705	5.82948598341	0.0	7.66526868526	7.66526868526	13.6776551362	12.7424049378	13.6776551362	13.6776551362	12.6138134534	12.9756493888	12.9756493888	12.6138134534	12.9756493888	12.7424049378	12.7424049378	13.6776551362	12.7424049378	20.0387824295	13.6776551362	13.6776551362	13.6776551362	13.6776551362	20.0387824295	12.6138134534	14.8415164616	14.9282912123	17.1562938845	17.1562938845	12.9969707385	14.5952695314	14.8415164616	14.8415164616	14.4651244596	14.9282912123	14.4651244596	17.2686342613	14.9282912123	17.2686342613	13.2277439094	14.8415164616	12.9969707385	13.2277439094	17.6181733486	14.4651244596	12.9969707385	17.6181733486	13.2277439094	14.9282912123	12.9969707385	14.5952695314	14.9282912123	16.1254116274	12.9969707385	17.2686342613	14.5952695314	14.8415164616	14.4651244596	14.4651244596	12.6138134534	13.6776551362
11.0069055485	12.0753751092	12.0753751092	15.5561415484	10.9655625249	15.5561415484	10.6105098748	11.0069055485	10.3724132802	11.0069055485	12.0753751092	8.3140959475	7.51791022111	5.76424000491	7.00813328912	7.00813328912	7.00813328912	5.76424000491	7.66526868526	0.0	0.0	13.84461116	12.9113711841	13.84461116	13.84461116	12.765354379	13.0912242202	13.0912242202	12.765354379	13.0912242202	12.9113711841	12.9113711841	13.84461116	12.9113711841	20.2503307776	13.84461116	13.84461116	13.84461116	13.84461116	20.2503307776	12.765354379	15.1655869301	15.2705198515	17.4174963537	17.4174963537	13.3376356777	14.9398172311	15.1655869301	15.1655869301	14.8171230946	15.2705198515	14.8171230946	17.5175655658	15.2705198515	17.5175655658	13.5606791569	15.1655869301	13.3376356777	13.5606791569	17.859959512	14.8171230946	13.3376356777	17.859959512	13.5606791569	15.2705198515	13.3376356777	14.9398172311	15.2705198515	16.4568071254	13.3376356777	17.5175655658	14.9398172311	15.1655869301	14.8171230946	14.8171230946	12.765354379	13.84461116
11.0069055485	12.0753751092	12.0753751092	15.5561415484	10.9655625249	15.5561415484	10.6105098748	11.0069055485	10.3724132802	11.0069055485	12.0753751092	8.3140959475	7.51791022111	5.76424000491	7.00813328912	7.00813328912	7.00813328912	5.76424000491	7.66526868526	0.0	0.0	13.84461116	12.9113711841	13.84461116	13.84461116	12.765354379	13.0912242202	13.0912242202	12.765354379	13.0912242202	12.9113711841	12.9113711841	13.84461116	12.9113711841	20.2503307776	13.84461116	13.84461116	13.84461116	13.84461116	20.2503307776	12.765354379	15.1655869301	15.2705198515	17.4174963537	17.4174963537	13.3376356777	14.9398172311	15.1655869301	15.1655869301	14.8171230946	15.2705198515	14.8171230946	17.5175655658	15.2705198515	17.5175655658	13.5606791569	15.1655869301	13.3376356777	13.5606791569	17.859959512	14.8171230946	13.3376356777	17.859959512	13.5606791569	15.2705198515	13.3376356777	14.9398172311	15.2705198515	16.4568071254	13.3376356777	17.5175655658	14.9398172311	15.1655869301	14.8171230946	14.8171230946	12.765354379	13.84461116
17.1117963947	15.1893072155	15.1893072155	20.7268184705	11.2399806752	20.7268184705	11.4824084467	17.1117963947	15.1909232319	17.1117963947	15.1893072155	13.9592656146	14.0165369884	11.8380885262	13.0657168291	13.0657168291	13.0657168291	11.8380885262	13.6776551362	13.84461116	13.84461116	0.0	7.00842117466	0.0	0.0	7.46486796905	8.74943972196	8.74943972196	7.46486796905	8.74943972196	7.00842117466	7.00842117466	0.0	7.00842117466	15.0201429601	0.0	0.0	0.0	0.0	15.0201429601	7.46486796905	14.5471529953	15.523657627	14.3931266597	14.3931266597	13.3588238822	15.6576592061	14.5471529953	14.5471529953	15.1688150962	15.523657627	15.1688150962	13.9089093766	15.523657627	13.9089093766	13.3565898973	14.5471529953	13.3588238822	13.3565898973	13.9319362422	15.1688150962	13.3588238822	13.9319362422	13.3565898973	15.523657627	13.3588238822	15.6576592061	15.523657627	16.3309825015	13.3588238822	13.9089093766	15.6576592061	14.5471529953	15.1688150962	15.1688150962	7.46486796905	0.0
16.1842665695	14.2297719586	14.2297719586	19.8042777837	10.20595909	19.8042777837	10.4700350763	16.1842665695	14.2474351005	16.1842665695	14.2297719586	13.0345865782	13.0892357767	10.9122458448	12.1400179829	12.1400179829	12.1400179829	10.9122458448	12.7424049378	12.9113711841	12.9113711841	7.00842117466	0.0	7.00842117466	7.00842117466	5.97581464495	8.04573555849	8.04573555849	5.97581464495	8.04573555849	0.0	0.0	7.00842117466	0.0	15.1693803037	7.00842117466	7.00842117466	7.00842117466	7.00842117466	15.1693803037	5.97581464495	13.8114427322	14.7392140637	13.8602189377	13.8602189377	12.5792606299	14.8543955933	13.8114427322	13.8114427322	14.3619488793	14.7392140637	14.3619488793	13.5704352731	14.7392140637	13.5704352731	12.6016291616	13.8114427322	12.5792606299	12.6016291616	13.6953547978	14.3619488793	12.5792606299	13.6953547978	12.6016291616	14.7392140637	12.5792606299	14.8543955933	14.7392140637	15.5829416651	12.5792606299	13.5704352731	14.8543955933	13.8114427322	14.3619488793	14.3619488793	5.97581464495	7.00842117466
17.1117963947	15.1893072155	15.1893072155	20.7268184705	11.2399806752	20.7268184705	11.4824084467	17.1117963947	15.1909232319	17.1117963947	15.1893072155	13.9592656146	14.0165369884	11.8380885262	13.0657168291	13.0657168291	13.0657168291	11.8380885262	13.6776551362	13.84461116	13.84461116	0.0	7.00842117466	0.0	0.0	7.46486796905	8.74943972196	8.74943972196	7.46486796905	8.74943972196	7.00842117466	7.00842117466	0.0	7.00842117466	15.0201429601	0.0	0.0	0.0	0.0	15.0201429601	7.46486796905	14.5471529953	15.523657627	14.3931266597	14.3931266597	13.3588238822	15.6576592061	14.5471529953	14.5471529953	15.1688150962	15.523657627	15.1688150962	13.9089093766	15.523657627	13.9089093766	13.3565898973	14.5471529953	13.3588238822	13.3565898973	13.9319362422	15.1688150962	13.3588238822	13.9319362422	13.3565898973	15.523657627	13.3588238822	15.6576592061	15.523657627	16.3309825015	13.3588238822	13.9089093766	15.6576592061	14.5471529953	15.1688150962	15.1688150962	7.46486796905	0.0
17.1117963947	15.1893072155	15.1893072155	20.7268184705	11.2399806752	20.7268184705	11.4824084467	17.1117963947	15.1909232319	17.1117963947	15.1893072155	13.9592656146	14.0165369884	11.8380885262	13.0657168291	13.0657168291	13.0657168291	11.8380885262	13.6776551362	13.84461116	13.84461116	0.0	7.00842117466	0.0	0.0	7.46486796905	8.74943972196	8.74943972196	7.46486796905	8.74943972196	7.00842117466	7.00842117466	0.0	7.00842117466	15.0201429601	0.0	0.0	0.0	0.0	15.0201429601	7.46486796905	14.5471529953	15.523657627	14.3931266597	14.3931266597	13.3588238822	15.6576592061	14.5471529953	14.5471529953	15.1688150962	15.523657627	15.1688150962	13.9089093766	15.523657627	13.9089093766	13.3565898973	14.5471529953	13.3588238822	13.3565898973	13.9319362422	15.1688150962	13.3588238822	13.9319362422	13.3565898973	15.523657627	13.3588238822	15.6576592061	15.523657627	16.3309825015	13.3588238822	13.9089093766	15.6576592061	14.5471529953	15.1688150962	15.1688150962	7.46486796905	0.0
16.0183380226	14.0153835543	14.0153835543	19.6166927902	9.93957139013	19.6166927902	10.2212646042	16.0183380226	14.0600570782	16.0183380226	14.0153835543	12.9244333813	12.9610907556	10.7922085693	12.0200515688	12.0200515688	12.0200515688	10.7922085693	12.6138134534	12.765354379	12.765354379	7.46486796905	5.97581464495	7.46486796905	7.46486796905	0.0	7.14292143573	7.14292143573	0.0	7.14292143573	5.97581464495	5.97581464495	7.46486796905	5.97581464495	15.6121083214	7.46486796905	7.46486796905	7.46486796905	7.46486796905	15.6121083214	0.0	14.0063713123	14.8748811311	14.2619802556	14.2619802556	12.7280562656	14.9625864111	14.0063713123	14.0063713123	14.4857011167	14.8748811311	14.4857011167	13.993171467	14.8748811311	13.993171467	12.7682221893	14.0063713123	12.7280562656	12.7682221893	14.1234162661	14.4857011167	12.7280562656	14.1234162661	12.7682221893	14.8748811311	12.7280562656	14.9625864111	14.8748811311	15.7465604781	12.7280562656	13.993171467	14.9625864111	14.0063713123	14.4857011167	14.4857011167	0.0	7.46486796905
16.2972460948	14.2492657342	14.2492657342	19.8456469133	10.1996158875	19.8456469133	10.4763586755	16.2972460948	14.3207262759	16.2972460948	14.2492657342	13.3089851809	13.3140132305	11.1590907892	12.3868937727	12.3868937727	12.3868937727	11.1590907892	12.9756493888	13.0912242202	13.0912242202	8.74943972196	8.04573555849	8.74943972196	8.74943972196	7.14292143573	0.0	0.0	7.14292143573	0.0	8.04573555849	8.04573555849	8.74943972196	8.04573555849	16.6327240046	8.74943972196	8.74943972196	8.74943972196	8.74943972196	16.6327240046	7.14292143573	14.8031865402	15.6016186384	15.2680752666	15.2680752666	13.472686318	15.6542921319	14.8031865402	14.8031865402	15.203053533	15.6016186384	15.203053533	15.0073780965	15.6016186384	15.0073780965	13.5308788448	14.8031865402	13.472686318	13.5308788448	15.1389780581	15.203053533	13.472686318	15.1389780581	13.5308788448	15.6016186384	13.472686318	15.6542921319	15.6016186384	16.5028782365	13.472686318	15.0073780965	15.6542921319	14.8031865402	15.203053533	15.203053533	7.14292143573	8.74943972196
16.2972460948	14.2492657342	14.2492657342	19.8456469133	10.1996158875	19.8456469133	10.4763586755	16.2972460948	14.3207262759	16.2972460948	14.2492657342	13.3089851809	13.3140132305	11.1590907892	12.3868937727	12.3868937727	12.3868937727	11.1590907892	12.9756493888	13.0912242202	13.0912242202	8.74943972196	8.04573555849	8.74943972196	8.74943972196	7.14292143573	0.0	0.0	7.14292143573	0.0	8.04573555849	8.04573555849	8.74943972196	8.04573555849	16.6327240046	8.74943972196	8.74943972196	8.74943972196	8.74943972196	16.6327240046	7.14292143573	14.8031865402	15.6016186384	15.2680752666	15.2680752666	13.472686318	15.6542921319	14.8031865402	14.8031865402	15.203053533	15.6016186384	15.203053533	15.0073780965	15.6016186384	15.0073780965	13.5308788448	14.8031865402	13.472686318	13.5308788448	15.1389780581	15.203053533	13.472686318	15.1389780581	13.5308788448	15.6016186384	13.472686318	15.6542921319	15.6016186384	16.5028782365	13.472686318	15.0073780965	15.6542921319	14.8031865402	15.203053533	15.203053533	7.14292143573	8.74943972196
16.0183380226	14.0153835543	14.0153835543	19.6166927902	9.93957139013	19.6166927902	10.2212646042	16.0183380226	14.0600570782	16.0183380226	14.0153835543	12.9244333813	12.9610907556	10.7922085693	12.0200515688	12.0200515688	12.0200515688	10.7922085693	12.6138134534	12.765354379	12.765354379	7.46486796905	5.97581464495	7.46486796905	7.46486796905	0.0	7.14292143573	7.14292143573	0.0	7.14292143573	5.97581464495	5.97581464495	7.46486796905	5.97581464495	15.6121083214	7.46486796905	7.46486796905	7.46486796905	7.46486796905	15.6121083214	0.0	14.0063713123	14.8748811311	14.2619802556	14.2619802556	12.7280562656	14.9625864111	14.0063713123	14.0063713123	14.4857011167	14.8748811311	14.4857011167	13.993171467	14.8748811311	13.993171467	12.7682221893	14.0063713123	12.7280562656	12.7682221893	14.1234162661	14.4857011167	12.7280562656	14.1234162661	12.7682221893	14.8748811311	12.7280562656	14.9625864111	14.8748811311	15.7465604781	12.7280562656	13.993171467	14.9625864111	14.0063713123	14.4857011167	14.4857011167	0.0	7.46486796905
16.2972460948	14.2492657342	14.2492657342	19.8456469133	10.1996158875	19.8456469133	10.4763586755	16.2972460948	14.3207262759	16.2972460948	14.2492657342	13.3089851809	13.3140132305	11.1590907892	12.3868937727	12.3868937727	12.3868937727	11.1590907892	12.9756493888	13.0912242202	13.0912242202	8.74943972196	8.04573555849	8.74943972196	8.74943972196	7.14292143573	0.0	0.0	7.14292143573	0.0	8.04573555849	8.04573555849	8.74943972196	8.04573555849	16.6327240046	8.74943972196	8.74943972196	8.74943972196	8.74943972196	16.6327240046	7.14292143573	14.8031865402	15.6016186384	15.2680752666	15.2680752666	13.472686318	15.6542921319	14.8031865402	14.8031865402	15.203053533	15.6016186384	15.203053533	15.0073780965	15.6016186384	15.0073780965	13.5308788448	14.8031865402	13.472686318	13.5308788448	15.1389780581	15.203053533	13.472686318	15.1389780581	13.5308788448	15.6016186384	13.472686318	15.6542921319	15.6016186384	16.5028782365	13.472686318	15.0073780965	15.6542921319	14.8031865402	15.203053533	15.203053533	7.14292143573	8.74943972196
16.1842665695	14.2297719586	14.2297719586	19.8042777837	10.20595909	19.8042777837	10.4700350763	16.1842665695	14.2474351005	16.1842665695	14.2297719586	13.0345865782	13.0892357767	10.9122458448	12.1400179829	12.1400179829	12.1400179829	10.9122458448	12.7424049378	12.9113711841	12.9113711841	7.00842117466	0.0	7.00842117466	7.00842117466	5.97581464495	8.04573555849	8.04573555849	5.97581464495	8.04573555849	0.0	0.0	7.00842117466	0.0	15.1693803037	7.00842117466	7.00842117466	7.00842117466	7.00842117466	15.1693803037	5.97581464495	13.8114427322	14.7392140637	13.8602189377	13.8602189377	12.5792606299	14.8543955933	13.8114427322	13.8114427322	14.3619488793	14.7392140637	14.3619488793	13.5704352731	14.7392140637	13.5704352731	12.6016291616	13.8114427322	12.5792606299	12.6016291616	13.6953547978	14.3619488793	12.5792606299	13.6953547978	12.6016291616	14.7392140637	12.5792606299	14.8543955933	14.7392140637	15.5829416651	12.5792606299	13.5704352731	14.8543955933	13.8114427322	14.3619488793	14.3619488793	5.97581464495	7.00842117466
16.1842665695	14.2297719586	14.2297719586	19.8042777837	10.20595909	19.8042777837	10.4700350763	16.1842665695	14.2474351005	16.1842665695	14.2297719586	13.0345865782	13.0892357767	10.9122458448	12.1400179829	12.1400179829	12.1400179829	10.9122458448	12.7424049378	12.9113711841	12.9113711841	7.00842117466	0.0	7.00842117466	7.00842117466	5.97581464495	8.04573555849	8.04573555849	5.97581464495	8.04573555849	0.0	0.0	7.00842117466	0.0	15.1693803037	7.00842117466	7.00842117466	7.00842117466	7.00842117466	15.1693803037	5.97581464495	13.8114427322	14.7392140637	13.8602189377	13.8602189377	12.5792606299	14.8543955933	13.8114427322	13.8114427322	14.3619488793	14.7392140637	14.3619488793	13.5704352731	14.7392140637	13.5704352731	12.6016291616	13.8114427322	12.5792606299	12.6016291616	13.6953547978	14.3619488793	12.5792606299	13.6953547978	12.6016291616	14.7392140637	12.5792606299	14.8543955933	14.7392140637	15.5829416651	12.5792606299	13.5704352731	14.8543955933	13.8114427322	14.3619488793	14.3619488793	5.97581464495	7.00842117466
17.1117963947	15.1893072155	15.1893072155	20.7268184705	11.2399806752	20.7268184705	11.4824084467	17.1117963947	15.1909232319	17.1117963947	15.1893072155	13.9592656146	14.0165369884	11.8380885262	13.0657168291	13.0657168291	13.0657168291	11.8380885262	13.6776551362	13.84461116	13.84461116	0.0	7.00842117466	0.0	0.0	7.46486796905	8.74943972196	8.74943972196	7.46486796905	8.74943972196	7.00842117466	7.00842117466	0.0	7.00842117466	15.0201429601	0.0	0.0	0.0	0.0	15.0201429601	7.46486796905	14.5471529953	15.523657627	14.3931266597	14.3931266597	13.3588238822	15.6576592061	14.5471529953	14.5471529953	15.1688150962	15.523657627	15.1688150962	13.9089093766	15.523657627	13.9089093766	13.3565898973	14.5471529953	13.3588238822	13.3565898973	13.9319362422	15.1688150962	13.3588238822	13.9319362422	13.3565898973	15.523657627	13.3588238822	15.6576592061	15.523657627	16.3309825015	13.3588238822	13.9089093766	15.6576592061	14.5471529953	15.1688150962	15.1688150962	7.46486796905	0.0
16.1842665695	14.2297719586	14.2297719586	19.8042777837	10.20595909	19.8042777837	10.4700350763	16.1842665695	14.2474351005	16.1842665695	14.2297719586	13.0345865782	13.0892357767	10.9122458448	12.1400179829	12.1400179829	12.1400179829	10.9122458448	12.7424049378	12.9113711841	12.9113711841	7.00842117466	0.0	7.00842117466	7.00842117466	5.97581464495	8.04573555849	8.04573555849	5.97581464495	8.04573555849	0.0	0.0	7.00842117466	0.0	15.1693803037	7.00842117466	7.00842117466	7.00842117466	7.00842117466	15.1693803037	5.97581464495	13.8114427322	14.7392140637	13.8602189377	13.8602189377	12.5792606299	14.8543955933	13.8114427322	13.8114427322	14.3619488793	14.7392140637	14.3619488793	13.5704352731	14.7392140637	13.5704352731	12.6016291616	13.8114427322	12.5792606299	12.6016291616	13.6953547978	14.3619488793	12.5792606299	13.6953547978	12.6016291616	14.7392140637	12.5792606299	14.8543955933	14.7392140637	15.5829416651	12.5792606299	13.5704352731	14.8543955933	13.8114427322	14.3619488793	14.3619488793	5.97581464495	7.00842117466
23.5662506582	21.8172900445	21.8172900445	27.2377672588	18.0837760259	27.2377672588	18.2588453763	23.5662506582	21.7267866801	23.5662506582	21.8172900445	20.2480120847	20.361099752	18.1568443311	19.3839972554	19.3839972554	19.3839972554	18.1568443311	20.0387824295	20.2503307776	20.2503307776	15.0201429601	15.1693803037	15.0201429601	15.0201429601	15.6121083214	16.6327240046	16.6327240046	15.6121083214	16.6327240046	15.1693803037	15.1693803037	15.0201429601	15.1693803037	0.0	15.0201429601	15.0201429601	15.0201429601	15.0201429601	0.0	15.6121083214	19.4794991211	20.7479240489	18.4767057678	18.4767057678	18.5445280384	21.0065077932	19.4794991211	19.4794991211	20.5109649456	20.7479240489	20.5109649456	16.7336190738	20.7479240489	16.7336190738	18.4040950941	19.4794991211	18.5445280384	18.4040950941	15.8996799059	20.5109649456	18.5445280384	15.8996799059	18.4040950941	20.7479240489	18.5445280384	21.0065077932	20.7479240489	21.3452218713	18.5445280384	16.7336190738	21.0065077932	19.4794991211	20.5109649456	20.5109649456	15.6121083214	15.0201429601
17.1117963947	15.1893072155	15.1893072155	20.7268184705	11.2399806752	20.7268184705	11.4824084467	17.1117963947	15.1909232319	17.1117963947	15.1893072155	13.9592656146	14.0165369884	11.8380885262	13.0657168291	13.0657168291	13.0657168291	11.8380885262	13.6776551362	13.84461116	13.84461116	0.0	7.00842117466	0.0	0.0	7.46486796905	8.74943972196	8.74943972196	7.46486796905	8.74943972196	7.00842117466	7.00842117466	0.0	7.00842117466	15.0201429601	0.0	0.0	0.0	0.0	15.0201429601	7.46486796905	14.5471529953	15.523657627	14.3931266597	14.3931266597	13.3588238822	15.6576592061	14.5471529953	14.5471529953	15.1688150962	15.523657627	15.1688150962	13.9089093766	15.523657627	13.9089093766	13.3565898973	14.5471529953	13.3588238822	13.3565898973	13.9319362422	15.1688150962	13.3588238822	13.9319362422	13.3565898973	15.523657627	13.3588238822	15.6576592061	15.523657627	16.3309825015	13.3588238822	13.9089093766	15.6576592061	14.5471529953	15.1688150962	15.1688150962	7.46486796905	0.0
17.1117963947	15.1893072155	15.1893072155	20.7268184705	11.2399806752	20.7268184705	11.4824084467	17.1117963947	15.1909232319	17.1117963947	15.1893072155	13.9592656146	14.0165369884	11.8380885262	13.0657168291	13.0657168291	13.0657168291	11.8380885262	13.6776551362	13.84461116	13.84461116	0.0	7.00842117466	0.0	0.0	7.46486796905	8.74943972196	8.74943972196	7.46486796905	8.74943972196	7.00842117466	7.00842117466	0.0	7.00842117466	15.0201429601	0.0	0.0	0.0	0.0	15.0201429601	7.46486796905	14.5471529953	15.523657627	14.3931266597	14.3931266597	13.3588238822	15.6576592061	14.5471529953	14.5471529953	15.1688150962	15.523657627	15.1688150962	13.9089093766	15.523657627	13.9089093766	13.3565898973	14.5471529953	13.3588238822	13.3565898973	13.9319362422	15.1688150962	13.3588238822	13.9319362422	13.3565898973	15.523657627	13.3588238822	15.6576592061	15.523657627	16.3309825015	13.3588238822	13.9089093766	15.6576592061	14.5471529953	15.1688150962	15.1688150962	7.46486796905	0.0
17.1117963947	15.1893072155	15.1893072155	20.7268184705	11.2399806752	20.7268184705	11.4824084467	17.1117963947	15.1909232319	17.1117963947	15.1893072155	13.9592656146	14.0165369884	11.8380885262	13.0657168291	13.0657168291	13.0657168291	11.8380885262	13.6776551362	13.84461116	13.84461116	0.0	7.00842117466	0.0	0.0	7.46486796905	8.74943972196	8.74943972196	7.46486796905	8.74943972196	7.00842117466	7.00842117466	0.0	7.00842117466	15.0201429601	0.0	0.0	0.0	0.0	15.0201429601	7.46486796905	14.5471529953	15.523657627	14.3931266597	14.3931266597	13.3588238822	15.6576592061	14.5471529953	14.5471529953	15.1688150962	15.523657627	15.1688150962	13.9089093766	15.523657627	13.9089093766	13.3565898973	14.5471529953	13.3588238822	13.3565898973	13.9319362422	15.1688150962	13.3588238822	13.9319362422	13.3565898973	15.523657627	13.3588238822	15.6576592061	15.523657627	16.3309825015	13.3588238822	13.9089093766	15.6576592061	14.5471529953	15.1688150962	15.1688150962	7.46486796905	0.0
