0.0	3.60630979899	3.60630979899	3.60013426653	1.90076011664	3.60013426653	1.8935726431	0.0	3.34035808481	0.0	3.60630979899	1.78389405192	1.76202814901	1.77114356331	1.77407263225	1.77407263225	1.77407263225	1.77114356331	1.78036968142	1.76313822866	1.76313822866	1.95972424111	1.94554397059	1.95972424111	1.95972424111	1.94091397017	1.95198045633	1.95198045633	1.94091397017	1.95198045633	1.94554397059	1.94554397059	1.95972424111	1.94554397059	3.74150583319	1.95972424111	1.95972424111	1.95972424111	1.95972424111	3.74150583319	1.94091397017	5.41714544917	5.06515663033	5.11000238416	5.11000238416	5.09675171928	3.8461632616	5.41714544917	5.41714544917	4.79715571557	5.06515663033	4.79715571557	4.70614143245	5.06515663033	4.70614143245	5.33129930707	5.41714544917	5.09675171928	5.33129930707	4.32248868394	4.79715571557	5.09675171928	4.32248868394	5.33129930707	5.06515663033	5.09675171928	3.8461632616	5.06515663033	5.40888874065	5.09675171928	4.70614143245	3.8461632616	5.41714544917	4.79715571557	4.79715571557	1.94091397017	1.95972424111
3.60630979899	0.0	0.0	3.76750851531	1.86887419382	3.76750851531	1.8591949035	3.60630979899	3.27025083639	3.60630979899	0.0	1.92645809155	1.91643486229	1.92011780583	1.92309576003	1.92309576003	1.92309576003	1.92011780583	1.90764029836	1.907523066	1.907523066	1.93809358309	1.92299196879	1.93809358309	1.93809358309	1.9173987799	1.92787275397	1.92787275397	1.9173987799	1.92787275397	1.92299196879	1.92299196879	1.93809358309	1.92299196879	3.72823804604	1.93809358309	1.93809358309	1.93809358309	1.93809358309	3.72823804604	1.9173987799	5.48635153994	5.16282908745	5.11573033784	5.11573033784	5.19134322628	3.94950582341	5.48635153994	5.48635153994	4.90157731919	5.16282908745	4.90157731919	4.69945457739	5.16282908745	4.69945457739	5.41550270215	5.48635153994	5.19134322628	5.41550270215	4.31032279312	4.90157731919	5.19134322628	4.31032279312	5.41550270215	5.16282908745	5.19134322628	3.94950582341	5.16282908745	5.4922206786	5.19134322628	4.69945457739	3.94950582341	5.48635153994	4.90157731919	4.90157731919	1.9173987799	1.93809358309
3.60630979899	0.0	0.0	3.76750851531	1.86887419382	3.76750851531	1.8591949035	3.60630979899	3.27025083639	3.60630979899	0.0	1.92645809155	1.91643486229	1.92011780583	1.92309576003	1.92309576003	1.92309576003	1.92011780583	1.90764029836	1.907523066	1.907523066	1.93809358309	1.92299196879	1.93809358309	1.93809358309	1.9173987799	1.92787275397	1.92787275397	1.9173987799	1.92787275397	1.92299196879	1.92299196879	1.93809358309	1.92299196879	3.72823804604	1.93809358309	1.93809358309	1.93809358309	1.93809358309	3.72823804604	1.9173987799	5.48635153994	5.16282908745	5.11573033784	5.11573033784	5.19134322628	3.94950582341	5.48635153994	5.48635153994	4.90157731919	5.16282908745	4.90157731919	4.69945457739	5.16282908745	4.69945457739	5.41550270215	5.48635153994	5.19134322628	5.41550270215	4.31032279312	4.90157731919	5.19134322628	4.31032279312	5.41550270215	5.16282908745	5.19134322628	3.94950582341	5.16282908745	5.4922206786	5.19134322628	4.69945457739	3.94950582341	5.48635153994	4.90157731919	4.90157731919	1.9173987799	1.93809358309
3.60013426653	3.76750851531	3.76750851531	0.0	2.05994184595	0.0	2.05364237262	3.60013426653	3.5126046055	3.60013426653	3.76750851531	1.95772701003	1.93632973538	1.94529501631	1.94816277812	1.94816277812	1.94816277812	1.94529501631	1.95435338421	1.93838964923	1.93838964923	2.1137474671	2.10015371318	2.1137474671	2.1137474671	2.09592927904	2.1070804274	2.1070804274	2.09592927904	2.1070804274	2.10015371318	2.10015371318	2.1137474671	2.10015371318	3.89013923639	2.1137474671	2.1137474671	2.1137474671	2.1137474671	3.89013923639	2.09592927904	5.58190434646	5.23413486167	5.26545570416	5.26545570416	5.26536832936	4.01588798275	5.58190434646	5.58190434646	4.9673274344	5.23413486167	4.9673274344	4.85887595733	5.23413486167	4.85887595733	5.49820408846	5.58190434646	5.26536832936	5.49820408846	4.47384710024	4.9673274344	5.26536832936	4.47384710024	5.49820408846	5.23413486167	5.26536832936	4.01588798275	5.23413486167	5.57550179331	5.26536832936	4.85887595733	4.01588798275	5.58190434646	4.9673274344	4.9673274344	2.09592927904	2.1137474671
1.90076011664	1.86887419382	1.86887419382	2.05994184595	0.0	2.05994184595	0.0529942998338	1.90076011664	1.712099483	1.90076011664	1.86887419382	0.215926324006	0.207632568174	0.210756536099	0.213624301568	0.213624301568	0.213624301568	0.210756536099	0.197226378345	0.199849175055	0.199849175055	0.123805114491	0.107947692777	0.123805114491	0.123805114491	0.101666253717	0.111877084054	0.111877084054	0.101666253717	0.111877084054	0.107947692777	0.107947692777	0.123805114491	0.107947692777	1.92047776523	0.123805114491	0.123805114491	0.123805114491	0.123805114491	1.92047776523	0.101666253717	3.73474909889	3.4305255463	3.32056780632	3.32056780632	3.457113001	2.22073769848	3.73474909889	3.73474909889	3.17417716889	3.4305255463	3.17417716889	2.895823488	3.4305255463	2.895823488	3.67403267121	3.73474909889	3.457113001	3.67403267121	2.50299150921	3.17417716889	3.457113001	2.50299150921	3.67403267121	3.4305255463	3.457113001	2.22073769848	3.4305255463	3.74997170373	3.457113001	2.895823488	2.22073769848	3.73474909889	3.17417716889	3.17417716889	0.101666253717	0.123805114491
3.60013426653	3.76750851531	3.76750851531	0.0	2.05994184595	0.0	2.05364237262	3.60013426653	3.5126046055	3.60013426653	3.76750851531	1.95772701003	1.93632973538	1.94529501631	1.94816277812	1.94816277812	1.94816277812	1.94529501631	1.95435338421	1.93838964923	1.93838964923	2.1137474671	2.10015371318	2.1137474671	2.1137474671	2.09592927904	2.1070804274	2.1070804274	2.09592927904	2.1070804274	2.10015371318	2.10015371318	2.1137474671	2.10015371318	3.89013923639	2.1137474671	2.1137474671	2.1137474671	2.1137474671	3.89013923639	2.09592927904	5.58190434646	5.23413486167	5.26545570416	5.26545570416	5.26536832936	4.01588798275	5.58190434646	5.58190434646	4.9673274344	5.23413486167	4.9673274344	4.85887595733	5.23413486167	4.85887595733	5.49820408846	5.58190434646	5.26536832936	5.49820408846	4.47384710024	4.9673274344	5.26536832936	4.47384710024	5.49820408846	5.23413486167	5.26536832936	4.01588798275	5.23413486167	5.57550179331	5.26536832936	4.85887595733	4.01588798275	5.58190434646	4.9673274344	4.9673274344	2.09592927904	2.1137474671
1.8935726431	1.8591949035	1.8591949035	2.05364237262	0.0529942998338	2.05364237262	0.0	1.8935726431	1.70389379975	1.8935726431	1.8591949035	0.208582318562	0.20021881176	0.203350468448	0.206229607158	0.206229607158	0.206229607158	0.203350468448	0.189666525699	0.192313091452	0.192313091452	0.132614691723	0.116861007774	0.132614691723	0.132614691723	0.110651618938	0.120845852007	0.120845852007	0.110651618938	0.120845852007	0.116861007774	0.116861007774	0.132614691723	0.116861007774	1.92848597486	0.132614691723	0.132614691723	0.132614691723	0.132614691723	1.92848597486	0.110651618938	3.73357404702	3.42625741823	3.32640032119	3.32640032119	3.45314251293	2.21591889637	3.73357404702	3.73357404702	3.16910109078	3.42625741823	3.16910109078	2.90305374821	3.42625741823	2.90305374821	3.67123844744	3.73357404702	3.45314251293	3.67123844744	2.51083814367	3.16910109078	3.45314251293	2.51083814367	3.67123844744	3.42625741823	3.45314251293	2.21591889637	3.42625741823	3.74731716315	3.45314251293	2.90305374821	2.21591889637	3.73357404702	3.16910109078	3.16910109078	0.110651618938	0.132614691723
0.0	3.60630979899	3.60630979899	3.60013426653	1.90076011664	3.60013426653	1.8935726431	0.0	3.34035808481	0.0	3.60630979899	1.78389405192	1.76202814901	1.77114356331	1.77407263225	1.77407263225	1.77407263225	1.77114356331	1.78036968142	1.76313822866	1.76313822866	1.95972424111	1.94554397059	1.95972424111	1.95972424111	1.94091397017	1.95198045633	1.95198045633	1.94091397017	1.95198045633	1.94554397059	1.94554397059	1.95972424111	1.94554397059	3.74150583319	1.95972424111	1.95972424111	1.95972424111	1.95972424111	3.74150583319	1.94091397017	5.41714544917	5.06515663033	5.11000238416	5.11000238416	5.09675171928	3.8461632616	5.41714544917	5.41714544917	4.79715571557	5.06515663033	4.79715571557	4.70614143245	5.06515663033	4.70614143245	5.33129930707	5.41714544917	5.09675171928	5.33129930707	4.32248868394	4.79715571557	5.09675171928	4.32248868394	5.33129930707	5.06515663033	5.09675171928	3.8461632616	5.06515663033	5.40888874065	5.09675171928	4.70614143245	3.8461632616	5.41714544917	4.79715571557	4.79715571557	1.94091397017	1.95972424111
3.34035808481	3.27025083639	3.27025083639	3.5126046055	1.712099483	3.5126046055	1.70389379975	3.34035808481	0.0	3.34035808481	3.27025083639	1.66805682693	1.65484416908	1.65961016425	1.66277806124	1.66277806124	1.66277806124	1.65961016425	1.65061240144	1.64279217186	1.64279217186	1.77548109371	1.76089498511	1.77548109371	1.77548109371	1.75585539483	1.76668025441	1.76668025441	1.75585539483	1.76668025441	1.76089498511	1.76089498511	1.77548109371	1.76089498511	3.56095563168	1.77548109371	1.77548109371	1.77548109371	1.77548109371	3.56095563168	1.75585539483	5.26824162055	4.92738522656	4.93650430318	4.93650430318	4.9576825883	3.71077864284	5.26824162055	5.26824162055	4.66183508026	4.92738522656	4.66183508026	4.52792205602	4.92738522656	4.52792205602	5.18828754885	5.26824162055	4.9576825883	5.18828754885	4.14219028593	4.66183508026	4.9576825883	4.14219028593	5.18828754885	4.92738522656	4.9576825883	3.71077864284	4.92738522656	5.26565116907	4.9576825883	4.52792205602	3.71077864284	5.26824162055	4.66183508026	4.66183508026	1.75585539483	1.77548109371
0.0	3.60630979899	3.60630979899	3.60013426653	1.90076011664	3.60013426653	1.8935726431	0.0	3.34035808481	0.0	3.60630979899	1.78389405192	1.76202814901	1.77114356331	1.77407263225	1.77407263225	1.77407263225	1.77114356331	1.78036968142	1.76313822866	1.76313822866	1.95972424111	1.94554397059	1.95972424111	1.95972424111	1.94091397017	1.95198045633	1.95198045633	1.94091397017	1.95198045633	1.94554397059	1.94554397059	1.95972424111	1.94554397059	3.74150583319	1.95972424111	1.95972424111	1.95972424111	1.95972424111	3.74150583319	1.94091397017	5.41714544917	5.06515663033	5.11000238416	5.11000238416	5.09675171928	3.8461632616	5.41714544917	5.41714544917	4.79715571557	5.06515663033	4.79715571557	4.70614143245	5.06515663033	4.70614143245	5.33129930707	5.41714544917	5.09675171928	5.33129930707	4.32248868394	4.79715571557	5.09675171928	4.32248868394	5.33129930707	5.06515663033	5.09675171928	3.8461632616	5.06515663033	5.40888874065	5.09675171928	4.70614143245	3.8461632616	5.41714544917	4.79715571557	4.79715571557	1.94091397017	1.95972424111
3.60630979899	0.0	0.0	3.76750851531	1.86887419382	3.76750851531	1.8591949035	3.60630979899	3.27025083639	3.60630979899	0.0	1.92645809155	1.91643486229	1.92011780583	1.92309576003	1.92309576003	1.92309576003	1.92011780583	1.90764029836	1.907523066	1.907523066	1.93809358309	1.92299196879	1.93809358309	1.93809358309	1.9173987799	1.92787275397	1.92787275397	1.9173987799	1.92787275397	1.92299196879	1.92299196879	1.93809358309	1.92299196879	3.72823804604	1.93809358309	1.93809358309	1.93809358309	1.93809358309	3.72823804604	1.9173987799	5.48635153994	5.16282908745	5.11573033784	5.11573033784	5.19134322628	3.94950582341	5.48635153994	5.48635153994	4.90157731919	5.16282908745	4.90157731919	4.69945457739	5.16282908745	4.69945457739	5.41550270215	5.48635153994	5.19134322628	5.41550270215	4.31032279312	4.90157731919	5.19134322628	4.31032279312	5.41550270215	5.16282908745	5.19134322628	3.94950582341	5.16282908745	5.4922206786	5.19134322628	4.69945457739	3.94950582341	5.48635153994	4.90157731919	4.90157731919	1.9173987799	1.93809358309
1.78389405192	1.92645809155	1.92645809155	1.95772701003	0.215926324006	1.95772701003	0.208582318562	1.78389405192	1.66805682693	1.78389405192	1.92645809155	0.0	0.076368903645	0.0702763524351	0.0707770559346	0.0707770559346	0.0707770559346	0.0702763524351	0.0846453066412	0.0826239509054	0.0826239509054	0.27630734153	0.26193419598	0.27630734153	0.27630734153	0.25720743349	0.268295860316	0.268295860316	0.25720743349	0.268295860316	0.26193419598	0.26193419598	0.27630734153	0.26193419598	2.05988325874	0.27630734153	0.27630734153	0.27630734153	0.27630734153	2.05988325874	0.25720743349	3.71709438581	3.35920482385	3.42257042147	3.42257042147	3.39153223014	2.13885135533	3.71709438581	3.71709438581	3.08998864473	3.35920482385	3.08998864473	3.0215867265	3.35920482385	3.0215867265	3.6281458828	3.71709438581	3.39153223014	3.6281458828	2.63931125887	3.08998864473	3.39153223014	2.63931125887	3.6281458828	3.35920482385	3.39153223014	2.13885135533	3.35920482385	3.70583907971	3.39153223014	3.0215867265	2.13885135533	3.71709438581	3.08998864473	3.08998864473	0.25720743349	0.27630734153
1.76202814901	1.91643486229	1.91643486229	1.93632973538	0.207632568174	1.93632973538	0.20021881176	1.76202814901	1.65484416908	1.76202814901	1.91643486229	0.076368903645	0.0	0.0572146175085	0.06136852155	0.06136852155	0.06136852155	0.0572146175085	0.0773172892071	0.0639471448367	0.0639471448367	0.268049091029	0.25369472996	0.268049091029	0.268049091029	0.248955926827	0.260013631119	0.260013631119	0.248955926827	0.260013631119	0.25369472996	0.25369472996	0.268049091029	0.25369472996	2.05143409994	0.268049091029	0.268049091029	0.268049091029	0.268049091029	2.05143409994	0.248955926827	3.718375803	3.36383461149	3.41683448712	3.41683448712	3.39568776341	2.14434101388	3.718375803	3.718375803	3.09519110092	3.36383461149	3.09519110092	3.01438047711	3.36383461149	3.01438047711	3.63120842051	3.718375803	3.39568776341	3.63120842051	2.63141295026	3.09519110092	3.39568776341	2.63141295026	3.63120842051	3.36383461149	3.39568776341	2.14434101388	3.36383461149	3.70891600386	3.39568776341	3.01438047711	2.14434101388	3.718375803	3.09519110092	3.09519110092	0.248955926827	0.268049091029
1.77114356331	1.92011780583	1.92011780583	1.94529501631	0.210756536099	1.94529501631	0.203350468448	1.77114356331	1.65961016425	1.77114356331	1.92011780583	0.0702763524351	0.0572146175085	0.0	0.0464290879737	0.0464290879737	0.0464290879737	0.0	0.0787035661952	0.0709287795347	0.0709287795347	0.271229441426	0.256862501894	0.271229441426	0.271229441426	0.252121749878	0.263186670279	0.263186670279	0.252121749878	0.263186670279	0.256862501894	0.256862501894	0.271229441426	0.256862501894	2.0547348043	0.271229441426	0.271229441426	0.271229441426	0.271229441426	2.0547348043	0.252121749878	3.7188750887	3.36339717918	3.41932159805	3.41932159805	3.39537564741	2.14367265074	3.7188750887	3.7188750887	3.09457913928	3.36339717918	3.09457913928	3.01729666896	3.36339717918	3.01729666896	3.63121162986	3.7188750887	3.39537564741	3.63121162986	2.63453166858	3.09457913928	3.39537564741	2.63453166858	3.63121162986	3.36339717918	3.39537564741	2.14367265074	3.36339717918	3.70892357762	3.39537564741	3.01729666896	2.14367265074	3.7188750887	3.09457913928	3.09457913928	0.252121749878	0.271229441426
1.77407263225	1.92309576003	1.92309576003	1.94816277812	0.213624301568	1.94816277812	0.206229607158	1.77407263225	1.66277806124	1.77407263225	1.92309576003	0.0707770559346	0.06136852155	0.0464290879737	0.0	0.0	0.0	0.0464290879737	0.0820671285659	0.0743006742262	0.0743006742262	0.274061886394	0.259697020547	0.274061886394	0.274061886394	0.254959867724	0.266027975852	0.266027975852	0.254959867724	0.266027975852	0.259697020547	0.259697020547	0.274061886394	0.259697020547	2.05754985235	0.274061886394	0.274061886394	0.274061886394	0.274061886394	2.05754985235	0.254959867724	3.72093111686	3.36517116734	3.42194173872	3.42194173872	3.39720234045	2.14534826538	3.72093111686	3.72093111686	3.09633124646	3.36517116734	3.09633124646	3.02002757442	3.36517116734	3.02002757442	3.63311398736	3.72093111686	3.39720234045	3.63311398736	2.63731500773	3.09633124646	3.39720234045	2.63731500773	3.63311398736	3.36517116734	3.39720234045	2.14534826538	3.36517116734	3.71080845579	3.39720234045	3.02002757442	2.14534826538	3.72093111686	3.09633124646	3.09633124646	0.254959867724	0.274061886394
1.77407263225	1.92309576003	1.92309576003	1.94816277812	0.213624301568	1.94816277812	0.206229607158	1.77407263225	1.66277806124	1.77407263225	1.92309576003	0.0707770559346	0.06136852155	0.0464290879737	0.0	0.0	0.0	0.0464290879737	0.0820671285659	0.0743006742262	0.0743006742262	0.274061886394	0.259697020547	0.274061886394	0.274061886394	0.254959867724	0.266027975852	0.266027975852	0.254959867724	0.266027975852	0.259697020547	0.259697020547	0.274061886394	0.259697020547	2.05754985235	0.274061886394	0.274061886394	0.274061886394	0.274061886394	2.05754985235	0.254959867724	3.72093111686	3.36517116734	3.42194173872	3.42194173872	3.39720234045	2.14534826538	3.72093111686	3.72093111686	3.09633124646	3.36517116734	3.09633124646	3.02002757442	3.36517116734	3.02002757442	3.63311398736	3.72093111686	3.39720234045	3.63311398736	2.63731500773	3.09633124646	3.39720234045	2.63731500773	3.63311398736	3.36517116734	3.39720234045	2.14534826538	3.36517116734	3.71080845579	3.39720234045	3.02002757442	2.14534826538	3.72093111686	3.09633124646	3.09633124646	0.254959867724	0.274061886394
1.77407263225	1.92309576003	1.92309576003	1.94816277812	0.213624301568	1.94816277812	0.206229607158	1.77407263225	1.66277806124	1.77407263225	1.92309576003	0.0707770559346	0.06136852155	0.0464290879737	0.0	0.0	0.0	0.0464290879737	0.0820671285659	0.0743006742262	0.0743006742262	0.274061886394	0.259697020547	0.274061886394	0.274061886394	0.254959867724	0.266027975852	0.266027975852	0.254959867724	0.266027975852	0.259697020547	0.259697020547	0.274061886394	0.259697020547	2.05754985235	0.274061886394	0.274061886394	0.274061886394	0.274061886394	2.05754985235	0.254959867724	3.72093111686	3.36517116734	3.42194173872	3.42194173872	3.39720234045	2.14534826538	3.72093111686	3.72093111686	3.09633124646	3.36517116734	3.09633124646	3.02002757442	3.36517116734	3.02002757442	3.63311398736	3.72093111686	3.39720234045	3.63311398736	2.63731500773	3.09633124646	3.39720234045	2.63731500773	3.63311398736	3.36517116734	3.39720234045	2.14534826538	3.36517116734	3.71080845579	3.39720234045	3.02002757442	2.14534826538	3.72093111686	3.09633124646	3.09633124646	0.254959867724	0.274061886394
1.77114356331	1.92011780583	1.92011780583	1.94529501631	0.210756536099	1.94529501631	0.203350468448	1.77114356331	1.65961016425	1.77114356331	1.92011780583	0.0702763524351	0.0572146175085	0.0	0.0464290879737	0.0464290879737	0.0464290879737	0.0	0.0787035661952	0.0709287795347	0.0709287795347	0.271229441426	0.256862501894	0.271229441426	0.271229441426	0.252121749878	0.263186670279	0.263186670279	0.252121749878	0.263186670279	0.256862501894	0.256862501894	0.271229441426	0.256862501894	2.0547348043	0.271229441426	0.271229441426	0.271229441426	0.271229441426	2.0547348043	0.252121749878	3.7188750887	3.36339717918	3.41932159805	3.41932159805	3.39537564741	2.14367265074	3.7188750887	3.7188750887	3.09457913928	3.36339717918	3.09457913928	3.01729666896	3.36339717918	3.01729666896	3.63121162986	3.7188750887	3.39537564741	3.63121162986	2.63453166858	3.09457913928	3.39537564741	2.63453166858	3.63121162986	3.36339717918	3.39537564741	2.14367265074	3.36339717918	3.70892357762	3.39537564741	3.01729666896	2.14367265074	3.7188750887	3.09457913928	3.09457913928	0.252121749878	0.271229441426
1.78036968142	1.90764029836	1.90764029836	1.95435338421	0.197226378345	1.95435338421	0.189666525699	1.78036968142	1.65061240144	1.78036968142	1.90764029836	0.0846453066412	0.0773172892071	0.0787035661952	0.0820671285659	0.0820671285659	0.0820671285659	0.0787035661952	0.0	0.0723059053027	0.0723059053027	0.258504142267	0.244052920232	0.258504142267	0.258504142267	0.239244810526	0.250285601177	0.250285601177	0.239244810526	0.250285601177	0.244052920232	0.244052920232	0.258504142267	0.244052920232	2.04277447978	0.258504142267	0.258504142267	0.258504142267	0.258504142267	2.04277447978	0.239244810526	3.70862495046	3.35430073902	3.40740462849	3.40740462849	3.38581878174	2.13542509955	3.70862495046	3.70862495046	3.08507572319	3.35430073902	3.08507572319	3.00523203312	3.35430073902	3.00523203312	3.62165738286	3.70862495046	3.38581878174	3.62165738286	2.6223873818	3.08507572319	3.38581878174	2.6223873818	3.62165738286	3.35430073902	3.38581878174	2.13542509955	3.35430073902	3.69973900865	3.38581878174	3.00523203312	2.13542509955	3.70862495046	3.08507572319	3.08507572319	0.239244810526	0.258504142267
1.76313822866	1.907523066	1.907523066	1.93838964923	0.199849175055	1.93838964923	0.192313091452	1.76313822866	1.64279217186	1.76313822866	1.907523066	0.0826239509054	0.0639471448367	0.0709287795347	0.0743006742262	0.0743006742262	0.0743006742262	0.0709287795347	0.0723059053027	0.0	0.0	0.260760524457	0.24636296599	0.260760524457	0.260760524457	0.241580202142	0.252612906066	0.252612906066	0.241580202142	0.252612906066	0.24636296599	0.24636296599	0.260760524457	0.24636296599	2.04453209904	0.260760524457	0.260760524457	0.260760524457	0.260760524457	2.04453209904	0.241580202142	3.71543736671	3.36237168139	3.41082971465	3.41082971465	3.39398642667	2.14331790224	3.71543736671	3.71543736671	3.09391858489	3.36237168139	3.09391858489	3.00779953504	3.36237168139	3.00779953504	3.62906682184	3.71543736671	3.39398642667	3.62906682184	2.62457014084	3.09391858489	3.39398642667	2.62457014084	3.62906682184	3.36237168139	3.39398642667	2.14331790224	3.36237168139	3.7068229058	3.39398642667	3.00779953504	2.14331790224	3.71543736671	3.09391858489	3.09391858489	0.241580202142	0.260760524457
1.76313822866	1.907523066	1.907523066	1.93838964923	0.199849175055	1.93838964923	0.192313091452	1.76313822866	1.64279217186	1.76313822866	1.907523066	0.0826239509054	0.0639471448367	0.0709287795347	0.0743006742262	0.0743006742262	0.0743006742262	0.0709287795347	0.0723059053027	0.0	0.0	0.260760524457	0.24636296599	0.260760524457	0.260760524457	0.241580202142	0.252612906066	0.252612906066	0.241580202142	0.252612906066	0.24636296599	0.24636296599	0.260760524457	0.24636296599	2.04453209904	0.260760524457	0.260760524457	0.260760524457	0.260760524457	2.04453209904	0.241580202142	3.71543736671	3.36237168139	3.41082971465	3.41082971465	3.39398642667	2.14331790224	3.71543736671	3.71543736671	3.09391858489	3.36237168139	3.09391858489	3.00779953504	3.36237168139	3.00779953504	3.62906682184	3.71543736671	3.39398642667	3.62906682184	2.62457014084	3.09391858489	3.39398642667	2.62457014084	3.62906682184	3.36237168139	3.39398642667	2.14331790224	3.36237168139	3.7068229058	3.39398642667	3.00779953504	2.14331790224	3.71543736671	3.09391858489	3.09391858489	0.241580202142	0.260760524457
1.95972424111	1.93809358309	1.93809358309	2.1137474671	0.123805114491	2.1137474671	0.132614691723	1.95972424111	1.77548109371	1.95972424111	1.93809358309	0.27630734153	0.268049091029	0.271229441426	0.274061886394	0.274061886394	0.274061886394	0.271229441426	0.258504142267	0.260760524457	0.260760524457	0.0	0.0634552266095	0.0	0.0	0.0702200360711	0.0920875145734	0.0920875145734	0.0702200360711	0.0920875145734	0.0634552266095	0.0634552266095	0.0	0.0634552266095	1.8663096975	0.0	0.0	0.0	0.0	1.8663096975	0.0702200360711	3.75298805285	3.47058573964	3.28619812499	3.28619812499	3.49536981377	2.26451355639	3.75298805285	3.75298805285	3.2204758064	3.47058573964	3.2204758064	2.84846641069	3.47058573964	2.84846641069	3.70344873016	3.75298805285	3.49536981377	3.70344873016	2.45036770451	3.2204758064	3.49536981377	2.45036770451	3.70344873016	3.47058573964	3.49536981377	2.26451355639	3.47058573964	3.77792376088	3.49536981377	2.84846641069	2.26451355639	3.75298805285	3.2204758064	3.2204758064	0.0702200360711	0.0
1.94554397059	1.92299196879	1.92299196879	2.10015371318	0.107947692777	2.10015371318	0.116861007774	1.94554397059	1.76089498511	1.94554397059	1.92299196879	0.26193419598	0.25369472996	0.256862501894	0.259697020547	0.259697020547	0.259697020547	0.256862501894	0.244052920232	0.24636296599	0.24636296599	0.0634552266095	0.0	0.0634552266095	0.0634552266095	0.0541891864436	0.0801927650144	0.0801927650144	0.0541891864436	0.0801927650144	0.0	0.0	0.0634552266095	0.0	1.8648242209	0.0634552266095	0.0634552266095	0.0634552266095	0.0634552266095	1.8648242209	0.0541891864436	3.7426069344	3.45817128632	3.28120351975	3.28120351975	3.48306632181	2.25177371639	3.7426069344	3.7426069344	3.20737225541	3.45817128632	3.20737225541	2.84569526789	3.45817128632	2.84569526789	3.69208723067	3.7426069344	3.48306632181	3.69208723067	2.44839427713	3.20737225541	3.48306632181	2.44839427713	3.69208723067	3.45817128632	3.48306632181	2.25177371639	3.45817128632	3.76680468848	3.48306632181	2.84569526789	2.25177371639	3.7426069344	3.20737225541	3.20737225541	0.0541891864436	0.0634552266095
1.95972424111	1.93809358309	1.93809358309	2.1137474671	0.123805114491	2.1137474671	0.132614691723	1.95972424111	1.77548109371	1.95972424111	1.93809358309	0.27630734153	0.268049091029	0.271229441426	0.274061886394	0.274061886394	0.274061886394	0.271229441426	0.258504142267	0.260760524457	0.260760524457	0.0	0.0634552266095	0.0	0.0	0.0702200360711	0.0920875145734	0.0920875145734	0.0702200360711	0.0920875145734	0.0634552266095	0.0634552266095	0.0	0.0634552266095	1.8663096975	0.0	0.0	0.0	0.0	1.8663096975	0.0702200360711	3.75298805285	3.47058573964	3.28619812499	3.28619812499	3.49536981377	2.26451355639	3.75298805285	3.75298805285	3.2204758064	3.47058573964	3.2204758064	2.84846641069	3.47058573964	2.84846641069	3.70344873016	3.75298805285	3.49536981377	3.70344873016	2.45036770451	3.2204758064	3.49536981377	2.45036770451	3.70344873016	3.47058573964	3.49536981377	2.26451355639	3.47058573964	3.77792376088	3.49536981377	2.84846641069	2.26451355639	3.75298805285	3.2204758064	3.2204758064	0.0702200360711	0.0
1.95972424111	1.93809358309	1.93809358309	2.1137474671	0.123805114491	2.1137474671	0.132614691723	1.95972424111	1.77548109371	1.95972424111	1.93809358309	0.27630734153	0.268049091029	0.271229441426	0.274061886394	0.274061886394	0.274061886394	0.271229441426	0.258504142267	0.260760524457	0.260760524457	0.0	0.0634552266095	0.0	0.0	0.0702200360711	0.0920875145734	0.0920875145734	0.0702200360711	0.0920875145734	0.0634552266095	0.0634552266095	0.0	0.0634552266095	1.8663096975	0.0	0.0	0.0	0.0	1.8663096975	0.0702200360711	3.75298805285	3.47058573964	3.28619812499	3.28619812499	3.49536981377	2.26451355639	3.75298805285	3.75298805285	3.2204758064	3.47058573964	3.2204758064	2.84846641069	3.47058573964	2.84846641069	3.70344873016	3.75298805285	3.49536981377	3.70344873016	2.45036770451	3.2204758064	3.49536981377	2.45036770451	3.70344873016	3.47058573964	3.49536981377	2.26451355639	3.47058573964	3.77792376088	3.49536981377	2.84846641069	2.26451355639	3.75298805285	3.2204758064	3.2204758064	0.0702200360711	0.0
1.94091397017	1.9173987799	1.9173987799	2.09592927904	0.101666253717	2.09592927904	0.110651618938	1.94091397017	1.75585539483	1.94091397017	1.9173987799	0.25720743349	0.248955926827	0.252121749878	0.254959867724	0.254959867724	0.254959867724	0.252121749878	0.239244810526	0.241580202142	0.241580202142	0.0702200360711	0.0541891864436	0.0702200360711	0.0702200360711	0.0	0.0693330855731	0.0693330855731	0.0	0.0693330855731	0.0541891864436	0.0541891864436	0.0702200360711	0.0541891864436	1.87487947635	0.0702200360711	0.0702200360711	0.0702200360711	0.0702200360711	1.87487947635	0.0	3.74331069995	3.45606372529	3.28885793178	3.28885793178	3.48118336961	2.24919078405	3.74331069995	3.74331069995	3.20444852913	3.45606372529	3.20444852913	2.85503027463	3.45606372529	2.85503027463	3.69135647587	3.74331069995	3.48118336961	3.69135647587	2.45840017992	3.20444852913	3.48118336961	2.45840017992	3.69135647587	3.45606372529	3.48118336961	2.24919078405	3.45606372529	3.76627357022	3.48118336961	2.85503027463	2.24919078405	3.74331069995	3.20444852913	3.20444852913	0.0	0.0702200360711
1.95198045633	1.92787275397	1.92787275397	2.1070804274	0.111877084054	2.1070804274	0.120845852007	1.95198045633	1.76668025441	1.95198045633	1.92787275397	0.268295860316	0.260013631119	0.263186670279	0.266027975852	0.266027975852	0.266027975852	0.263186670279	0.250285601177	0.252612906066	0.252612906066	0.0920875145734	0.0801927650144	0.0920875145734	0.0920875145734	0.0693330855731	0.0	0.0	0.0693330855731	0.0	0.0801927650144	0.0801927650144	0.0920875145734	0.0801927650144	1.89716048287	0.0920875145734	0.0920875145734	0.0920875145734	0.0920875145734	1.89716048287	0.0693330855731	3.75866427096	3.46922135208	3.30949123712	3.30949123712	3.49452888383	2.26197135427	3.75866427096	3.75866427096	3.21699129452	3.46922135208	3.21699129452	2.87683689685	3.46922135208	2.87683689685	3.70557798653	3.75866427096	3.49452888383	3.70557798653	2.48068908842	3.21699129452	3.49452888383	2.48068908842	3.70557798653	3.46922135208	3.49452888383	2.26197135427	3.46922135208	3.78062978763	3.49452888383	2.87683689685	2.26197135427	3.75866427096	3.21699129452	3.21699129452	0.0693330855731	0.0920875145734
1.95198045633	1.92787275397	1.92787275397	2.1070804274	0.111877084054	2.1070804274	0.120845852007	1.95198045633	1.76668025441	1.95198045633	1.92787275397	0.268295860316	0.260013631119	0.263186670279	0.266027975852	0.266027975852	0.266027975852	0.263186670279	0.250285601177	0.252612906066	0.252612906066	0.0920875145734	0.0801927650144	0.0920875145734	0.0920875145734	0.0693330855731	0.0	0.0	0.0693330855731	0.0	0.0801927650144	0.0801927650144	0.0920875145734	0.0801927650144	1.89716048287	0.0920875145734	0.0920875145734	0.0920875145734	0.0920875145734	1.89716048287	0.0693330855731	3.75866427096	3.46922135208	3.30949123712	3.30949123712	3.49452888383	2.26197135427	3.75866427096	3.75866427096	3.21699129452	3.46922135208	3.21699129452	2.87683689685	3.46922135208	2.87683689685	3.70557798653	3.75866427096	3.49452888383	3.70557798653	2.48068908842	3.21699129452	3.49452888383	2.48068908842	3.70557798653	3.46922135208	3.49452888383	2.26197135427	3.46922135208	3.78062978763	3.49452888383	2.87683689685	2.26197135427	3.75866427096	3.21699129452	3.21699129452	0.0693330855731	0.0920875145734
1.94091397017	1.9173987799	1.9173987799	2.09592927904	0.101666253717	2.09592927904	0.110651618938	1.94091397017	1.75585539483	1.94091397017	1.9173987799	0.25720743349	0.248955926827	0.252121749878	0.254959867724	0.254959867724	0.254959867724	0.252121749878	0.239244810526	0.241580202142	0.241580202142	0.0702200360711	0.0541891864436	0.0702200360711	0.0702200360711	0.0	0.0693330855731	0.0693330855731	0.0	0.0693330855731	0.0541891864436	0.0541891864436	0.0702200360711	0.0541891864436	1.87487947635	0.0702200360711	0.0702200360711	0.0702200360711	0.0702200360711	1.87487947635	0.0	3.74331069995	3.45606372529	3.28885793178	3.28885793178	3.48118336961	2.24919078405	3.74331069995	3.74331069995	3.20444852913	3.45606372529	3.20444852913	2.85503027463	3.45606372529	2.85503027463	3.69135647587	3.74331069995	3.48118336961	3.69135647587	2.45840017992	3.20444852913	3.48118336961	2.45840017992	3.69135647587	3.45606372529	3.48118336961	2.24919078405	3.45606372529	3.76627357022	3.48118336961	2.85503027463	2.24919078405	3.74331069995	3.20444852913	3.20444852913	0.0	0.0702200360711
1.95198045633	1.92787275397	1.92787275397	2.1070804274	0.111877084054	2.1070804274	0.120845852007	1.95198045633	1.76668025441	1.95198045633	1.92787275397	0.268295860316	0.260013631119	0.263186670279	0.266027975852	0.266027975852	0.266027975852	0.263186670279	0.250285601177	0.252612906066	0.252612906066	0.0920875145734	0.0801927650144	0.0920875145734	0.0920875145734	0.0693330855731	0.0	0.0	0.0693330855731	0.0	0.0801927650144	0.0801927650144	0.0920875145734	0.0801927650144	1.89716048287	0.0920875145734	0.0920875145734	0.0920875145734	0.0920875145734	1.89716048287	0.0693330855731	3.75866427096	3.46922135208	3.30949123712	3.30949123712	3.49452888383	2.26197135427	3.75866427096	3.75866427096	3.21699129452	3.46922135208	3.21699129452	2.87683689685	3.46922135208	2.87683689685	3.70557798653	3.75866427096	3.49452888383	3.70557798653	2.48068908842	3.21699129452	3.49452888383	2.48068908842	3.70557798653	3.46922135208	3.49452888383	2.26197135427	3.46922135208	3.78062978763	3.49452888383	2.87683689685	2.26197135427	3.75866427096	3.21699129452	3.21699129452	0.0693330855731	0.0920875145734
1.94554397059	1.92299196879	1.92299196879	2.10015371318	0.107947692777	2.10015371318	0.116861007774	1.94554397059	1.76089498511	1.94554397059	1.92299196879	0.26193419598	0.25369472996	0.256862501894	0.259697020547	0.259697020547	0.259697020547	0.256862501894	0.244052920232	0.24636296599	0.24636296599	0.0634552266095	0.0	0.0634552266095	0.0634552266095	0.0541891864436	0.0801927650144	0.0801927650144	0.0541891864436	0.0801927650144	0.0	0.0	0.0634552266095	0.0	1.8648242209	0.0634552266095	0.0634552266095	0.0634552266095	0.0634552266095	1.8648242209	0.0541891864436	3.7426069344	3.45817128632	3.28120351975	3.28120351975	3.48306632181	2.25177371639	3.7426069344	3.7426069344	3.20737225541	3.45817128632	3.20737225541	2.84569526789	3.45817128632	2.84569526789	3.69208723067	3.7426069344	3.48306632181	3.69208723067	2.44839427713	3.20737225541	3.48306632181	2.44839427713	3.69208723067	3.45817128632	3.48306632181	2.25177371639	3.45817128632	3.76680468848	3.48306632181	2.84569526789	2.25177371639	3.7426069344	3.20737225541	3.20737225541	0.0541891864436	0.0634552266095
1.94554397059	1.92299196879	1.92299196879	2.10015371318	0.107947692777	2.10015371318	0.116861007774	1.94554397059	1.76089498511	1.94554397059	1.92299196879	0.26193419598	0.25369472996	0.256862501894	0.259697020547	0.259697020547	0.259697020547	0.256862501894	0.244052920232	0.24636296599	0.24636296599	0.0634552266095	0.0	0.0634552266095	0.0634552266095	0.0541891864436	0.0801927650144	0.0801927650144	0.0541891864436	0.0801927650144	0.0	0.0	0.0634552266095	0.0	1.8648242209	0.0634552266095	0.0634552266095	0.0634552266095	0.0634552266095	1.8648242209	0.0541891864436	3.7426069344	3.45817128632	3.28120351975	3.28120351975	3.48306632181	2.25177371639	3.7426069344	3.7426069344	3.20737225541	3.45817128632	3.20737225541	2.84569526789	3.45817128632	2.84569526789	3.69208723067	3.7426069344	3.48306632181	3.69208723067	2.44839427713	3.20737225541	3.48306632181	2.44839427713	3.69208723067	3.45817128632	3.48306632181	2.25177371639	3.45817128632	3.76680468848	3.48306632181	2.84569526789	2.25177371639	3.7426069344	3.20737225541	3.20737225541	0.0541891864436	0.0634552266095
1.95972424111	1.93809358309	1.93809358309	2.1137474671	0.123805114491	2.1137474671	0.132614691723	1.95972424111	1.77548109371	1.95972424111	1.93809358309	0.27630734153	0.268049091029	0.271229441426	0.274061886394	0.274061886394	0.274061886394	0.271229441426	0.258504142267	0.260760524457	0.260760524457	0.0	0.0634552266095	0.0	0.0	0.0702200360711	0.0920875145734	0.0920875145734	0.0702200360711	0.0920875145734	0.0634552266095	0.0634552266095	0.0	0.0634552266095	1.8663096975	0.0	0.0	0.0	0.0	1.8663096975	0.0702200360711	3.75298805285	3.47058573964	3.28619812499	3.28619812499	3.49536981377	2.26451355639	3.75298805285	3.75298805285	3.2204758064	3.47058573964	3.2204758064	2.84846641069	3.47058573964	2.84846641069	3.70344873016	3.75298805285	3.49536981377	3.70344873016	2.45036770451	3.2204758064	3.49536981377	2.45036770451	3.70344873016	3.47058573964	3.49536981377	2.26451355639	3.47058573964	3.77792376088	3.49536981377	2.84846641069	2.26451355639	3.75298805285	3.2204758064	3.2204758064	0.0702200360711	0.0
1.94554397059	1.92299196879	1.92299196879	2.10015371318	0.107947692777	2.10015371318	0.116861007774	1.94554397059	1.76089498511	1.94554397059	1.92299196879	0.26193419598	0.25369472996	0.256862501894	0.259697020547	0.259697020547	0.259697020547	0.256862501894	0.244052920232	0.24636296599	0.24636296599	0.0634552266095	0.0	0.0634552266095	0.0634552266095	0.0541891864436	0.0801927650144	0.0801927650144	0.0541891864436	0.0801927650144	0.0	0.0	0.0634552266095	0.0	1.8648242209	0.0634552266095	0.0634552266095	0.0634552266095	0.0634552266095	1.8648242209	0.0541891864436	3.7426069344	3.45817128632	3.28120351975	3.28120351975	3.48306632181	2.25177371639	3.7426069344	3.7426069344	3.20737225541	3.45817128632	3.20737225541	2.84569526789	3.45817128632	2.84569526789	3.69208723067	3.7426069344	3.48306632181	3.69208723067	2.44839427713	3.20737225541	3.48306632181	2.44839427713	3.69208723067	3.45817128632	3.48306632181	2.25177371639	3.45817128632	3.76680468848	3.48306632181	2.84569526789	2.25177371639	3.7426069344	3.20737225541	3.20737225541	0.0541891864436	0.0634552266095
3.74150583319	3.72823804604	3.72823804604	3.89013923639	1.92047776523	3.89013923639	1.92848597486	3.74150583319	3.56095563168	3.74150583319	3.72823804604	2.05988325874	2.05143409994	2.0547348043	2.05754985235	2.05754985235	2.05754985235	2.0547348043	2.04277447978	2.04453209904	2.04453209904	1.8663096975	1.8648242209	1.8663096975	1.8663096975	1.87487947635	1.89716048287	1.89716048287	1.87487947635	1.89716048287	1.8648242209	1.8648242209	1.8663096975	1.8648242209	0.0	1.8663096975	1.8663096975	1.8663096975	1.8663096975	0.0	1.87487947635	5.50460927544	5.23765140058	5.00762815252	5.00762815252	5.26204095264	4.03391990194	5.50460927544	5.50460927544	4.99379749335	5.23765140058	4.99379749335	4.54007899768	5.23765140058	4.54007899768	5.46183246891	5.50460927544	5.26204095264	5.46183246891	4.12484121967	4.99379749335	5.26204095264	4.12484121967	5.46183246891	5.23765140058	5.26204095264	4.03391990194	5.23765140058	5.53335462654	5.26204095264	4.54007899768	4.03391990194	5.50460927544	4.99379749335	4.99379749335	1.87487947635	1.8663096975
1.95972424111	1.93809358309	1.93809358309	2.1137474671	0.123805114491	2.1137474671	0.132614691723	1.95972424111	1.77548109371	1.95972424111	1.93809358309	0.27630734153	0.268049091029	0.271229441426	0.274061886394	0.274061886394	0.274061886394	0.271229441426	0.258504142267	0.260760524457	0.260760524457	0.0	0.0634552266095	0.0	0.0	0.0702200360711	0.0920875145734	0.0920875145734	0.0702200360711	0.0920875145734	0.0634552266095	0.0634552266095	0.0	0.0634552266095	1.8663096975	0.0	0.0	0.0	0.0	1.8663096975	0.0702200360711	3.75298805285	3.47058573964	3.28619812499	3.28619812499	3.49536981377	2.26451355639	3.75298805285	3.75298805285	3.2204758064	3.47058573964	3.2204758064	2.84846641069	3.47058573964	2.84846641069	3.70344873016	3.75298805285	3.49536981377	3.70344873016	2.45036770451	3.2204758064	3.49536981377	2.45036770451	3.70344873016	3.47058573964	3.49536981377	2.26451355639	3.47058573964	3.77792376088	3.49536981377	2.84846641069	2.26451355639	3.75298805285	3.2204758064	3.2204758064	0.0702200360711	0.0
1.95972424111	1.93809358309	1.93809358309	2.1137474671	0.123805114491	2.1137474671	0.132614691723	1.95972424111	1.77548109371	1.95972424111	1.93809358309	0.27630734153	0.268049091029	0.271229441426	0.274061886394	0.274061886394	0.274061886394	0.271229441426	0.258504142267	0.260760524457	0.260760524457	0.0	0.0634552266095	0.0	0.0	0.0702200360711	0.0920875145734	0.0920875145734	0.0702200360711	0.0920875145734	0.0634552266095	0.0634552266095	0.0	0.0634552266095	1.8663096975	0.0	0.0	0.0	0.0	1.8663096975	0.0702200360711	3.75298805285	3.47058573964	3.28619812499	3.28619812499	3.49536981377	2.26451355639	3.75298805285	3.75298805285	3.2204758064	3.47058573964	3.2204758064	2.84846641069	3.47058573964	2.84846641069	3.70344873016	3.75298805285	3.49536981377	3.70344873016	2.45036770451	3.2204758064	3.49536981377	2.45036770451	3.70344873016	3.47058573964	3.49536981377	2.26451355639	3.47058573964	3.77792376088	3.49536981377	2.84846641069	2.26451355639	3.75298805285	3.2204758064	3.2204758064	0.0702200360711	0.0
