0.0	6.04738399742	6.04738399742	8.43520990475	7.04086243945	8.43520990475	6.99450662958	0.0	5.12634000302	0.0	6.04738399742	2.68976174162	2.63824515607	2.65894760895	4.0325543841	4.0325543841	4.0325543841	2.65894760895	2.66418970241	2.63576463055	2.63576463055	4.3496150361	4.31706824774	4.3496150361	4.3496150361	4.31671071048	4.32877028713	4.32877028713	4.31671071048	4.32877028713	4.31706824774	4.31706824774	4.3496150361	4.31706824774	8.32730361008	4.3496150361	4.3496150361	4.3496150361	4.3496150361	8.32730361008	4.31671071048	10.178810615	10.3141723778	10.6099983289	10.6099983289	8.42071454903	9.79938161194	10.178810615	10.178810615	9.90957281831	10.3141723778	9.90957281831	10.4926296012	10.3141723778	10.4926296012	8.57255585344	10.178810615	8.42071454903	8.57255585344	10.2430997036	9.90957281831	8.42071454903	10.2430997036	8.57255585344	10.3141723778	8.42071454903	9.79938161194	10.3141723778	11.2671169971	8.42071454903	10.4926296012	9.79938161194	10.178810615	9.90957281831	9.90957281831	4.31671071048	4.3496150361
6.04738399742	0.0	0.0	9.29273972393	6.72995789942	9.29273972393	6.5081841068	6.04738399742	4.49968669792	6.04738399742	0.0	3.77782767861	3.74261919292	3.753144853	5.127053838	5.127053838	5.127053838	3.753144853	3.7281333158	3.7320163995	3.7320163995	4.44730855542	4.41605640447	4.44730855542	4.44730855542	4.4133268919	4.42181517029	4.42181517029	4.4133268919	4.42181517029	4.41605640447	4.41605640447	4.44730855542	4.41605640447	8.45819249162	4.44730855542	4.44730855542	4.44730855542	4.44730855542	8.45819249162	4.4133268919	10.7911970329	11.0466455366	10.889141451	10.889141451	9.12375466036	10.5866910825	10.7911970329	10.7911970329	10.6647025313	11.0466455366	10.6647025313	10.7210325397	11.0466455366	10.7210325397	9.2421655035	10.7911970329	9.12375466036	9.2421655035	10.4431367976	10.6647025313	9.12375466036	10.4431367976	9.2421655035	11.0466455366	9.12375466036	10.5866910825	11.0466455366	11.944666281	9.12375466036	10.7210325397	10.5866910825	10.7911970329	10.6647025313	10.6647025313	4.4133268919	4.44730855542
6.04738399742	0.0	0.0	9.29273972393	6.72995789942	9.29273972393	6.5081841068	6.04738399742	4.49968669792	6.04738399742	0.0	3.77782767861	3.74261919292	3.753144853	5.127053838	5.127053838	5.127053838	3.753144853	3.7281333158	3.7320163995	3.7320163995	4.44730855542	4.41605640447	4.44730855542	4.44730855542	4.4133268919	4.42181517029	4.42181517029	4.4133268919	4.42181517029	4.41605640447	4.41605640447	4.44730855542	4.41605640447	8.45819249162	4.44730855542	4.44730855542	4.44730855542	4.44730855542	8.45819249162	4.4133268919	10.7911970329	11.0466455366	10.889141451	10.889141451	9.12375466036	10.5866910825	10.7911970329	10.7911970329	10.6647025313	11.0466455366	10.6647025313	10.7210325397	11.0466455366	10.7210325397	9.2421655035	10.7911970329	9.12375466036	9.2421655035	10.4431367976	10.6647025313	9.12375466036	10.4431367976	9.2421655035	11.0466455366	9.12375466036	10.5866910825	11.0466455366	11.944666281	9.12375466036	10.7210325397	10.5866910825	10.7911970329	10.6647025313	10.6647025313	4.4133268919	4.44730855542
8.43520990475	9.29273972393	9.29273972393	0.0	10.2115251956	0.0	10.1926298635	8.43520990475	8.47286446015	8.43520990475	9.29273972393	6.38184750207	6.3348628137	6.35285738221	7.72646838177	7.72646838177	7.72646838177	6.35285738221	6.34997679663	6.33123399794	6.33123399794	7.3761284464	7.3449272092	7.3761284464	7.3761284464	7.34428318027	7.35556810153	7.35556810153	7.34428318027	7.35556810153	7.3449272092	7.3449272092	7.3761284464	7.3449272092	11.3309689138	7.3761284464	7.3761284464	7.3761284464	7.3761284464	11.3309689138	7.34428318027	13.5643092191	13.7845727132	13.7540875958	13.7540875958	11.8717152676	13.3072146408	13.5643092191	13.5643092191	13.3990792838	13.7845727132	13.3990792838	13.584675135	13.7845727132	13.584675135	11.9977566358	13.5643092191	11.8717152676	11.9977566358	13.3029098077	13.3990792838	11.8717152676	13.3029098077	11.9977566358	13.7845727132	11.8717152676	13.3072146408	13.7845727132	14.6956504391	11.8717152676	13.584675135	13.3072146408	13.5643092191	13.3990792838	13.3990792838	7.34428318027	7.3761284464
7.04086243945	6.72995789942	6.72995789942	10.2115251956	0.0	10.2115251956	5.2126061959	7.04086243945	6.45240781607	7.04086243945	6.72995789942	4.74282830353	4.71002759158	4.71941719307	6.09324861039	6.09324861039	6.09324861039	4.71941719307	4.69026776408	4.70102565942	4.70102565942	4.38378169512	4.35235748883	4.38378169512	4.38378169512	4.34586999645	4.35018781419	4.35018781419	4.34586999645	4.35018781419	4.35235748883	4.35235748883	4.38378169512	4.35235748883	8.48964970179	4.38378169512	4.38378169512	4.38378169512	4.38378169512	8.48964970179	4.34586999645	11.2888782356	11.6739171849	11.0323102361	11.0323102361	9.71829309819	11.2727994367	11.2888782356	11.2888782356	11.3144823196	11.6739171849	11.3144823196	10.8314268619	11.6739171849	10.8314268619	9.80264994224	11.2888782356	9.71829309819	9.80264994224	10.5389360122	11.3144823196	9.71829309819	10.5389360122	9.80264994224	11.6739171849	9.71829309819	11.2727994367	11.6739171849	12.5157529818	9.71829309819	10.8314268619	11.2727994367	11.2888782356	11.3144823196	11.3144823196	4.34586999645	4.38378169512
8.43520990475	9.29273972393	9.29273972393	0.0	10.2115251956	0.0	10.1926298635	8.43520990475	8.47286446015	8.43520990475	9.29273972393	6.38184750207	6.3348628137	6.35285738221	7.72646838177	7.72646838177	7.72646838177	6.35285738221	6.34997679663	6.33123399794	6.33123399794	7.3761284464	7.3449272092	7.3761284464	7.3761284464	7.34428318027	7.35556810153	7.35556810153	7.34428318027	7.35556810153	7.3449272092	7.3449272092	7.3761284464	7.3449272092	11.3309689138	7.3761284464	7.3761284464	7.3761284464	7.3761284464	11.3309689138	7.34428318027	13.5643092191	13.7845727132	13.7540875958	13.7540875958	11.8717152676	13.3072146408	13.5643092191	13.5643092191	13.3990792838	13.7845727132	13.3990792838	13.584675135	13.7845727132	13.584675135	11.9977566358	13.5643092191	11.8717152676	11.9977566358	13.3029098077	13.3990792838	11.8717152676	13.3029098077	11.9977566358	13.7845727132	11.8717152676	13.3072146408	13.7845727132	14.6956504391	11.8717152676	13.584675135	13.3072146408	13.5643092191	13.3990792838	13.3990792838	7.34428318027	7.3761284464
6.99450662958	6.5081841068	6.5081841068	10.1926298635	5.2126061959	10.1926298635	0.0	6.99450662958	6.33250430456	6.99450662958	6.5081841068	4.69085363239	4.65811687075	4.66740928653	6.04126179677	6.04126179677	6.04126179677	4.66740928653	4.63783566845	4.64886330991	4.64886330991	4.61605282945	4.58468813822	4.61605282945	4.61605282945	4.57922615633	4.58459360268	4.58459360268	4.57922615633	4.58459360268	4.58468813822	4.58468813822	4.61605282945	4.58468813822	8.6966357875	4.61605282945	4.61605282945	4.61605282945	4.61605282945	8.6966357875	4.57922615633	11.3569236129	11.7060405771	11.2030659059	11.2030659059	9.75908833626	11.2890484699	11.3569236129	11.3569236129	11.3395553655	11.7060405771	11.3395553655	11.0136603751	11.7060405771	11.0136603751	9.85340317746	11.3569236129	9.75908833626	9.85340317746	10.7264129363	11.3395553655	9.75908833626	10.7264129363	9.85340317746	11.7060405771	9.75908833626	11.2890484699	11.7060405771	12.5640985568	9.75908833626	11.0136603751	11.2890484699	11.3569236129	11.3395553655	11.3395553655	4.57922615633	4.61605282945
0.0	6.04738399742	6.04738399742	8.43520990475	7.04086243945	8.43520990475	6.99450662958	0.0	5.12634000302	0.0	6.04738399742	2.68976174162	2.63824515607	2.65894760895	4.0325543841	4.0325543841	4.0325543841	2.65894760895	2.66418970241	2.63576463055	2.63576463055	4.3496150361	4.31706824774	4.3496150361	4.3496150361	4.31671071048	4.32877028713	4.32877028713	4.31671071048	4.32877028713	4.31706824774	4.31706824774	4.3496150361	4.31706824774	8.32730361008	4.3496150361	4.3496150361	4.3496150361	4.3496150361	8.32730361008	4.31671071048	10.178810615	10.3141723778	10.6099983289	10.6099983289	8.42071454903	9.79938161194	10.178810615	10.178810615	9.90957281831	10.3141723778	9.90957281831	10.4926296012	10.3141723778	10.4926296012	8.57255585344	10.178810615	8.42071454903	8.57255585344	10.2430997036	9.90957281831	8.42071454903	10.2430997036	8.57255585344	10.3141723778	8.42071454903	9.79938161194	10.3141723778	11.2671169971	8.42071454903	10.4926296012	9.79938161194	10.178810615	9.90957281831	9.90957281831	4.31671071048	4.3496150361
5.12634000302	4.49968669792	4.49968669792	8.47286446015	6.45240781607	8.47286446015	6.33250430456	5.12634000302	0.0	5.12634000302	4.49968669792	2.87354901346	2.83655856482	2.84798487474	4.22193676141	4.22193676141	4.22193676141	2.84798487474	2.82708977917	2.8241985143	2.8241985143	3.92696002089	3.89527999369	3.92696002089	3.92696002089	3.89370310603	3.90385781173	3.90385781173	3.89370310603	3.90385781173	3.89527999369	3.89527999369	3.92696002089	3.89527999369	7.91736121913	3.92696002089	3.92696002089	3.92696002089	3.92696002089	7.91736121913	3.89370310603	10.067025938	10.2753008349	10.2955079162	10.2955079162	8.36406501699	9.79390156123	10.067025938	10.067025938	9.8846306566	10.2753008349	9.8846306566	10.1448483076	10.2753008349	10.1448483076	8.49539516303	10.067025938	8.36406501699	8.49539516303	9.87620154096	9.8846306566	8.36406501699	9.87620154096	8.49539516303	10.2753008349	8.36406501699	9.79390156123	10.2753008349	11.1945672432	8.36406501699	10.1448483076	9.79390156123	10.067025938	9.8846306566	9.8846306566	3.89370310603	3.92696002089
0.0	6.04738399742	6.04738399742	8.43520990475	7.04086243945	8.43520990475	6.99450662958	0.0	5.12634000302	0.0	6.04738399742	2.68976174162	2.63824515607	2.65894760895	4.0325543841	4.0325543841	4.0325543841	2.65894760895	2.66418970241	2.63576463055	2.63576463055	4.3496150361	4.31706824774	4.3496150361	4.3496150361	4.31671071048	4.32877028713	4.32877028713	4.31671071048	4.32877028713	4.31706824774	4.31706824774	4.3496150361	4.31706824774	8.32730361008	4.3496150361	4.3496150361	4.3496150361	4.3496150361	8.32730361008	4.31671071048	10.178810615	10.3141723778	10.6099983289	10.6099983289	8.42071454903	9.79938161194	10.178810615	10.178810615	9.90957281831	10.3141723778	9.90957281831	10.4926296012	10.3141723778	10.4926296012	8.57255585344	10.178810615	8.42071454903	8.57255585344	10.2430997036	9.90957281831	8.42071454903	10.2430997036	8.57255585344	10.3141723778	8.42071454903	9.79938161194	10.3141723778	11.2671169971	8.42071454903	10.4926296012	9.79938161194	10.178810615	9.90957281831	9.90957281831	4.31671071048	4.3496150361
6.04738399742	0.0	0.0	9.29273972393	6.72995789942	9.29273972393	6.5081841068	6.04738399742	4.49968669792	6.04738399742	0.0	3.77782767861	3.74261919292	3.753144853	5.127053838	5.127053838	5.127053838	3.753144853	3.7281333158	3.7320163995	3.7320163995	4.44730855542	4.41605640447	4.44730855542	4.44730855542	4.4133268919	4.42181517029	4.42181517029	4.4133268919	4.42181517029	4.41605640447	4.41605640447	4.44730855542	4.41605640447	8.45819249162	4.44730855542	4.44730855542	4.44730855542	4.44730855542	8.45819249162	4.4133268919	10.7911970329	11.0466455366	10.889141451	10.889141451	9.12375466036	10.5866910825	10.7911970329	10.7911970329	10.6647025313	11.0466455366	10.6647025313	10.7210325397	11.0466455366	10.7210325397	9.2421655035	10.7911970329	9.12375466036	9.2421655035	10.4431367976	10.6647025313	9.12375466036	10.4431367976	9.2421655035	11.0466455366	9.12375466036	10.5866910825	11.0466455366	11.944666281	9.12375466036	10.7210325397	10.5866910825	10.7911970329	10.6647025313	10.6647025313	4.4133268919	4.44730855542
2.68976174162	3.77782767861	3.77782767861	6.38184750207	4.74282830353	6.38184750207	4.69085363239	2.68976174162	2.87354901346	2.68976174162	3.77782767861	0.0	0.112921157129	0.0939734854485	1.4634477099	1.4634477099	1.4634477099	0.0939734854485	0.124326133978	0.123100586176	0.123100586176	2.09428248528	2.06116781235	2.09428248528	2.09428248528	2.06100909915	2.07350242053	2.07350242053	2.06100909915	2.07350242053	2.06116781235	2.06116781235	2.09428248528	2.06116781235	6.07951855666	2.09428248528	2.09428248528	2.09428248528	2.09428248528	6.07951855666	2.06100909915	7.76540023087	7.8626635707	8.30256543675	8.30256543675	5.97842682025	7.33003417951	7.76540023087	7.76540023087	7.45070933187	7.8626635707	7.45070933187	8.2070795174	7.8626635707	8.2070795174	6.14127653027	7.76540023087	5.97842682025	6.14127653027	7.97103305287	7.45070933187	5.97842682025	7.97103305287	6.14127653027	7.8626635707	5.97842682025	7.33003417951	7.8626635707	8.83370178348	5.97842682025	8.2070795174	7.33003417951	7.76540023087	7.45070933187	7.45070933187	2.06100909915	2.09428248528
2.63824515607	3.74261919292	3.74261919292	6.3348628137	4.71002759158	6.3348628137	4.65811687075	2.63824515607	2.83655856482	2.63824515607	3.74261919292	0.112921157129	0.0	0.0755776265604	1.44977141843	1.44977141843	1.44977141843	0.0755776265604	0.100845136395	0.0803975186298	0.0803975186298	2.06013065762	2.02704553221	2.06013065762	2.06013065762	2.02687305869	2.03934015536	2.03934015536	2.02687305869	2.03934015536	2.02704553221	2.02704553221	2.06013065762	2.02704553221	6.0450761068	2.06013065762	2.06013065762	2.06013065762	2.06013065762	6.0450761068	2.02687305869	7.74091312963	7.84123827087	8.27145611798	8.27145611798	5.95585761502	7.31092469704	7.74091312963	7.74091312963	7.42891236895	7.84123827087	7.42891236895	8.17482290937	7.84123827087	8.17482290937	6.11824061559	7.74091312963	5.95585761502	6.11824061559	7.9380320629	7.42891236895	5.95585761502	7.9380320629	6.11824061559	7.84123827087	5.95585761502	7.31092469704	7.84123827087	8.81131525159	5.95585761502	8.17482290937	7.31092469704	7.74091312963	7.42891236895	7.42891236895	2.02687305869	2.06013065762
2.65894760895	3.753144853	3.753144853	6.35285738221	4.71941719307	6.35285738221	4.66740928653	2.65894760895	2.84798487474	2.65894760895	3.753144853	0.0939734854485	0.0755776265604	0.0	1.41923683528	1.41923683528	1.41923683528	0.0	0.103325822848	0.0946255472099	0.0946255472099	2.07052098211	2.03741970414	2.07052098211	2.07052098211	2.03725367818	2.04973397919	2.04973397919	2.03725367818	2.04973397919	2.03741970414	2.03741970414	2.07052098211	2.03741970414	6.05565795867	2.07052098211	2.07052098211	2.07052098211	2.07052098211	6.05565795867	2.03725367818	7.74650602185	7.84553060308	8.28029299189	8.28029299189	5.96054380737	7.31443614547	7.74650602185	7.74650602185	7.43314241661	7.84553060308	7.43314241661	8.18428477336	7.84553060308	8.18428477336	6.12322051656	7.74650602185	5.96054380737	6.12322051656	7.94788625554	7.43314241661	5.96054380737	7.94788625554	6.12322051656	7.84553060308	5.96054380737	7.31443614547	7.84553060308	8.816128669	5.96054380737	8.18428477336	7.31443614547	7.74650602185	7.43314241661	7.43314241661	2.03725367818	2.07052098211
4.0325543841	5.127053838	5.127053838	7.72646838177	6.09324861039	7.72646838177	6.04126179677	4.0325543841	4.22193676141	4.0325543841	5.127053838	1.4634477099	1.44977141843	1.41923683528	0.0	0.0	0.0	1.41923683528	1.47759583652	1.46881495477	1.46881495477	3.44426545222	3.41116397307	3.44426545222	3.44426545222	3.41099844427	3.42347934271	3.42347934271	3.41099844427	3.42347934271	3.41116397307	3.41116397307	3.44426545222	3.41116397307	7.42939196811	3.44426545222	3.44426545222	3.44426545222	3.44426545222	7.42939196811	3.41099844427	9.11999045106	9.21884092479	9.65397353214	9.65397353214	7.33395865283	8.68752477373	9.11999045106	9.11999045106	8.8065688065	9.21884092479	8.8065688065	9.55797369352	9.21884092479	9.55797369352	7.49662086033	9.11999045106	7.33395865283	7.49662086033	9.32158614156	8.8065688065	7.33395865283	9.32158614156	7.49662086033	9.21884092479	7.33395865283	8.68752477373	9.21884092479	10.1894444535	7.33395865283	9.55797369352	8.68752477373	9.11999045106	8.8065688065	8.8065688065	3.41099844427	3.44426545222
4.0325543841	5.127053838	5.127053838	7.72646838177	6.09324861039	7.72646838177	6.04126179677	4.0325543841	4.22193676141	4.0325543841	5.127053838	1.4634477099	1.44977141843	1.41923683528	0.0	0.0	0.0	1.41923683528	1.47759583652	1.46881495477	1.46881495477	3.44426545222	3.41116397307	3.44426545222	3.44426545222	3.41099844427	3.42347934271	3.42347934271	3.41099844427	3.42347934271	3.41116397307	3.41116397307	3.44426545222	3.41116397307	7.42939196811	3.44426545222	3.44426545222	3.44426545222	3.44426545222	7.42939196811	3.41099844427	9.11999045106	9.21884092479	9.65397353214	9.65397353214	7.33395865283	8.68752477373	9.11999045106	9.11999045106	8.8065688065	9.21884092479	8.8065688065	9.55797369352	9.21884092479	9.55797369352	7.49662086033	9.11999045106	7.33395865283	7.49662086033	9.32158614156	8.8065688065	7.33395865283	9.32158614156	7.49662086033	9.21884092479	7.33395865283	8.68752477373	9.21884092479	10.1894444535	7.33395865283	9.55797369352	8.68752477373	9.11999045106	8.8065688065	8.8065688065	3.41099844427	3.44426545222
4.0325543841	5.127053838	5.127053838	7.72646838177	6.09324861039	7.72646838177	6.04126179677	4.0325543841	4.22193676141	4.0325543841	5.127053838	1.4634477099	1.44977141843	1.41923683528	0.0	0.0	0.0	1.41923683528	1.47759583652	1.46881495477	1.46881495477	3.44426545222	3.41116397307	3.44426545222	3.44426545222	3.41099844427	3.42347934271	3.42347934271	3.41099844427	3.42347934271	3.41116397307	3.41116397307	3.44426545222	3.41116397307	7.42939196811	3.44426545222	3.44426545222	3.44426545222	3.44426545222	7.42939196811	3.41099844427	9.11999045106	9.21884092479	9.65397353214	9.65397353214	7.33395865283	8.68752477373	9.11999045106	9.11999045106	8.8065688065	9.21884092479	8.8065688065	9.55797369352	9.21884092479	9.55797369352	7.49662086033	9.11999045106	7.33395865283	7.49662086033	9.32158614156	8.8065688065	7.33395865283	9.32158614156	7.49662086033	9.21884092479	7.33395865283	8.68752477373	9.21884092479	10.1894444535	7.33395865283	9.55797369352	8.68752477373	9.11999045106	8.8065688065	8.8065688065	3.41099844427	3.44426545222
2.65894760895	3.753144853	3.753144853	6.35285738221	4.71941719307	6.35285738221	4.66740928653	2.65894760895	2.84798487474	2.65894760895	3.753144853	0.0939734854485	0.0755776265604	0.0	1.41923683528	1.41923683528	1.41923683528	0.0	0.103325822848	0.0946255472099	0.0946255472099	2.07052098211	2.03741970414	2.07052098211	2.07052098211	2.03725367818	2.04973397919	2.04973397919	2.03725367818	2.04973397919	2.03741970414	2.03741970414	2.07052098211	2.03741970414	6.05565795867	2.07052098211	2.07052098211	2.07052098211	2.07052098211	6.05565795867	2.03725367818	7.74650602185	7.84553060308	8.28029299189	8.28029299189	5.96054380737	7.31443614547	7.74650602185	7.74650602185	7.43314241661	7.84553060308	7.43314241661	8.18428477336	7.84553060308	8.18428477336	6.12322051656	7.74650602185	5.96054380737	6.12322051656	7.94788625554	7.43314241661	5.96054380737	7.94788625554	6.12322051656	7.84553060308	5.96054380737	7.31443614547	7.84553060308	8.816128669	5.96054380737	8.18428477336	7.31443614547	7.74650602185	7.43314241661	7.43314241661	2.03725367818	2.07052098211
2.66418970241	3.7281333158	3.7281333158	6.34997679663	4.69026776408	6.34997679663	4.63783566845	2.66418970241	2.82708977917	2.66418970241	3.7281333158	0.124326133978	0.100845136395	0.103325822848	1.47759583652	1.47759583652	1.47759583652	0.103325822848	0.0	0.091909579985	0.091909579985	2.04517076682	2.0120234642	2.04517076682	2.04517076682	2.01187174861	2.02438606394	2.02438606394	2.01187174861	2.02438606394	2.0120234642	2.0120234642	2.04517076682	2.0120234642	6.03098673385	2.04517076682	2.04517076682	2.04517076682	2.04517076682	6.03098673385	2.01187174861	7.71022382822	7.80775895038	8.25109994731	8.25109994731	5.92250010398	7.27737531299	7.71022382822	7.71022382822	7.39356773958	7.80775895038	7.39356773958	8.15686062439	7.80775895038	8.15686062439	6.08626240237	7.71022382822	5.92250010398	6.08626240237	7.92148880486	7.39356773958	5.92250010398	7.92148880486	6.08626240237	7.80775895038	5.92250010398	7.27737531299	7.80775895038	8.7798402608	5.92250010398	8.15686062439	7.27737531299	7.71022382822	7.39356773958	7.39356773958	2.01187174861	2.04517076682
2.63576463055	3.7320163995	3.7320163995	6.33123399794	4.70102565942	6.33123399794	4.64886330991	2.63576463055	2.8241985143	2.63576463055	3.7320163995	0.123100586176	0.0803975186298	0.0946255472099	1.46881495477	1.46881495477	1.46881495477	0.0946255472099	0.091909579985	0.0	0.0	2.05206677933	2.01897870377	2.05206677933	2.05206677933	2.0188043802	2.03127013775	2.03127013775	2.0188043802	2.03127013775	2.01897870377	2.01897870377	2.05206677933	2.01897870377	6.0371321444	2.05206677933	2.05206677933	2.05206677933	2.05206677933	6.0371321444	2.0188043802	7.73265908814	7.83319650107	8.26328947858	8.26328947858	5.94761881057	7.30330354702	7.73265908814	7.73265908814	7.42056312297	7.83319650107	7.42056312297	8.16676802976	7.83319650107	8.16676802976	6.11009251616	7.73265908814	5.94761881057	6.11009251616	7.9300352282	7.42056312297	5.94761881057	7.9300352282	6.11009251616	7.83319650107	5.94761881057	7.30330354702	7.83319650107	8.80335346941	5.94761881057	8.16676802976	7.30330354702	7.73265908814	7.42056312297	7.42056312297	2.0188043802	2.05206677933
2.63576463055	3.7320163995	3.7320163995	6.33123399794	4.70102565942	6.33123399794	4.64886330991	2.63576463055	2.8241985143	2.63576463055	3.7320163995	0.123100586176	0.0803975186298	0.0946255472099	1.46881495477	1.46881495477	1.46881495477	0.0946255472099	0.091909579985	0.0	0.0	2.05206677933	2.01897870377	2.05206677933	2.05206677933	2.0188043802	2.03127013775	2.03127013775	2.0188043802	2.03127013775	2.01897870377	2.01897870377	2.05206677933	2.01897870377	6.0371321444	2.05206677933	2.05206677933	2.05206677933	2.05206677933	6.0371321444	2.0188043802	7.73265908814	7.83319650107	8.26328947858	8.26328947858	5.94761881057	7.30330354702	7.73265908814	7.73265908814	7.42056312297	7.83319650107	7.42056312297	8.16676802976	7.83319650107	8.16676802976	6.11009251616	7.73265908814	5.94761881057	6.11009251616	7.9300352282	7.42056312297	5.94761881057	7.9300352282	6.11009251616	7.83319650107	5.94761881057	7.30330354702	7.83319650107	8.80335346941	5.94761881057	8.16676802976	7.30330354702	7.73265908814	7.42056312297	7.42056312297	2.0188043802	2.05206677933
4.3496150361	4.44730855542	4.44730855542	7.3761284464	4.38378169512	7.3761284464	4.61605282945	4.3496150361	3.92696002089	4.3496150361	4.44730855542	2.09428248528	2.06013065762	2.07052098211	3.44426545222	3.44426545222	3.44426545222	2.07052098211	2.04517076682	2.05206677933	2.05206677933	0.0	0.0973794091657	0.0	0.0	0.0961600774453	0.124172705838	0.124172705838	0.0961600774453	0.124172705838	0.0973794091657	0.0973794091657	0.0	0.0973794091657	4.38870733715	0.0	0.0	0.0	0.0	4.38870733715	0.0961600774453	8.07302977673	8.63743791515	7.21454619411	7.21454619411	6.64415974277	8.31125438779	8.07302977673	8.07302977673	8.3241091678	8.63743791515	8.3241091678	6.90850532446	8.63743791515	6.90850532446	6.6708346691	8.07302977673	6.64415974277	6.6708346691	6.5723570866	8.3241091678	6.64415974277	6.5723570866	6.6708346691	8.63743791515	6.64415974277	8.31125438779	8.63743791515	9.38798518008	6.64415974277	6.90850532446	8.31125438779	8.07302977673	8.3241091678	8.3241091678	0.0961600774453	0.0
4.31706824774	4.41605640447	4.41605640447	7.3449272092	4.35235748883	7.3449272092	4.58468813822	4.31706824774	3.89527999369	4.31706824774	4.41605640447	2.06116781235	2.02704553221	2.03741970414	3.41116397307	3.41116397307	3.41116397307	2.03741970414	2.0120234642	2.01897870377	2.01897870377	0.0973794091657	0.0	0.0973794091657	0.0973794091657	0.0626070949324	0.102349800957	0.102349800957	0.0626070949324	0.102349800957	0.0	0.0	0.0973794091657	0.0	4.34459288944	0.0973794091657	0.0973794091657	0.0973794091657	0.0973794091657	4.34459288944	0.0626070949324	8.03368164331	8.59999047977	7.16841044249	7.16841044249	6.60626042086	8.27462441537	8.03368164331	8.03368164331	8.28702438192	8.59999047977	8.28702438192	6.86263981002	8.59999047977	6.86263981002	6.63242916601	8.03368164331	6.60626042086	6.63242916601	6.52714601445	8.28702438192	6.60626042086	6.52714601445	6.63242916601	8.59999047977	6.60626042086	8.27462441537	8.59999047977	9.34973429903	6.60626042086	6.86263981002	8.27462441537	8.03368164331	8.28702438192	8.28702438192	0.0626070949324	0.0973794091657
4.3496150361	4.44730855542	4.44730855542	7.3761284464	4.38378169512	7.3761284464	4.61605282945	4.3496150361	3.92696002089	4.3496150361	4.44730855542	2.09428248528	2.06013065762	2.07052098211	3.44426545222	3.44426545222	3.44426545222	2.07052098211	2.04517076682	2.05206677933	2.05206677933	0.0	0.0973794091657	0.0	0.0	0.0961600774453	0.124172705838	0.124172705838	0.0961600774453	0.124172705838	0.0973794091657	0.0973794091657	0.0	0.0973794091657	4.38870733715	0.0	0.0	0.0	0.0	4.38870733715	0.0961600774453	8.07302977673	8.63743791515	7.21454619411	7.21454619411	6.64415974277	8.31125438779	8.07302977673	8.07302977673	8.3241091678	8.63743791515	8.3241091678	6.90850532446	8.63743791515	6.90850532446	6.6708346691	8.07302977673	6.64415974277	6.6708346691	6.5723570866	8.3241091678	6.64415974277	6.5723570866	6.6708346691	8.63743791515	6.64415974277	8.31125438779	8.63743791515	9.38798518008	6.64415974277	6.90850532446	8.31125438779	8.07302977673	8.3241091678	8.3241091678	0.0961600774453	0.0
4.3496150361	4.44730855542	4.44730855542	7.3761284464	4.38378169512	7.3761284464	4.61605282945	4.3496150361	3.92696002089	4.3496150361	4.44730855542	2.09428248528	2.06013065762	2.07052098211	3.44426545222	3.44426545222	3.44426545222	2.07052098211	2.04517076682	2.05206677933	2.05206677933	0.0	0.0973794091657	0.0	0.0	0.0961600774453	0.124172705838	0.124172705838	0.0961600774453	0.124172705838	0.0973794091657	0.0973794091657	0.0	0.0973794091657	4.38870733715	0.0	0.0	0.0	0.0	4.38870733715	0.0961600774453	8.07302977673	8.63743791515	7.21454619411	7.21454619411	6.64415974277	8.31125438779	8.07302977673	8.07302977673	8.3241091678	8.63743791515	8.3241091678	6.90850532446	8.63743791515	6.90850532446	6.6708346691	8.07302977673	6.64415974277	6.6708346691	6.5723570866	8.3241091678	6.64415974277	6.5723570866	6.6708346691	8.63743791515	6.64415974277	8.31125438779	8.63743791515	9.38798518008	6.64415974277	6.90850532446	8.31125438779	8.07302977673	8.3241091678	8.3241091678	0.0961600774453	0.0
4.31671071048	4.4133268919	4.4133268919	7.34428318027	4.34586999645	7.34428318027	4.57922615633	4.31671071048	3.89370310603	4.31671071048	4.4133268919	2.06100909915	2.02687305869	2.03725367818	3.41099844427	3.41099844427	3.41099844427	2.03725367818	2.01187174861	2.0188043802	2.0188043802	0.0961600774453	0.0626070949324	0.0961600774453	0.0961600774453	0.0	0.0829111465811	0.0829111465811	0.0	0.0829111465811	0.0626070949324	0.0626070949324	0.0961600774453	0.0626070949324	4.36113190526	0.0961600774453	0.0961600774453	0.0961600774453	0.0961600774453	4.36113190526	0.0	8.04030538648	8.60452086526	7.1827137684	7.1827137684	6.6112300583	8.27828112548	8.04030538648	8.04030538648	8.2910251228	8.60452086526	8.2910251228	6.87800562615	8.60452086526	6.87800562615	6.63806523646	8.04030538648	6.6112300583	6.63806523646	6.54266295447	8.2910251228	6.6112300583	6.54266295447	6.63806523646	8.60452086526	6.6112300583	8.27828112548	8.60452086526	9.35531342259	6.6112300583	6.87800562615	8.27828112548	8.04030538648	8.2910251228	8.2910251228	0.0	0.0961600774453
4.32877028713	4.42181517029	4.42181517029	7.35556810153	4.35018781419	7.35556810153	4.58459360268	4.32877028713	3.90385781173	4.32877028713	4.42181517029	2.07350242053	2.03934015536	2.04973397919	3.42347934271	3.42347934271	3.42347934271	2.04973397919	2.02438606394	2.03127013775	2.03127013775	0.124172705838	0.102349800957	0.124172705838	0.124172705838	0.0829111465811	0.0	0.0	0.0829111465811	0.0	0.102349800957	0.102349800957	0.124172705838	0.102349800957	4.39463878375	0.124172705838	0.124172705838	0.124172705838	0.124172705838	4.39463878375	0.0829111465811	8.06195960728	8.62337820365	7.21386218031	7.21386218031	6.63071236103	8.29594762613	8.06195960728	8.06195960728	8.30925021449	8.62337820365	8.30925021449	6.91007014898	8.62337820365	6.91007014898	6.65837816247	8.06195960728	6.63071236103	6.65837816247	6.57481528094	8.30925021449	6.63071236103	6.57481528094	6.65837816247	8.62337820365	6.63071236103	8.29594762613	8.62337820365	9.37549041348	6.63071236103	6.91007014898	8.29594762613	8.06195960728	8.30925021449	8.30925021449	0.0829111465811	0.124172705838
4.32877028713	4.42181517029	4.42181517029	7.35556810153	4.35018781419	7.35556810153	4.58459360268	4.32877028713	3.90385781173	4.32877028713	4.42181517029	2.07350242053	2.03934015536	2.04973397919	3.42347934271	3.42347934271	3.42347934271	2.04973397919	2.02438606394	2.03127013775	2.03127013775	0.124172705838	0.102349800957	0.124172705838	0.124172705838	0.0829111465811	0.0	0.0	0.0829111465811	0.0	0.102349800957	0.102349800957	0.124172705838	0.102349800957	4.39463878375	0.124172705838	0.124172705838	0.124172705838	0.124172705838	4.39463878375	0.0829111465811	8.06195960728	8.62337820365	7.21386218031	7.21386218031	6.63071236103	8.29594762613	8.06195960728	8.06195960728	8.30925021449	8.62337820365	8.30925021449	6.91007014898	8.62337820365	6.91007014898	6.65837816247	8.06195960728	6.63071236103	6.65837816247	6.57481528094	8.30925021449	6.63071236103	6.57481528094	6.65837816247	8.62337820365	6.63071236103	8.29594762613	8.62337820365	9.37549041348	6.63071236103	6.91007014898	8.29594762613	8.06195960728	8.30925021449	8.30925021449	0.0829111465811	0.124172705838
4.31671071048	4.4133268919	4.4133268919	7.34428318027	4.34586999645	7.34428318027	4.57922615633	4.31671071048	3.89370310603	4.31671071048	4.4133268919	2.06100909915	2.02687305869	2.03725367818	3.41099844427	3.41099844427	3.41099844427	2.03725367818	2.01187174861	2.0188043802	2.0188043802	0.0961600774453	0.0626070949324	0.0961600774453	0.0961600774453	0.0	0.0829111465811	0.0829111465811	0.0	0.0829111465811	0.0626070949324	0.0626070949324	0.0961600774453	0.0626070949324	4.36113190526	0.0961600774453	0.0961600774453	0.0961600774453	0.0961600774453	4.36113190526	0.0	8.04030538648	8.60452086526	7.1827137684	7.1827137684	6.6112300583	8.27828112548	8.04030538648	8.04030538648	8.2910251228	8.60452086526	8.2910251228	6.87800562615	8.60452086526	6.87800562615	6.63806523646	8.04030538648	6.6112300583	6.63806523646	6.54266295447	8.2910251228	6.6112300583	6.54266295447	6.63806523646	8.60452086526	6.6112300583	8.27828112548	8.60452086526	9.35531342259	6.6112300583	6.87800562615	8.27828112548	8.04030538648	8.2910251228	8.2910251228	0.0	0.0961600774453
4.32877028713	4.42181517029	4.42181517029	7.35556810153	4.35018781419	7.35556810153	4.58459360268	4.32877028713	3.90385781173	4.32877028713	4.42181517029	2.07350242053	2.03934015536	2.04973397919	3.42347934271	3.42347934271	3.42347934271	2.04973397919	2.02438606394	2.03127013775	2.03127013775	0.124172705838	0.102349800957	0.124172705838	0.124172705838	0.0829111465811	0.0	0.0	0.0829111465811	0.0	0.102349800957	0.102349800957	0.124172705838	0.102349800957	4.39463878375	0.124172705838	0.124172705838	0.124172705838	0.124172705838	4.39463878375	0.0829111465811	8.06195960728	8.62337820365	7.21386218031	7.21386218031	6.63071236103	8.29594762613	8.06195960728	8.06195960728	8.30925021449	8.62337820365	8.30925021449	6.91007014898	8.62337820365	6.91007014898	6.65837816247	8.06195960728	6.63071236103	6.65837816247	6.57481528094	8.30925021449	6.63071236103	6.57481528094	6.65837816247	8.62337820365	6.63071236103	8.29594762613	8.62337820365	9.37549041348	6.63071236103	6.91007014898	8.29594762613	8.06195960728	8.30925021449	8.30925021449	0.0829111465811	0.124172705838
4.31706824774	4.41605640447	4.41605640447	7.3449272092	4.35235748883	7.3449272092	4.58468813822	4.31706824774	3.89527999369	4.31706824774	4.41605640447	2.06116781235	2.02704553221	2.03741970414	3.41116397307	3.41116397307	3.41116397307	2.03741970414	2.0120234642	2.01897870377	2.01897870377	0.0973794091657	0.0	0.0973794091657	0.0973794091657	0.0626070949324	0.102349800957	0.102349800957	0.0626070949324	0.102349800957	0.0	0.0	0.0973794091657	0.0	4.34459288944	0.0973794091657	0.0973794091657	0.0973794091657	0.0973794091657	4.34459288944	0.0626070949324	8.03368164331	8.59999047977	7.16841044249	7.16841044249	6.60626042086	8.27462441537	8.03368164331	8.03368164331	8.28702438192	8.59999047977	8.28702438192	6.86263981002	8.59999047977	6.86263981002	6.63242916601	8.03368164331	6.60626042086	6.63242916601	6.52714601445	8.28702438192	6.60626042086	6.52714601445	6.63242916601	8.59999047977	6.60626042086	8.27462441537	8.59999047977	9.34973429903	6.60626042086	6.86263981002	8.27462441537	8.03368164331	8.28702438192	8.28702438192	0.0626070949324	0.0973794091657
4.31706824774	4.41605640447	4.41605640447	7.3449272092	4.35235748883	7.3449272092	4.58468813822	4.31706824774	3.89527999369	4.31706824774	4.41605640447	2.06116781235	2.02704553221	2.03741970414	3.41116397307	3.41116397307	3.41116397307	2.03741970414	2.0120234642	2.01897870377	2.01897870377	0.0973794091657	0.0	0.0973794091657	0.0973794091657	0.0626070949324	0.102349800957	0.102349800957	0.0626070949324	0.102349800957	0.0	0.0	0.0973794091657	0.0	4.34459288944	0.0973794091657	0.0973794091657	0.0973794091657	0.0973794091657	4.34459288944	0.0626070949324	8.03368164331	8.59999047977	7.16841044249	7.16841044249	6.60626042086	8.27462441537	8.03368164331	8.03368164331	8.28702438192	8.59999047977	8.28702438192	6.86263981002	8.59999047977	6.86263981002	6.63242916601	8.03368164331	6.60626042086	6.63242916601	6.52714601445	8.28702438192	6.60626042086	6.52714601445	6.63242916601	8.59999047977	6.60626042086	8.27462441537	8.59999047977	9.34973429903	6.60626042086	6.86263981002	8.27462441537	8.03368164331	8.28702438192	8.28702438192	0.0626070949324	0.0973794091657
4.3496150361	4.44730855542	4.44730855542	7.3761284464	4.38378169512	7.3761284464	4.61605282945	4.3496150361	3.92696002089	4.3496150361	4.44730855542	2.09428248528	2.06013065762	2.07052098211	3.44426545222	3.44426545222	3.44426545222	2.07052098211	2.04517076682	2.05206677933	2.05206677933	0.0	0.0973794091657	0.0	0.0	0.0961600774453	0.124172705838	0.124172705838	0.0961600774453	0.124172705838	0.0973794091657	0.0973794091657	0.0	0.0973794091657	4.38870733715	0.0	0.0	0.0	0.0	4.38870733715	0.0961600774453	8.07302977673	8.63743791515	7.21454619411	7.21454619411	6.64415974277	8.31125438779	8.07302977673	8.07302977673	8.3241091678	8.63743791515	8.3241091678	6.90850532446	8.63743791515	6.90850532446	6.6708346691	8.07302977673	6.64415974277	6.6708346691	6.5723570866	8.3241091678	6.64415974277	6.5723570866	6.6708346691	8.63743791515	6.64415974277	8.31125438779	8.63743791515	9.38798518008	6.64415974277	6.90850532446	8.31125438779	8.07302977673	8.3241091678	8.3241091678	0.0961600774453	0.0
4.31706824774	4.41605640447	4.41605640447	7.3449272092	4.35235748883	7.3449272092	4.58468813822	4.31706824774	3.89527999369	4.31706824774	4.41605640447	2.06116781235	2.02704553221	2.03741970414	3.41116397307	3.41116397307	3.41116397307	2.03741970414	2.0120234642	2.01897870377	2.01897870377	0.0973794091657	0.0	0.0973794091657	0.0973794091657	0.0626070949324	0.102349800957	0.102349800957	0.0626070949324	0.102349800957	0.0	0.0	0.0973794091657	0.0	4.34459288944	0.0973794091657	0.0973794091657	0.0973794091657	0.0973794091657	4.34459288944	0.0626070949324	8.03368164331	8.59999047977	7.16841044249	7.16841044249	6.60626042086	8.27462441537	8.03368164331	8.03368164331	8.28702438192	8.59999047977	8.28702438192	6.86263981002	8.59999047977	6.86263981002	6.63242916601	8.03368164331	6.60626042086	6.63242916601	6.52714601445	8.28702438192	6.60626042086	6.52714601445	6.63242916601	8.59999047977	6.60626042086	8.27462441537	8.59999047977	9.34973429903	6.60626042086	6.86263981002	8.27462441537	8.03368164331	8.28702438192	8.28702438192	0.0626070949324	0.0973794091657
8.32730361008	8.45819249162	8.45819249162	11.3309689138	8.48964970179	11.3309689138	8.6966357875	8.32730361008	7.91736121913	8.32730361008	8.45819249162	6.07951855666	6.0450761068	6.05565795867	7.42939196811	7.42939196811	7.42939196811	6.05565795867	6.03098673385	6.0371321444	6.0371321444	4.38870733715	4.34459288944	4.38870733715	4.38870733715	4.36113190526	4.39463878375	4.39463878375	4.36113190526	4.39463878375	4.34459288944	4.34459288944	4.38870733715	4.34459288944	0.0	4.38870733715	4.38870733715	4.38870733715	4.38870733715	0.0	4.36113190526	11.9967894105	12.5776765841	11.1280492328	11.1280492328	10.584236237	12.25770314	11.9967894105	11.9967894105	12.2767960676	12.5776765841	12.2767960676	10.6747466408	12.5776765841	10.6747466408	10.598248128	11.9967894105	10.584236237	10.598248128	10.2238075393	12.2767960676	10.584236237	10.2238075393	10.598248128	12.5776765841	10.584236237	12.25770314	12.5776765841	13.3079369067	10.584236237	10.6747466408	12.25770314	11.9967894105	12.2767960676	12.2767960676	4.36113190526	4.38870733715
4.3496150361	4.44730855542	4.44730855542	7.3761284464	4.38378169512	7.3761284464	4.61605282945	4.3496150361	3.92696002089	4.3496150361	4.44730855542	2.09428248528	2.06013065762	2.07052098211	3.44426545222	3.44426545222	3.44426545222	2.07052098211	2.04517076682	2.05206677933	2.05206677933	0.0	0.0973794091657	0.0	0.0	0.0961600774453	0.124172705838	0.124172705838	0.0961600774453	0.124172705838	0.0973794091657	0.0973794091657	0.0	0.0973794091657	4.38870733715	0.0	0.0	0.0	0.0	4.38870733715	0.0961600774453	8.07302977673	8.63743791515	7.21454619411	7.21454619411	6.64415974277	8.31125438779	8.07302977673	8.07302977673	8.3241091678	8.63743791515	8.3241091678	6.90850532446	8.63743791515	6.90850532446	6.6708346691	8.07302977673	6.64415974277	6.6708346691	6.5723570866	8.3241091678	6.64415974277	6.5723570866	6.6708346691	8.63743791515	6.64415974277	8.31125438779	8.63743791515	9.38798518008	6.64415974277	6.90850532446	8.31125438779	8.07302977673	8.3241091678	8.3241091678	0.0961600774453	0.0
4.3496150361	4.44730855542	4.44730855542	7.3761284464	4.38378169512	7.3761284464	4.61605282945	4.3496150361	3.92696002089	4.3496150361	4.44730855542	2.09428248528	2.06013065762	2.07052098211	3.44426545222	3.44426545222	3.44426545222	2.07052098211	2.04517076682	2.05206677933	2.05206677933	0.0	0.0973794091657	0.0	0.0	0.0961600774453	0.124172705838	0.124172705838	0.0961600774453	0.124172705838	0.0973794091657	0.0973794091657	0.0	0.0973794091657	4.38870733715	0.0	0.0	0.0	0.0	4.38870733715	0.0961600774453	8.07302977673	8.63743791515	7.21454619411	7.21454619411	6.64415974277	8.31125438779	8.07302977673	8.07302977673	8.3241091678	8.63743791515	8.3241091678	6.90850532446	8.63743791515	6.90850532446	6.6708346691	8.07302977673	6.64415974277	6.6708346691	6.5723570866	8.3241091678	6.64415974277	6.5723570866	6.6708346691	8.63743791515	6.64415974277	8.31125438779	8.63743791515	9.38798518008	6.64415974277	6.90850532446	8.31125438779	8.07302977673	8.3241091678	8.3241091678	0.0961600774453	0.0
4.3496150361	4.44730855542	4.44730855542	7.3761284464	4.38378169512	7.3761284464	4.61605282945	4.3496150361	3.92696002089	4.3496150361	4.44730855542	2.09428248528	2.06013065762	2.07052098211	3.44426545222	3.44426545222	3.44426545222	2.07052098211	2.04517076682	2.05206677933	2.05206677933	0.0	0.0973794091657	0.0	0.0	0.0961600774453	0.124172705838	0.124172705838	0.0961600774453	0.124172705838	0.0973794091657	0.0973794091657	0.0	0.0973794091657	4.38870733715	0.0	0.0	0.0	0.0	4.38870733715	0.0961600774453	8.07302977673	8.63743791515	7.21454619411	7.21454619411	6.64415974277	8.31125438779	8.07302977673	8.07302977673	8.3241091678	8.63743791515	8.3241091678	6.90850532446	8.63743791515	6.90850532446	6.6708346691	8.07302977673	6.64415974277	6.6708346691	6.5723570866	8.3241091678	6.64415974277	6.5723570866	6.6708346691	8.63743791515	6.64415974277	8.31125438779	8.63743791515	9.38798518008	6.64415974277	6.90850532446	8.31125438779	8.07302977673	8.3241091678	8.3241091678	0.0961600774453	0.0
