0.0	10.5232331458	10.5232331458	12.0562924712	11.1040062423	12.0562924712	10.7976334161	0.0	9.63001940829	0.0	10.5232331458	9.5994090337	8.99726568918	7.10785709374	8.32057852825	8.32057852825	8.32057852825	7.10785709374	9.51275057527	8.48400935159	8.48400935159	13.0489025603	12.4647353688	13.0489025603	13.0489025603	12.3310287781	12.2500349025	12.2500349025	12.3310287781	12.2500349025	12.4647353688	12.4647353688	13.0489025603	12.4647353688	16.6157526802	13.0489025603	13.0489025603	13.0489025603	13.0489025603	16.6157526802	12.3310287781	11.5883146512	11.9732103807	13.6168447126	13.6168447126	10.0209920865	12.8644788208	11.5883146512	11.5883146512	11.9663224426	11.9732103807	11.9663224426	13.614873471	11.9732103807	13.614873471	10.0214059663	11.5883146512	10.0209920865	10.0214059663	13.9686971177	11.9663224426	10.0209920865	13.9686971177	10.0214059663	11.9732103807	10.0209920865	12.8644788208	11.9732103807	12.6996185267	10.0209920865	13.614873471	12.8644788208	11.5883146512	11.9663224426	11.9663224426	12.3310287781	13.0489025603
10.5232331458	0.0	0.0	13.6323589046	8.98943512753	13.6323589046	8.54767277023	10.5232331458	8.05467918015	10.5232331458	0.0	10.0393911403	9.87949135826	7.80535695079	9.03300732732	9.03300732732	9.03300732732	7.80535695079	9.51670102052	9.32294199792	9.32294199792	11.461122837	10.8596257023	11.461122837	11.461122837	10.6857639575	10.5538280951	10.5538280951	10.6857639575	10.5538280951	10.8596257023	10.8596257023	11.461122837	10.8596257023	15.1407955127	11.461122837	11.461122837	11.461122837	11.461122837	15.1407955127	10.6857639575	10.4356967567	10.8814774069	12.2766363628	12.2766363628	8.89200948587	11.8715860262	10.4356967567	10.4356967567	10.8671654981	10.8814774069	10.8671654981	12.2602468794	10.8814774069	12.2602468794	8.88872478686	10.4356967567	8.89200948587	8.88872478686	12.5999490843	10.8671654981	8.89200948587	12.5999490843	8.88872478686	10.8814774069	8.89200948587	11.8715860262	10.8814774069	11.5959255806	8.89200948587	12.2602468794	11.8715860262	10.4356967567	10.8671654981	10.8671654981	10.6857639575	11.461122837
10.5232331458	0.0	0.0	13.6323589046	8.98943512753	13.6323589046	8.54767277023	10.5232331458	8.05467918015	10.5232331458	0.0	10.0393911403	9.87949135826	7.80535695079	9.03300732732	9.03300732732	9.03300732732	7.80535695079	9.51670102052	9.32294199792	9.32294199792	11.461122837	10.8596257023	11.461122837	11.461122837	10.6857639575	10.5538280951	10.5538280951	10.6857639575	10.5538280951	10.8596257023	10.8596257023	11.461122837	10.8596257023	15.1407955127	11.461122837	11.461122837	11.461122837	11.461122837	15.1407955127	10.6857639575	10.4356967567	10.8814774069	12.2766363628	12.2766363628	8.89200948587	11.8715860262	10.4356967567	10.4356967567	10.8671654981	10.8814774069	10.8671654981	12.2602468794	10.8814774069	12.2602468794	8.88872478686	10.4356967567	8.89200948587	8.88872478686	12.5999490843	10.8671654981	8.89200948587	12.5999490843	8.88872478686	10.8814774069	8.89200948587	11.8715860262	10.8814774069	11.5959255806	8.89200948587	12.2602468794	11.8715860262	10.4356967567	10.8671654981	10.8671654981	10.6857639575	11.461122837
12.0562924712	13.6323589046	13.6323589046	0.0	14.170530189	0.0	13.8800065288	12.0562924712	12.9195605512	12.0562924712	13.6323589046	13.0939592603	12.6186771795	10.6435297454	11.8517969473	11.8517969473	11.8517969473	10.6435297454	13.087323494	12.3654576662	12.3654576662	16.1005235075	15.5235571457	16.1005235075	16.1005235075	15.3707181146	15.2446613476	15.2446613476	15.3707181146	15.2446613476	15.5235571457	15.5235571457	16.1005235075	15.5235571457	19.7078238229	16.1005235075	16.1005235075	16.1005235075	16.1005235075	19.7078238229	15.3707181146	14.7855952288	15.1819991274	16.7648855182	16.7648855182	13.2234555163	16.0891223921	14.7855952288	14.7855952288	15.1765754414	15.1819991274	15.1765754414	16.7535383398	15.1819991274	16.7535383398	13.2226581941	14.7855952288	13.2234555163	13.2226581941	17.1010784236	15.1765754414	13.2234555163	17.1010784236	13.2226581941	15.1819991274	13.2234555163	16.0891223921	15.1819991274	15.9050631651	13.2234555163	16.7535383398	16.0891223921	14.7855952288	15.1765754414	15.1765754414	15.3707181146	16.1005235075
11.1040062423	8.98943512753	8.98943512753	14.170530189	0.0	14.170530189	5.77141990142	11.1040062423	9.45587261859	11.1040062423	8.98943512753	10.2401548165	10.2282197262	8.08610240594	9.31316322302	9.31316322302	9.31316322302	8.08610240594	9.86239534664	9.87260943284	9.87260943284	10.0771037118	9.40289346749	10.0771037118	10.0771037118	9.20600876438	9.1445271471	9.1445271471	9.20600876438	9.1445271471	9.40289346749	9.40289346749	10.0771037118	9.40289346749	13.8619829052	10.0771037118	10.0771037118	10.0771037118	10.0771037118	13.8619829052	9.20600876438	9.45499454263	9.95817452325	11.100534947	11.100534947	7.93537301211	11.0331098072	9.45499454263	9.45499454263	9.94412097611	9.95817452325	9.94412097611	11.0779280376	9.95817452325	11.0779280376	7.92768269669	9.45499454263	7.93537301211	7.92768269669	11.4076049043	9.94412097611	7.93537301211	11.4076049043	7.92768269669	9.95817452325	7.93537301211	11.0331098072	9.95817452325	10.6594418363	7.93537301211	11.0779280376	11.0331098072	9.45499454263	9.94412097611	9.94412097611	9.20600876438	10.0771037118
12.0562924712	13.6323589046	13.6323589046	0.0	14.170530189	0.0	13.8800065288	12.0562924712	12.9195605512	12.0562924712	13.6323589046	13.0939592603	12.6186771795	10.6435297454	11.8517969473	11.8517969473	11.8517969473	10.6435297454	13.087323494	12.3654576662	12.3654576662	16.1005235075	15.5235571457	16.1005235075	16.1005235075	15.3707181146	15.2446613476	15.2446613476	15.3707181146	15.2446613476	15.5235571457	15.5235571457	16.1005235075	15.5235571457	19.7078238229	16.1005235075	16.1005235075	16.1005235075	16.1005235075	19.7078238229	15.3707181146	14.7855952288	15.1819991274	16.7648855182	16.7648855182	13.2234555163	16.0891223921	14.7855952288	14.7855952288	15.1765754414	15.1819991274	15.1765754414	16.7535383398	15.1819991274	16.7535383398	13.2226581941	14.7855952288	13.2234555163	13.2226581941	17.1010784236	15.1765754414	13.2234555163	17.1010784236	13.2226581941	15.1819991274	13.2234555163	16.0891223921	15.1819991274	15.9050631651	13.2234555163	16.7535383398	16.0891223921	14.7855952288	15.1765754414	15.1765754414	15.3707181146	16.1005235075
10.7976334161	8.54767277023	8.54767277023	13.8800065288	5.77141990142	13.8800065288	0.0	10.7976334161	9.08967149233	10.7976334161	8.54767277023	9.95525550535	9.93071168542	7.79497084911	9.02241712429	9.02241712429	9.02241712429	7.79497084911	9.54178707906	9.55233303806	9.55233303806	10.1758281043	9.52357632912	10.1758281043	10.1758281043	9.33954050614	9.26422358394	9.26422358394	9.33954050614	9.26422358394	9.52357632912	9.52357632912	10.1758281043	9.52357632912	13.9187898422	10.1758281043	10.1758281043	10.1758281043	10.1758281043	13.9187898422	9.33954050614	9.40311812907	9.89105033569	11.112031361	11.112031361	7.87651503133	10.9456177246	9.40311812907	9.40311812907	9.87469098064	9.89105033569	9.87469098064	11.094878814	9.89105033569	11.094878814	7.87039606348	9.40311812907	7.87651503133	7.87039606348	11.4293058222	9.87469098064	7.87651503133	11.4293058222	7.87039606348	9.89105033569	7.87651503133	10.9456177246	9.89105033569	10.5966266567	7.87651503133	11.094878814	10.9456177246	9.40311812907	9.87469098064	9.87469098064	9.33954050614	10.1758281043
0.0	10.5232331458	10.5232331458	12.0562924712	11.1040062423	12.0562924712	10.7976334161	0.0	9.63001940829	0.0	10.5232331458	9.5994090337	8.99726568918	7.10785709374	8.32057852825	8.32057852825	8.32057852825	7.10785709374	9.51275057527	8.48400935159	8.48400935159	13.0489025603	12.4647353688	13.0489025603	13.0489025603	12.3310287781	12.2500349025	12.2500349025	12.3310287781	12.2500349025	12.4647353688	12.4647353688	13.0489025603	12.4647353688	16.6157526802	13.0489025603	13.0489025603	13.0489025603	13.0489025603	16.6157526802	12.3310287781	11.5883146512	11.9732103807	13.6168447126	13.6168447126	10.0209920865	12.8644788208	11.5883146512	11.5883146512	11.9663224426	11.9732103807	11.9663224426	13.614873471	11.9732103807	13.614873471	10.0214059663	11.5883146512	10.0209920865	10.0214059663	13.9686971177	11.9663224426	10.0209920865	13.9686971177	10.0214059663	11.9732103807	10.0209920865	12.8644788208	11.9732103807	12.6996185267	10.0209920865	13.614873471	12.8644788208	11.5883146512	11.9663224426	11.9663224426	12.3310287781	13.0489025603
9.63001940829	8.05467918015	8.05467918015	12.9195605512	9.45587261859	12.9195605512	9.08967149233	9.63001940829	0.0	9.63001940829	8.05467918015	9.38988002719	9.11138891456	7.09331177744	8.32166811142	8.32166811142	8.32166811142	7.09331177744	8.79333176663	8.35028938976	8.35028938976	11.6483853581	11.0549042781	11.6483853581	11.6483853581	10.9015595842	10.7957049686	10.7957049686	10.9015595842	10.7957049686	11.0549042781	11.0549042781	11.6483853581	11.0549042781	15.2734329609	11.6483853581	11.6483853581	11.6483853581	11.6483853581	15.2734329609	10.9015595842	10.4166164182	10.8367487085	12.3433363494	12.3433363494	8.86252145305	11.7872282848	10.4166164182	10.4166164182	10.8236982559	10.8367487085	10.8236982559	12.3348246162	10.8367487085	12.3348246162	8.86108127383	10.4166164182	8.86252145305	8.86108127383	12.6815276882	10.8236982559	8.86252145305	12.6815276882	8.86108127383	10.8367487085	8.86252145305	11.7872282848	10.8367487085	11.556850801	8.86252145305	12.3348246162	11.7872282848	10.4166164182	10.8236982559	10.8236982559	10.9015595842	11.6483853581
0.0	10.5232331458	10.5232331458	12.0562924712	11.1040062423	12.0562924712	10.7976334161	0.0	9.63001940829	0.0	10.5232331458	9.5994090337	8.99726568918	7.10785709374	8.32057852825	8.32057852825	8.32057852825	7.10785709374	9.51275057527	8.48400935159	8.48400935159	13.0489025603	12.4647353688	13.0489025603	13.0489025603	12.3310287781	12.2500349025	12.2500349025	12.3310287781	12.2500349025	12.4647353688	12.4647353688	13.0489025603	12.4647353688	16.6157526802	13.0489025603	13.0489025603	13.0489025603	13.0489025603	16.6157526802	12.3310287781	11.5883146512	11.9732103807	13.6168447126	13.6168447126	10.0209920865	12.8644788208	11.5883146512	11.5883146512	11.9663224426	11.9732103807	11.9663224426	13.614873471	11.9732103807	13.614873471	10.0214059663	11.5883146512	10.0209920865	10.0214059663	13.9686971177	11.9663224426	10.0209920865	13.9686971177	10.0214059663	11.9732103807	10.0209920865	12.8644788208	11.9732103807	12.6996185267	10.0209920865	13.614873471	12.8644788208	11.5883146512	11.9663224426	11.9663224426	12.3310287781	13.0489025603
10.5232331458	0.0	0.0	13.6323589046	8.98943512753	13.6323589046	8.54767277023	10.5232331458	8.05467918015	10.5232331458	0.0	10.0393911403	9.87949135826	7.80535695079	9.03300732732	9.03300732732	9.03300732732	7.80535695079	9.51670102052	9.32294199792	9.32294199792	11.461122837	10.8596257023	11.461122837	11.461122837	10.6857639575	10.5538280951	10.5538280951	10.6857639575	10.5538280951	10.8596257023	10.8596257023	11.461122837	10.8596257023	15.1407955127	11.461122837	11.461122837	11.461122837	11.461122837	15.1407955127	10.6857639575	10.4356967567	10.8814774069	12.2766363628	12.2766363628	8.89200948587	11.8715860262	10.4356967567	10.4356967567	10.8671654981	10.8814774069	10.8671654981	12.2602468794	10.8814774069	12.2602468794	8.88872478686	10.4356967567	8.89200948587	8.88872478686	12.5999490843	10.8671654981	8.89200948587	12.5999490843	8.88872478686	10.8814774069	8.89200948587	11.8715860262	10.8814774069	11.5959255806	8.89200948587	12.2602468794	11.8715860262	10.4356967567	10.8671654981	10.8671654981	10.6857639575	11.461122837
9.5994090337	10.0393911403	10.0393911403	13.0939592603	10.2401548165	13.0939592603	9.95525550535	9.5994090337	9.38988002719	9.5994090337	10.0393911403	0.0	6.90585034629	4.07312567867	5.30652804083	5.30652804083	5.30652804083	4.07312567867	7.69843778198	7.97355722667	7.97355722667	11.9864155625	11.3971311273	11.9864155625	11.9864155625	11.3202597072	11.3528666057	11.3528666057	11.3202597072	11.3528666057	11.3971311273	11.3971311273	11.9864155625	11.3971311273	15.4156093483	11.9864155625	11.9864155625	11.9864155625	11.9864155625	15.4156093483	11.3202597072	10.0094213102	10.3361062834	12.2378601987	12.2378601987	8.41841546784	11.1376487965	10.0094213102	10.0094213102	10.3317760936	10.3361062834	10.3317760936	12.2606897231	10.3361062834	12.2606897231	8.4231622321	10.0094213102	8.41841546784	8.4231622321	12.6339704118	10.3317760936	8.41841546784	12.6339704118	8.4231622321	10.3361062834	8.41841546784	11.1376487965	10.3361062834	11.0757334216	8.41841546784	12.2606897231	11.1376487965	10.0094213102	10.3317760936	10.3317760936	11.3202597072	11.9864155625
8.99726568918	9.87949135826	9.87949135826	12.6186771795	10.2282197262	12.6186771795	9.93071168542	8.99726568918	9.11138891456	8.99726568918	9.87949135826	6.90585034629	0.0	3.88330657651	5.11186034194	5.11186034194	5.11186034194	3.88330657651	7.7117372022	7.28750537382	7.28750537382	12.0568369588	11.4681288102	12.0568369588	12.0568369588	11.3727956658	11.3698884347	11.3698884347	11.3727956658	11.3698884347	11.4681288102	11.4681288102	12.0568369588	11.4681288102	15.5318812314	12.0568369588	12.0568369588	12.0568369588	12.0568369588	15.5318812314	11.3727956658	10.2526785234	10.5990593028	12.4131478301	12.4131478301	8.66979101681	11.4301505254	10.2526785234	10.2526785234	10.5944193155	10.5990593028	10.5944193155	12.4280121536	10.5990593028	12.4280121536	8.67301606699	10.2526785234	8.66979101681	8.67301606699	12.7948990677	10.5944193155	8.66979101681	12.7948990677	8.67301606699	10.5990593028	8.66979101681	11.4301505254	10.5990593028	11.3340429328	8.66979101681	12.4280121536	11.4301505254	10.2526785234	10.5944193155	10.5944193155	11.3727956658	12.0568369588
7.10785709374	7.80535695079	7.80535695079	10.6435297454	8.08610240594	10.6435297454	7.79497084911	7.10785709374	7.09331177744	7.10785709374	7.80535695079	4.07312567867	3.88330657651	0.0	2.01364847208	2.01364847208	2.01364847208	0.0	5.53545511514	5.48957998174	5.48957998174	9.87396620483	9.28538280823	9.87396620483	9.87396620483	9.19849809295	9.21149044065	9.21149044065	9.19849809295	9.21149044065	9.28538280823	9.28538280823	9.87396620483	9.28538280823	13.327315061	9.87396620483	9.87396620483	9.87396620483	9.87396620483	13.327315061	9.19849809295	7.98690171458	8.3226579941	10.1810257433	10.1810257433	6.39986362981	9.13663003197	7.98690171458	7.98690171458	8.31919461318	8.3226579941	8.31919461318	10.1993509588	8.3226579941	10.1993509588	6.4037645637	7.98690171458	6.39986362981	6.4037645637	10.56919347	8.31919461318	6.39986362981	10.56919347	6.4037645637	8.3226579941	6.39986362981	9.13663003197	8.3226579941	9.05980699691	6.39986362981	10.1993509588	9.13663003197	7.98690171458	8.31919461318	8.31919461318	9.19849809295	9.87396620483
8.32057852825	9.03300732732	9.03300732732	11.8517969473	9.31316322302	11.8517969473	9.02241712429	8.32057852825	8.32166811142	8.32057852825	9.03300732732	5.30652804083	5.11186034194	2.01364847208	0.0	0.0	0.0	2.01364847208	6.78593623825	6.72707216244	6.72707216244	11.0995153082	10.5110734611	11.0995153082	11.0995153082	10.4241916561	10.437044639	10.437044639	10.4241916561	10.437044639	10.5110734611	10.5110734611	11.0995153082	10.5110734611	14.5526316883	11.0995153082	11.0995153082	11.0995153082	11.0995153082	14.5526316883	10.4241916561	9.21126684253	9.54660328001	11.4061547699	11.4061547699	7.62410350312	10.3597131947	9.21126684253	9.21126684253	9.54335239323	9.54660328001	9.54335239323	11.4244339663	9.54660328001	11.4244339663	7.62800601729	9.21126684253	7.62410350312	7.62800601729	11.7942885172	9.54335239323	7.62410350312	11.7942885172	7.62800601729	9.54660328001	7.62410350312	10.3597131947	9.54660328001	10.2837811588	7.62410350312	11.4244339663	10.3597131947	9.21126684253	9.54335239323	9.54335239323	10.4241916561	11.0995153082
8.32057852825	9.03300732732	9.03300732732	11.8517969473	9.31316322302	11.8517969473	9.02241712429	8.32057852825	8.32166811142	8.32057852825	9.03300732732	5.30652804083	5.11186034194	2.01364847208	0.0	0.0	0.0	2.01364847208	6.78593623825	6.72707216244	6.72707216244	11.0995153082	10.5110734611	11.0995153082	11.0995153082	10.4241916561	10.437044639	10.437044639	10.4241916561	10.437044639	10.5110734611	10.5110734611	11.0995153082	10.5110734611	14.5526316883	11.0995153082	11.0995153082	11.0995153082	11.0995153082	14.5526316883	10.4241916561	9.21126684253	9.54660328001	11.4061547699	11.4061547699	7.62410350312	10.3597131947	9.21126684253	9.21126684253	9.54335239323	9.54660328001	9.54335239323	11.4244339663	9.54660328001	11.4244339663	7.62800601729	9.21126684253	7.62410350312	7.62800601729	11.7942885172	9.54335239323	7.62410350312	11.7942885172	7.62800601729	9.54660328001	7.62410350312	10.3597131947	9.54660328001	10.2837811588	7.62410350312	11.4244339663	10.3597131947	9.21126684253	9.54335239323	9.54335239323	10.4241916561	11.0995153082
8.32057852825	9.03300732732	9.03300732732	11.8517969473	9.31316322302	11.8517969473	9.02241712429	8.32057852825	8.32166811142	8.32057852825	9.03300732732	5.30652804083	5.11186034194	2.01364847208	0.0	0.0	0.0	2.01364847208	6.78593623825	6.72707216244	6.72707216244	11.0995153082	10.5110734611	11.0995153082	11.0995153082	10.4241916561	10.437044639	10.437044639	10.4241916561	10.437044639	10.5110734611	10.5110734611	11.0995153082	10.5110734611	14.5526316883	11.0995153082	11.0995153082	11.0995153082	11.0995153082	14.5526316883	10.4241916561	9.21126684253	9.54660328001	11.4061547699	11.4061547699	7.62410350312	10.3597131947	9.21126684253	9.21126684253	9.54335239323	9.54660328001	9.54335239323	11.4244339663	9.54660328001	11.4244339663	7.62800601729	9.21126684253	7.62410350312	7.62800601729	11.7942885172	9.54335239323	7.62410350312	11.7942885172	7.62800601729	9.54660328001	7.62410350312	10.3597131947	9.54660328001	10.2837811588	7.62410350312	11.4244339663	10.3597131947	9.21126684253	9.54335239323	9.54335239323	10.4241916561	11.0995153082
7.10785709374	7.80535695079	7.80535695079	10.6435297454	8.08610240594	10.6435297454	7.79497084911	7.10785709374	7.09331177744	7.10785709374	7.80535695079	4.07312567867	3.88330657651	0.0	2.01364847208	2.01364847208	2.01364847208	0.0	5.53545511514	5.48957998174	5.48957998174	9.87396620483	9.28538280823	9.87396620483	9.87396620483	9.19849809295	9.21149044065	9.21149044065	9.19849809295	9.21149044065	9.28538280823	9.28538280823	9.87396620483	9.28538280823	13.327315061	9.87396620483	9.87396620483	9.87396620483	9.87396620483	13.327315061	9.19849809295	7.98690171458	8.3226579941	10.1810257433	10.1810257433	6.39986362981	9.13663003197	7.98690171458	7.98690171458	8.31919461318	8.3226579941	8.31919461318	10.1993509588	8.3226579941	10.1993509588	6.4037645637	7.98690171458	6.39986362981	6.4037645637	10.56919347	8.31919461318	6.39986362981	10.56919347	6.4037645637	8.3226579941	6.39986362981	9.13663003197	8.3226579941	9.05980699691	6.39986362981	10.1993509588	9.13663003197	7.98690171458	8.31919461318	8.31919461318	9.19849809295	9.87396620483
9.51275057527	9.51670102052	9.51670102052	13.087323494	9.86239534664	13.087323494	9.54178707906	9.51275057527	8.79333176663	9.51275057527	9.51670102052	7.69843778198	7.7117372022	5.53545511514	6.78593623825	6.78593623825	6.78593623825	5.53545511514	0.0	7.46685032697	7.46685032697	11.7784759916	11.1814906362	11.7784759916	11.7784759916	11.0865395754	11.0928768582	11.0928768582	11.0865395754	11.0928768582	11.1814906362	11.1814906362	11.7784759916	11.1814906362	15.2656562273	11.7784759916	11.7784759916	11.7784759916	11.7784759916	15.2656562273	11.0865395754	10.037273505	10.405794688	12.1562878486	12.1562878486	8.46119733637	11.2808106167	10.037273505	10.037273505	10.391020521	10.405794688	10.391020521	12.1738416992	10.405794688	12.1738416992	8.46422050118	10.037273505	8.46119733637	8.46422050118	12.5401731994	10.391020521	8.46119733637	12.5401731994	8.46422050118	10.405794688	8.46119733637	11.2808106167	10.405794688	11.1389017389	8.46119733637	12.1738416992	11.2808106167	10.037273505	10.391020521	10.391020521	11.0865395754	11.7784759916
8.48400935159	9.32294199792	9.32294199792	12.3654576662	9.87260943284	12.3654576662	9.55233303806	8.48400935159	8.35028938976	8.48400935159	9.32294199792	7.97355722667	7.28750537382	5.48957998174	6.72707216244	6.72707216244	6.72707216244	5.48957998174	7.46685032697	0.0	0.0	11.8252450249	11.2341063684	11.8252450249	11.8252450249	11.1187266869	11.0804960971	11.0804960971	11.1187266869	11.0804960971	11.2341063684	11.2341063684	11.8252450249	11.2341063684	15.354668377	11.8252450249	11.8252450249	11.8252450249	11.8252450249	15.354668377	11.1187266869	10.2323523021	10.608930566	12.3035298245	12.3035298245	8.6608347931	11.4907457829	10.2323523021	10.2323523021	10.5991126103	10.608930566	10.5991126103	12.3107639496	10.608930566	12.3107639496	8.66241932692	10.2323523021	8.6608347931	8.66241932692	12.6705018446	10.5991126103	8.6608347931	12.6705018446	8.66241932692	10.608930566	8.6608347931	11.4907457829	10.608930566	11.3383991329	8.6608347931	12.3107639496	11.4907457829	10.2323523021	10.5991126103	10.5991126103	11.1187266869	11.8252450249
8.48400935159	9.32294199792	9.32294199792	12.3654576662	9.87260943284	12.3654576662	9.55233303806	8.48400935159	8.35028938976	8.48400935159	9.32294199792	7.97355722667	7.28750537382	5.48957998174	6.72707216244	6.72707216244	6.72707216244	5.48957998174	7.46685032697	0.0	0.0	11.8252450249	11.2341063684	11.8252450249	11.8252450249	11.1187266869	11.0804960971	11.0804960971	11.1187266869	11.0804960971	11.2341063684	11.2341063684	11.8252450249	11.2341063684	15.354668377	11.8252450249	11.8252450249	11.8252450249	11.8252450249	15.354668377	11.1187266869	10.2323523021	10.608930566	12.3035298245	12.3035298245	8.6608347931	11.4907457829	10.2323523021	10.2323523021	10.5991126103	10.608930566	10.5991126103	12.3107639496	10.608930566	12.3107639496	8.66241932692	10.2323523021	8.6608347931	8.66241932692	12.6705018446	10.5991126103	8.6608347931	12.6705018446	8.66241932692	10.608930566	8.6608347931	11.4907457829	10.608930566	11.3383991329	8.6608347931	12.3107639496	11.4907457829	10.2323523021	10.5991126103	10.5991126103	11.1187266869	11.8252450249
13.0489025603	11.461122837	11.461122837	16.1005235075	10.0771037118	16.1005235075	10.1758281043	13.0489025603	11.6483853581	13.0489025603	11.461122837	11.9864155625	12.0568369588	9.87396620483	11.0995153082	11.0995153082	11.0995153082	9.87396620483	11.7784759916	11.8252450249	11.8252450249	0.0	6.78293550372	0.0	0.0	7.15768936121	7.94455351795	7.94455351795	7.15768936121	7.94455351795	6.78293550372	6.78293550372	0.0	6.78293550372	11.3288642635	0.0	0.0	0.0	0.0	11.3288642635	7.15768936121	9.53042985418	10.1785097582	10.2283905964	10.2283905964	8.08708695245	11.4210702635	9.53042985418	9.53042985418	10.224659585	10.1785097582	10.224659585	9.85209433247	10.1785097582	9.85209433247	8.05419505946	9.53042985418	8.08708695245	8.05419505946	9.98760655128	10.224659585	8.08708695245	9.98760655128	8.05419505946	10.1785097582	8.08708695245	11.4210702635	10.1785097582	10.8170823454	8.08708695245	9.85209433247	11.4210702635	9.53042985418	10.224659585	10.224659585	7.15768936121	0.0
12.4647353688	10.8596257023	10.8596257023	15.5235571457	9.40289346749	15.5235571457	9.52357632912	12.4647353688	11.0549042781	12.4647353688	10.8596257023	11.3971311273	11.4681288102	9.28538280823	10.5110734611	10.5110734611	10.5110734611	9.28538280823	11.1814906362	11.2341063684	11.2341063684	6.78293550372	0.0	6.78293550372	6.78293550372	5.89283268557	7.56618969845	7.56618969845	5.89283268557	7.56618969845	0.0	0.0	6.78293550372	0.0	11.7102032444	6.78293550372	6.78293550372	6.78293550372	6.78293550372	11.7102032444	5.89283268557	9.05057963493	9.68382629669	9.8837573621	9.8837573621	7.59812020625	10.9119952466	9.05057963493	9.05057963493	9.71712990728	9.68382629669	9.71712990728	9.66847564715	9.68382629669	9.66847564715	7.56997918625	9.05057963493	7.59812020625	7.56997918625	9.89319476139	9.71712990728	7.59812020625	9.89319476139	7.56997918625	9.68382629669	7.59812020625	10.9119952466	9.68382629669	10.3338727936	7.59812020625	9.66847564715	10.9119952466	9.05057963493	9.71712990728	9.71712990728	5.89283268557	6.78293550372
13.0489025603	11.461122837	11.461122837	16.1005235075	10.0771037118	16.1005235075	10.1758281043	13.0489025603	11.6483853581	13.0489025603	11.461122837	11.9864155625	12.0568369588	9.87396620483	11.0995153082	11.0995153082	11.0995153082	9.87396620483	11.7784759916	11.8252450249	11.8252450249	0.0	6.78293550372	0.0	0.0	7.15768936121	7.94455351795	7.94455351795	7.15768936121	7.94455351795	6.78293550372	6.78293550372	0.0	6.78293550372	11.3288642635	0.0	0.0	0.0	0.0	11.3288642635	7.15768936121	9.53042985418	10.1785097582	10.2283905964	10.2283905964	8.08708695245	11.4210702635	9.53042985418	9.53042985418	10.224659585	10.1785097582	10.224659585	9.85209433247	10.1785097582	9.85209433247	8.05419505946	9.53042985418	8.08708695245	8.05419505946	9.98760655128	10.224659585	8.08708695245	9.98760655128	8.05419505946	10.1785097582	8.08708695245	11.4210702635	10.1785097582	10.8170823454	8.08708695245	9.85209433247	11.4210702635	9.53042985418	10.224659585	10.224659585	7.15768936121	0.0
13.0489025603	11.461122837	11.461122837	16.1005235075	10.0771037118	16.1005235075	10.1758281043	13.0489025603	11.6483853581	13.0489025603	11.461122837	11.9864155625	12.0568369588	9.87396620483	11.0995153082	11.0995153082	11.0995153082	9.87396620483	11.7784759916	11.8252450249	11.8252450249	0.0	6.78293550372	0.0	0.0	7.15768936121	7.94455351795	7.94455351795	7.15768936121	7.94455351795	6.78293550372	6.78293550372	0.0	6.78293550372	11.3288642635	0.0	0.0	0.0	0.0	11.3288642635	7.15768936121	9.53042985418	10.1785097582	10.2283905964	10.2283905964	8.08708695245	11.4210702635	9.53042985418	9.53042985418	10.224659585	10.1785097582	10.224659585	9.85209433247	10.1785097582	9.85209433247	8.05419505946	9.53042985418	8.08708695245	8.05419505946	9.98760655128	10.224659585	8.08708695245	9.98760655128	8.05419505946	10.1785097582	8.08708695245	11.4210702635	10.1785097582	10.8170823454	8.08708695245	9.85209433247	11.4210702635	9.53042985418	10.224659585	10.224659585	7.15768936121	0.0
12.3310287781	10.6857639575	10.6857639575	15.3707181146	9.20600876438	15.3707181146	9.33954050614	12.3310287781	10.9015595842	12.3310287781	10.6857639575	11.3202597072	11.3727956658	9.19849809295	10.4241916561	10.4241916561	10.4241916561	9.19849809295	11.0865395754	11.1187266869	11.1187266869	7.15768936121	5.89283268557	7.15768936121	7.15768936121	0.0	6.81196604417	6.81196604417	0.0	6.81196604417	5.89283268557	5.89283268557	7.15768936121	5.89283268557	11.9934122068	7.15768936121	7.15768936121	7.15768936121	7.15768936121	11.9934122068	0.0	9.21227345525	9.82679781847	10.1700809059	10.1700809059	7.75022499286	11.0326814887	9.21227345525	9.21227345525	9.85407787636	9.82679781847	9.85407787636	9.95763741442	9.82679781847	9.95763741442	7.72478006195	9.21227345525	7.75022499286	7.72478006195	10.1801130489	9.85407787636	7.75022499286	10.1801130489	7.72478006195	9.82679781847	7.75022499286	11.0326814887	9.82679781847	10.4835701862	7.75022499286	9.95763741442	11.0326814887	9.21227345525	9.85407787636	9.85407787636	0.0	7.15768936121
12.2500349025	10.5538280951	10.5538280951	15.2446613476	9.1445271471	15.2446613476	9.26422358394	12.2500349025	10.7957049686	12.2500349025	10.5538280951	11.3528666057	11.3698884347	9.21149044065	10.437044639	10.437044639	10.437044639	9.21149044065	11.0928768582	11.0804960971	11.0804960971	7.94455351795	7.56618969845	7.94455351795	7.94455351795	6.81196604417	0.0	0.0	6.81196604417	0.0	7.56618969845	7.56618969845	7.94455351795	7.56618969845	12.4861465597	7.94455351795	7.94455351795	7.94455351795	7.94455351795	12.4861465597	6.81196604417	9.61448368611	10.2043886694	10.7012080108	10.7012080108	8.14067896967	11.3785999835	9.61448368611	9.61448368611	10.2268656369	10.2043886694	10.2268656369	10.4793154664	10.2043886694	10.4793154664	8.11799104205	9.61448368611	8.14067896967	8.11799104205	10.6950771631	10.2268656369	8.14067896967	10.6950771631	8.11799104205	10.2043886694	8.14067896967	11.3785999835	10.2043886694	10.8683819887	8.14067896967	10.4793154664	11.3785999835	9.61448368611	10.2268656369	10.2268656369	6.81196604417	7.94455351795
12.2500349025	10.5538280951	10.5538280951	15.2446613476	9.1445271471	15.2446613476	9.26422358394	12.2500349025	10.7957049686	12.2500349025	10.5538280951	11.3528666057	11.3698884347	9.21149044065	10.437044639	10.437044639	10.437044639	9.21149044065	11.0928768582	11.0804960971	11.0804960971	7.94455351795	7.56618969845	7.94455351795	7.94455351795	6.81196604417	0.0	0.0	6.81196604417	0.0	7.56618969845	7.56618969845	7.94455351795	7.56618969845	12.4861465597	7.94455351795	7.94455351795	7.94455351795	7.94455351795	12.4861465597	6.81196604417	9.61448368611	10.2043886694	10.7012080108	10.7012080108	8.14067896967	11.3785999835	9.61448368611	9.61448368611	10.2268656369	10.2043886694	10.2268656369	10.4793154664	10.2043886694	10.4793154664	8.11799104205	9.61448368611	8.14067896967	8.11799104205	10.6950771631	10.2268656369	8.14067896967	10.6950771631	8.11799104205	10.2043886694	8.14067896967	11.3785999835	10.2043886694	10.8683819887	8.14067896967	10.4793154664	11.3785999835	9.61448368611	10.2268656369	10.2268656369	6.81196604417	7.94455351795
12.3310287781	10.6857639575	10.6857639575	15.3707181146	9.20600876438	15.3707181146	9.33954050614	12.3310287781	10.9015595842	12.3310287781	10.6857639575	11.3202597072	11.3727956658	9.19849809295	10.4241916561	10.4241916561	10.4241916561	9.19849809295	11.0865395754	11.1187266869	11.1187266869	7.15768936121	5.89283268557	7.15768936121	7.15768936121	0.0	6.81196604417	6.81196604417	0.0	6.81196604417	5.89283268557	5.89283268557	7.15768936121	5.89283268557	11.9934122068	7.15768936121	7.15768936121	7.15768936121	7.15768936121	11.9934122068	0.0	9.21227345525	9.82679781847	10.1700809059	10.1700809059	7.75022499286	11.0326814887	9.21227345525	9.21227345525	9.85407787636	9.82679781847	9.85407787636	9.95763741442	9.82679781847	9.95763741442	7.72478006195	9.21227345525	7.75022499286	7.72478006195	10.1801130489	9.85407787636	7.75022499286	10.1801130489	7.72478006195	9.82679781847	7.75022499286	11.0326814887	9.82679781847	10.4835701862	7.75022499286	9.95763741442	11.0326814887	9.21227345525	9.85407787636	9.85407787636	0.0	7.15768936121
12.2500349025	10.5538280951	10.5538280951	15.2446613476	9.1445271471	15.2446613476	9.26422358394	12.2500349025	10.7957049686	12.2500349025	10.5538280951	11.3528666057	11.3698884347	9.21149044065	10.437044639	10.437044639	10.437044639	9.21149044065	11.0928768582	11.0804960971	11.0804960971	7.94455351795	7.56618969845	7.94455351795	7.94455351795	6.81196604417	0.0	0.0	6.81196604417	0.0	7.56618969845	7.56618969845	7.94455351795	7.56618969845	12.4861465597	7.94455351795	7.94455351795	7.94455351795	7.94455351795	12.4861465597	6.81196604417	9.61448368611	10.2043886694	10.7012080108	10.7012080108	8.14067896967	11.3785999835	9.61448368611	9.61448368611	10.2268656369	10.2043886694	10.2268656369	10.4793154664	10.2043886694	10.4793154664	8.11799104205	9.61448368611	8.14067896967	8.11799104205	10.6950771631	10.2268656369	8.14067896967	10.6950771631	8.11799104205	10.2043886694	8.14067896967	11.3785999835	10.2043886694	10.8683819887	8.14067896967	10.4793154664	11.3785999835	9.61448368611	10.2268656369	10.2268656369	6.81196604417	7.94455351795
12.4647353688	10.8596257023	10.8596257023	15.5235571457	9.40289346749	15.5235571457	9.52357632912	12.4647353688	11.0549042781	12.4647353688	10.8596257023	11.3971311273	11.4681288102	9.28538280823	10.5110734611	10.5110734611	10.5110734611	9.28538280823	11.1814906362	11.2341063684	11.2341063684	6.78293550372	0.0	6.78293550372	6.78293550372	5.89283268557	7.56618969845	7.56618969845	5.89283268557	7.56618969845	0.0	0.0	6.78293550372	0.0	11.7102032444	6.78293550372	6.78293550372	6.78293550372	6.78293550372	11.7102032444	5.89283268557	9.05057963493	9.68382629669	9.8837573621	9.8837573621	7.59812020625	10.9119952466	9.05057963493	9.05057963493	9.71712990728	9.68382629669	9.71712990728	9.66847564715	9.68382629669	9.66847564715	7.56997918625	9.05057963493	7.59812020625	7.56997918625	9.89319476139	9.71712990728	7.59812020625	9.89319476139	7.56997918625	9.68382629669	7.59812020625	10.9119952466	9.68382629669	10.3338727936	7.59812020625	9.66847564715	10.9119952466	9.05057963493	9.71712990728	9.71712990728	5.89283268557	6.78293550372
12.4647353688	10.8596257023	10.8596257023	15.5235571457	9.40289346749	15.5235571457	9.52357632912	12.4647353688	11.0549042781	12.4647353688	10.8596257023	11.3971311273	11.4681288102	9.28538280823	10.5110734611	10.5110734611	10.5110734611	9.28538280823	11.1814906362	11.2341063684	11.2341063684	6.78293550372	0.0	6.78293550372	6.78293550372	5.89283268557	7.56618969845	7.56618969845	5.89283268557	7.56618969845	0.0	0.0	6.78293550372	0.0	11.7102032444	6.78293550372	6.78293550372	6.78293550372	6.78293550372	11.7102032444	5.89283268557	9.05057963493	9.68382629669	9.8837573621	9.8837573621	7.59812020625	10.9119952466	9.05057963493	9.05057963493	9.71712990728	9.68382629669	9.71712990728	9.66847564715	9.68382629669	9.66847564715	7.56997918625	9.05057963493	7.59812020625	7.56997918625	9.89319476139	9.71712990728	7.59812020625	9.89319476139	7.56997918625	9.68382629669	7.59812020625	10.9119952466	9.68382629669	10.3338727936	7.59812020625	9.66847564715	10.9119952466	9.05057963493	9.71712990728	9.71712990728	5.89283268557	6.78293550372
13.0489025603	11.461122837	11.461122837	16.1005235075	10.0771037118	16.1005235075	10.1758281043	13.0489025603	11.6483853581	13.0489025603	11.461122837	11.9864155625	12.0568369588	9.87396620483	11.0995153082	11.0995153082	11.0995153082	9.87396620483	11.7784759916	11.8252450249	11.8252450249	0.0	6.78293550372	0.0	0.0	7.15768936121	7.94455351795	7.94455351795	7.15768936121	7.94455351795	6.78293550372	6.78293550372	0.0	6.78293550372	11.3288642635	0.0	0.0	0.0	0.0	11.3288642635	7.15768936121	9.53042985418	10.1785097582	10.2283905964	10.2283905964	8.08708695245	11.4210702635	9.53042985418	9.53042985418	10.224659585	10.1785097582	10.224659585	9.85209433247	10.1785097582	9.85209433247	8.05419505946	9.53042985418	8.08708695245	8.05419505946	9.98760655128	10.224659585	8.08708695245	9.98760655128	8.05419505946	10.1785097582	8.08708695245	11.4210702635	10.1785097582	10.8170823454	8.08708695245	9.85209433247	11.4210702635	9.53042985418	10.224659585	10.224659585	7.15768936121	0.0
12.4647353688	10.8596257023	10.8596257023	15.5235571457	9.40289346749	15.5235571457	9.52357632912	12.4647353688	11.0549042781	12.4647353688	10.8596257023	11.3971311273	11.4681288102	9.28538280823	10.5110734611	10.5110734611	10.5110734611	9.28538280823	11.1814906362	11.2341063684	11.2341063684	6.78293550372	0.0	6.78293550372	6.78293550372	5.89283268557	7.56618969845	7.56618969845	5.89283268557	7.56618969845	0.0	0.0	6.78293550372	0.0	11.7102032444	6.78293550372	6.78293550372	6.78293550372	6.78293550372	11.7102032444	5.89283268557	9.05057963493	9.68382629669	9.8837573621	9.8837573621	7.59812020625	10.9119952466	9.05057963493	9.05057963493	9.71712990728	9.68382629669	9.71712990728	9.66847564715	9.68382629669	9.66847564715	7.56997918625	9.05057963493	7.59812020625	7.56997918625	9.89319476139	9.71712990728	7.59812020625	9.89319476139	7.56997918625	9.68382629669	7.59812020625	10.9119952466	9.68382629669	10.3338727936	7.59812020625	9.66847564715	10.9119952466	9.05057963493	9.71712990728	9.71712990728	5.89283268557	6.78293550372
16.6157526802	15.1407955127	15.1407955127	19.7078238229	13.8619829052	19.7078238229	13.9187898422	16.6157526802	15.2734329609	16.6157526802	15.1407955127	15.4156093483	15.5318812314	13.327315061	14.5526316883	14.5526316883	14.5526316883	13.327315061	15.2656562273	15.354668377	15.354668377	11.3288642635	11.7102032444	11.3288642635	11.3288642635	11.9934122068	12.4861465597	12.4861465597	11.9934122068	12.4861465597	11.7102032444	11.7102032444	11.3288642635	11.7102032444	0.0	11.3288642635	11.3288642635	11.3288642635	11.3288642635	0.0	11.9934122068	12.1175438938	12.8441180222	12.3497425901	12.3497425901	10.7179041723	14.1745843719	12.1175438938	12.1175438938	12.9411306941	12.8441180222	12.9411306941	11.2432020921	12.8441180222	11.2432020921	10.6645902894	12.1175438938	10.7179041723	10.6645902894	10.8808924115	12.9411306941	10.7179041723	10.8808924115	10.6645902894	12.8441180222	10.7179041723	14.1745843719	12.8441180222	13.4318767619	10.7179041723	11.2432020921	14.1745843719	12.1175438938	12.9411306941	12.9411306941	11.9934122068	11.3288642635
13.0489025603	11.461122837	11.461122837	16.1005235075	10.0771037118	16.1005235075	10.1758281043	13.0489025603	11.6483853581	13.0489025603	11.461122837	11.9864155625	12.0568369588	9.87396620483	11.0995153082	11.0995153082	11.0995153082	9.87396620483	11.7784759916	11.8252450249	11.8252450249	0.0	6.78293550372	0.0	0.0	7.15768936121	7.94455351795	7.94455351795	7.15768936121	7.94455351795	6.78293550372	6.78293550372	0.0	6.78293550372	11.3288642635	0.0	0.0	0.0	0.0	11.3288642635	7.15768936121	9.53042985418	10.1785097582	10.2283905964	10.2283905964	8.08708695245	11.4210702635	9.53042985418	9.53042985418	10.224659585	10.1785097582	10.224659585	9.85209433247	10.1785097582	9.85209433247	8.05419505946	9.53042985418	8.08708695245	8.05419505946	9.98760655128	10.224659585	8.08708695245	9.98760655128	8.05419505946	10.1785097582	8.08708695245	11.4210702635	10.1785097582	10.8170823454	8.08708695245	9.85209433247	11.4210702635	9.53042985418	10.224659585	10.224659585	7.15768936121	0.0
13.0489025603	11.461122837	11.461122837	16.1005235075	10.0771037118	16.1005235075	10.1758281043	13.0489025603	11.6483853581	13.0489025603	11.461122837	11.9864155625	12.0568369588	9.87396620483	11.0995153082	11.0995153082	11.0995153082	9.87396620483	11.7784759916	11.8252450249	11.8252450249	0.0	6.78293550372	0.0	0.0	7.15768936121	7.94455351795	7.94455351795	7.15768936121	7.94455351795	6.78293550372	6.78293550372	0.0	6.78293550372	11.3288642635	0.0	0.0	0.0	0.0	11.3288642635	7.15768936121	9.53042985418	10.1785097582	10.2283905964	10.2283905964	8.08708695245	11.4210702635	9.53042985418	9.53042985418	10.224659585	10.1785097582	10.224659585	9.85209433247	10.1785097582	9.85209433247	8.05419505946	9.53042985418	8.08708695245	8.05419505946	9.98760655128	10.224659585	8.08708695245	9.98760655128	8.05419505946	10.1785097582	8.08708695245	11.4210702635	10.1785097582	10.8170823454	8.08708695245	9.85209433247	11.4210702635	9.53042985418	10.224659585	10.224659585	7.15768936121	0.0
13.0489025603	11.461122837	11.461122837	16.1005235075	10.0771037118	16.1005235075	10.1758281043	13.0489025603	11.6483853581	13.0489025603	11.461122837	11.9864155625	12.0568369588	9.87396620483	11.0995153082	11.0995153082	11.0995153082	9.87396620483	11.7784759916	11.8252450249	11.8252450249	0.0	6.78293550372	0.0	0.0	7.15768936121	7.94455351795	7.94455351795	7.15768936121	7.94455351795	6.78293550372	6.78293550372	0.0	6.78293550372	11.3288642635	0.0	0.0	0.0	0.0	11.3288642635	7.15768936121	9.53042985418	10.1785097582	10.2283905964	10.2283905964	8.08708695245	11.4210702635	9.53042985418	9.53042985418	10.224659585	10.1785097582	10.224659585	9.85209433247	10.1785097582	9.85209433247	8.05419505946	9.53042985418	8.08708695245	8.05419505946	9.98760655128	10.224659585	8.08708695245	9.98760655128	8.05419505946	10.1785097582	8.08708695245	11.4210702635	10.1785097582	10.8170823454	8.08708695245	9.85209433247	11.4210702635	9.53042985418	10.224659585	10.224659585	7.15768936121	0.0
