0.0	0.46993580674	0.46993580674	3.79074384341	3.74897233991	3.79074384341	3.64526259223	0.0	0.468476434743	0.0	0.46993580674	0.0314684554624	0.0276054047171	0.029152768217	1.38872411678	1.38872411678	1.38872411678	0.029152768217	0.0293896857901	0.0262432493166	0.0262432493166	0.474810187062	0.475249109109	0.474810187062	0.474810187062	0.474415184292	0.473470130952	0.473470130952	0.474415184292	0.473470130952	0.475249109109	0.475249109109	0.474810187062	0.475249109109	2.41940770985	0.474810187062	0.474810187062	0.474810187062	0.474810187062	2.41940770985	0.474415184292	3.27768258941	3.67793772597	3.93031257649	3.93031257649	1.71819237047	4.54319885954	3.27768258941	3.27768258941	3.76728568074	3.67793772597	3.76728568074	3.94582117022	3.67793772597	3.94582117022	1.71798326236	3.27768258941	1.71819237047	1.71798326236	3.905867226	3.76728568074	1.71819237047	3.905867226	1.71798326236	3.67793772597	1.71819237047	4.54319885954	3.67793772597	4.32975335849	1.71819237047	3.94582117022	4.54319885954	3.27768258941	3.76728568074	3.76728568074	0.474415184292	0.474810187062
0.46993580674	0.0	0.0	3.50432487626	3.45206837311	3.50432487626	3.35666845876	0.46993580674	0.00941038689845	0.46993580674	0.0	0.463900373645	0.461081176138	0.462005040656	1.82156197552	1.82156197552	1.82156197552	0.462005040656	0.460389926873	0.459969757838	0.459969757838	0.0172842834268	0.0182107447068	0.0172842834268	0.0172842834268	0.0171394208361	0.0157888107241	0.0157888107241	0.0171394208361	0.0157888107241	0.0182107447068	0.0182107447068	0.0172842834268	0.0182107447068	1.96213419431	0.0172842834268	0.0172842834268	0.0172842834268	0.0172842834268	1.96213419431	0.0171394208361	3.32007117759	3.76174165213	3.66161536582	3.66161536582	1.7729652473	4.70015821481	3.32007117759	3.32007117759	3.87455160048	3.76174165213	3.87455160048	3.62290650431	3.76174165213	3.62290650431	1.77264425244	3.32007117759	1.7729652473	1.77264425244	3.5459865111	3.87455160048	1.7729652473	3.5459865111	1.77264425244	3.76174165213	1.7729652473	4.70015821481	3.76174165213	4.40335331592	1.7729652473	3.62290650431	4.70015821481	3.32007117759	3.87455160048	3.87455160048	0.0171394208361	0.0172842834268
0.46993580674	0.0	0.0	3.50432487626	3.45206837311	3.50432487626	3.35666845876	0.46993580674	0.00941038689845	0.46993580674	0.0	0.463900373645	0.461081176138	0.462005040656	1.82156197552	1.82156197552	1.82156197552	0.462005040656	0.460389926873	0.459969757838	0.459969757838	0.0172842834268	0.0182107447068	0.0172842834268	0.0172842834268	0.0171394208361	0.0157888107241	0.0157888107241	0.0171394208361	0.0157888107241	0.0182107447068	0.0182107447068	0.0172842834268	0.0182107447068	1.96213419431	0.0172842834268	0.0172842834268	0.0172842834268	0.0172842834268	1.96213419431	0.0171394208361	3.32007117759	3.76174165213	3.66161536582	3.66161536582	1.7729652473	4.70015821481	3.32007117759	3.32007117759	3.87455160048	3.76174165213	3.87455160048	3.62290650431	3.76174165213	3.62290650431	1.77264425244	3.32007117759	1.7729652473	1.77264425244	3.5459865111	3.87455160048	1.7729652473	3.5459865111	1.77264425244	3.76174165213	1.7729652473	4.70015821481	3.76174165213	4.40335331592	1.7729652473	3.62290650431	4.70015821481	3.32007117759	3.87455160048	3.87455160048	0.0171394208361	0.0172842834268
3.79074384341	3.50432487626	3.50432487626	0.0	6.9149793221	0.0	6.81815939533	3.79074384341	3.50279096744	3.79074384341	3.50432487626	3.78508367094	3.78194628069	3.78307037306	5.14261310857	5.14261310857	5.14261310857	3.78307037306	3.78191298953	3.78108835629	3.78108835629	3.51076999057	3.51160517346	3.51076999057	3.51076999057	3.51058087921	3.5093131065	3.5093131065	3.51058087921	3.5093131065	3.51160517346	3.51160517346	3.51076999057	3.51160517346	5.45556410193	3.51076999057	3.51076999057	3.51076999057	3.51076999057	5.45556410193	3.51058087921	6.71678214317	7.15042695103	7.11855690893	7.11855690893	5.16727727397	8.07465714553	6.71678214317	6.71678214317	7.25870184357	7.15042695103	7.25870184357	7.09033519356	7.15042695103	7.09033519356	5.16697795553	6.71678214317	5.16727727397	5.16697795553	7.02056838861	7.25870184357	5.16727727397	7.02056838861	5.16697795553	7.15042695103	5.16727727397	8.07465714553	7.15042695103	7.79401201518	5.16727727397	7.09033519356	8.07465714553	6.71678214317	7.25870184357	7.25870184357	3.51058087921	3.51076999057
3.74897233991	3.45206837311	3.45206837311	6.9149793221	0.0	6.9149793221	5.10376155918	3.74897233991	3.45258504938	3.74897233991	3.45206837311	3.74058569505	3.73808001505	3.73881273056	5.09838036475	5.09838036475	5.09838036475	3.73881273056	3.73659736714	3.73696603958	3.73696603958	3.45317419677	3.4533251821	3.45317419677	3.45317419677	3.4524018651	3.45146915239	3.45146915239	3.4524018651	3.45146915239	3.4533251821	3.4533251821	3.45317419677	3.4533251821	5.39829241308	3.45317419677	3.45317419677	3.45317419677	3.45317419677	5.39829241308	3.4524018651	6.62548743445	7.06316141596	7.03034551644	7.03034551644	5.0770940815	7.99553670371	6.62548743445	6.62548743445	7.17112721148	7.06316141596	7.17112721148	7.01566883258	7.06316141596	7.01566883258	5.07679633792	6.62548743445	5.0770940815	5.07679633792	6.95181150522	7.17112721148	5.0770940815	6.95181150522	5.07679633792	7.06316141596	5.0770940815	7.99553670371	7.06316141596	7.70707933339	5.0770940815	7.01566883258	7.99553670371	6.62548743445	7.17112721148	7.17112721148	3.4524018651	3.45317419677
3.79074384341	3.50432487626	3.50432487626	0.0	6.9149793221	0.0	6.81815939533	3.79074384341	3.50279096744	3.79074384341	3.50432487626	3.78508367094	3.78194628069	3.78307037306	5.14261310857	5.14261310857	5.14261310857	3.78307037306	3.78191298953	3.78108835629	3.78108835629	3.51076999057	3.51160517346	3.51076999057	3.51076999057	3.51058087921	3.5093131065	3.5093131065	3.51058087921	3.5093131065	3.51160517346	3.51160517346	3.51076999057	3.51160517346	5.45556410193	3.51076999057	3.51076999057	3.51076999057	3.51076999057	5.45556410193	3.51058087921	6.71678214317	7.15042695103	7.11855690893	7.11855690893	5.16727727397	8.07465714553	6.71678214317	6.71678214317	7.25870184357	7.15042695103	7.25870184357	7.09033519356	7.15042695103	7.09033519356	5.16697795553	6.71678214317	5.16727727397	5.16697795553	7.02056838861	7.25870184357	5.16727727397	7.02056838861	5.16697795553	7.15042695103	5.16727727397	8.07465714553	7.15042695103	7.79401201518	5.16727727397	7.09033519356	8.07465714553	6.71678214317	7.25870184357	7.25870184357	3.51058087921	3.51076999057
3.64526259223	3.35666845876	3.35666845876	6.81815939533	5.10376155918	6.81815939533	0.0	3.64526259223	3.35729191135	3.64526259223	3.35666845876	3.63675533293	3.63426444978	3.63498762454	4.99455669318	4.99455669318	4.99455669318	3.63498762454	3.63274117105	3.63314907091	3.63314907091	3.35959169855	3.35998416485	3.35959169855	3.35959169855	3.35903873944	3.35799948879	3.35799948879	3.35903873944	3.35799948879	3.35998416485	3.35998416485	3.35959169855	3.35998416485	5.30457776163	3.35959169855	3.35959169855	3.35959169855	3.35959169855	5.30457776163	3.35903873944	6.53510539784	6.9714316064	6.94261386837	6.94261386837	4.98631669173	7.90125374999	6.53510539784	6.53510539784	7.07918139865	6.9714316064	7.07918139865	6.92501236083	6.9714316064	6.92501236083	4.98601979799	6.53510539784	4.98631669173	4.98601979799	6.86001944468	7.07918139865	4.98631669173	6.86001944468	4.98601979799	6.9714316064	4.98631669173	7.90125374999	6.9714316064	7.61538076513	4.98631669173	6.92501236083	7.90125374999	6.53510539784	7.07918139865	7.07918139865	3.35903873944	3.35959169855
0.0	0.46993580674	0.46993580674	3.79074384341	3.74897233991	3.79074384341	3.64526259223	0.0	0.468476434743	0.0	0.46993580674	0.0314684554624	0.0276054047171	0.029152768217	1.38872411678	1.38872411678	1.38872411678	0.029152768217	0.0293896857901	0.0262432493166	0.0262432493166	0.474810187062	0.475249109109	0.474810187062	0.474810187062	0.474415184292	0.473470130952	0.473470130952	0.474415184292	0.473470130952	0.475249109109	0.475249109109	0.474810187062	0.475249109109	2.41940770985	0.474810187062	0.474810187062	0.474810187062	0.474810187062	2.41940770985	0.474415184292	3.27768258941	3.67793772597	3.93031257649	3.93031257649	1.71819237047	4.54319885954	3.27768258941	3.27768258941	3.76728568074	3.67793772597	3.76728568074	3.94582117022	3.67793772597	3.94582117022	1.71798326236	3.27768258941	1.71819237047	1.71798326236	3.905867226	3.76728568074	1.71819237047	3.905867226	1.71798326236	3.67793772597	1.71819237047	4.54319885954	3.67793772597	4.32975335849	1.71819237047	3.94582117022	4.54319885954	3.27768258941	3.76728568074	3.76728568074	0.474415184292	0.474810187062
0.468476434743	0.00941038689845	0.00941038689845	3.50279096744	3.45258504938	3.50279096744	3.35729191135	0.468476434743	0.0	0.468476434743	0.00941038689845	0.462444910628	0.459624838292	0.46054917733	1.82010616242	1.82010616242	1.82010616242	0.46054917733	0.45893596973	0.458512740423	0.458512740423	0.0178333230037	0.0187605859553	0.0178333230037	0.0178333230037	0.0176904844652	0.0163434934698	0.0163434934698	0.0176904844652	0.0163434934698	0.0187605859553	0.0187605859553	0.0178333230037	0.0187605859553	1.96267833617	0.0178333230037	0.0178333230037	0.0178333230037	0.0178333230037	1.96267833617	0.0176904844652	3.31950049721	3.76107687369	3.66174471252	3.66174471252	1.77236644156	4.69932866668	3.31950049721	3.31950049721	3.87383409973	3.76107687369	3.87383409973	3.62315413944	3.76107687369	3.62315413944	1.77204569803	3.31950049721	1.77236644156	1.77204569803	3.54631527349	3.87383409973	1.77236644156	3.54631527349	1.77204569803	3.76107687369	1.77236644156	4.69932866668	3.76107687369	4.40271140986	1.77236644156	3.62315413944	4.69932866668	3.31950049721	3.87383409973	3.87383409973	0.0176904844652	0.0178333230037
0.0	0.46993580674	0.46993580674	3.79074384341	3.74897233991	3.79074384341	3.64526259223	0.0	0.468476434743	0.0	0.46993580674	0.0314684554624	0.0276054047171	0.029152768217	1.38872411678	1.38872411678	1.38872411678	0.029152768217	0.0293896857901	0.0262432493166	0.0262432493166	0.474810187062	0.475249109109	0.474810187062	0.474810187062	0.474415184292	0.473470130952	0.473470130952	0.474415184292	0.473470130952	0.475249109109	0.475249109109	0.474810187062	0.475249109109	2.41940770985	0.474810187062	0.474810187062	0.474810187062	0.474810187062	2.41940770985	0.474415184292	3.27768258941	3.67793772597	3.93031257649	3.93031257649	1.71819237047	4.54319885954	3.27768258941	3.27768258941	3.76728568074	3.67793772597	3.76728568074	3.94582117022	3.67793772597	3.94582117022	1.71798326236	3.27768258941	1.71819237047	1.71798326236	3.905867226	3.76728568074	1.71819237047	3.905867226	1.71798326236	3.67793772597	1.71819237047	4.54319885954	3.67793772597	4.32975335849	1.71819237047	3.94582117022	4.54319885954	3.27768258941	3.76728568074	3.76728568074	0.474415184292	0.474810187062
0.46993580674	0.0	0.0	3.50432487626	3.45206837311	3.50432487626	3.35666845876	0.46993580674	0.00941038689845	0.46993580674	0.0	0.463900373645	0.461081176138	0.462005040656	1.82156197552	1.82156197552	1.82156197552	0.462005040656	0.460389926873	0.459969757838	0.459969757838	0.0172842834268	0.0182107447068	0.0172842834268	0.0172842834268	0.0171394208361	0.0157888107241	0.0157888107241	0.0171394208361	0.0157888107241	0.0182107447068	0.0182107447068	0.0172842834268	0.0182107447068	1.96213419431	0.0172842834268	0.0172842834268	0.0172842834268	0.0172842834268	1.96213419431	0.0171394208361	3.32007117759	3.76174165213	3.66161536582	3.66161536582	1.7729652473	4.70015821481	3.32007117759	3.32007117759	3.87455160048	3.76174165213	3.87455160048	3.62290650431	3.76174165213	3.62290650431	1.77264425244	3.32007117759	1.7729652473	1.77264425244	3.5459865111	3.87455160048	1.7729652473	3.5459865111	1.77264425244	3.76174165213	1.7729652473	4.70015821481	3.76174165213	4.40335331592	1.7729652473	3.62290650431	4.70015821481	3.32007117759	3.87455160048	3.87455160048	0.0171394208361	0.0172842834268
0.0314684554624	0.463900373645	0.463900373645	3.78508367094	3.74058569505	3.78508367094	3.63675533293	0.0314684554624	0.462444910628	0.0314684554624	0.463900373645	0.0	0.0101103176351	0.0083319037442	1.36760572293	1.36760572293	1.36760572293	0.0083319037442	0.0101268098361	0.0110570633034	0.0110570633034	0.468744431352	0.469176145285	0.468744431352	0.468744431352	0.468345728615	0.467406517509	0.467406517509	0.468345728615	0.467406517509	0.469176145285	0.469176145285	0.468744431352	0.469176145285	2.41333831354	0.468744431352	0.468744431352	0.468744431352	0.468744431352	2.41333831354	0.468345728615	3.26421612095	3.66383072089	3.92146958005	3.92146958005	1.70453884876	4.52791332607	3.26421612095	3.26421612095	3.75286273865	3.66383072089	3.75286273865	3.93777068165	3.66383072089	3.93777068165	1.70433136525	3.26421612095	1.70453884876	1.70433136525	3.89836054109	3.75286273865	1.70453884876	3.89836054109	1.70433136525	3.66383072089	1.70453884876	4.52791332607	3.66383072089	4.31578961003	1.70453884876	3.93777068165	4.52791332607	3.26421612095	3.75286273865	3.75286273865	0.468345728615	0.468744431352
0.0276054047171	0.461081176138	0.461081176138	3.78194628069	3.73808001505	3.78194628069	3.63426444978	0.0276054047171	0.459624838292	0.0276054047171	0.461081176138	0.0101103176351	0.0	0.00700366798094	1.36663155824	1.36663155824	1.36663155824	0.00700366798094	0.0092324133867	0.00827692754901	0.00827692754901	0.465929775672	0.466362499277	0.465929775672	0.465929775672	0.465531587921	0.464591543002	0.464591543002	0.465531587921	0.464591543002	0.466362499277	0.466362499277	0.465929775672	0.466362499277	2.41052423021	0.465929775672	0.465929775672	0.465929775672	0.465929775672	2.41052423021	0.465531587921	3.26254273544	3.66227707807	3.91906936179	3.91906936179	1.70289714487	4.52661463591	3.26254273544	3.26254273544	3.75133374981	3.66227707807	3.75133374981	3.93525597419	3.66227707807	3.93525597419	1.70268943526	3.26254273544	1.70289714487	1.70268943526	3.89576460989	3.75133374981	1.70289714487	3.89576460989	1.70268943526	3.66227707807	1.70289714487	4.52661463591	3.66227707807	4.31421989847	1.70289714487	3.93525597419	4.52661463591	3.26254273544	3.75133374981	3.75133374981	0.465531587921	0.465929775672
0.029152768217	0.462005040656	0.462005040656	3.78307037306	3.73881273056	3.78307037306	3.63498762454	0.029152768217	0.46054917733	0.029152768217	0.462005040656	0.0083319037442	0.00700366798094	0.0	1.36375194672	1.36375194672	1.36375194672	0.0	0.0089954223037	0.00908233766389	0.00908233766389	0.466851073074	0.46728320856	0.466851073074	0.466851073074	0.466452582205	0.465513017587	0.465513017587	0.466452582205	0.465513017587	0.46728320856	0.46728320856	0.466851073074	0.46728320856	2.41144522283	0.466851073074	0.466851073074	0.466851073074	0.466851073074	2.41144522283	0.466452582205	3.26284871965	3.66252816124	3.91976084977	3.91976084977	1.70318735299	4.52676217878	3.26284871965	3.26284871965	3.75156038529	3.66252816124	3.75156038529	3.93601274204	3.66252816124	3.93601274204	1.70297977666	3.26284871965	1.70318735299	1.70297977666	3.89656638175	3.75156038529	1.70318735299	3.89656638175	1.70297977666	3.66252816124	1.70318735299	4.52676217878	3.66252816124	4.31448247439	1.70318735299	3.93601274204	4.52676217878	3.26284871965	3.75156038529	3.75156038529	0.466452582205	0.466851073074
1.38872411678	1.82156197552	1.82156197552	5.14261310857	5.09838036475	5.14261310857	4.99455669318	1.38872411678	1.82010616242	1.38872411678	1.82156197552	1.36760572293	1.36663155824	1.36375194672	0.0	0.0	0.0	1.36375194672	1.36862770741	1.36872311726	1.36872311726	1.82640775775	1.82683986513	1.82640775775	1.82640775775	1.82600926151	1.82506972853	1.82506972853	1.82600926151	1.82506972853	1.82683986513	1.82683986513	1.82640775775	1.82683986513	3.77100182781	1.82640775775	1.82640775775	1.82640775775	1.82640775775	3.77100182781	1.82600926151	4.62226907224	5.02191265237	5.27928212135	5.27928212135	3.06260103253	5.88603894538	4.62226907224	4.62226907224	5.1109673965	5.02191265237	5.1109673965	5.29553981092	5.02191265237	5.29553981092	3.06239345682	4.62226907224	3.06260103253	3.06239345682	5.25610046819	5.1109673965	3.06260103253	5.25610046819	3.06239345682	5.02191265237	3.06260103253	5.88603894538	5.02191265237	5.67386211085	3.06260103253	5.29553981092	5.88603894538	4.62226907224	5.1109673965	5.1109673965	1.82600926151	1.82640775775
1.38872411678	1.82156197552	1.82156197552	5.14261310857	5.09838036475	5.14261310857	4.99455669318	1.38872411678	1.82010616242	1.38872411678	1.82156197552	1.36760572293	1.36663155824	1.36375194672	0.0	0.0	0.0	1.36375194672	1.36862770741	1.36872311726	1.36872311726	1.82640775775	1.82683986513	1.82640775775	1.82640775775	1.82600926151	1.82506972853	1.82506972853	1.82600926151	1.82506972853	1.82683986513	1.82683986513	1.82640775775	1.82683986513	3.77100182781	1.82640775775	1.82640775775	1.82640775775	1.82640775775	3.77100182781	1.82600926151	4.62226907224	5.02191265237	5.27928212135	5.27928212135	3.06260103253	5.88603894538	4.62226907224	4.62226907224	5.1109673965	5.02191265237	5.1109673965	5.29553981092	5.02191265237	5.29553981092	3.06239345682	4.62226907224	3.06260103253	3.06239345682	5.25610046819	5.1109673965	3.06260103253	5.25610046819	3.06239345682	5.02191265237	3.06260103253	5.88603894538	5.02191265237	5.67386211085	3.06260103253	5.29553981092	5.88603894538	4.62226907224	5.1109673965	5.1109673965	1.82600926151	1.82640775775
1.38872411678	1.82156197552	1.82156197552	5.14261310857	5.09838036475	5.14261310857	4.99455669318	1.38872411678	1.82010616242	1.38872411678	1.82156197552	1.36760572293	1.36663155824	1.36375194672	0.0	0.0	0.0	1.36375194672	1.36862770741	1.36872311726	1.36872311726	1.82640775775	1.82683986513	1.82640775775	1.82640775775	1.82600926151	1.82506972853	1.82506972853	1.82600926151	1.82506972853	1.82683986513	1.82683986513	1.82640775775	1.82683986513	3.77100182781	1.82640775775	1.82640775775	1.82640775775	1.82640775775	3.77100182781	1.82600926151	4.62226907224	5.02191265237	5.27928212135	5.27928212135	3.06260103253	5.88603894538	4.62226907224	4.62226907224	5.1109673965	5.02191265237	5.1109673965	5.29553981092	5.02191265237	5.29553981092	3.06239345682	4.62226907224	3.06260103253	3.06239345682	5.25610046819	5.1109673965	3.06260103253	5.25610046819	3.06239345682	5.02191265237	3.06260103253	5.88603894538	5.02191265237	5.67386211085	3.06260103253	5.29553981092	5.88603894538	4.62226907224	5.1109673965	5.1109673965	1.82600926151	1.82640775775
0.029152768217	0.462005040656	0.462005040656	3.78307037306	3.73881273056	3.78307037306	3.63498762454	0.029152768217	0.46054917733	0.029152768217	0.462005040656	0.0083319037442	0.00700366798094	0.0	1.36375194672	1.36375194672	1.36375194672	0.0	0.0089954223037	0.00908233766389	0.00908233766389	0.466851073074	0.46728320856	0.466851073074	0.466851073074	0.466452582205	0.465513017587	0.465513017587	0.466452582205	0.465513017587	0.46728320856	0.46728320856	0.466851073074	0.46728320856	2.41144522283	0.466851073074	0.466851073074	0.466851073074	0.466851073074	2.41144522283	0.466452582205	3.26284871965	3.66252816124	3.91976084977	3.91976084977	1.70318735299	4.52676217878	3.26284871965	3.26284871965	3.75156038529	3.66252816124	3.75156038529	3.93601274204	3.66252816124	3.93601274204	1.70297977666	3.26284871965	1.70318735299	1.70297977666	3.89656638175	3.75156038529	1.70318735299	3.89656638175	1.70297977666	3.66252816124	1.70318735299	4.52676217878	3.66252816124	4.31448247439	1.70318735299	3.93601274204	4.52676217878	3.26284871965	3.75156038529	3.75156038529	0.466452582205	0.466851073074
0.0293896857901	0.460389926873	0.460389926873	3.78191298953	3.73659736714	3.78191298953	3.63274117105	0.0293896857901	0.45893596973	0.0293896857901	0.460389926873	0.0101268098361	0.0092324133867	0.0089954223037	1.36862770741	1.36862770741	1.36862770741	0.0089954223037	0.0	0.00838894732069	0.00838894732069	0.465228422148	0.465658849611	0.465228422148	0.465228422148	0.464829029516	0.463890842953	0.463890842953	0.464829029516	0.463890842953	0.465658849611	0.465658849611	0.465228422148	0.465658849611	2.40982183479	0.465228422148	0.465228422148	0.465228422148	0.465228422148	2.40982183479	0.464829029516	3.25968009284	3.65927565062	3.91752525968	3.91752525968	1.69998635828	4.52343974162	3.25968009284	3.25968009284	3.74818383886	3.65927565062	3.74818383886	3.93396102272	3.65927565062	3.93396102272	1.69977918079	3.25968009284	1.69998635828	1.69977918079	3.89463450349	3.74818383886	1.69998635828	3.89463450349	1.69977918079	3.65927565062	1.69998635828	4.52343974162	3.65927565062	4.31127478332	1.69998635828	3.93396102272	4.52343974162	3.25968009284	3.74818383886	3.74818383886	0.464829029516	0.465228422148
0.0262432493166	0.459969757838	0.459969757838	3.78108835629	3.73696603958	3.78108835629	3.63314907091	0.0262432493166	0.458512740423	0.0262432493166	0.459969757838	0.0110570633034	0.00827692754901	0.00908233766389	1.36872311726	1.36872311726	1.36872311726	0.00908233766389	0.00838894732069	0.0	0.0	0.464818935318	0.465251690071	0.464818935318	0.464818935318	0.464420757703	0.463480680978	0.463480680978	0.464420757703	0.463480680978	0.465251690071	0.465251690071	0.464818935318	0.465251690071	2.40941344328	0.464818935318	0.464818935318	0.464818935318	0.464818935318	2.40941344328	0.464420757703	3.26152754007	3.66128395535	3.91798530934	3.91798530934	1.70188623427	4.52568548555	3.26152754007	3.26152754007	3.75032868323	3.66128395535	3.75032868323	3.93416676374	3.66128395535	3.93416676374	1.7016785201	3.26152754007	1.70188623427	1.7016785201	3.89467010477	3.75032868323	1.70188623427	3.89467010477	1.7016785201	3.66128395535	1.70188623427	4.52568548555	3.66128395535	4.31322905863	1.70188623427	3.93416676374	4.52568548555	3.26152754007	3.75032868323	3.75032868323	0.464420757703	0.464818935318
0.0262432493166	0.459969757838	0.459969757838	3.78108835629	3.73696603958	3.78108835629	3.63314907091	0.0262432493166	0.458512740423	0.0262432493166	0.459969757838	0.0110570633034	0.00827692754901	0.00908233766389	1.36872311726	1.36872311726	1.36872311726	0.00908233766389	0.00838894732069	0.0	0.0	0.464818935318	0.465251690071	0.464818935318	0.464818935318	0.464420757703	0.463480680978	0.463480680978	0.464420757703	0.463480680978	0.465251690071	0.465251690071	0.464818935318	0.465251690071	2.40941344328	0.464818935318	0.464818935318	0.464818935318	0.464818935318	2.40941344328	0.464420757703	3.26152754007	3.66128395535	3.91798530934	3.91798530934	1.70188623427	4.52568548555	3.26152754007	3.26152754007	3.75032868323	3.66128395535	3.75032868323	3.93416676374	3.66128395535	3.93416676374	1.7016785201	3.26152754007	1.70188623427	1.7016785201	3.89467010477	3.75032868323	1.70188623427	3.89467010477	1.7016785201	3.66128395535	1.70188623427	4.52568548555	3.66128395535	4.31322905863	1.70188623427	3.93416676374	4.52568548555	3.26152754007	3.75032868323	3.75032868323	0.464420757703	0.464818935318
0.474810187062	0.0172842834268	0.0172842834268	3.51076999057	3.45317419677	3.51076999057	3.35959169855	0.474810187062	0.0178333230037	0.474810187062	0.0172842834268	0.468744431352	0.465929775672	0.466851073074	1.82640775775	1.82640775775	1.82640775775	0.466851073074	0.465228422148	0.464818935318	0.464818935318	0.0	0.00807384581257	0.0	0.0	0.00760672622029	0.00813716760463	0.00813716760463	0.00760672622029	0.00813716760463	0.00807384581257	0.00807384581257	0.0	0.00807384581257	1.9539889285	0.0	0.0	0.0	0.0	1.9539889285	0.00760672622029	3.31905101714	3.76135771842	3.65550394781	3.65550394781	1.77213922384	4.70088726816	3.31905101714	3.31905101714	3.87452963307	3.76135771842	3.87452963307	3.61620023182	3.76135771842	3.61620023182	1.77181654768	3.31905101714	1.77213922384	1.77181654768	3.53896340211	3.87452963307	1.77213922384	3.53896340211	1.77181654768	3.76135771842	1.77213922384	4.70088726816	3.76135771842	4.40281661115	1.77213922384	3.61620023182	4.70088726816	3.31905101714	3.87452963307	3.87452963307	0.00760672622029	0.0
0.475249109109	0.0182107447068	0.0182107447068	3.51160517346	3.4533251821	3.51160517346	3.35998416485	0.475249109109	0.0187605859553	0.475249109109	0.0182107447068	0.469176145285	0.466362499277	0.46728320856	1.82683986513	1.82683986513	1.82683986513	0.46728320856	0.465658849611	0.465251690071	0.465251690071	0.00807384581257	0.0	0.00807384581257	0.00807384581257	0.00564918403533	0.00816055910408	0.00816055910408	0.00564918403533	0.00816055910408	0.0	0.0	0.00807384581257	0.0	1.95465415455	0.00807384581257	0.00807384581257	0.00807384581257	0.00807384581257	1.95465415455	0.00564918403533	3.31857007001	3.76098592364	3.65383128138	3.65383128138	1.77169886805	4.7006917674	3.31857007001	3.31857007001	3.87419546376	3.76098592364	3.87419546376	3.61513576422	3.76098592364	3.61513576422	1.77137605676	3.31857007001	1.77169886805	1.77137605676	3.53847407675	3.87419546376	1.77169886805	3.53847407675	1.77137605676	3.76098592364	1.77169886805	4.7006917674	3.76098592364	4.40244097332	1.77169886805	3.61513576422	4.7006917674	3.31857007001	3.87419546376	3.87419546376	0.00564918403533	0.00807384581257
0.474810187062	0.0172842834268	0.0172842834268	3.51076999057	3.45317419677	3.51076999057	3.35959169855	0.474810187062	0.0178333230037	0.474810187062	0.0172842834268	0.468744431352	0.465929775672	0.466851073074	1.82640775775	1.82640775775	1.82640775775	0.466851073074	0.465228422148	0.464818935318	0.464818935318	0.0	0.00807384581257	0.0	0.0	0.00760672622029	0.00813716760463	0.00813716760463	0.00760672622029	0.00813716760463	0.00807384581257	0.00807384581257	0.0	0.00807384581257	1.9539889285	0.0	0.0	0.0	0.0	1.9539889285	0.00760672622029	3.31905101714	3.76135771842	3.65550394781	3.65550394781	1.77213922384	4.70088726816	3.31905101714	3.31905101714	3.87452963307	3.76135771842	3.87452963307	3.61620023182	3.76135771842	3.61620023182	1.77181654768	3.31905101714	1.77213922384	1.77181654768	3.53896340211	3.87452963307	1.77213922384	3.53896340211	1.77181654768	3.76135771842	1.77213922384	4.70088726816	3.76135771842	4.40281661115	1.77213922384	3.61620023182	4.70088726816	3.31905101714	3.87452963307	3.87452963307	0.00760672622029	0.0
0.474810187062	0.0172842834268	0.0172842834268	3.51076999057	3.45317419677	3.51076999057	3.35959169855	0.474810187062	0.0178333230037	0.474810187062	0.0172842834268	0.468744431352	0.465929775672	0.466851073074	1.82640775775	1.82640775775	1.82640775775	0.466851073074	0.465228422148	0.464818935318	0.464818935318	0.0	0.00807384581257	0.0	0.0	0.00760672622029	0.00813716760463	0.00813716760463	0.00760672622029	0.00813716760463	0.00807384581257	0.00807384581257	0.0	0.00807384581257	1.9539889285	0.0	0.0	0.0	0.0	1.9539889285	0.00760672622029	3.31905101714	3.76135771842	3.65550394781	3.65550394781	1.77213922384	4.70088726816	3.31905101714	3.31905101714	3.87452963307	3.76135771842	3.87452963307	3.61620023182	3.76135771842	3.61620023182	1.77181654768	3.31905101714	1.77213922384	1.77181654768	3.53896340211	3.87452963307	1.77213922384	3.53896340211	1.77181654768	3.76135771842	1.77213922384	4.70088726816	3.76135771842	4.40281661115	1.77213922384	3.61620023182	4.70088726816	3.31905101714	3.87452963307	3.87452963307	0.00760672622029	0.0
0.474415184292	0.0171394208361	0.0171394208361	3.51058087921	3.4524018651	3.51058087921	3.35903873944	0.474415184292	0.0176904844652	0.474415184292	0.0171394208361	0.468345728615	0.465531587921	0.466452582205	1.82600926151	1.82600926151	1.82600926151	0.466452582205	0.464829029516	0.464420757703	0.464420757703	0.00760672622029	0.00564918403533	0.00760672622029	0.00760672622029	0.0	0.00672070460044	0.00672070460044	0.0	0.00672070460044	0.00564918403533	0.00564918403533	0.00760672622029	0.00564918403533	1.95428106028	0.00760672622029	0.00760672622029	0.00760672622029	0.00760672622029	1.95428106028	0.0	3.3183357296	3.76068186921	3.65434923783	3.65434923783	1.77144002902	4.70027309271	3.3183357296	3.3183357296	3.87385963193	3.76068186921	3.87385963193	3.6154355898	3.76068186921	3.6154355898	1.77111735091	3.3183357296	1.77144002902	1.77111735091	3.53853839652	3.87385963193	1.77144002902	3.53853839652	1.77111735091	3.76068186921	1.77144002902	4.70027309271	3.76068186921	4.40214547905	1.77144002902	3.6154355898	4.70027309271	3.3183357296	3.87385963193	3.87385963193	0.0	0.00760672622029
0.473470130952	0.0157888107241	0.0157888107241	3.5093131065	3.45146915239	3.5093131065	3.35799948879	0.473470130952	0.0163434934698	0.473470130952	0.0157888107241	0.467406517509	0.464591543002	0.465513017587	1.82506972853	1.82506972853	1.82506972853	0.465513017587	0.463890842953	0.463480680978	0.463480680978	0.00813716760463	0.00816055910408	0.00813716760463	0.00813716760463	0.00672070460044	0.0	0.0	0.00672070460044	0.0	0.00816055910408	0.00816055910408	0.00813716760463	0.00816055910408	1.95423957705	0.00813716760463	0.00813716760463	0.00813716760463	0.00813716760463	1.95423957705	0.00672070460044	3.31828359995	3.76052834714	3.65526051801	3.65526051801	1.77135334558	4.69994967869	3.31828359995	3.31828359995	3.87366027282	3.76052834714	3.87366027282	3.61609270081	3.76052834714	3.61609270081	1.7710308621	3.31828359995	1.77135334558	1.7710308621	3.53894054246	3.87366027282	1.77135334558	3.53894054246	1.7710308621	3.76052834714	1.77135334558	4.69994967869	3.76052834714	4.40200532053	1.77135334558	3.61609270081	4.69994967869	3.31828359995	3.87366027282	3.87366027282	0.00672070460044	0.00813716760463
0.473470130952	0.0157888107241	0.0157888107241	3.5093131065	3.45146915239	3.5093131065	3.35799948879	0.473470130952	0.0163434934698	0.473470130952	0.0157888107241	0.467406517509	0.464591543002	0.465513017587	1.82506972853	1.82506972853	1.82506972853	0.465513017587	0.463890842953	0.463480680978	0.463480680978	0.00813716760463	0.00816055910408	0.00813716760463	0.00813716760463	0.00672070460044	0.0	0.0	0.00672070460044	0.0	0.00816055910408	0.00816055910408	0.00813716760463	0.00816055910408	1.95423957705	0.00813716760463	0.00813716760463	0.00813716760463	0.00813716760463	1.95423957705	0.00672070460044	3.31828359995	3.76052834714	3.65526051801	3.65526051801	1.77135334558	4.69994967869	3.31828359995	3.31828359995	3.87366027282	3.76052834714	3.87366027282	3.61609270081	3.76052834714	3.61609270081	1.7710308621	3.31828359995	1.77135334558	1.7710308621	3.53894054246	3.87366027282	1.77135334558	3.53894054246	1.7710308621	3.76052834714	1.77135334558	4.69994967869	3.76052834714	4.40200532053	1.77135334558	3.61609270081	4.69994967869	3.31828359995	3.87366027282	3.87366027282	0.00672070460044	0.00813716760463
0.474415184292	0.0171394208361	0.0171394208361	3.51058087921	3.4524018651	3.51058087921	3.35903873944	0.474415184292	0.0176904844652	0.474415184292	0.0171394208361	0.468345728615	0.465531587921	0.466452582205	1.82600926151	1.82600926151	1.82600926151	0.466452582205	0.464829029516	0.464420757703	0.464420757703	0.00760672622029	0.00564918403533	0.00760672622029	0.00760672622029	0.0	0.00672070460044	0.00672070460044	0.0	0.00672070460044	0.00564918403533	0.00564918403533	0.00760672622029	0.00564918403533	1.95428106028	0.00760672622029	0.00760672622029	0.00760672622029	0.00760672622029	1.95428106028	0.0	3.3183357296	3.76068186921	3.65434923783	3.65434923783	1.77144002902	4.70027309271	3.3183357296	3.3183357296	3.87385963193	3.76068186921	3.87385963193	3.6154355898	3.76068186921	3.6154355898	1.77111735091	3.3183357296	1.77144002902	1.77111735091	3.53853839652	3.87385963193	1.77144002902	3.53853839652	1.77111735091	3.76068186921	1.77144002902	4.70027309271	3.76068186921	4.40214547905	1.77144002902	3.6154355898	4.70027309271	3.3183357296	3.87385963193	3.87385963193	0.0	0.00760672622029
0.473470130952	0.0157888107241	0.0157888107241	3.5093131065	3.45146915239	3.5093131065	3.35799948879	0.473470130952	0.0163434934698	0.473470130952	0.0157888107241	0.467406517509	0.464591543002	0.465513017587	1.82506972853	1.82506972853	1.82506972853	0.465513017587	0.463890842953	0.463480680978	0.463480680978	0.00813716760463	0.00816055910408	0.00813716760463	0.00813716760463	0.00672070460044	0.0	0.0	0.00672070460044	0.0	0.00816055910408	0.00816055910408	0.00813716760463	0.00816055910408	1.95423957705	0.00813716760463	0.00813716760463	0.00813716760463	0.00813716760463	1.95423957705	0.00672070460044	3.31828359995	3.76052834714	3.65526051801	3.65526051801	1.77135334558	4.69994967869	3.31828359995	3.31828359995	3.87366027282	3.76052834714	3.87366027282	3.61609270081	3.76052834714	3.61609270081	1.7710308621	3.31828359995	1.77135334558	1.7710308621	3.53894054246	3.87366027282	1.77135334558	3.53894054246	1.7710308621	3.76052834714	1.77135334558	4.69994967869	3.76052834714	4.40200532053	1.77135334558	3.61609270081	4.69994967869	3.31828359995	3.87366027282	3.87366027282	0.00672070460044	0.00813716760463
0.475249109109	0.0182107447068	0.0182107447068	3.51160517346	3.4533251821	3.51160517346	3.35998416485	0.475249109109	0.0187605859553	0.475249109109	0.0182107447068	0.469176145285	0.466362499277	0.46728320856	1.82683986513	1.82683986513	1.82683986513	0.46728320856	0.465658849611	0.465251690071	0.465251690071	0.00807384581257	0.0	0.00807384581257	0.00807384581257	0.00564918403533	0.00816055910408	0.00816055910408	0.00564918403533	0.00816055910408	0.0	0.0	0.00807384581257	0.0	1.95465415455	0.00807384581257	0.00807384581257	0.00807384581257	0.00807384581257	1.95465415455	0.00564918403533	3.31857007001	3.76098592364	3.65383128138	3.65383128138	1.77169886805	4.7006917674	3.31857007001	3.31857007001	3.87419546376	3.76098592364	3.87419546376	3.61513576422	3.76098592364	3.61513576422	1.77137605676	3.31857007001	1.77169886805	1.77137605676	3.53847407675	3.87419546376	1.77169886805	3.53847407675	1.77137605676	3.76098592364	1.77169886805	4.7006917674	3.76098592364	4.40244097332	1.77169886805	3.61513576422	4.7006917674	3.31857007001	3.87419546376	3.87419546376	0.00564918403533	0.00807384581257
0.475249109109	0.0182107447068	0.0182107447068	3.51160517346	3.4533251821	3.51160517346	3.35998416485	0.475249109109	0.0187605859553	0.475249109109	0.0182107447068	0.469176145285	0.466362499277	0.46728320856	1.82683986513	1.82683986513	1.82683986513	0.46728320856	0.465658849611	0.465251690071	0.465251690071	0.00807384581257	0.0	0.00807384581257	0.00807384581257	0.00564918403533	0.00816055910408	0.00816055910408	0.00564918403533	0.00816055910408	0.0	0.0	0.00807384581257	0.0	1.95465415455	0.00807384581257	0.00807384581257	0.00807384581257	0.00807384581257	1.95465415455	0.00564918403533	3.31857007001	3.76098592364	3.65383128138	3.65383128138	1.77169886805	4.7006917674	3.31857007001	3.31857007001	3.87419546376	3.76098592364	3.87419546376	3.61513576422	3.76098592364	3.61513576422	1.77137605676	3.31857007001	1.77169886805	1.77137605676	3.53847407675	3.87419546376	1.77169886805	3.53847407675	1.77137605676	3.76098592364	1.77169886805	4.7006917674	3.76098592364	4.40244097332	1.77169886805	3.61513576422	4.7006917674	3.31857007001	3.87419546376	3.87419546376	0.00564918403533	0.00807384581257
0.474810187062	0.0172842834268	0.0172842834268	3.51076999057	3.45317419677	3.51076999057	3.35959169855	0.474810187062	0.0178333230037	0.474810187062	0.0172842834268	0.468744431352	0.465929775672	0.466851073074	1.82640775775	1.82640775775	1.82640775775	0.466851073074	0.465228422148	0.464818935318	0.464818935318	0.0	0.00807384581257	0.0	0.0	0.00760672622029	0.00813716760463	0.00813716760463	0.00760672622029	0.00813716760463	0.00807384581257	0.00807384581257	0.0	0.00807384581257	1.9539889285	0.0	0.0	0.0	0.0	1.9539889285	0.00760672622029	3.31905101714	3.76135771842	3.65550394781	3.65550394781	1.77213922384	4.70088726816	3.31905101714	3.31905101714	3.87452963307	3.76135771842	3.87452963307	3.61620023182	3.76135771842	3.61620023182	1.77181654768	3.31905101714	1.77213922384	1.77181654768	3.53896340211	3.87452963307	1.77213922384	3.53896340211	1.77181654768	3.76135771842	1.77213922384	4.70088726816	3.76135771842	4.40281661115	1.77213922384	3.61620023182	4.70088726816	3.31905101714	3.87452963307	3.87452963307	0.00760672622029	0.0
0.475249109109	0.0182107447068	0.0182107447068	3.51160517346	3.4533251821	3.51160517346	3.35998416485	0.475249109109	0.0187605859553	0.475249109109	0.0182107447068	0.469176145285	0.466362499277	0.46728320856	1.82683986513	1.82683986513	1.82683986513	0.46728320856	0.465658849611	0.465251690071	0.465251690071	0.00807384581257	0.0	0.00807384581257	0.00807384581257	0.00564918403533	0.00816055910408	0.00816055910408	0.00564918403533	0.00816055910408	0.0	0.0	0.00807384581257	0.0	1.95465415455	0.00807384581257	0.00807384581257	0.00807384581257	0.00807384581257	1.95465415455	0.00564918403533	3.31857007001	3.76098592364	3.65383128138	3.65383128138	1.77169886805	4.7006917674	3.31857007001	3.31857007001	3.87419546376	3.76098592364	3.87419546376	3.61513576422	3.76098592364	3.61513576422	1.77137605676	3.31857007001	1.77169886805	1.77137605676	3.53847407675	3.87419546376	1.77169886805	3.53847407675	1.77137605676	3.76098592364	1.77169886805	4.7006917674	3.76098592364	4.40244097332	1.77169886805	3.61513576422	4.7006917674	3.31857007001	3.87419546376	3.87419546376	0.00564918403533	0.00807384581257
2.41940770985	1.96213419431	1.96213419431	5.45556410193	5.39829241308	5.45556410193	5.30457776163	2.41940770985	1.96267833617	2.41940770985	1.96213419431	2.41333831354	2.41052423021	2.41144522283	3.77100182781	3.77100182781	3.77100182781	2.41144522283	2.40982183479	2.40941344328	2.40941344328	1.9539889285	1.95465415455	1.9539889285	1.9539889285	1.95428106028	1.95423957705	1.95423957705	1.95428106028	1.95423957705	1.95465415455	1.95465415455	1.9539889285	1.95465415455	0.0	1.9539889285	1.9539889285	1.9539889285	1.9539889285	0.0	1.95428106028	5.26207459029	5.70454108305	5.5972754294	5.5972754294	3.71520163993	6.64436462595	5.26207459029	5.26207459029	5.81785535571	5.70454108305	5.81785535571	5.55584667921	5.70454108305	5.55584667921	3.71487821566	5.26207459029	3.71520163993	3.71487821566	5.4773457018	5.81785535571	3.71520163993	5.4773457018	3.71487821566	5.70454108305	3.71520163993	6.64436462595	5.70454108305	6.34592092569	3.71520163993	5.55584667921	6.64436462595	5.26207459029	5.81785535571	5.81785535571	1.95428106028	1.9539889285
0.474810187062	0.0172842834268	0.0172842834268	3.51076999057	3.45317419677	3.51076999057	3.35959169855	0.474810187062	0.0178333230037	0.474810187062	0.0172842834268	0.468744431352	0.465929775672	0.466851073074	1.82640775775	1.82640775775	1.82640775775	0.466851073074	0.465228422148	0.464818935318	0.464818935318	0.0	0.00807384581257	0.0	0.0	0.00760672622029	0.00813716760463	0.00813716760463	0.00760672622029	0.00813716760463	0.00807384581257	0.00807384581257	0.0	0.00807384581257	1.9539889285	0.0	0.0	0.0	0.0	1.9539889285	0.00760672622029	3.31905101714	3.76135771842	3.65550394781	3.65550394781	1.77213922384	4.70088726816	3.31905101714	3.31905101714	3.87452963307	3.76135771842	3.87452963307	3.61620023182	3.76135771842	3.61620023182	1.77181654768	3.31905101714	1.77213922384	1.77181654768	3.53896340211	3.87452963307	1.77213922384	3.53896340211	1.77181654768	3.76135771842	1.77213922384	4.70088726816	3.76135771842	4.40281661115	1.77213922384	3.61620023182	4.70088726816	3.31905101714	3.87452963307	3.87452963307	0.00760672622029	0.0
0.474810187062	0.0172842834268	0.0172842834268	3.51076999057	3.45317419677	3.51076999057	3.35959169855	0.474810187062	0.0178333230037	0.474810187062	0.0172842834268	0.468744431352	0.465929775672	0.466851073074	1.82640775775	1.82640775775	1.82640775775	0.466851073074	0.465228422148	0.464818935318	0.464818935318	0.0	0.00807384581257	0.0	0.0	0.00760672622029	0.00813716760463	0.00813716760463	0.00760672622029	0.00813716760463	0.00807384581257	0.00807384581257	0.0	0.00807384581257	1.9539889285	0.0	0.0	0.0	0.0	1.9539889285	0.00760672622029	3.31905101714	3.76135771842	3.65550394781	3.65550394781	1.77213922384	4.70088726816	3.31905101714	3.31905101714	3.87452963307	3.76135771842	3.87452963307	3.61620023182	3.76135771842	3.61620023182	1.77181654768	3.31905101714	1.77213922384	1.77181654768	3.53896340211	3.87452963307	1.77213922384	3.53896340211	1.77181654768	3.76135771842	1.77213922384	4.70088726816	3.76135771842	4.40281661115	1.77213922384	3.61620023182	4.70088726816	3.31905101714	3.87452963307	3.87452963307	0.00760672622029	0.0
