0.0	10.5621380599	10.5621380599	9.78056858821	5.78860016195	9.78056858821	5.77219169367	0.0	10.2113606363	0.0	10.5621380599	8.65733268514	8.33665894626	6.00204505098	5.98192269698	5.98192269698	5.98192269698	6.00204505098	8.9126112974	8.27853992013	8.27853992013	10.8552937608	10.0708505661	10.8552937608	10.8552937608	9.87124042458	10.2339092969	10.2339092969	9.87124042458	10.2339092969	10.0708505661	10.0708505661	10.8552937608	10.0708505661	14.3965313559	10.8552937608	10.8552937608	10.8552937608	10.8552937608	14.3965313559	9.87124042458	10.4436617098	10.114348601	11.6269021127	11.6269021127	10.1048080393	9.03420545028	10.4436617098	10.4436617098	9.83998818247	10.114348601	9.83998818247	11.4101693104	10.114348601	11.4101693104	10.3939475433	10.4436617098	10.1048080393	10.3939475433	11.4821582648	9.83998818247	10.1048080393	11.4821582648	10.3939475433	10.114348601	10.1048080393	9.03420545028	10.114348601	10.70413569	10.1048080393	11.4101693104	9.03420545028	10.4436617098	9.83998818247	9.83998818247	9.87124042458	10.8552937608
10.5621380599	0.0	0.0	11.0532574549	5.08811872851	11.0532574549	5.06979125993	10.5621380599	9.37594990016	10.5621380599	0.0	9.01843940255	8.75879289094	6.48451593278	6.46566667102	6.46566667102	6.46566667102	6.48451593278	8.71144584897	8.04825871624	8.04825871624	10.3158197185	9.51532971323	10.3158197185	10.3158197185	9.29631056066	9.64504081067	9.64504081067	9.29631056066	9.64504081067	9.51532971323	9.51532971323	10.3158197185	9.51532971323	13.9193863747	10.3158197185	10.3158197185	10.3158197185	10.3158197185	13.9193863747	9.29631056066	10.0798366478	9.79762610255	11.1898052694	11.1898052694	9.7745706024	8.74402671813	10.0798366478	10.0798366478	9.51746277119	9.79762610255	9.51746277119	10.9647005232	9.79762610255	10.9647005232	10.0570939109	10.0798366478	9.7745706024	10.0570939109	11.0305229618	9.51746277119	9.7745706024	11.0305229618	10.0570939109	9.79762610255	9.7745706024	8.74402671813	9.79762610255	10.3753275772	9.7745706024	10.9647005232	8.74402671813	10.0798366478	9.51746277119	9.51746277119	9.29631056066	10.3158197185
10.5621380599	0.0	0.0	11.0532574549	5.08811872851	11.0532574549	5.06979125993	10.5621380599	9.37594990016	10.5621380599	0.0	9.01843940255	8.75879289094	6.48451593278	6.46566667102	6.46566667102	6.46566667102	6.48451593278	8.71144584897	8.04825871624	8.04825871624	10.3158197185	9.51532971323	10.3158197185	10.3158197185	9.29631056066	9.64504081067	9.64504081067	9.29631056066	9.64504081067	9.51532971323	9.51532971323	10.3158197185	9.51532971323	13.9193863747	10.3158197185	10.3158197185	10.3158197185	10.3158197185	13.9193863747	9.29631056066	10.0798366478	9.79762610255	11.1898052694	11.1898052694	9.7745706024	8.74402671813	10.0798366478	10.0798366478	9.51746277119	9.79762610255	9.51746277119	10.9647005232	9.79762610255	10.9647005232	10.0570939109	10.0798366478	9.7745706024	10.0570939109	11.0305229618	9.51746277119	9.7745706024	11.0305229618	10.0570939109	9.79762610255	9.7745706024	8.74402671813	9.79762610255	10.3753275772	9.7745706024	10.9647005232	8.74402671813	10.0798366478	9.51746277119	9.51746277119	9.29631056066	10.3158197185
9.78056858821	11.0532574549	11.0532574549	0.0	6.32844846525	0.0	6.31368894991	9.78056858821	10.7268465696	9.78056858821	11.0532574549	8.98121443946	8.69580874162	6.2976683723	6.27681881227	6.27681881227	6.27681881227	6.2976683723	9.40466738665	8.84819362506	8.84819362506	11.3355518538	10.5593088722	11.3355518538	11.3355518538	10.3602607511	10.7074207228	10.7074207228	10.3602607511	10.7074207228	10.5593088722	10.5593088722	11.3355518538	10.5593088722	14.8719311865	11.3355518538	11.3355518538	11.3355518538	11.3355518538	14.8719311865	10.3602607511	10.9081513899	10.5711312044	12.1012744579	12.1012744579	10.5642509901	9.4857939564	10.9081513899	10.9081513899	10.2985978719	10.5711312044	10.2985978719	11.8841193136	10.5711312044	11.8841193136	10.8539175043	10.9081513899	10.5642509901	10.8539175043	11.9563404433	10.2985978719	10.5642509901	11.9563404433	10.8539175043	10.5711312044	10.5642509901	9.4857939564	10.5711312044	11.1623360455	10.5642509901	11.8841193136	9.4857939564	10.9081513899	10.2985978719	10.2985978719	10.3602607511	11.3355518538
5.78860016195	5.08811872851	5.08811872851	6.32844846525	0.0	6.32844846525	0.0623289765888	5.78860016195	4.95474804643	5.78860016195	5.08811872851	4.17240435934	3.92122394513	1.64741348038	1.62860096516	1.62860096516	1.62860096516	1.64741348038	3.84816503069	3.19963005447	3.19963005447	5.34467558939	4.53746774127	5.34467558939	5.34467558939	4.31523952683	4.67091935643	4.67091935643	4.31523952683	4.67091935643	4.53746774127	4.53746774127	5.34467558939	4.53746774127	8.95884012214	5.34467558939	5.34467558939	5.34467558939	5.34467558939	8.95884012214	4.31523952683	5.13844012655	4.86439966572	6.23507786316	6.23507786316	4.83927045656	3.81476451187	5.13844012655	5.13844012655	4.58378169713	4.86439966572	4.58378169713	6.00885556744	4.86439966572	6.00885556744	5.12036035904	5.13844012655	4.83927045656	5.12036035904	6.07374493913	4.58378169713	4.83927045656	6.07374493913	5.12036035904	4.86439966572	4.83927045656	3.81476451187	4.86439966572	5.43974473943	4.83927045656	6.00885556744	3.81476451187	5.13844012655	4.58378169713	4.58378169713	4.31523952683	5.34467558939
9.78056858821	11.0532574549	11.0532574549	0.0	6.32844846525	0.0	6.31368894991	9.78056858821	10.7268465696	9.78056858821	11.0532574549	8.98121443946	8.69580874162	6.2976683723	6.27681881227	6.27681881227	6.27681881227	6.2976683723	9.40466738665	8.84819362506	8.84819362506	11.3355518538	10.5593088722	11.3355518538	11.3355518538	10.3602607511	10.7074207228	10.7074207228	10.3602607511	10.7074207228	10.5593088722	10.5593088722	11.3355518538	10.5593088722	14.8719311865	11.3355518538	11.3355518538	11.3355518538	11.3355518538	14.8719311865	10.3602607511	10.9081513899	10.5711312044	12.1012744579	12.1012744579	10.5642509901	9.4857939564	10.9081513899	10.9081513899	10.2985978719	10.5711312044	10.2985978719	11.8841193136	10.5711312044	11.8841193136	10.8539175043	10.9081513899	10.5642509901	10.8539175043	11.9563404433	10.2985978719	10.5642509901	11.9563404433	10.8539175043	10.5711312044	10.5642509901	9.4857939564	10.5711312044	11.1623360455	10.5642509901	11.8841193136	9.4857939564	10.9081513899	10.2985978719	10.2985978719	10.3602607511	11.3355518538
5.77219169367	5.06979125993	5.06979125993	6.31368894991	0.0623289765888	6.31368894991	0.0	5.77219169367	4.93626401373	5.77219169367	5.06979125993	4.15781298018	3.90583044456	1.63252919405	1.61372246246	1.61372246246	1.61372246246	1.63252919405	3.83116370431	3.18120858037	3.18120858037	5.34807992894	4.5415654969	5.34807992894	5.34807992894	4.32029639004	4.67671787523	4.67671787523	4.32029639004	4.67671787523	4.5415654969	4.5415654969	5.34807992894	4.5415654969	8.95944487855	5.34807992894	5.34807992894	5.34807992894	5.34807992894	8.95944487855	4.32029639004	5.13432813611	4.85879449223	6.23380389681	6.23380389681	4.83395911287	3.80859722516	5.13432813611	5.13432813611	4.5780925414	4.85879449223	4.5780925414	6.00805461205	4.85879449223	6.00805461205	5.11541461355	5.13432813611	4.83395911287	5.11541461355	6.07323134263	4.5780925414	4.83395911287	6.07323134263	5.11541461355	4.85879449223	4.83395911287	3.80859722516	4.85879449223	5.43467306629	4.83395911287	6.00805461205	3.80859722516	5.13432813611	4.5780925414	4.5780925414	4.32029639004	5.34807992894
0.0	10.5621380599	10.5621380599	9.78056858821	5.78860016195	9.78056858821	5.77219169367	0.0	10.2113606363	0.0	10.5621380599	8.65733268514	8.33665894626	6.00204505098	5.98192269698	5.98192269698	5.98192269698	6.00204505098	8.9126112974	8.27853992013	8.27853992013	10.8552937608	10.0708505661	10.8552937608	10.8552937608	9.87124042458	10.2339092969	10.2339092969	9.87124042458	10.2339092969	10.0708505661	10.0708505661	10.8552937608	10.0708505661	14.3965313559	10.8552937608	10.8552937608	10.8552937608	10.8552937608	14.3965313559	9.87124042458	10.4436617098	10.114348601	11.6269021127	11.6269021127	10.1048080393	9.03420545028	10.4436617098	10.4436617098	9.83998818247	10.114348601	9.83998818247	11.4101693104	10.114348601	11.4101693104	10.3939475433	10.4436617098	10.1048080393	10.3939475433	11.4821582648	9.83998818247	10.1048080393	11.4821582648	10.3939475433	10.114348601	10.1048080393	9.03420545028	10.114348601	10.70413569	10.1048080393	11.4101693104	9.03420545028	10.4436617098	9.83998818247	9.83998818247	9.87124042458	10.8552937608
10.2113606363	9.37594990016	9.37594990016	10.7268465696	4.95474804643	10.7268465696	4.93626401373	10.2113606363	0.0	10.2113606363	9.37594990016	8.73958573607	8.46784681533	6.19741496639	6.17857935573	6.17857935573	6.17857935573	6.19741496639	8.43913565211	7.73922120498	7.73922120498	10.1571201441	9.35881146373	10.1571201441	10.1571201441	9.1433832443	9.49612359471	9.49612359471	9.1433832443	9.49612359471	9.35881146373	9.35881146373	10.1571201441	9.35881146373	13.7499662062	10.1571201441	10.1571201441	10.1571201441	10.1571201441	13.7499662062	9.1433832443	9.89147702974	9.60210330194	11.0132871987	11.0132871987	9.58089575547	8.54490918166	9.89147702974	9.89147702974	9.32240470761	9.60210330194	9.32240470761	10.7897888394	9.60210330194	10.7897888394	9.86466422596	9.89147702974	9.58089575547	9.86466422596	10.8566969639	9.32240470761	9.58089575547	10.8566969639	9.86466422596	9.60210330194	9.58089575547	8.54490918166	9.60210330194	10.1818738931	9.58089575547	10.7897888394	8.54490918166	9.89147702974	9.32240470761	9.32240470761	9.1433832443	10.1571201441
0.0	10.5621380599	10.5621380599	9.78056858821	5.78860016195	9.78056858821	5.77219169367	0.0	10.2113606363	0.0	10.5621380599	8.65733268514	8.33665894626	6.00204505098	5.98192269698	5.98192269698	5.98192269698	6.00204505098	8.9126112974	8.27853992013	8.27853992013	10.8552937608	10.0708505661	10.8552937608	10.8552937608	9.87124042458	10.2339092969	10.2339092969	9.87124042458	10.2339092969	10.0708505661	10.0708505661	10.8552937608	10.0708505661	14.3965313559	10.8552937608	10.8552937608	10.8552937608	10.8552937608	14.3965313559	9.87124042458	10.4436617098	10.114348601	11.6269021127	11.6269021127	10.1048080393	9.03420545028	10.4436617098	10.4436617098	9.83998818247	10.114348601	9.83998818247	11.4101693104	10.114348601	11.4101693104	10.3939475433	10.4436617098	10.1048080393	10.3939475433	11.4821582648	9.83998818247	10.1048080393	11.4821582648	10.3939475433	10.114348601	10.1048080393	9.03420545028	10.114348601	10.70413569	10.1048080393	11.4101693104	9.03420545028	10.4436617098	9.83998818247	9.83998818247	9.87124042458	10.8552937608
10.5621380599	0.0	0.0	11.0532574549	5.08811872851	11.0532574549	5.06979125993	10.5621380599	9.37594990016	10.5621380599	0.0	9.01843940255	8.75879289094	6.48451593278	6.46566667102	6.46566667102	6.46566667102	6.48451593278	8.71144584897	8.04825871624	8.04825871624	10.3158197185	9.51532971323	10.3158197185	10.3158197185	9.29631056066	9.64504081067	9.64504081067	9.29631056066	9.64504081067	9.51532971323	9.51532971323	10.3158197185	9.51532971323	13.9193863747	10.3158197185	10.3158197185	10.3158197185	10.3158197185	13.9193863747	9.29631056066	10.0798366478	9.79762610255	11.1898052694	11.1898052694	9.7745706024	8.74402671813	10.0798366478	10.0798366478	9.51746277119	9.79762610255	9.51746277119	10.9647005232	9.79762610255	10.9647005232	10.0570939109	10.0798366478	9.7745706024	10.0570939109	11.0305229618	9.51746277119	9.7745706024	11.0305229618	10.0570939109	9.79762610255	9.7745706024	8.74402671813	9.79762610255	10.3753275772	9.7745706024	10.9647005232	8.74402671813	10.0798366478	9.51746277119	9.51746277119	9.29631056066	10.3158197185
8.65733268514	9.01843940255	9.01843940255	8.98121443946	4.17240435934	8.98121443946	4.15781298018	8.65733268514	8.73958573607	8.65733268514	9.01843940255	0.0	5.58041236154	2.99670156638	2.97545580226	2.97545580226	2.97545580226	2.99670156638	6.70254681798	6.53536885225	6.53536885225	9.05096712104	8.280971656	9.05096712104	9.05096712104	8.11680402691	8.5356454478	8.5356454478	8.11680402691	8.5356454478	8.280971656	8.280971656	9.05096712104	8.280971656	12.4833743104	9.05096712104	9.05096712104	9.05096712104	9.05096712104	12.4833743104	8.11680402691	8.33600787729	7.9323882697	9.63964552081	9.63964552081	7.94276262402	6.81338171273	8.33600787729	8.33600787729	7.66434901027	7.9323882697	7.66434901027	9.43962572905	7.9323882697	9.43962572905	8.24400036667	8.33600787729	7.94276262402	8.24400036667	9.52288391852	7.66434901027	7.94276262402	9.52288391852	8.24400036667	7.9323882697	7.94276262402	6.81338171273	7.9323882697	8.54288806342	7.94276262402	9.43962572905	6.81338171273	8.33600787729	7.66434901027	7.66434901027	8.11680402691	9.05096712104
8.33665894626	8.75879289094	8.75879289094	8.69580874162	3.92122394513	8.69580874162	3.90583044456	8.33665894626	8.46784681533	8.33665894626	8.75879289094	5.58041236154	0.0	2.73839178324	2.7237126363	2.7237126363	2.7237126363	2.73839178324	6.54531195336	6.13141041005	6.13141041005	8.86354837589	8.08835904967	8.86354837589	8.86354837589	7.91383966732	8.31853284908	8.31853284908	7.91383966732	8.31853284908	8.08835904967	8.08835904967	8.86354837589	8.08835904967	12.3276064192	8.86354837589	8.86354837589	8.86354837589	8.86354837589	12.3276064192	7.91383966732	8.23673728905	7.85399621445	9.50525327955	9.50525327955	7.85942153722	6.74435553408	8.23673728905	8.23673728905	7.58552240241	7.85399621445	7.58552240241	9.30036681232	7.85399621445	9.30036681232	8.15654861076	8.23673728905	7.85942153722	8.15654861076	9.38036410641	7.58552240241	7.85942153722	9.38036410641	8.15654861076	7.85399621445	7.85942153722	6.74435553408	7.85399621445	8.45799715069	7.85942153722	9.30036681232	6.74435553408	8.23673728905	7.58552240241	7.58552240241	7.91383966732	8.86354837589
6.00204505098	6.48451593278	6.48451593278	6.2976683723	1.64741348038	6.2976683723	1.63252919405	6.00204505098	6.19741496639	6.00204505098	6.48451593278	2.99670156638	2.73839178324	0.0	0.0645549222368	0.0645549222368	0.0645549222368	0.0	4.26535821443	3.9618439217	3.9618439217	6.55270684994	5.78101332822	6.55270684994	6.55270684994	5.61196526091	6.02285791387	6.02285791387	5.61196526091	6.02285791387	5.78101332822	5.78101332822	6.55270684994	5.78101332822	9.99919413036	6.55270684994	6.55270684994	6.55270684994	6.55270684994	9.99919413036	5.61196526091	5.87637729603	5.48039601538	7.16527934048	7.16527934048	5.48973900543	4.36300699676	5.87637729603	5.87637729603	5.21380002553	5.48039601538	5.21380002553	6.96284070879	5.48039601538	6.96284070879	5.78859978072	5.87637729603	5.48973900543	5.78859978072	7.0446081518	5.21380002553	5.48973900543	7.0446081518	5.78859978072	5.48039601538	5.48973900543	4.36300699676	5.48039601538	6.08767805904	5.48973900543	6.96284070879	4.36300699676	5.87637729603	5.21380002553	5.21380002553	5.61196526091	6.55270684994
5.98192269698	6.46566667102	6.46566667102	6.27681881227	1.62860096516	6.27681881227	1.61372246246	5.98192269698	6.17857935573	5.98192269698	6.46566667102	2.97545580226	2.7237126363	0.0645549222368	0.0	0.0	0.0	0.0645549222368	4.24777878488	3.94397769584	3.94397769584	6.53348976572	5.76183702098	6.53348976572	6.53348976572	5.59284597134	6.00379588373	6.00379588373	5.59284597134	6.00379588373	5.76183702098	5.76183702098	6.53348976572	5.76183702098	9.97978896354	6.53348976572	6.53348976572	6.53348976572	6.53348976572	9.97978896354	5.59284597134	5.8566267426	5.46049549932	7.14575198308	7.14575198308	5.4698858275	4.3430119579	5.8566267426	5.8566267426	5.193926849	5.46049549932	5.193926849	6.94333824452	5.46049549932	6.94333824452	5.76876290285	5.8566267426	5.4698858275	5.76876290285	7.02512443415	5.193926849	5.4698858275	7.02512443415	5.76876290285	5.46049549932	5.4698858275	4.3430119579	5.46049549932	6.06781150024	5.4698858275	6.94333824452	4.3430119579	5.8566267426	5.193926849	5.193926849	5.59284597134	6.53348976572
5.98192269698	6.46566667102	6.46566667102	6.27681881227	1.62860096516	6.27681881227	1.61372246246	5.98192269698	6.17857935573	5.98192269698	6.46566667102	2.97545580226	2.7237126363	0.0645549222368	0.0	0.0	0.0	0.0645549222368	4.24777878488	3.94397769584	3.94397769584	6.53348976572	5.76183702098	6.53348976572	6.53348976572	5.59284597134	6.00379588373	6.00379588373	5.59284597134	6.00379588373	5.76183702098	5.76183702098	6.53348976572	5.76183702098	9.97978896354	6.53348976572	6.53348976572	6.53348976572	6.53348976572	9.97978896354	5.59284597134	5.8566267426	5.46049549932	7.14575198308	7.14575198308	5.4698858275	4.3430119579	5.8566267426	5.8566267426	5.193926849	5.46049549932	5.193926849	6.94333824452	5.46049549932	6.94333824452	5.76876290285	5.8566267426	5.4698858275	5.76876290285	7.02512443415	5.193926849	5.4698858275	7.02512443415	5.76876290285	5.46049549932	5.4698858275	4.3430119579	5.46049549932	6.06781150024	5.4698858275	6.94333824452	4.3430119579	5.8566267426	5.193926849	5.193926849	5.59284597134	6.53348976572
5.98192269698	6.46566667102	6.46566667102	6.27681881227	1.62860096516	6.27681881227	1.61372246246	5.98192269698	6.17857935573	5.98192269698	6.46566667102	2.97545580226	2.7237126363	0.0645549222368	0.0	0.0	0.0	0.0645549222368	4.24777878488	3.94397769584	3.94397769584	6.53348976572	5.76183702098	6.53348976572	6.53348976572	5.59284597134	6.00379588373	6.00379588373	5.59284597134	6.00379588373	5.76183702098	5.76183702098	6.53348976572	5.76183702098	9.97978896354	6.53348976572	6.53348976572	6.53348976572	6.53348976572	9.97978896354	5.59284597134	5.8566267426	5.46049549932	7.14575198308	7.14575198308	5.4698858275	4.3430119579	5.8566267426	5.8566267426	5.193926849	5.46049549932	5.193926849	6.94333824452	5.46049549932	6.94333824452	5.76876290285	5.8566267426	5.4698858275	5.76876290285	7.02512443415	5.193926849	5.4698858275	7.02512443415	5.76876290285	5.46049549932	5.4698858275	4.3430119579	5.46049549932	6.06781150024	5.4698858275	6.94333824452	4.3430119579	5.8566267426	5.193926849	5.193926849	5.59284597134	6.53348976572
6.00204505098	6.48451593278	6.48451593278	6.2976683723	1.64741348038	6.2976683723	1.63252919405	6.00204505098	6.19741496639	6.00204505098	6.48451593278	2.99670156638	2.73839178324	0.0	0.0645549222368	0.0645549222368	0.0645549222368	0.0	4.26535821443	3.9618439217	3.9618439217	6.55270684994	5.78101332822	6.55270684994	6.55270684994	5.61196526091	6.02285791387	6.02285791387	5.61196526091	6.02285791387	5.78101332822	5.78101332822	6.55270684994	5.78101332822	9.99919413036	6.55270684994	6.55270684994	6.55270684994	6.55270684994	9.99919413036	5.61196526091	5.87637729603	5.48039601538	7.16527934048	7.16527934048	5.48973900543	4.36300699676	5.87637729603	5.87637729603	5.21380002553	5.48039601538	5.21380002553	6.96284070879	5.48039601538	6.96284070879	5.78859978072	5.87637729603	5.48973900543	5.78859978072	7.0446081518	5.21380002553	5.48973900543	7.0446081518	5.78859978072	5.48039601538	5.48973900543	4.36300699676	5.48039601538	6.08767805904	5.48973900543	6.96284070879	4.36300699676	5.87637729603	5.21380002553	5.21380002553	5.61196526091	6.55270684994
8.9126112974	8.71144584897	8.71144584897	9.40466738665	3.84816503069	9.40466738665	3.83116370431	8.9126112974	8.43913565211	8.9126112974	8.71144584897	6.70254681798	6.54531195336	4.26535821443	4.24777878488	4.24777878488	4.24777878488	4.26535821443	0.0	6.28918922033	6.28918922033	8.89793685888	8.11059618136	8.89793685888	8.89793685888	7.9219641246	8.31577986457	8.31577986457	7.9219641246	8.31577986457	8.11059618136	8.11059618136	8.89793685888	8.11059618136	12.4112714454	8.89793685888	8.89793685888	8.89793685888	8.89793685888	12.4112714454	7.9219641246	8.41278201276	8.07314993123	9.62024456009	9.62024456009	8.06390264723	6.9930291805	8.41278201276	8.41278201276	7.79465346575	8.07314993123	7.79465346575	9.40944650548	8.07314993123	9.40944650548	8.35754969247	8.41278201276	8.06390264723	8.35754969247	9.48461852282	7.79465346575	8.06390264723	9.48461852282	8.35754969247	8.07314993123	8.06390264723	6.9930291805	8.07314993123	8.66854413453	8.06390264723	9.40944650548	6.9930291805	8.41278201276	7.79465346575	7.79465346575	7.9219641246	8.89793685888
8.27853992013	8.04825871624	8.04825871624	8.84819362506	3.19963005447	8.84819362506	3.18120858037	8.27853992013	7.73922120498	8.27853992013	8.04825871624	6.53536885225	6.13141041005	3.9618439217	3.94397769584	3.94397769584	3.94397769584	3.9618439217	6.28918922033	0.0	0.0	8.35336463619	7.5582325168	8.35336463619	8.35336463619	7.35349382395	7.7255584387	7.7255584387	7.35349382395	7.7255584387	7.5582325168	7.5582325168	8.35336463619	7.5582325168	11.9140989587	8.35336463619	8.35336463619	8.35336463619	8.35336463619	11.9140989587	7.35349382395	7.99873871399	7.68814424179	9.15524136325	9.15524136325	7.6726243594	6.61978902335	7.99873871399	7.99873871399	7.41026570279	7.68814424179	7.41026570279	8.93685372468	7.68814424179	8.93685372468	7.95986016866	7.99873871399	7.6726243594	7.95986016866	9.00712308208	7.41026570279	7.6726243594	9.00712308208	7.95986016866	7.68814424179	7.6726243594	6.61978902335	7.68814424179	8.27384536171	7.6726243594	8.93685372468	6.61978902335	7.99873871399	7.41026570279	7.41026570279	7.35349382395	8.35336463619
8.27853992013	8.04825871624	8.04825871624	8.84819362506	3.19963005447	8.84819362506	3.18120858037	8.27853992013	7.73922120498	8.27853992013	8.04825871624	6.53536885225	6.13141041005	3.9618439217	3.94397769584	3.94397769584	3.94397769584	3.9618439217	6.28918922033	0.0	0.0	8.35336463619	7.5582325168	8.35336463619	8.35336463619	7.35349382395	7.7255584387	7.7255584387	7.35349382395	7.7255584387	7.5582325168	7.5582325168	8.35336463619	7.5582325168	11.9140989587	8.35336463619	8.35336463619	8.35336463619	8.35336463619	11.9140989587	7.35349382395	7.99873871399	7.68814424179	9.15524136325	9.15524136325	7.6726243594	6.61978902335	7.99873871399	7.99873871399	7.41026570279	7.68814424179	7.41026570279	8.93685372468	7.68814424179	8.93685372468	7.95986016866	7.99873871399	7.6726243594	7.95986016866	9.00712308208	7.41026570279	7.6726243594	9.00712308208	7.95986016866	7.68814424179	7.6726243594	6.61978902335	7.68814424179	8.27384536171	7.6726243594	8.93685372468	6.61978902335	7.99873871399	7.41026570279	7.41026570279	7.35349382395	8.35336463619
10.8552937608	10.3158197185	10.3158197185	11.3355518538	5.34467558939	11.3355518538	5.34807992894	10.8552937608	10.1571201441	10.8552937608	10.3158197185	9.05096712104	8.86354837589	6.55270684994	6.53348976572	6.53348976572	6.53348976572	6.55270684994	8.89793685888	8.35336463619	8.35336463619	0.0	6.05989680175	0.0	0.0	6.50256329107	7.56285118337	7.56285118337	6.50256329107	7.56285118337	6.05989680175	6.05989680175	0.0	6.05989680175	10.6677510533	0.0	0.0	0.0	0.0	10.6677510533	6.50256329107	8.73521121879	8.79298436138	8.99821191849	8.99821191849	8.72557964888	7.83947921918	8.73521121879	8.73521121879	8.57308432384	8.79298436138	8.57308432384	8.43430478174	8.79298436138	8.43430478174	8.89153530588	8.73521121879	8.72557964888	8.89153530588	8.3423863132	8.57308432384	8.72557964888	8.3423863132	8.89153530588	8.79298436138	8.72557964888	7.83947921918	8.79298436138	9.2126936211	8.72557964888	8.43430478174	7.83947921918	8.73521121879	8.57308432384	8.57308432384	6.50256329107	0.0
10.0708505661	9.51532971323	9.51532971323	10.5593088722	4.53746774127	10.5593088722	4.5415654969	10.0708505661	9.35881146373	10.0708505661	9.51532971323	8.280971656	8.08835904967	5.78101332822	5.76183702098	5.76183702098	5.76183702098	5.78101332822	8.11059618136	7.5582325168	7.5582325168	6.05989680175	0.0	6.05989680175	6.05989680175	5.35971655818	7.01962168811	7.01962168811	5.35971655818	7.01962168811	0.0	0.0	6.05989680175	0.0	10.7517341037	6.05989680175	6.05989680175	6.05989680175	6.05989680175	10.7517341037	5.35971655818	8.16173084318	8.14726004188	8.62278099694	8.62278099694	8.0861735219	7.17502809562	8.16173084318	8.16173084318	7.90887562149	8.14726004188	7.90887562149	8.20432349033	8.14726004188	8.20432349033	8.28231135406	8.16173084318	8.0861735219	8.28231135406	8.17786272083	7.90887562149	8.0861735219	8.17786272083	8.28231135406	8.14726004188	8.0861735219	7.17502809562	8.14726004188	8.60697050307	8.0861735219	8.20432349033	7.17502809562	8.16173084318	7.90887562149	7.90887562149	5.35971655818	6.05989680175
10.8552937608	10.3158197185	10.3158197185	11.3355518538	5.34467558939	11.3355518538	5.34807992894	10.8552937608	10.1571201441	10.8552937608	10.3158197185	9.05096712104	8.86354837589	6.55270684994	6.53348976572	6.53348976572	6.53348976572	6.55270684994	8.89793685888	8.35336463619	8.35336463619	0.0	6.05989680175	0.0	0.0	6.50256329107	7.56285118337	7.56285118337	6.50256329107	7.56285118337	6.05989680175	6.05989680175	0.0	6.05989680175	10.6677510533	0.0	0.0	0.0	0.0	10.6677510533	6.50256329107	8.73521121879	8.79298436138	8.99821191849	8.99821191849	8.72557964888	7.83947921918	8.73521121879	8.73521121879	8.57308432384	8.79298436138	8.57308432384	8.43430478174	8.79298436138	8.43430478174	8.89153530588	8.73521121879	8.72557964888	8.89153530588	8.3423863132	8.57308432384	8.72557964888	8.3423863132	8.89153530588	8.79298436138	8.72557964888	7.83947921918	8.79298436138	9.2126936211	8.72557964888	8.43430478174	7.83947921918	8.73521121879	8.57308432384	8.57308432384	6.50256329107	0.0
10.8552937608	10.3158197185	10.3158197185	11.3355518538	5.34467558939	11.3355518538	5.34807992894	10.8552937608	10.1571201441	10.8552937608	10.3158197185	9.05096712104	8.86354837589	6.55270684994	6.53348976572	6.53348976572	6.53348976572	6.55270684994	8.89793685888	8.35336463619	8.35336463619	0.0	6.05989680175	0.0	0.0	6.50256329107	7.56285118337	7.56285118337	6.50256329107	7.56285118337	6.05989680175	6.05989680175	0.0	6.05989680175	10.6677510533	0.0	0.0	0.0	0.0	10.6677510533	6.50256329107	8.73521121879	8.79298436138	8.99821191849	8.99821191849	8.72557964888	7.83947921918	8.73521121879	8.73521121879	8.57308432384	8.79298436138	8.57308432384	8.43430478174	8.79298436138	8.43430478174	8.89153530588	8.73521121879	8.72557964888	8.89153530588	8.3423863132	8.57308432384	8.72557964888	8.3423863132	8.89153530588	8.79298436138	8.72557964888	7.83947921918	8.79298436138	9.2126936211	8.72557964888	8.43430478174	7.83947921918	8.73521121879	8.57308432384	8.57308432384	6.50256329107	0.0
9.87124042458	9.29631056066	9.29631056066	10.3602607511	4.31523952683	10.3602607511	4.32029639004	9.87124042458	9.1433832443	9.87124042458	9.29631056066	8.11680402691	7.91383966732	5.61196526091	5.59284597134	5.59284597134	5.59284597134	5.61196526091	7.9219641246	7.35349382395	7.35349382395	6.50256329107	5.35971655818	6.50256329107	6.50256329107	0.0	6.3465052321	6.3465052321	0.0	6.3465052321	5.35971655818	5.35971655818	6.50256329107	5.35971655818	11.0637089875	6.50256329107	6.50256329107	6.50256329107	6.50256329107	11.0637089875	0.0	8.22124761385	8.14592905437	8.84079266311	8.84079266311	8.0928111887	7.15643096083	8.22124761385	8.22124761385	7.89683563991	8.14592905437	7.89683563991	8.45860070771	8.14592905437	8.45860070771	8.30931736802	8.22124761385	8.0928111887	8.30931736802	8.44834344268	7.89683563991	8.0928111887	8.44834344268	8.30931736802	8.14592905437	8.0928111887	7.15643096083	8.14592905437	8.63309991381	8.0928111887	8.45860070771	7.15643096083	8.22124761385	7.89683563991	7.89683563991	0.0	6.50256329107
10.2339092969	9.64504081067	9.64504081067	10.7074207228	4.67091935643	10.7074207228	4.67671787523	10.2339092969	9.49612359471	10.2339092969	9.64504081067	8.5356454478	8.31853284908	6.02285791387	6.00379588373	6.00379588373	6.00379588373	6.02285791387	8.31577986457	7.7255584387	7.7255584387	7.56285118337	7.01962168811	7.56285118337	7.56285118337	6.3465052321	0.0	0.0	6.3465052321	0.0	7.01962168811	7.01962168811	7.56285118337	7.01962168811	11.8752157223	7.56285118337	7.56285118337	7.56285118337	7.56285118337	11.8752157223	6.3465052321	8.87881116866	8.75449632809	9.61378287497	9.61378287497	8.70909385117	7.74950918684	8.87881116866	8.87881116866	8.49914275794	8.75449632809	8.49914275794	9.24791825398	8.75449632809	9.24791825398	8.94007484593	8.87881116866	8.70909385117	8.94007484593	9.24545686614	8.49914275794	8.70909385117	9.24545686614	8.94007484593	8.75449632809	8.70909385117	7.74950918684	8.75449632809	9.26166499511	8.70909385117	9.24791825398	7.74950918684	8.87881116866	8.49914275794	8.49914275794	6.3465052321	7.56285118337
10.2339092969	9.64504081067	9.64504081067	10.7074207228	4.67091935643	10.7074207228	4.67671787523	10.2339092969	9.49612359471	10.2339092969	9.64504081067	8.5356454478	8.31853284908	6.02285791387	6.00379588373	6.00379588373	6.00379588373	6.02285791387	8.31577986457	7.7255584387	7.7255584387	7.56285118337	7.01962168811	7.56285118337	7.56285118337	6.3465052321	0.0	0.0	6.3465052321	0.0	7.01962168811	7.01962168811	7.56285118337	7.01962168811	11.8752157223	7.56285118337	7.56285118337	7.56285118337	7.56285118337	11.8752157223	6.3465052321	8.87881116866	8.75449632809	9.61378287497	9.61378287497	8.70909385117	7.74950918684	8.87881116866	8.87881116866	8.49914275794	8.75449632809	8.49914275794	9.24791825398	8.75449632809	9.24791825398	8.94007484593	8.87881116866	8.70909385117	8.94007484593	9.24545686614	8.49914275794	8.70909385117	9.24545686614	8.94007484593	8.75449632809	8.70909385117	7.74950918684	8.75449632809	9.26166499511	8.70909385117	9.24791825398	7.74950918684	8.87881116866	8.49914275794	8.49914275794	6.3465052321	7.56285118337
9.87124042458	9.29631056066	9.29631056066	10.3602607511	4.31523952683	10.3602607511	4.32029639004	9.87124042458	9.1433832443	9.87124042458	9.29631056066	8.11680402691	7.91383966732	5.61196526091	5.59284597134	5.59284597134	5.59284597134	5.61196526091	7.9219641246	7.35349382395	7.35349382395	6.50256329107	5.35971655818	6.50256329107	6.50256329107	0.0	6.3465052321	6.3465052321	0.0	6.3465052321	5.35971655818	5.35971655818	6.50256329107	5.35971655818	11.0637089875	6.50256329107	6.50256329107	6.50256329107	6.50256329107	11.0637089875	0.0	8.22124761385	8.14592905437	8.84079266311	8.84079266311	8.0928111887	7.15643096083	8.22124761385	8.22124761385	7.89683563991	8.14592905437	7.89683563991	8.45860070771	8.14592905437	8.45860070771	8.30931736802	8.22124761385	8.0928111887	8.30931736802	8.44834344268	7.89683563991	8.0928111887	8.44834344268	8.30931736802	8.14592905437	8.0928111887	7.15643096083	8.14592905437	8.63309991381	8.0928111887	8.45860070771	7.15643096083	8.22124761385	7.89683563991	7.89683563991	0.0	6.50256329107
10.2339092969	9.64504081067	9.64504081067	10.7074207228	4.67091935643	10.7074207228	4.67671787523	10.2339092969	9.49612359471	10.2339092969	9.64504081067	8.5356454478	8.31853284908	6.02285791387	6.00379588373	6.00379588373	6.00379588373	6.02285791387	8.31577986457	7.7255584387	7.7255584387	7.56285118337	7.01962168811	7.56285118337	7.56285118337	6.3465052321	0.0	0.0	6.3465052321	0.0	7.01962168811	7.01962168811	7.56285118337	7.01962168811	11.8752157223	7.56285118337	7.56285118337	7.56285118337	7.56285118337	11.8752157223	6.3465052321	8.87881116866	8.75449632809	9.61378287497	9.61378287497	8.70909385117	7.74950918684	8.87881116866	8.87881116866	8.49914275794	8.75449632809	8.49914275794	9.24791825398	8.75449632809	9.24791825398	8.94007484593	8.87881116866	8.70909385117	8.94007484593	9.24545686614	8.49914275794	8.70909385117	9.24545686614	8.94007484593	8.75449632809	8.70909385117	7.74950918684	8.75449632809	9.26166499511	8.70909385117	9.24791825398	7.74950918684	8.87881116866	8.49914275794	8.49914275794	6.3465052321	7.56285118337
10.0708505661	9.51532971323	9.51532971323	10.5593088722	4.53746774127	10.5593088722	4.5415654969	10.0708505661	9.35881146373	10.0708505661	9.51532971323	8.280971656	8.08835904967	5.78101332822	5.76183702098	5.76183702098	5.76183702098	5.78101332822	8.11059618136	7.5582325168	7.5582325168	6.05989680175	0.0	6.05989680175	6.05989680175	5.35971655818	7.01962168811	7.01962168811	5.35971655818	7.01962168811	0.0	0.0	6.05989680175	0.0	10.7517341037	6.05989680175	6.05989680175	6.05989680175	6.05989680175	10.7517341037	5.35971655818	8.16173084318	8.14726004188	8.62278099694	8.62278099694	8.0861735219	7.17502809562	8.16173084318	8.16173084318	7.90887562149	8.14726004188	7.90887562149	8.20432349033	8.14726004188	8.20432349033	8.28231135406	8.16173084318	8.0861735219	8.28231135406	8.17786272083	7.90887562149	8.0861735219	8.17786272083	8.28231135406	8.14726004188	8.0861735219	7.17502809562	8.14726004188	8.60697050307	8.0861735219	8.20432349033	7.17502809562	8.16173084318	7.90887562149	7.90887562149	5.35971655818	6.05989680175
10.0708505661	9.51532971323	9.51532971323	10.5593088722	4.53746774127	10.5593088722	4.5415654969	10.0708505661	9.35881146373	10.0708505661	9.51532971323	8.280971656	8.08835904967	5.78101332822	5.76183702098	5.76183702098	5.76183702098	5.78101332822	8.11059618136	7.5582325168	7.5582325168	6.05989680175	0.0	6.05989680175	6.05989680175	5.35971655818	7.01962168811	7.01962168811	5.35971655818	7.01962168811	0.0	0.0	6.05989680175	0.0	10.7517341037	6.05989680175	6.05989680175	6.05989680175	6.05989680175	10.7517341037	5.35971655818	8.16173084318	8.14726004188	8.62278099694	8.62278099694	8.0861735219	7.17502809562	8.16173084318	8.16173084318	7.90887562149	8.14726004188	7.90887562149	8.20432349033	8.14726004188	8.20432349033	8.28231135406	8.16173084318	8.0861735219	8.28231135406	8.17786272083	7.90887562149	8.0861735219	8.17786272083	8.28231135406	8.14726004188	8.0861735219	7.17502809562	8.14726004188	8.60697050307	8.0861735219	8.20432349033	7.17502809562	8.16173084318	7.90887562149	7.90887562149	5.35971655818	6.05989680175
10.8552937608	10.3158197185	10.3158197185	11.3355518538	5.34467558939	11.3355518538	5.34807992894	10.8552937608	10.1571201441	10.8552937608	10.3158197185	9.05096712104	8.86354837589	6.55270684994	6.53348976572	6.53348976572	6.53348976572	6.55270684994	8.89793685888	8.35336463619	8.35336463619	0.0	6.05989680175	0.0	0.0	6.50256329107	7.56285118337	7.56285118337	6.50256329107	7.56285118337	6.05989680175	6.05989680175	0.0	6.05989680175	10.6677510533	0.0	0.0	0.0	0.0	10.6677510533	6.50256329107	8.73521121879	8.79298436138	8.99821191849	8.99821191849	8.72557964888	7.83947921918	8.73521121879	8.73521121879	8.57308432384	8.79298436138	8.57308432384	8.43430478174	8.79298436138	8.43430478174	8.89153530588	8.73521121879	8.72557964888	8.89153530588	8.3423863132	8.57308432384	8.72557964888	8.3423863132	8.89153530588	8.79298436138	8.72557964888	7.83947921918	8.79298436138	9.2126936211	8.72557964888	8.43430478174	7.83947921918	8.73521121879	8.57308432384	8.57308432384	6.50256329107	0.0
10.0708505661	9.51532971323	9.51532971323	10.5593088722	4.53746774127	10.5593088722	4.5415654969	10.0708505661	9.35881146373	10.0708505661	9.51532971323	8.280971656	8.08835904967	5.78101332822	5.76183702098	5.76183702098	5.76183702098	5.78101332822	8.11059618136	7.5582325168	7.5582325168	6.05989680175	0.0	6.05989680175	6.05989680175	5.35971655818	7.01962168811	7.01962168811	5.35971655818	7.01962168811	0.0	0.0	6.05989680175	0.0	10.7517341037	6.05989680175	6.05989680175	6.05989680175	6.05989680175	10.7517341037	5.35971655818	8.16173084318	8.14726004188	8.62278099694	8.62278099694	8.0861735219	7.17502809562	8.16173084318	8.16173084318	7.90887562149	8.14726004188	7.90887562149	8.20432349033	8.14726004188	8.20432349033	8.28231135406	8.16173084318	8.0861735219	8.28231135406	8.17786272083	7.90887562149	8.0861735219	8.17786272083	8.28231135406	8.14726004188	8.0861735219	7.17502809562	8.14726004188	8.60697050307	8.0861735219	8.20432349033	7.17502809562	8.16173084318	7.90887562149	7.90887562149	5.35971655818	6.05989680175
14.3965313559	13.9193863747	13.9193863747	14.8719311865	8.95884012214	14.8719311865	8.95944487855	14.3965313559	13.7499662062	14.3965313559	13.9193863747	12.4833743104	12.3276064192	9.99919413036	9.97978896354	9.97978896354	9.97978896354	9.99919413036	12.4112714454	11.9140989587	11.9140989587	10.6677510533	10.7517341037	10.6677510533	10.6677510533	11.0637089875	11.8752157223	11.8752157223	11.0637089875	11.8752157223	10.7517341037	10.7517341037	10.6677510533	10.7517341037	0.0	10.6677510533	10.6677510533	10.6677510533	10.6677510533	0.0	11.0637089875	11.230715602	11.5941296981	10.8191529924	10.8191529924	11.5008760043	10.7234206614	11.230715602	11.230715602	11.4549830217	11.5941296981	11.4549830217	9.36255739737	11.5941296981	9.36255739737	11.5339452372	11.230715602	11.5008760043	11.5339452372	8.78644638591	11.4549830217	11.5008760043	8.78644638591	11.5339452372	11.5941296981	11.5008760043	10.7234206614	11.5941296981	11.836279909	11.5008760043	9.36255739737	10.7234206614	11.230715602	11.4549830217	11.4549830217	11.0637089875	10.6677510533
10.8552937608	10.3158197185	10.3158197185	11.3355518538	5.34467558939	11.3355518538	5.34807992894	10.8552937608	10.1571201441	10.8552937608	10.3158197185	9.05096712104	8.86354837589	6.55270684994	6.53348976572	6.53348976572	6.53348976572	6.55270684994	8.89793685888	8.35336463619	8.35336463619	0.0	6.05989680175	0.0	0.0	6.50256329107	7.56285118337	7.56285118337	6.50256329107	7.56285118337	6.05989680175	6.05989680175	0.0	6.05989680175	10.6677510533	0.0	0.0	0.0	0.0	10.6677510533	6.50256329107	8.73521121879	8.79298436138	8.99821191849	8.99821191849	8.72557964888	7.83947921918	8.73521121879	8.73521121879	8.57308432384	8.79298436138	8.57308432384	8.43430478174	8.79298436138	8.43430478174	8.89153530588	8.73521121879	8.72557964888	8.89153530588	8.3423863132	8.57308432384	8.72557964888	8.3423863132	8.89153530588	8.79298436138	8.72557964888	7.83947921918	8.79298436138	9.2126936211	8.72557964888	8.43430478174	7.83947921918	8.73521121879	8.57308432384	8.57308432384	6.50256329107	0.0
10.8552937608	10.3158197185	10.3158197185	11.3355518538	5.34467558939	11.3355518538	5.34807992894	10.8552937608	10.1571201441	10.8552937608	10.3158197185	9.05096712104	8.86354837589	6.55270684994	6.53348976572	6.53348976572	6.53348976572	6.55270684994	8.89793685888	8.35336463619	8.35336463619	0.0	6.05989680175	0.0	0.0	6.50256329107	7.56285118337	7.56285118337	6.50256329107	7.56285118337	6.05989680175	6.05989680175	0.0	6.05989680175	10.6677510533	0.0	0.0	0.0	0.0	10.6677510533	6.50256329107	8.73521121879	8.79298436138	8.99821191849	8.99821191849	8.72557964888	7.83947921918	8.73521121879	8.73521121879	8.57308432384	8.79298436138	8.57308432384	8.43430478174	8.79298436138	8.43430478174	8.89153530588	8.73521121879	8.72557964888	8.89153530588	8.3423863132	8.57308432384	8.72557964888	8.3423863132	8.89153530588	8.79298436138	8.72557964888	7.83947921918	8.79298436138	9.2126936211	8.72557964888	8.43430478174	7.83947921918	8.73521121879	8.57308432384	8.57308432384	6.50256329107	0.0
10.8552937608	10.3158197185	10.3158197185	11.3355518538	5.34467558939	11.3355518538	5.34807992894	10.8552937608	10.1571201441	10.8552937608	10.3158197185	9.05096712104	8.86354837589	6.55270684994	6.53348976572	6.53348976572	6.53348976572	6.55270684994	8.89793685888	8.35336463619	8.35336463619	0.0	6.05989680175	0.0	0.0	6.50256329107	7.56285118337	7.56285118337	6.50256329107	7.56285118337	6.05989680175	6.05989680175	0.0	6.05989680175	10.6677510533	0.0	0.0	0.0	0.0	10.6677510533	6.50256329107	8.73521121879	8.79298436138	8.99821191849	8.99821191849	8.72557964888	7.83947921918	8.73521121879	8.73521121879	8.57308432384	8.79298436138	8.57308432384	8.43430478174	8.79298436138	8.43430478174	8.89153530588	8.73521121879	8.72557964888	8.89153530588	8.3423863132	8.57308432384	8.72557964888	8.3423863132	8.89153530588	8.79298436138	8.72557964888	7.83947921918	8.79298436138	9.2126936211	8.72557964888	8.43430478174	7.83947921918	8.73521121879	8.57308432384	8.57308432384	6.50256329107	0.0
