0.0	0.808688817982	0.808688817982	0.825469627635	0.814810823132	0.825469627635	0.809477677076	0.0	0.777862663051	0.0	0.808688817982	0.824818848542	0.773694527894	0.793837528197	0.800922211895	0.800922211895	0.800922211895	0.793837528197	0.775015838949	0.713493748442	0.713493748442	0.90531799012	0.884731284832	0.90531799012	0.90531799012	0.888985906324	0.904395835888	0.904395835888	0.888985906324	0.904395835888	0.884731284832	0.884731284832	0.90531799012	0.884731284832	0.908714360255	0.90531799012	0.90531799012	0.90531799012	0.90531799012	0.908714360255	0.888985906324	0.938849054008	0.958972037218	0.903541559578	0.903541559578	0.939919111331	1.00083167875	0.938849054008	0.938849054008	0.930720238085	0.958972037218	0.930720238085	0.92046432264	0.958972037218	0.92046432264	0.958207215406	0.938849054008	0.939919111331	0.958207215406	0.931792459296	0.930720238085	0.939919111331	0.931792459296	0.958207215406	0.958972037218	0.939919111331	1.00083167875	0.958972037218	0.997664512317	0.939919111331	0.92046432264	1.00083167875	0.938849054008	0.930720238085	0.930720238085	0.888985906324	0.90531799012
0.808688817982	0.0	0.0	0.916123172553	0.711019662562	0.916123172553	0.694526204469	0.808688817982	0.675489740613	0.808688817982	0.0	0.846358919453	0.832722499328	0.840689335825	0.849699952044	0.849699952044	0.849699952044	0.840689335825	0.780752389503	0.759607347452	0.759607347452	0.83274776174	0.80899357076	0.83274776174	0.83274776174	0.811705354565	0.826747090739	0.826747090739	0.811705354565	0.826747090739	0.80899357076	0.80899357076	0.83274776174	0.80899357076	0.840432638682	0.83274776174	0.83274776174	0.83274776174	0.83274776174	0.840432638682	0.811705354565	0.886257057667	0.915391032097	0.837978784865	0.837978784865	0.893652908527	0.961996296858	0.886257057667	0.886257057667	0.886065793315	0.915391032097	0.886065793315	0.854762429919	0.915391032097	0.854762429919	0.910615074629	0.886257057667	0.893652908527	0.910615074629	0.865807002484	0.886065793315	0.893652908527	0.865807002484	0.910615074629	0.915391032097	0.893652908527	0.961996296858	0.915391032097	0.95127180402	0.893652908527	0.854762429919	0.961996296858	0.886257057667	0.886065793315	0.886065793315	0.811705354565	0.83274776174
0.808688817982	0.0	0.0	0.916123172553	0.711019662562	0.916123172553	0.694526204469	0.808688817982	0.675489740613	0.808688817982	0.0	0.846358919453	0.832722499328	0.840689335825	0.849699952044	0.849699952044	0.849699952044	0.840689335825	0.780752389503	0.759607347452	0.759607347452	0.83274776174	0.80899357076	0.83274776174	0.83274776174	0.811705354565	0.826747090739	0.826747090739	0.811705354565	0.826747090739	0.80899357076	0.80899357076	0.83274776174	0.80899357076	0.840432638682	0.83274776174	0.83274776174	0.83274776174	0.83274776174	0.840432638682	0.811705354565	0.886257057667	0.915391032097	0.837978784865	0.837978784865	0.893652908527	0.961996296858	0.886257057667	0.886257057667	0.886065793315	0.915391032097	0.886065793315	0.854762429919	0.915391032097	0.854762429919	0.910615074629	0.886257057667	0.893652908527	0.910615074629	0.865807002484	0.886065793315	0.893652908527	0.865807002484	0.910615074629	0.915391032097	0.893652908527	0.961996296858	0.915391032097	0.95127180402	0.893652908527	0.854762429919	0.961996296858	0.886257057667	0.886065793315	0.886065793315	0.811705354565	0.83274776174
0.825469627635	0.916123172553	0.916123172553	0.0	0.917494307497	0.0	0.913725706793	0.825469627635	0.898889766945	0.825469627635	0.916123172553	0.959011169406	0.92153272747	0.935942793825	0.941381715373	0.941381715373	0.941381715373	0.935942793825	0.915453892063	0.871119336453	0.871119336453	0.99492711454	0.977569647558	0.99492711454	0.99492711454	0.980192017459	0.990635609519	0.990635609519	0.980192017459	0.990635609519	0.977569647558	0.977569647558	0.99492711454	0.977569647558	0.999376682935	0.99492711454	0.99492711454	0.99492711454	0.99492711454	0.999376682935	0.980192017459	1.04619012179	1.07000186675	1.00365767958	1.00365767958	1.05023996401	1.11335895782	1.04619012179	1.04619012179	1.04203260702	1.07000186675	1.04203260702	1.01866270178	1.07000186675	1.01866270178	1.06749945202	1.04619012179	1.05023996401	1.06749945202	1.02869109463	1.04203260702	1.05023996401	1.02869109463	1.06749945202	1.07000186675	1.05023996401	1.11335895782	1.07000186675	1.10708412055	1.05023996401	1.01866270178	1.11335895782	1.04619012179	1.04203260702	1.04203260702	0.980192017459	0.99492711454
0.814810823132	0.711019662562	0.711019662562	0.917494307497	0.0	0.917494307497	0.508797219041	0.814810823132	0.754747129242	0.814810823132	0.711019662562	0.823834212514	0.824330718605	0.827977297397	0.836099228296	0.836099228296	0.836099228296	0.827977297397	0.767861784353	0.760360568954	0.760360568954	0.737776863403	0.707008739787	0.737776863403	0.737776863403	0.708441735458	0.728656829087	0.728656829087	0.708441735458	0.728656829087	0.707008739787	0.707008739787	0.737776863403	0.707008739787	0.750243189743	0.737776863403	0.737776863403	0.737776863403	0.737776863403	0.750243189743	0.708441735458	0.806845484695	0.843826438512	0.746133913363	0.746133913363	0.820009991744	0.894095182384	0.806845484695	0.806845484695	0.814071127589	0.843826438512	0.814071127589	0.763598939316	0.843826438512	0.763598939316	0.835575644522	0.806845484695	0.820009991744	0.835575644522	0.774955438113	0.814071127589	0.820009991744	0.774955438113	0.835575644522	0.843826438512	0.820009991744	0.894095182384	0.843826438512	0.877100107595	0.820009991744	0.763598939316	0.894095182384	0.806845484695	0.814071127589	0.814071127589	0.708441735458	0.737776863403
0.825469627635	0.916123172553	0.916123172553	0.0	0.917494307497	0.0	0.913725706793	0.825469627635	0.898889766945	0.825469627635	0.916123172553	0.959011169406	0.92153272747	0.935942793825	0.941381715373	0.941381715373	0.941381715373	0.935942793825	0.915453892063	0.871119336453	0.871119336453	0.99492711454	0.977569647558	0.99492711454	0.99492711454	0.980192017459	0.990635609519	0.990635609519	0.980192017459	0.990635609519	0.977569647558	0.977569647558	0.99492711454	0.977569647558	0.999376682935	0.99492711454	0.99492711454	0.99492711454	0.99492711454	0.999376682935	0.980192017459	1.04619012179	1.07000186675	1.00365767958	1.00365767958	1.05023996401	1.11335895782	1.04619012179	1.04619012179	1.04203260702	1.07000186675	1.04203260702	1.01866270178	1.07000186675	1.01866270178	1.06749945202	1.04619012179	1.05023996401	1.06749945202	1.02869109463	1.04203260702	1.05023996401	1.02869109463	1.06749945202	1.07000186675	1.05023996401	1.11335895782	1.07000186675	1.10708412055	1.05023996401	1.01866270178	1.11335895782	1.04619012179	1.04203260702	1.04203260702	0.980192017459	0.99492711454
0.809477677076	0.694526204469	0.694526204469	0.913725706793	0.508797219041	0.913725706793	0.0	0.809477677076	0.745121344591	0.809477677076	0.694526204469	0.820377428685	0.819524438252	0.823574513517	0.831863273048	0.831863273048	0.831863273048	0.823574513517	0.762580653151	0.754286216302	0.754286216302	0.75003291082	0.720720566601	0.75003291082	0.75003291082	0.723365558671	0.743465404119	0.743465404119	0.723365558671	0.743465404119	0.720720566601	0.720720566601	0.75003291082	0.720720566601	0.760561339993	0.75003291082	0.75003291082	0.75003291082	0.75003291082	0.760561339993	0.723365558671	0.813187024101	0.848517221853	0.755586194533	0.755586194533	0.825051670768	0.898113266614	0.813187024101	0.813187024101	0.818695063625	0.848517221853	0.818695063625	0.773182163842	0.848517221853	0.773182163842	0.841014095433	0.813187024101	0.825051670768	0.841014095433	0.784633570108	0.818695063625	0.825051670768	0.784633570108	0.841014095433	0.848517221853	0.825051670768	0.898113266614	0.848517221853	0.882431897324	0.825051670768	0.773182163842	0.898113266614	0.813187024101	0.818695063625	0.818695063625	0.723365558671	0.75003291082
0.0	0.808688817982	0.808688817982	0.825469627635	0.814810823132	0.825469627635	0.809477677076	0.0	0.777862663051	0.0	0.808688817982	0.824818848542	0.773694527894	0.793837528197	0.800922211895	0.800922211895	0.800922211895	0.793837528197	0.775015838949	0.713493748442	0.713493748442	0.90531799012	0.884731284832	0.90531799012	0.90531799012	0.888985906324	0.904395835888	0.904395835888	0.888985906324	0.904395835888	0.884731284832	0.884731284832	0.90531799012	0.884731284832	0.908714360255	0.90531799012	0.90531799012	0.90531799012	0.90531799012	0.908714360255	0.888985906324	0.938849054008	0.958972037218	0.903541559578	0.903541559578	0.939919111331	1.00083167875	0.938849054008	0.938849054008	0.930720238085	0.958972037218	0.930720238085	0.92046432264	0.958972037218	0.92046432264	0.958207215406	0.938849054008	0.939919111331	0.958207215406	0.931792459296	0.930720238085	0.939919111331	0.931792459296	0.958207215406	0.958972037218	0.939919111331	1.00083167875	0.958972037218	0.997664512317	0.939919111331	0.92046432264	1.00083167875	0.938849054008	0.930720238085	0.930720238085	0.888985906324	0.90531799012
0.777862663051	0.675489740613	0.675489740613	0.898889766945	0.754747129242	0.898889766945	0.745121344591	0.777862663051	0.0	0.777862663051	0.675489740613	0.835764190475	0.811817162447	0.823099692172	0.832709197952	0.832709197952	0.832709197952	0.823099692172	0.765671199676	0.73093017291	0.73093017291	0.860538867402	0.838127098766	0.860538867402	0.860538867402	0.841797890734	0.857501383522	0.857501383522	0.841797890734	0.857501383522	0.838127098766	0.838127098766	0.860538867402	0.838127098766	0.866055029775	0.860538867402	0.860538867402	0.860538867402	0.860538867402	0.866055029775	0.841797890734	0.904767447857	0.930275896949	0.86210886539	0.86210886539	0.909525900857	0.975113197829	0.904767447857	0.904767447857	0.901205754467	0.930275896949	0.901205754467	0.879042575411	0.930275896949	0.879042575411	0.92712226418	0.904767447857	0.909525900857	0.92712226418	0.890252393649	0.901205754467	0.909525900857	0.890252393649	0.92712226418	0.930275896949	0.909525900857	0.975113197829	0.930275896949	0.967371687964	0.909525900857	0.879042575411	0.975113197829	0.904767447857	0.901205754467	0.901205754467	0.841797890734	0.860538867402
0.0	0.808688817982	0.808688817982	0.825469627635	0.814810823132	0.825469627635	0.809477677076	0.0	0.777862663051	0.0	0.808688817982	0.824818848542	0.773694527894	0.793837528197	0.800922211895	0.800922211895	0.800922211895	0.793837528197	0.775015838949	0.713493748442	0.713493748442	0.90531799012	0.884731284832	0.90531799012	0.90531799012	0.888985906324	0.904395835888	0.904395835888	0.888985906324	0.904395835888	0.884731284832	0.884731284832	0.90531799012	0.884731284832	0.908714360255	0.90531799012	0.90531799012	0.90531799012	0.90531799012	0.908714360255	0.888985906324	0.938849054008	0.958972037218	0.903541559578	0.903541559578	0.939919111331	1.00083167875	0.938849054008	0.938849054008	0.930720238085	0.958972037218	0.930720238085	0.92046432264	0.958972037218	0.92046432264	0.958207215406	0.938849054008	0.939919111331	0.958207215406	0.931792459296	0.930720238085	0.939919111331	0.931792459296	0.958207215406	0.958972037218	0.939919111331	1.00083167875	0.958972037218	0.997664512317	0.939919111331	0.92046432264	1.00083167875	0.938849054008	0.930720238085	0.930720238085	0.888985906324	0.90531799012
0.808688817982	0.0	0.0	0.916123172553	0.711019662562	0.916123172553	0.694526204469	0.808688817982	0.675489740613	0.808688817982	0.0	0.846358919453	0.832722499328	0.840689335825	0.849699952044	0.849699952044	0.849699952044	0.840689335825	0.780752389503	0.759607347452	0.759607347452	0.83274776174	0.80899357076	0.83274776174	0.83274776174	0.811705354565	0.826747090739	0.826747090739	0.811705354565	0.826747090739	0.80899357076	0.80899357076	0.83274776174	0.80899357076	0.840432638682	0.83274776174	0.83274776174	0.83274776174	0.83274776174	0.840432638682	0.811705354565	0.886257057667	0.915391032097	0.837978784865	0.837978784865	0.893652908527	0.961996296858	0.886257057667	0.886257057667	0.886065793315	0.915391032097	0.886065793315	0.854762429919	0.915391032097	0.854762429919	0.910615074629	0.886257057667	0.893652908527	0.910615074629	0.865807002484	0.886065793315	0.893652908527	0.865807002484	0.910615074629	0.915391032097	0.893652908527	0.961996296858	0.915391032097	0.95127180402	0.893652908527	0.854762429919	0.961996296858	0.886257057667	0.886065793315	0.886065793315	0.811705354565	0.83274776174
0.824818848542	0.846358919453	0.846358919453	0.959011169406	0.823834212514	0.959011169406	0.820377428685	0.824818848542	0.835764190475	0.824818848542	0.846358919453	0.0	0.710829331477	0.660818976734	0.660976882334	0.660976882334	0.660976882334	0.660818976734	0.693525563563	0.736512150662	0.736512150662	0.915154665954	0.891771871285	0.915154665954	0.915154665954	0.899462759325	0.922375747445	0.922375747445	0.899462759325	0.922375747445	0.891771871285	0.891771871285	0.915154665954	0.891771871285	0.913459410805	0.915154665954	0.915154665954	0.915154665954	0.915154665954	0.913459410805	0.899462759325	0.894572353123	0.896776537689	0.887852109189	0.887852109189	0.882419539948	0.930032584684	0.894572353123	0.894572353123	0.869442318025	0.896776537689	0.869442318025	0.908397968467	0.896776537689	0.908397968467	0.904158435874	0.894572353123	0.882419539948	0.904158435874	0.922451155905	0.869442318025	0.882419539948	0.922451155905	0.904158435874	0.896776537689	0.882419539948	0.930032584684	0.896776537689	0.941854333637	0.882419539948	0.908397968467	0.930032584684	0.894572353123	0.869442318025	0.869442318025	0.899462759325	0.915154665954
0.773694527894	0.832722499328	0.832722499328	0.92153272747	0.824330718605	0.92153272747	0.819524438252	0.773694527894	0.811817162447	0.773694527894	0.832722499328	0.710829331477	0.0	0.56764473336	0.598712830986	0.598712830986	0.598712830986	0.56764473336	0.705670599695	0.66763877922	0.66763877922	0.918413235166	0.895760900516	0.918413235166	0.918413235166	0.901999148262	0.922093543656	0.922093543656	0.901999148262	0.922093543656	0.895760900516	0.895760900516	0.918413235166	0.895760900516	0.919231595293	0.918413235166	0.918413235166	0.918413235166	0.918413235166	0.919231595293	0.901999148262	0.923436732901	0.934620764653	0.902600829461	0.902600829461	0.917898110217	0.972141508477	0.923436732901	0.923436732901	0.90681688279	0.934620764653	0.90681688279	0.921611317893	0.934620764653	0.921611317893	0.937931586196	0.923436732901	0.917898110217	0.937931586196	0.934475726925	0.90681688279	0.917898110217	0.934475726925	0.937931586196	0.934620764653	0.917898110217	0.972141508477	0.934620764653	0.976523902027	0.917898110217	0.921611317893	0.972141508477	0.923436732901	0.90681688279	0.90681688279	0.901999148262	0.918413235166
0.793837528197	0.840689335825	0.840689335825	0.935942793825	0.827977297397	0.935942793825	0.823574513517	0.793837528197	0.823099692172	0.793837528197	0.840689335825	0.660818976734	0.56764473336	0.0	0.461308629902	0.461308629902	0.461308629902	0.0	0.697693487245	0.694850271849	0.694850271849	0.921223390483	0.898356517552	0.921223390483	0.921223390483	0.90502912204	0.925964458094	0.925964458094	0.90502912204	0.925964458094	0.898356517552	0.898356517552	0.921223390483	0.898356517552	0.921284989488	0.921223390483	0.921223390483	0.921223390483	0.921223390483	0.921284989488	0.90502912204	0.918526049192	0.926917553348	0.90196494989	0.90196494989	0.910969079258	0.9630355106	0.918526049192	0.918526049192	0.899337691014	0.926917553348	0.899337691014	0.92142870638	0.926917553348	0.92142870638	0.931491300046	0.918526049192	0.910969079258	0.931491300046	0.934648420147	0.899337691014	0.910969079258	0.934648420147	0.931491300046	0.926917553348	0.910969079258	0.9630355106	0.926917553348	0.969771983123	0.910969079258	0.92142870638	0.9630355106	0.918526049192	0.899337691014	0.899337691014	0.90502912204	0.921223390483
0.800922211895	0.849699952044	0.849699952044	0.941381715373	0.836099228296	0.941381715373	0.831863273048	0.800922211895	0.832709197952	0.800922211895	0.849699952044	0.660976882334	0.598712830986	0.461308629902	0.0	0.0	0.0	0.461308629902	0.714607309532	0.711478278764	0.711478278764	0.928524906622	0.905730284244	0.928524906622	0.928524906622	0.912472394986	0.933460038709	0.933460038709	0.912472394986	0.933460038709	0.905730284244	0.905730284244	0.928524906622	0.905730284244	0.928369033964	0.928524906622	0.928524906622	0.928524906622	0.928524906622	0.928369033964	0.912472394986	0.923715941533	0.931056197216	0.908493065683	0.908493065683	0.915470814774	0.966527413457	0.923715941533	0.923715941533	0.90370066317	0.931056197216	0.90370066317	0.928022691428	0.931056197216	0.928022691428	0.936097586815	0.923715941533	0.915470814774	0.936097586815	0.941312287633	0.90370066317	0.915470814774	0.941312287633	0.936097586815	0.931056197216	0.915470814774	0.966527413457	0.931056197216	0.974200313329	0.915470814774	0.928022691428	0.966527413457	0.923715941533	0.90370066317	0.90370066317	0.912472394986	0.928524906622
0.800922211895	0.849699952044	0.849699952044	0.941381715373	0.836099228296	0.941381715373	0.831863273048	0.800922211895	0.832709197952	0.800922211895	0.849699952044	0.660976882334	0.598712830986	0.461308629902	0.0	0.0	0.0	0.461308629902	0.714607309532	0.711478278764	0.711478278764	0.928524906622	0.905730284244	0.928524906622	0.928524906622	0.912472394986	0.933460038709	0.933460038709	0.912472394986	0.933460038709	0.905730284244	0.905730284244	0.928524906622	0.905730284244	0.928369033964	0.928524906622	0.928524906622	0.928524906622	0.928524906622	0.928369033964	0.912472394986	0.923715941533	0.931056197216	0.908493065683	0.908493065683	0.915470814774	0.966527413457	0.923715941533	0.923715941533	0.90370066317	0.931056197216	0.90370066317	0.928022691428	0.931056197216	0.928022691428	0.936097586815	0.923715941533	0.915470814774	0.936097586815	0.941312287633	0.90370066317	0.915470814774	0.941312287633	0.936097586815	0.931056197216	0.915470814774	0.966527413457	0.931056197216	0.974200313329	0.915470814774	0.928022691428	0.966527413457	0.923715941533	0.90370066317	0.90370066317	0.912472394986	0.928524906622
0.800922211895	0.849699952044	0.849699952044	0.941381715373	0.836099228296	0.941381715373	0.831863273048	0.800922211895	0.832709197952	0.800922211895	0.849699952044	0.660976882334	0.598712830986	0.461308629902	0.0	0.0	0.0	0.461308629902	0.714607309532	0.711478278764	0.711478278764	0.928524906622	0.905730284244	0.928524906622	0.928524906622	0.912472394986	0.933460038709	0.933460038709	0.912472394986	0.933460038709	0.905730284244	0.905730284244	0.928524906622	0.905730284244	0.928369033964	0.928524906622	0.928524906622	0.928524906622	0.928524906622	0.928369033964	0.912472394986	0.923715941533	0.931056197216	0.908493065683	0.908493065683	0.915470814774	0.966527413457	0.923715941533	0.923715941533	0.90370066317	0.931056197216	0.90370066317	0.928022691428	0.931056197216	0.928022691428	0.936097586815	0.923715941533	0.915470814774	0.936097586815	0.941312287633	0.90370066317	0.915470814774	0.941312287633	0.936097586815	0.931056197216	0.915470814774	0.966527413457	0.931056197216	0.974200313329	0.915470814774	0.928022691428	0.966527413457	0.923715941533	0.90370066317	0.90370066317	0.912472394986	0.928524906622
0.793837528197	0.840689335825	0.840689335825	0.935942793825	0.827977297397	0.935942793825	0.823574513517	0.793837528197	0.823099692172	0.793837528197	0.840689335825	0.660818976734	0.56764473336	0.0	0.461308629902	0.461308629902	0.461308629902	0.0	0.697693487245	0.694850271849	0.694850271849	0.921223390483	0.898356517552	0.921223390483	0.921223390483	0.90502912204	0.925964458094	0.925964458094	0.90502912204	0.925964458094	0.898356517552	0.898356517552	0.921223390483	0.898356517552	0.921284989488	0.921223390483	0.921223390483	0.921223390483	0.921223390483	0.921284989488	0.90502912204	0.918526049192	0.926917553348	0.90196494989	0.90196494989	0.910969079258	0.9630355106	0.918526049192	0.918526049192	0.899337691014	0.926917553348	0.899337691014	0.92142870638	0.926917553348	0.92142870638	0.931491300046	0.918526049192	0.910969079258	0.931491300046	0.934648420147	0.899337691014	0.910969079258	0.934648420147	0.931491300046	0.926917553348	0.910969079258	0.9630355106	0.926917553348	0.969771983123	0.910969079258	0.92142870638	0.9630355106	0.918526049192	0.899337691014	0.899337691014	0.90502912204	0.921223390483
0.775015838949	0.780752389503	0.780752389503	0.915453892063	0.767861784353	0.915453892063	0.762580653151	0.775015838949	0.765671199676	0.775015838949	0.780752389503	0.693525563563	0.705670599695	0.697693487245	0.714607309532	0.714607309532	0.714607309532	0.697693487245	0.0	0.658743027164	0.658743027164	0.867492900687	0.843581208507	0.867492900687	0.867492900687	0.850330921301	0.872200824523	0.872200824523	0.850330921301	0.872200824523	0.843581208507	0.843581208507	0.867492900687	0.843581208507	0.868336864828	0.867492900687	0.867492900687	0.867492900687	0.867492900687	0.868336864828	0.850330921301	0.871846436654	0.885246144999	0.849805092249	0.849805092249	0.867366139273	0.924726972029	0.871846436654	0.871846436654	0.85621485469	0.885246144999	0.85621485469	0.869379474295	0.885246144999	0.869379474295	0.887618528185	0.871846436654	0.867366139273	0.887618528185	0.882526127639	0.85621485469	0.867366139273	0.882526127639	0.887618528185	0.885246144999	0.867366139273	0.924726972029	0.885246144999	0.926916782727	0.867366139273	0.869379474295	0.924726972029	0.871846436654	0.85621485469	0.85621485469	0.850330921301	0.867492900687
0.713493748442	0.759607347452	0.759607347452	0.871119336453	0.760360568954	0.871119336453	0.754286216302	0.713493748442	0.73093017291	0.713493748442	0.759607347452	0.736512150662	0.66763877922	0.694850271849	0.711478278764	0.711478278764	0.711478278764	0.694850271849	0.658743027164	0.0	0.0	0.85961461355	0.836669035965	0.85961461355	0.85961461355	0.842294327826	0.861659773532	0.861659773532	0.842294327826	0.861659773532	0.836669035965	0.836669035965	0.85961461355	0.836669035965	0.861986963975	0.85961461355	0.85961461355	0.85961461355	0.85961461355	0.861986963975	0.842294327826	0.879307930038	0.896775831441	0.849591892394	0.849591892394	0.878129434153	0.937733536826	0.879307930038	0.879307930038	0.868117390858	0.896775831441	0.868117390858	0.867992335753	0.896775831441	0.867992335753	0.897270759718	0.879307930038	0.878129434153	0.897270759718	0.880311684872	0.868117390858	0.878129434153	0.880311684872	0.897270759718	0.896775831441	0.878129434153	0.937733536826	0.896775831441	0.936722384456	0.878129434153	0.867992335753	0.937733536826	0.879307930038	0.868117390858	0.868117390858	0.842294327826	0.85961461355
0.713493748442	0.759607347452	0.759607347452	0.871119336453	0.760360568954	0.871119336453	0.754286216302	0.713493748442	0.73093017291	0.713493748442	0.759607347452	0.736512150662	0.66763877922	0.694850271849	0.711478278764	0.711478278764	0.711478278764	0.694850271849	0.658743027164	0.0	0.0	0.85961461355	0.836669035965	0.85961461355	0.85961461355	0.842294327826	0.861659773532	0.861659773532	0.842294327826	0.861659773532	0.836669035965	0.836669035965	0.85961461355	0.836669035965	0.861986963975	0.85961461355	0.85961461355	0.85961461355	0.85961461355	0.861986963975	0.842294327826	0.879307930038	0.896775831441	0.849591892394	0.849591892394	0.878129434153	0.937733536826	0.879307930038	0.879307930038	0.868117390858	0.896775831441	0.868117390858	0.867992335753	0.896775831441	0.867992335753	0.897270759718	0.879307930038	0.878129434153	0.897270759718	0.880311684872	0.868117390858	0.878129434153	0.880311684872	0.897270759718	0.896775831441	0.878129434153	0.937733536826	0.896775831441	0.936722384456	0.878129434153	0.867992335753	0.937733536826	0.879307930038	0.868117390858	0.868117390858	0.842294327826	0.85961461355
0.90531799012	0.83274776174	0.83274776174	0.99492711454	0.737776863403	0.99492711454	0.75003291082	0.90531799012	0.860538867402	0.90531799012	0.83274776174	0.915154665954	0.918413235166	0.921223390483	0.928524906622	0.928524906622	0.928524906622	0.921223390483	0.867492900687	0.85961461355	0.85961461355	0.0	0.581504483621	0.0	0.0	0.617720017832	0.680352316792	0.680352316792	0.617720017832	0.680352316792	0.581504483621	0.581504483621	0.0	0.581504483621	0.69600214091	0.0	0.0	0.0	0.0	0.69600214091	0.617720017832	0.843869418763	0.892846941583	0.751159903862	0.751159903862	0.867820017822	0.946933416563	0.843869418763	0.843869418763	0.865956810364	0.892846941583	0.865956810364	0.757617642061	0.892846941583	0.757617642061	0.878667591108	0.843869418763	0.867820017822	0.878667591108	0.762842569006	0.865956810364	0.867820017822	0.762842569006	0.878667591108	0.892846941583	0.867820017822	0.946933416563	0.892846941583	0.91959755377	0.867820017822	0.757617642061	0.946933416563	0.843869418763	0.865956810364	0.865956810364	0.617720017832	0.0
0.884731284832	0.80899357076	0.80899357076	0.977569647558	0.707008739787	0.977569647558	0.720720566601	0.884731284832	0.838127098766	0.884731284832	0.80899357076	0.891771871285	0.895760900516	0.898356517552	0.905730284244	0.905730284244	0.905730284244	0.898356517552	0.843581208507	0.836669035965	0.836669035965	0.581504483621	0.0	0.581504483621	0.581504483621	0.528055068749	0.660048082847	0.660048082847	0.528055068749	0.660048082847	0.0	0.0	0.581504483621	0.0	0.705427352394	0.581504483621	0.581504483621	0.581504483621	0.581504483621	0.705427352394	0.528055068749	0.823084739479	0.871114132493	0.733922786208	0.733922786208	0.845943468904	0.925041621344	0.823084739479	0.823084739479	0.843562677834	0.871114132493	0.843562677834	0.744680303411	0.871114132493	0.744680303411	0.85753769894	0.823084739479	0.845943468904	0.85753769894	0.752450558839	0.843562677834	0.845943468904	0.752450558839	0.85753769894	0.871114132493	0.845943468904	0.925041621344	0.871114132493	0.898800680918	0.845943468904	0.744680303411	0.925041621344	0.823084739479	0.843562677834	0.843562677834	0.528055068749	0.581504483621
0.90531799012	0.83274776174	0.83274776174	0.99492711454	0.737776863403	0.99492711454	0.75003291082	0.90531799012	0.860538867402	0.90531799012	0.83274776174	0.915154665954	0.918413235166	0.921223390483	0.928524906622	0.928524906622	0.928524906622	0.921223390483	0.867492900687	0.85961461355	0.85961461355	0.0	0.581504483621	0.0	0.0	0.617720017832	0.680352316792	0.680352316792	0.617720017832	0.680352316792	0.581504483621	0.581504483621	0.0	0.581504483621	0.69600214091	0.0	0.0	0.0	0.0	0.69600214091	0.617720017832	0.843869418763	0.892846941583	0.751159903862	0.751159903862	0.867820017822	0.946933416563	0.843869418763	0.843869418763	0.865956810364	0.892846941583	0.865956810364	0.757617642061	0.892846941583	0.757617642061	0.878667591108	0.843869418763	0.867820017822	0.878667591108	0.762842569006	0.865956810364	0.867820017822	0.762842569006	0.878667591108	0.892846941583	0.867820017822	0.946933416563	0.892846941583	0.91959755377	0.867820017822	0.757617642061	0.946933416563	0.843869418763	0.865956810364	0.865956810364	0.617720017832	0.0
0.90531799012	0.83274776174	0.83274776174	0.99492711454	0.737776863403	0.99492711454	0.75003291082	0.90531799012	0.860538867402	0.90531799012	0.83274776174	0.915154665954	0.918413235166	0.921223390483	0.928524906622	0.928524906622	0.928524906622	0.921223390483	0.867492900687	0.85961461355	0.85961461355	0.0	0.581504483621	0.0	0.0	0.617720017832	0.680352316792	0.680352316792	0.617720017832	0.680352316792	0.581504483621	0.581504483621	0.0	0.581504483621	0.69600214091	0.0	0.0	0.0	0.0	0.69600214091	0.617720017832	0.843869418763	0.892846941583	0.751159903862	0.751159903862	0.867820017822	0.946933416563	0.843869418763	0.843869418763	0.865956810364	0.892846941583	0.865956810364	0.757617642061	0.892846941583	0.757617642061	0.878667591108	0.843869418763	0.867820017822	0.878667591108	0.762842569006	0.865956810364	0.867820017822	0.762842569006	0.878667591108	0.892846941583	0.867820017822	0.946933416563	0.892846941583	0.91959755377	0.867820017822	0.757617642061	0.946933416563	0.843869418763	0.865956810364	0.865956810364	0.617720017832	0.0
0.888985906324	0.811705354565	0.811705354565	0.980192017459	0.708441735458	0.980192017459	0.723365558671	0.888985906324	0.841797890734	0.888985906324	0.811705354565	0.899462759325	0.901999148262	0.90502912204	0.912472394986	0.912472394986	0.912472394986	0.90502912204	0.850330921301	0.842294327826	0.842294327826	0.617720017832	0.528055068749	0.617720017832	0.617720017832	0.0	0.605342178853	0.605342178853	0.0	0.605342178853	0.528055068749	0.528055068749	0.617720017832	0.528055068749	0.727330138946	0.617720017832	0.617720017832	0.617720017832	0.617720017832	0.727330138946	0.0	0.84044226318	0.886615682135	0.755992791714	0.755992791714	0.861743613442	0.93986994929	0.84044226318	0.84044226318	0.858826699754	0.886615682135	0.858826699754	0.767025737564	0.886615682135	0.767025737564	0.87390141174	0.84044226318	0.861743613442	0.87390141174	0.77476125944	0.858826699754	0.861743613442	0.77476125944	0.87390141174	0.886615682135	0.861743613442	0.93986994929	0.886615682135	0.915128986017	0.861743613442	0.767025737564	0.93986994929	0.84044226318	0.858826699754	0.858826699754	0.0	0.617720017832
0.904395835888	0.826747090739	0.826747090739	0.990635609519	0.728656829087	0.990635609519	0.743465404119	0.904395835888	0.857501383522	0.904395835888	0.826747090739	0.922375747445	0.922093543656	0.925964458094	0.933460038709	0.933460038709	0.933460038709	0.925964458094	0.872200824523	0.861659773532	0.861659773532	0.680352316792	0.660048082847	0.680352316792	0.680352316792	0.605342178853	0.0	0.0	0.605342178853	0.0	0.660048082847	0.660048082847	0.680352316792	0.660048082847	0.763640761268	0.680352316792	0.680352316792	0.680352316792	0.680352316792	0.763640761268	0.605342178853	0.876680667526	0.920633096742	0.796927783345	0.796927783345	0.896258346271	0.972967801132	0.876680667526	0.876680667526	0.892810369868	0.920633096742	0.892810369868	0.807212995004	0.920633096742	0.807212995004	0.908897306286	0.876680667526	0.896258346271	0.908897306286	0.814301901665	0.892810369868	0.896258346271	0.814301901665	0.908897306286	0.920633096742	0.896258346271	0.972967801132	0.920633096742	0.949937672535	0.896258346271	0.807212995004	0.972967801132	0.876680667526	0.892810369868	0.892810369868	0.605342178853	0.680352316792
0.904395835888	0.826747090739	0.826747090739	0.990635609519	0.728656829087	0.990635609519	0.743465404119	0.904395835888	0.857501383522	0.904395835888	0.826747090739	0.922375747445	0.922093543656	0.925964458094	0.933460038709	0.933460038709	0.933460038709	0.925964458094	0.872200824523	0.861659773532	0.861659773532	0.680352316792	0.660048082847	0.680352316792	0.680352316792	0.605342178853	0.0	0.0	0.605342178853	0.0	0.660048082847	0.660048082847	0.680352316792	0.660048082847	0.763640761268	0.680352316792	0.680352316792	0.680352316792	0.680352316792	0.763640761268	0.605342178853	0.876680667526	0.920633096742	0.796927783345	0.796927783345	0.896258346271	0.972967801132	0.876680667526	0.876680667526	0.892810369868	0.920633096742	0.892810369868	0.807212995004	0.920633096742	0.807212995004	0.908897306286	0.876680667526	0.896258346271	0.908897306286	0.814301901665	0.892810369868	0.896258346271	0.814301901665	0.908897306286	0.920633096742	0.896258346271	0.972967801132	0.920633096742	0.949937672535	0.896258346271	0.807212995004	0.972967801132	0.876680667526	0.892810369868	0.892810369868	0.605342178853	0.680352316792
0.888985906324	0.811705354565	0.811705354565	0.980192017459	0.708441735458	0.980192017459	0.723365558671	0.888985906324	0.841797890734	0.888985906324	0.811705354565	0.899462759325	0.901999148262	0.90502912204	0.912472394986	0.912472394986	0.912472394986	0.90502912204	0.850330921301	0.842294327826	0.842294327826	0.617720017832	0.528055068749	0.617720017832	0.617720017832	0.0	0.605342178853	0.605342178853	0.0	0.605342178853	0.528055068749	0.528055068749	0.617720017832	0.528055068749	0.727330138946	0.617720017832	0.617720017832	0.617720017832	0.617720017832	0.727330138946	0.0	0.84044226318	0.886615682135	0.755992791714	0.755992791714	0.861743613442	0.93986994929	0.84044226318	0.84044226318	0.858826699754	0.886615682135	0.858826699754	0.767025737564	0.886615682135	0.767025737564	0.87390141174	0.84044226318	0.861743613442	0.87390141174	0.77476125944	0.858826699754	0.861743613442	0.77476125944	0.87390141174	0.886615682135	0.861743613442	0.93986994929	0.886615682135	0.915128986017	0.861743613442	0.767025737564	0.93986994929	0.84044226318	0.858826699754	0.858826699754	0.0	0.617720017832
0.904395835888	0.826747090739	0.826747090739	0.990635609519	0.728656829087	0.990635609519	0.743465404119	0.904395835888	0.857501383522	0.904395835888	0.826747090739	0.922375747445	0.922093543656	0.925964458094	0.933460038709	0.933460038709	0.933460038709	0.925964458094	0.872200824523	0.861659773532	0.861659773532	0.680352316792	0.660048082847	0.680352316792	0.680352316792	0.605342178853	0.0	0.0	0.605342178853	0.0	0.660048082847	0.660048082847	0.680352316792	0.660048082847	0.763640761268	0.680352316792	0.680352316792	0.680352316792	0.680352316792	0.763640761268	0.605342178853	0.876680667526	0.920633096742	0.796927783345	0.796927783345	0.896258346271	0.972967801132	0.876680667526	0.876680667526	0.892810369868	0.920633096742	0.892810369868	0.807212995004	0.920633096742	0.807212995004	0.908897306286	0.876680667526	0.896258346271	0.908897306286	0.814301901665	0.892810369868	0.896258346271	0.814301901665	0.908897306286	0.920633096742	0.896258346271	0.972967801132	0.920633096742	0.949937672535	0.896258346271	0.807212995004	0.972967801132	0.876680667526	0.892810369868	0.892810369868	0.605342178853	0.680352316792
0.884731284832	0.80899357076	0.80899357076	0.977569647558	0.707008739787	0.977569647558	0.720720566601	0.884731284832	0.838127098766	0.884731284832	0.80899357076	0.891771871285	0.895760900516	0.898356517552	0.905730284244	0.905730284244	0.905730284244	0.898356517552	0.843581208507	0.836669035965	0.836669035965	0.581504483621	0.0	0.581504483621	0.581504483621	0.528055068749	0.660048082847	0.660048082847	0.528055068749	0.660048082847	0.0	0.0	0.581504483621	0.0	0.705427352394	0.581504483621	0.581504483621	0.581504483621	0.581504483621	0.705427352394	0.528055068749	0.823084739479	0.871114132493	0.733922786208	0.733922786208	0.845943468904	0.925041621344	0.823084739479	0.823084739479	0.843562677834	0.871114132493	0.843562677834	0.744680303411	0.871114132493	0.744680303411	0.85753769894	0.823084739479	0.845943468904	0.85753769894	0.752450558839	0.843562677834	0.845943468904	0.752450558839	0.85753769894	0.871114132493	0.845943468904	0.925041621344	0.871114132493	0.898800680918	0.845943468904	0.744680303411	0.925041621344	0.823084739479	0.843562677834	0.843562677834	0.528055068749	0.581504483621
0.884731284832	0.80899357076	0.80899357076	0.977569647558	0.707008739787	0.977569647558	0.720720566601	0.884731284832	0.838127098766	0.884731284832	0.80899357076	0.891771871285	0.895760900516	0.898356517552	0.905730284244	0.905730284244	0.905730284244	0.898356517552	0.843581208507	0.836669035965	0.836669035965	0.581504483621	0.0	0.581504483621	0.581504483621	0.528055068749	0.660048082847	0.660048082847	0.528055068749	0.660048082847	0.0	0.0	0.581504483621	0.0	0.705427352394	0.581504483621	0.581504483621	0.581504483621	0.581504483621	0.705427352394	0.528055068749	0.823084739479	0.871114132493	0.733922786208	0.733922786208	0.845943468904	0.925041621344	0.823084739479	0.823084739479	0.843562677834	0.871114132493	0.843562677834	0.744680303411	0.871114132493	0.744680303411	0.85753769894	0.823084739479	0.845943468904	0.85753769894	0.752450558839	0.843562677834	0.845943468904	0.752450558839	0.85753769894	0.871114132493	0.845943468904	0.925041621344	0.871114132493	0.898800680918	0.845943468904	0.744680303411	0.925041621344	0.823084739479	0.843562677834	0.843562677834	0.528055068749	0.581504483621
0.90531799012	0.83274776174	0.83274776174	0.99492711454	0.737776863403	0.99492711454	0.75003291082	0.90531799012	0.860538867402	0.90531799012	0.83274776174	0.915154665954	0.918413235166	0.921223390483	0.928524906622	0.928524906622	0.928524906622	0.921223390483	0.867492900687	0.85961461355	0.85961461355	0.0	0.581504483621	0.0	0.0	0.617720017832	0.680352316792	0.680352316792	0.617720017832	0.680352316792	0.581504483621	0.581504483621	0.0	0.581504483621	0.69600214091	0.0	0.0	0.0	0.0	0.69600214091	0.617720017832	0.843869418763	0.892846941583	0.751159903862	0.751159903862	0.867820017822	0.946933416563	0.843869418763	0.843869418763	0.865956810364	0.892846941583	0.865956810364	0.757617642061	0.892846941583	0.757617642061	0.878667591108	0.843869418763	0.867820017822	0.878667591108	0.762842569006	0.865956810364	0.867820017822	0.762842569006	0.878667591108	0.892846941583	0.867820017822	0.946933416563	0.892846941583	0.91959755377	0.867820017822	0.757617642061	0.946933416563	0.843869418763	0.865956810364	0.865956810364	0.617720017832	0.0
0.884731284832	0.80899357076	0.80899357076	0.977569647558	0.707008739787	0.977569647558	0.720720566601	0.884731284832	0.838127098766	0.884731284832	0.80899357076	0.891771871285	0.895760900516	0.898356517552	0.905730284244	0.905730284244	0.905730284244	0.898356517552	0.843581208507	0.836669035965	0.836669035965	0.581504483621	0.0	0.581504483621	0.581504483621	0.528055068749	0.660048082847	0.660048082847	0.528055068749	0.660048082847	0.0	0.0	0.581504483621	0.0	0.705427352394	0.581504483621	0.581504483621	0.581504483621	0.581504483621	0.705427352394	0.528055068749	0.823084739479	0.871114132493	0.733922786208	0.733922786208	0.845943468904	0.925041621344	0.823084739479	0.823084739479	0.843562677834	0.871114132493	0.843562677834	0.744680303411	0.871114132493	0.744680303411	0.85753769894	0.823084739479	0.845943468904	0.85753769894	0.752450558839	0.843562677834	0.845943468904	0.752450558839	0.85753769894	0.871114132493	0.845943468904	0.925041621344	0.871114132493	0.898800680918	0.845943468904	0.744680303411	0.925041621344	0.823084739479	0.843562677834	0.843562677834	0.528055068749	0.581504483621
0.908714360255	0.840432638682	0.840432638682	0.999376682935	0.750243189743	0.999376682935	0.760561339993	0.908714360255	0.866055029775	0.908714360255	0.840432638682	0.913459410805	0.919231595293	0.921284989488	0.928369033964	0.928369033964	0.928369033964	0.921284989488	0.868336864828	0.861986963975	0.861986963975	0.69600214091	0.705427352394	0.69600214091	0.69600214091	0.727330138946	0.763640761268	0.763640761268	0.727330138946	0.763640761268	0.705427352394	0.705427352394	0.69600214091	0.705427352394	0.0	0.69600214091	0.69600214091	0.69600214091	0.69600214091	0.0	0.727330138946	0.815450562457	0.870101211452	0.708858547967	0.708858547967	0.844891406356	0.925916998125	0.815450562457	0.815450562457	0.845298405716	0.870101211452	0.845298405716	0.699528338052	0.870101211452	0.699528338052	0.852766591792	0.815450562457	0.844891406356	0.852766591792	0.694157247268	0.845298405716	0.844891406356	0.694157247268	0.852766591792	0.870101211452	0.844891406356	0.925916998125	0.870101211452	0.892830361271	0.844891406356	0.699528338052	0.925916998125	0.815450562457	0.845298405716	0.845298405716	0.727330138946	0.69600214091
0.90531799012	0.83274776174	0.83274776174	0.99492711454	0.737776863403	0.99492711454	0.75003291082	0.90531799012	0.860538867402	0.90531799012	0.83274776174	0.915154665954	0.918413235166	0.921223390483	0.928524906622	0.928524906622	0.928524906622	0.921223390483	0.867492900687	0.85961461355	0.85961461355	0.0	0.581504483621	0.0	0.0	0.617720017832	0.680352316792	0.680352316792	0.617720017832	0.680352316792	0.581504483621	0.581504483621	0.0	0.581504483621	0.69600214091	0.0	0.0	0.0	0.0	0.69600214091	0.617720017832	0.843869418763	0.892846941583	0.751159903862	0.751159903862	0.867820017822	0.946933416563	0.843869418763	0.843869418763	0.865956810364	0.892846941583	0.865956810364	0.757617642061	0.892846941583	0.757617642061	0.878667591108	0.843869418763	0.867820017822	0.878667591108	0.762842569006	0.865956810364	0.867820017822	0.762842569006	0.878667591108	0.892846941583	0.867820017822	0.946933416563	0.892846941583	0.91959755377	0.867820017822	0.757617642061	0.946933416563	0.843869418763	0.865956810364	0.865956810364	0.617720017832	0.0
