0.0	7.00173785359	7.00173785359	5.86678180782	4.15709507003	5.86678180782	4.04988000839	0.0	6.87386825107	0.0	7.00173785359	7.18700220443	6.94970630016	4.71044063714	4.55923397652	4.55923397652	4.55923397652	4.71044063714	7.17815323435	6.49275206727	6.49275206727	8.44051970756	7.98166924727	8.44051970756	8.44051970756	7.93940358327	8.09824595638	8.09824595638	7.93940358327	8.09824595638	7.98166924727	7.98166924727	8.44051970756	7.98166924727	8.77892202709	8.44051970756	8.44051970756	8.44051970756	8.44051970756	8.77892202709	7.93940358327	4.60487590238	4.62832307392	4.9262745991	4.9262745991	4.59772069556	4.69491733338	4.60487590238	4.60487590238	4.58649181364	4.62832307392	4.58649181364	4.88912315776	4.62832307392	4.88912315776	4.6272541441	4.60487590238	4.59772069556	4.6272541441	4.96644011164	4.58649181364	4.59772069556	4.96644011164	4.6272541441	4.62832307392	4.59772069556	4.69491733338	4.62832307392	4.68911580695	4.59772069556	4.88912315776	4.69491733338	4.60487590238	4.58649181364	4.58649181364	7.93940358327	8.44051970756
7.00173785359	0.0	0.0	6.7839336833	4.0361502248	6.7839336833	3.9222812097	7.00173785359	6.76062035578	7.00173785359	0.0	7.65512336136	7.5000661649	5.25824689294	5.10992901774	5.10992901774	5.10992901774	5.25824689294	7.48464297586	6.91722093535	6.91722093535	8.43302638368	7.97017875363	8.43302638368	8.43302638368	7.91425504726	8.05093514332	8.05093514332	7.91425504726	8.05093514332	7.97017875363	7.97017875363	8.43302638368	7.97017875363	8.80196358499	8.43302638368	8.43302638368	8.43302638368	8.43302638368	8.80196358499	7.91425504726	4.65633274535	4.69225178304	4.96779798332	4.96779798332	4.65641152654	4.7684566521	4.65633274535	4.65633274535	4.6459443915	4.69225178304	4.6459443915	4.93101812458	4.69225178304	4.93101812458	4.6857771714	4.65633274535	4.65641152654	4.6857771714	5.00782622536	4.6459443915	4.65641152654	5.00782622536	4.6857771714	4.69225178304	4.65641152654	4.7684566521	4.69225178304	4.75055827071	4.65641152654	4.93101812458	4.7684566521	4.65633274535	4.6459443915	4.6459443915	7.91425504726	8.43302638368
7.00173785359	0.0	0.0	6.7839336833	4.0361502248	6.7839336833	3.9222812097	7.00173785359	6.76062035578	7.00173785359	0.0	7.65512336136	7.5000661649	5.25824689294	5.10992901774	5.10992901774	5.10992901774	5.25824689294	7.48464297586	6.91722093535	6.91722093535	8.43302638368	7.97017875363	8.43302638368	8.43302638368	7.91425504726	8.05093514332	8.05093514332	7.91425504726	8.05093514332	7.97017875363	7.97017875363	8.43302638368	7.97017875363	8.80196358499	8.43302638368	8.43302638368	8.43302638368	8.43302638368	8.80196358499	7.91425504726	4.65633274535	4.69225178304	4.96779798332	4.96779798332	4.65641152654	4.7684566521	4.65633274535	4.65633274535	4.6459443915	4.69225178304	4.6459443915	4.93101812458	4.69225178304	4.93101812458	4.6857771714	4.65633274535	4.65641152654	4.6857771714	5.00782622536	4.6459443915	4.65641152654	5.00782622536	4.6857771714	4.69225178304	4.65641152654	4.7684566521	4.69225178304	4.75055827071	4.65641152654	4.93101812458	4.7684566521	4.65633274535	4.6459443915	4.6459443915	7.91425504726	8.43302638368
5.86678180782	6.7839336833	6.7839336833	0.0	3.94826512455	0.0	3.84751424955	5.86678180782	6.6805229916	5.86678180782	6.7839336833	6.87246824225	6.65249295507	4.37576950453	4.22102775231	4.22102775231	4.22102775231	4.37576950453	6.97007754794	6.34142432269	6.34142432269	8.20322790332	7.7489055517	8.20322790332	8.20322790332	7.70345532998	7.84793404729	7.84793404729	7.70345532998	7.84793404729	7.7489055517	7.7489055517	8.20322790332	7.7489055517	8.54640716519	8.20322790332	8.20322790332	8.20322790332	8.20322790332	8.54640716519	7.70345532998	4.37580853477	4.39667720202	4.69836824175	4.69836824175	4.36732853564	4.46103661704	4.37580853477	4.37580853477	4.35608881003	4.39667720202	4.35608881003	4.66045061948	4.39667720202	4.66045061948	4.39670769703	4.37580853477	4.36732853564	4.39670769703	4.73752843699	4.35608881003	4.36732853564	4.73752843699	4.39670769703	4.39667720202	4.36732853564	4.46103661704	4.39667720202	4.45783794883	4.36732853564	4.66045061948	4.46103661704	4.37580853477	4.35608881003	4.35608881003	7.70345532998	8.20322790332
4.15709507003	4.0361502248	4.0361502248	3.94826512455	0.0	3.94826512455	0.555450912816	4.15709507003	4.22001821798	4.15709507003	4.0361502248	4.70725078751	4.58066632016	2.32719051162	2.17826289375	2.17826289375	2.17826289375	2.32719051162	4.56908632017	4.04668817888	4.04668817888	5.22412443141	4.75245001479	5.22412443141	5.22412443141	4.67664973321	4.79423734474	4.79423734474	4.67664973321	4.79423734474	4.75245001479	4.75245001479	5.22412443141	4.75245001479	5.62679609986	5.22412443141	5.22412443141	5.22412443141	5.22412443141	5.62679609986	4.67664973321	1.50855174928	1.5519485202	1.81220028247	1.81220028247	1.51344274019	1.63313780055	1.50855174928	1.50855174928	1.50385903372	1.5519485202	1.50385903372	1.77503341828	1.5519485202	1.77503341828	1.54222317174	1.50855174928	1.51344274019	1.54222317174	1.85119979252	1.50385903372	1.51344274019	1.85119979252	1.54222317174	1.5519485202	1.51344274019	1.63313780055	1.5519485202	1.60842473314	1.51344274019	1.77503341828	1.63313780055	1.50855174928	1.50385903372	1.50385903372	4.67664973321	5.22412443141
5.86678180782	6.7839336833	6.7839336833	0.0	3.94826512455	0.0	3.84751424955	5.86678180782	6.6805229916	5.86678180782	6.7839336833	6.87246824225	6.65249295507	4.37576950453	4.22102775231	4.22102775231	4.22102775231	4.37576950453	6.97007754794	6.34142432269	6.34142432269	8.20322790332	7.7489055517	8.20322790332	8.20322790332	7.70345532998	7.84793404729	7.84793404729	7.70345532998	7.84793404729	7.7489055517	7.7489055517	8.20322790332	7.7489055517	8.54640716519	8.20322790332	8.20322790332	8.20322790332	8.20322790332	8.54640716519	7.70345532998	4.37580853477	4.39667720202	4.69836824175	4.69836824175	4.36732853564	4.46103661704	4.37580853477	4.37580853477	4.35608881003	4.39667720202	4.35608881003	4.66045061948	4.39667720202	4.66045061948	4.39670769703	4.37580853477	4.36732853564	4.39670769703	4.73752843699	4.35608881003	4.36732853564	4.73752843699	4.39670769703	4.39667720202	4.36732853564	4.46103661704	4.39667720202	4.45783794883	4.36732853564	4.66045061948	4.46103661704	4.37580853477	4.35608881003	4.35608881003	7.70345532998	8.20322790332
4.04988000839	3.9222812097	3.9222812097	3.84751424955	0.555450912816	3.84751424955	0.0	4.04988000839	4.10868427473	4.04988000839	3.9222812097	4.61538048202	4.4837526077	2.23316245303	2.08446146466	2.08446146466	2.08446146466	2.23316245303	4.46442991381	3.93640203313	3.93640203313	5.20667189229	4.73681361174	5.20667189229	5.20667189229	4.66942688916	4.79896452273	4.79896452273	4.66942688916	4.79896452273	4.73681361174	4.73681361174	5.20667189229	4.73681361174	5.59478547637	5.20667189229	5.20667189229	5.20667189229	5.20667189229	5.59478547637	4.66942688916	1.46474853255	1.50601686359	1.77108105762	1.77108105762	1.46817702841	1.58592273614	1.46474853255	1.46474853255	1.45826275729	1.50601686359	1.45826275729	1.73430630398	1.50601686359	1.73430630398	1.49722386755	1.46474853255	1.46817702841	1.49722386755	1.81079895948	1.45826275729	1.46817702841	1.81079895948	1.49722386755	1.50601686359	1.46817702841	1.58592273614	1.50601686359	1.56308835841	1.46817702841	1.73430630398	1.58592273614	1.46474853255	1.45826275729	1.45826275729	4.66942688916	5.20667189229
0.0	7.00173785359	7.00173785359	5.86678180782	4.15709507003	5.86678180782	4.04988000839	0.0	6.87386825107	0.0	7.00173785359	7.18700220443	6.94970630016	4.71044063714	4.55923397652	4.55923397652	4.55923397652	4.71044063714	7.17815323435	6.49275206727	6.49275206727	8.44051970756	7.98166924727	8.44051970756	8.44051970756	7.93940358327	8.09824595638	8.09824595638	7.93940358327	8.09824595638	7.98166924727	7.98166924727	8.44051970756	7.98166924727	8.77892202709	8.44051970756	8.44051970756	8.44051970756	8.44051970756	8.77892202709	7.93940358327	4.60487590238	4.62832307392	4.9262745991	4.9262745991	4.59772069556	4.69491733338	4.60487590238	4.60487590238	4.58649181364	4.62832307392	4.58649181364	4.88912315776	4.62832307392	4.88912315776	4.6272541441	4.60487590238	4.59772069556	4.6272541441	4.96644011164	4.58649181364	4.59772069556	4.96644011164	4.6272541441	4.62832307392	4.59772069556	4.69491733338	4.62832307392	4.68911580695	4.59772069556	4.88912315776	4.69491733338	4.60487590238	4.58649181364	4.58649181364	7.93940358327	8.44051970756
6.87386825107	6.76062035578	6.76062035578	6.6805229916	4.22001821798	6.6805229916	4.10868427473	6.87386825107	0.0	6.87386825107	6.76062035578	7.62513204654	7.4430939059	5.21199408146	5.06412778293	5.06412778293	5.06412778293	5.21199408146	7.44148922768	6.81254825024	6.81254825024	8.55876162274	8.09717053799	8.55876162274	8.55876162274	8.04833105368	8.19699346895	8.19699346895	8.04833105368	8.19699346895	8.09717053799	8.09717053799	8.55876162274	8.09717053799	8.91377226738	8.55876162274	8.55876162274	8.55876162274	8.55876162274	8.91377226738	8.04833105368	4.75586389932	4.78773717973	5.07094223356	5.07094223356	4.75350380204	4.86097209584	4.75586389932	4.75586389932	4.74270670508	4.78773717973	4.74270670508	5.03425040759	4.78773717973	5.03425040759	4.7830207677	4.75586389932	4.75350380204	4.7830207677	5.1113314558	4.74270670508	4.75350380204	5.1113314558	4.7830207677	4.78773717973	4.75350380204	4.86097209584	4.78773717973	4.84692090648	4.75350380204	5.03425040759	4.86097209584	4.75586389932	4.74270670508	4.74270670508	8.04833105368	8.55876162274
0.0	7.00173785359	7.00173785359	5.86678180782	4.15709507003	5.86678180782	4.04988000839	0.0	6.87386825107	0.0	7.00173785359	7.18700220443	6.94970630016	4.71044063714	4.55923397652	4.55923397652	4.55923397652	4.71044063714	7.17815323435	6.49275206727	6.49275206727	8.44051970756	7.98166924727	8.44051970756	8.44051970756	7.93940358327	8.09824595638	8.09824595638	7.93940358327	8.09824595638	7.98166924727	7.98166924727	8.44051970756	7.98166924727	8.77892202709	8.44051970756	8.44051970756	8.44051970756	8.44051970756	8.77892202709	7.93940358327	4.60487590238	4.62832307392	4.9262745991	4.9262745991	4.59772069556	4.69491733338	4.60487590238	4.60487590238	4.58649181364	4.62832307392	4.58649181364	4.88912315776	4.62832307392	4.88912315776	4.6272541441	4.60487590238	4.59772069556	4.6272541441	4.96644011164	4.58649181364	4.59772069556	4.96644011164	4.6272541441	4.62832307392	4.59772069556	4.69491733338	4.62832307392	4.68911580695	4.59772069556	4.88912315776	4.69491733338	4.60487590238	4.58649181364	4.58649181364	7.93940358327	8.44051970756
7.00173785359	0.0	0.0	6.7839336833	4.0361502248	6.7839336833	3.9222812097	7.00173785359	6.76062035578	7.00173785359	0.0	7.65512336136	7.5000661649	5.25824689294	5.10992901774	5.10992901774	5.10992901774	5.25824689294	7.48464297586	6.91722093535	6.91722093535	8.43302638368	7.97017875363	8.43302638368	8.43302638368	7.91425504726	8.05093514332	8.05093514332	7.91425504726	8.05093514332	7.97017875363	7.97017875363	8.43302638368	7.97017875363	8.80196358499	8.43302638368	8.43302638368	8.43302638368	8.43302638368	8.80196358499	7.91425504726	4.65633274535	4.69225178304	4.96779798332	4.96779798332	4.65641152654	4.7684566521	4.65633274535	4.65633274535	4.6459443915	4.69225178304	4.6459443915	4.93101812458	4.69225178304	4.93101812458	4.6857771714	4.65633274535	4.65641152654	4.6857771714	5.00782622536	4.6459443915	4.65641152654	5.00782622536	4.6857771714	4.69225178304	4.65641152654	4.7684566521	4.69225178304	4.75055827071	4.65641152654	4.93101812458	4.7684566521	4.65633274535	4.6459443915	4.6459443915	7.91425504726	8.43302638368
7.18700220443	7.65512336136	7.65512336136	6.87246824225	4.70725078751	6.87246824225	4.61538048202	7.18700220443	7.62513204654	7.18700220443	7.65512336136	0.0	6.33543840083	3.77105508439	3.6116383853	3.6116383853	3.6116383853	3.77105508439	7.08734952818	7.01207972535	7.01207972535	8.80661903613	8.35481421444	8.80661903613	8.80661903613	8.34146924286	8.55541992702	8.55541992702	8.34146924286	8.55541992702	8.35481421444	8.35481421444	8.80661903613	8.35481421444	9.07028164135	8.80661903613	8.80661903613	8.80661903613	8.80661903613	9.07028164135	8.34146924286	4.82342823246	4.81201756489	5.17166136298	5.17166136298	4.79617005223	4.85170216427	4.82342823246	4.82342823246	4.78287691139	4.81201756489	4.78287691139	5.13301462348	4.81201756489	5.13301462348	4.82604619817	4.82342823246	4.79617005223	4.82604619817	5.21152310325	4.78287691139	4.79617005223	5.21152310325	4.82604619817	4.81201756489	4.79617005223	4.85170216427	4.81201756489	4.87967316779	4.79617005223	5.13301462348	4.85170216427	4.82342823246	4.78287691139	4.78287691139	8.34146924286	8.80661903613
6.94970630016	7.5000661649	7.5000661649	6.65249295507	4.58066632016	6.65249295507	4.4837526077	6.94970630016	7.4430939059	6.94970630016	7.5000661649	6.33543840083	0.0	3.42739718369	3.31764072397	3.31764072397	3.31764072397	3.42739718369	7.06778577448	6.64004572614	6.64004572614	8.73556467345	8.28167485187	8.73556467345	8.73556467345	8.26016828521	8.45895123484	8.45895123484	8.26016828521	8.45895123484	8.28167485187	8.28167485187	8.73556467345	8.28167485187	9.01997474033	8.73556467345	8.73556467345	8.73556467345	8.73556467345	9.01997474033	8.26016828521	4.79317180675	4.79074239045	5.1341453877	5.1341453877	4.77126837774	4.83697776141	4.79317180675	4.79317180675	4.75869320946	4.79074239045	4.75869320946	5.09584096005	4.79074239045	5.09584096005	4.80088282332	4.79317180675	4.77126837774	4.80088282332	5.17400759022	4.75869320946	4.77126837774	5.17400759022	4.80088282332	4.79074239045	4.77126837774	4.83697776141	4.79074239045	4.85650576798	4.77126837774	5.09584096005	4.83697776141	4.79317180675	4.75869320946	4.75869320946	8.26016828521	8.73556467345
4.71044063714	5.25824689294	5.25824689294	4.37576950453	2.32719051162	4.37576950453	2.23316245303	4.71044063714	5.21199408146	4.71044063714	5.25824689294	3.77105508439	3.42739718369	0.0	0.568379755213	0.568379755213	0.568379755213	0.0	4.81422750957	4.53585000036	4.53585000036	6.45229148343	5.99999310799	6.45229148343	6.45229148343	5.98240746255	6.18775858356	6.18775858356	5.98240746255	6.18775858356	5.99999310799	5.99999310799	6.45229148343	5.99999310799	6.72599038773	6.45229148343	6.45229148343	6.45229148343	6.45229148343	6.72599038773	5.98240746255	2.488541736	2.48029398273	2.83378934299	2.83378934299	2.46335221056	2.52190231389	2.488541736	2.488541736	2.45050189214	2.48029398273	2.45050189214	2.79513853868	2.48029398273	2.79513853868	2.49295277232	2.488541736	2.46335221056	2.49295277232	2.87345194659	2.45050189214	2.46335221056	2.87345194659	2.49295277232	2.48029398273	2.46335221056	2.52190231389	2.48029398273	2.54715091778	2.46335221056	2.79513853868	2.52190231389	2.488541736	2.45050189214	2.45050189214	5.98240746255	6.45229148343
4.55923397652	5.10992901774	5.10992901774	4.22102775231	2.17826289375	4.22102775231	2.08446146466	4.55923397652	5.06412778293	4.55923397652	5.10992901774	3.6116383853	3.31764072397	0.568379755213	0.0	0.0	0.0	0.568379755213	4.67889607955	4.39705463315	4.39705463315	6.30115144936	5.8489979002	6.30115144936	6.30115144936	5.83167470333	6.03741743637	6.03741743637	5.83167470333	6.03741743637	5.8489979002	5.8489979002	6.30115144936	5.8489979002	6.57408751397	6.30115144936	6.30115144936	6.30115144936	6.30115144936	6.57408751397	5.83167470333	2.33586428645	2.32713938307	2.68144595245	2.68144595245	2.31041174671	2.36835510881	2.33586428645	2.33586428645	2.29754548521	2.32713938307	2.29754548521	2.64276113061	2.32713938307	2.64276113061	2.34000465169	2.33586428645	2.31041174671	2.34000465169	2.72108334567	2.29754548521	2.31041174671	2.72108334567	2.34000465169	2.32713938307	2.31041174671	2.36835510881	2.32713938307	2.39408130654	2.31041174671	2.64276113061	2.36835510881	2.33586428645	2.29754548521	2.29754548521	5.83167470333	6.30115144936
4.55923397652	5.10992901774	5.10992901774	4.22102775231	2.17826289375	4.22102775231	2.08446146466	4.55923397652	5.06412778293	4.55923397652	5.10992901774	3.6116383853	3.31764072397	0.568379755213	0.0	0.0	0.0	0.568379755213	4.67889607955	4.39705463315	4.39705463315	6.30115144936	5.8489979002	6.30115144936	6.30115144936	5.83167470333	6.03741743637	6.03741743637	5.83167470333	6.03741743637	5.8489979002	5.8489979002	6.30115144936	5.8489979002	6.57408751397	6.30115144936	6.30115144936	6.30115144936	6.30115144936	6.57408751397	5.83167470333	2.33586428645	2.32713938307	2.68144595245	2.68144595245	2.31041174671	2.36835510881	2.33586428645	2.33586428645	2.29754548521	2.32713938307	2.29754548521	2.64276113061	2.32713938307	2.64276113061	2.34000465169	2.33586428645	2.31041174671	2.34000465169	2.72108334567	2.29754548521	2.31041174671	2.72108334567	2.34000465169	2.32713938307	2.31041174671	2.36835510881	2.32713938307	2.39408130654	2.31041174671	2.64276113061	2.36835510881	2.33586428645	2.29754548521	2.29754548521	5.83167470333	6.30115144936
4.55923397652	5.10992901774	5.10992901774	4.22102775231	2.17826289375	4.22102775231	2.08446146466	4.55923397652	5.06412778293	4.55923397652	5.10992901774	3.6116383853	3.31764072397	0.568379755213	0.0	0.0	0.0	0.568379755213	4.67889607955	4.39705463315	4.39705463315	6.30115144936	5.8489979002	6.30115144936	6.30115144936	5.83167470333	6.03741743637	6.03741743637	5.83167470333	6.03741743637	5.8489979002	5.8489979002	6.30115144936	5.8489979002	6.57408751397	6.30115144936	6.30115144936	6.30115144936	6.30115144936	6.57408751397	5.83167470333	2.33586428645	2.32713938307	2.68144595245	2.68144595245	2.31041174671	2.36835510881	2.33586428645	2.33586428645	2.29754548521	2.32713938307	2.29754548521	2.64276113061	2.32713938307	2.64276113061	2.34000465169	2.33586428645	2.31041174671	2.34000465169	2.72108334567	2.29754548521	2.31041174671	2.72108334567	2.34000465169	2.32713938307	2.31041174671	2.36835510881	2.32713938307	2.39408130654	2.31041174671	2.64276113061	2.36835510881	2.33586428645	2.29754548521	2.29754548521	5.83167470333	6.30115144936
4.71044063714	5.25824689294	5.25824689294	4.37576950453	2.32719051162	4.37576950453	2.23316245303	4.71044063714	5.21199408146	4.71044063714	5.25824689294	3.77105508439	3.42739718369	0.0	0.568379755213	0.568379755213	0.568379755213	0.0	4.81422750957	4.53585000036	4.53585000036	6.45229148343	5.99999310799	6.45229148343	6.45229148343	5.98240746255	6.18775858356	6.18775858356	5.98240746255	6.18775858356	5.99999310799	5.99999310799	6.45229148343	5.99999310799	6.72599038773	6.45229148343	6.45229148343	6.45229148343	6.45229148343	6.72599038773	5.98240746255	2.488541736	2.48029398273	2.83378934299	2.83378934299	2.46335221056	2.52190231389	2.488541736	2.488541736	2.45050189214	2.48029398273	2.45050189214	2.79513853868	2.48029398273	2.79513853868	2.49295277232	2.488541736	2.46335221056	2.49295277232	2.87345194659	2.45050189214	2.46335221056	2.87345194659	2.49295277232	2.48029398273	2.46335221056	2.52190231389	2.48029398273	2.54715091778	2.46335221056	2.79513853868	2.52190231389	2.488541736	2.45050189214	2.45050189214	5.98240746255	6.45229148343
7.17815323435	7.48464297586	7.48464297586	6.97007754794	4.56908632017	6.97007754794	4.46442991381	7.17815323435	7.44148922768	7.17815323435	7.48464297586	7.08734952818	7.06778577448	4.81422750957	4.67889607955	4.67889607955	4.67889607955	4.81422750957	0.0	6.82738487524	6.82738487524	8.79378082585	8.33416212847	8.79378082585	8.79378082585	8.30565917068	8.49636259295	8.49636259295	8.30565917068	8.49636259295	8.33416212847	8.33416212847	8.79378082585	8.33416212847	9.10073140069	8.79378082585	8.79378082585	8.79378082585	8.79378082585	9.10073140069	8.30565917068	4.89752452065	4.91167487304	5.22735024447	5.22735024447	4.88461620784	4.971814489	4.89752452065	4.89752452065	4.87245515259	4.91167487304	4.87245515259	5.19043989133	4.91167487304	5.19043989133	4.91464369849	4.89752452065	4.88461620784	4.91464369849	5.26841484699	4.87245515259	4.88461620784	5.26841484699	4.91464369849	4.91167487304	4.88461620784	4.971814489	4.91167487304	4.97459028177	4.88461620784	5.19043989133	4.971814489	4.89752452065	4.87245515259	4.87245515259	8.30565917068	8.79378082585
6.49275206727	6.91722093535	6.91722093535	6.34142432269	4.04668817888	6.34142432269	3.93640203313	6.49275206727	6.81254825024	6.49275206727	6.91722093535	7.01207972535	6.64004572614	4.53585000036	4.39705463315	4.39705463315	4.39705463315	4.53585000036	6.82738487524	0.0	0.0	8.33459640388	7.87334291181	8.33459640388	8.33459640388	7.83515889103	8.00699895098	8.00699895098	7.83515889103	8.00699895098	7.87334291181	7.87334291181	8.33459640388	7.87334291181	8.66484310579	8.33459640388	8.33459640388	8.33459640388	8.33459640388	8.66484310579	7.83515889103	4.48368328562	4.5065471778	4.8061052367	4.8061052367	4.47607027859	4.57288125692	4.48368328562	4.48368328562	4.46469855591	4.5065471778	4.46469855591	4.76936086042	4.5065471778	4.76936086042	4.50574195606	4.48368328562	4.47607027859	4.50574195606	4.84691479859	4.46469855591	4.47607027859	4.84691479859	4.50574195606	4.5065471778	4.47607027859	4.57288125692	4.5065471778	4.56755633182	4.47607027859	4.76936086042	4.57288125692	4.48368328562	4.46469855591	4.46469855591	7.83515889103	8.33459640388
6.49275206727	6.91722093535	6.91722093535	6.34142432269	4.04668817888	6.34142432269	3.93640203313	6.49275206727	6.81254825024	6.49275206727	6.91722093535	7.01207972535	6.64004572614	4.53585000036	4.39705463315	4.39705463315	4.39705463315	4.53585000036	6.82738487524	0.0	0.0	8.33459640388	7.87334291181	8.33459640388	8.33459640388	7.83515889103	8.00699895098	8.00699895098	7.83515889103	8.00699895098	7.87334291181	7.87334291181	8.33459640388	7.87334291181	8.66484310579	8.33459640388	8.33459640388	8.33459640388	8.33459640388	8.66484310579	7.83515889103	4.48368328562	4.5065471778	4.8061052367	4.8061052367	4.47607027859	4.57288125692	4.48368328562	4.48368328562	4.46469855591	4.5065471778	4.46469855591	4.76936086042	4.5065471778	4.76936086042	4.50574195606	4.48368328562	4.47607027859	4.50574195606	4.84691479859	4.46469855591	4.47607027859	4.84691479859	4.50574195606	4.5065471778	4.47607027859	4.57288125692	4.5065471778	4.56755633182	4.47607027859	4.76936086042	4.57288125692	4.48368328562	4.46469855591	4.46469855591	7.83515889103	8.33459640388
8.44051970756	8.43302638368	8.43302638368	8.20322790332	5.22412443141	8.20322790332	5.20667189229	8.44051970756	8.55876162274	8.44051970756	8.43302638368	8.80661903613	8.73556467345	6.45229148343	6.30115144936	6.30115144936	6.30115144936	6.45229148343	8.79378082585	8.33459640388	8.33459640388	0.0	6.41793958201	0.0	0.0	6.79864349857	7.45638744934	7.45638744934	6.79864349857	7.45638744934	6.41793958201	6.41793958201	0.0	6.41793958201	7.94473706637	0.0	0.0	0.0	0.0	7.94473706637	6.79864349857	5.02401461344	5.1105071226	5.19577139011	5.19577139011	5.06785826314	5.20809810849	5.02401461344	5.02401461344	5.07196704889	5.1105071226	5.07196704889	5.07058588399	5.1105071226	5.07058588399	5.07948876962	5.02401461344	5.06785826314	5.07948876962	5.10306857936	5.07196704889	5.06785826314	5.10306857936	5.07948876962	5.1105071226	5.06785826314	5.20809810849	5.1105071226	5.14472724087	5.06785826314	5.07058588399	5.20809810849	5.02401461344	5.07196704889	5.07196704889	6.79864349857	0.0
7.98166924727	7.97017875363	7.97017875363	7.7489055517	4.75245001479	7.7489055517	4.73681361174	7.98166924727	8.09717053799	7.98166924727	7.97017875363	8.35481421444	8.28167485187	5.99999310799	5.8489979002	5.8489979002	5.8489979002	5.99999310799	8.33416212847	7.87334291181	7.87334291181	6.41793958201	0.0	6.41793958201	6.41793958201	5.79716657398	7.19380002131	7.19380002131	5.79716657398	7.19380002131	0.0	0.0	6.41793958201	0.0	8.07311498011	6.41793958201	6.41793958201	6.41793958201	6.41793958201	8.07311498011	5.79716657398	4.61793714149	4.69610316411	4.82696337703	4.82696337703	4.65247062876	4.79219792165	4.61793714149	4.61793714149	4.65257879735	4.69610316411	4.65257879735	4.74294631369	4.69610316411	4.74294631369	4.66978886823	4.61793714149	4.65247062876	4.66978886823	4.79591340832	4.65257879735	4.65247062876	4.79591340832	4.66978886823	4.69610316411	4.65247062876	4.79219792165	4.69610316411	4.73678742568	4.65247062876	4.74294631369	4.79219792165	4.61793714149	4.65257879735	4.65257879735	5.79716657398	6.41793958201
8.44051970756	8.43302638368	8.43302638368	8.20322790332	5.22412443141	8.20322790332	5.20667189229	8.44051970756	8.55876162274	8.44051970756	8.43302638368	8.80661903613	8.73556467345	6.45229148343	6.30115144936	6.30115144936	6.30115144936	6.45229148343	8.79378082585	8.33459640388	8.33459640388	0.0	6.41793958201	0.0	0.0	6.79864349857	7.45638744934	7.45638744934	6.79864349857	7.45638744934	6.41793958201	6.41793958201	0.0	6.41793958201	7.94473706637	0.0	0.0	0.0	0.0	7.94473706637	6.79864349857	5.02401461344	5.1105071226	5.19577139011	5.19577139011	5.06785826314	5.20809810849	5.02401461344	5.02401461344	5.07196704889	5.1105071226	5.07196704889	5.07058588399	5.1105071226	5.07058588399	5.07948876962	5.02401461344	5.06785826314	5.07948876962	5.10306857936	5.07196704889	5.06785826314	5.10306857936	5.07948876962	5.1105071226	5.06785826314	5.20809810849	5.1105071226	5.14472724087	5.06785826314	5.07058588399	5.20809810849	5.02401461344	5.07196704889	5.07196704889	6.79864349857	0.0
8.44051970756	8.43302638368	8.43302638368	8.20322790332	5.22412443141	8.20322790332	5.20667189229	8.44051970756	8.55876162274	8.44051970756	8.43302638368	8.80661903613	8.73556467345	6.45229148343	6.30115144936	6.30115144936	6.30115144936	6.45229148343	8.79378082585	8.33459640388	8.33459640388	0.0	6.41793958201	0.0	0.0	6.79864349857	7.45638744934	7.45638744934	6.79864349857	7.45638744934	6.41793958201	6.41793958201	0.0	6.41793958201	7.94473706637	0.0	0.0	0.0	0.0	7.94473706637	6.79864349857	5.02401461344	5.1105071226	5.19577139011	5.19577139011	5.06785826314	5.20809810849	5.02401461344	5.02401461344	5.07196704889	5.1105071226	5.07196704889	5.07058588399	5.1105071226	5.07058588399	5.07948876962	5.02401461344	5.06785826314	5.07948876962	5.10306857936	5.07196704889	5.06785826314	5.10306857936	5.07948876962	5.1105071226	5.06785826314	5.20809810849	5.1105071226	5.14472724087	5.06785826314	5.07058588399	5.20809810849	5.02401461344	5.07196704889	5.07196704889	6.79864349857	0.0
7.93940358327	7.91425504726	7.91425504726	7.70345532998	4.67664973321	7.70345532998	4.66942688916	7.93940358327	8.04833105368	7.93940358327	7.91425504726	8.34146924286	8.26016828521	5.98240746255	5.83167470333	5.83167470333	5.83167470333	5.98240746255	8.30565917068	7.83515889103	7.83515889103	6.79864349857	5.79716657398	6.79864349857	6.79864349857	0.0	6.62002740939	6.62002740939	0.0	6.62002740939	5.79716657398	5.79716657398	6.79864349857	5.79716657398	8.23531598037	6.79864349857	6.79864349857	6.79864349857	6.79864349857	8.23531598037	0.0	4.68819681838	4.76004041285	4.9185630502	4.9185630502	4.71705093397	4.85377272753	4.68819681838	4.68819681838	4.71519124091	4.76004041285	4.71519124091	4.84189501082	4.76004041285	4.84189501082	4.73677125878	4.68819681838	4.71705093397	4.73677125878	4.89791834665	4.71519124091	4.71705093397	4.89791834665	4.73677125878	4.76004041285	4.71705093397	4.85377272753	4.76004041285	4.80383459468	4.71705093397	4.84189501082	4.85377272753	4.68819681838	4.71519124091	4.71519124091	0.0	6.79864349857
8.09824595638	8.05093514332	8.05093514332	7.84793404729	4.79423734474	7.84793404729	4.79896452273	8.09824595638	8.19699346895	8.09824595638	8.05093514332	8.55541992702	8.45895123484	6.18775858356	6.03741743637	6.03741743637	6.03741743637	6.18775858356	8.49636259295	8.00699895098	8.00699895098	7.45638744934	7.19380002131	7.45638744934	7.45638744934	6.62002740939	0.0	0.0	6.62002740939	0.0	7.19380002131	7.19380002131	7.45638744934	7.19380002131	8.60695799753	7.45638744934	7.45638744934	7.45638744934	7.45638744934	8.60695799753	6.62002740939	5.0385026401	5.1034332833	5.28321464633	5.28321464633	5.06215071699	5.193515507	5.0385026401	5.0385026401	5.05889115144	5.1034332833	5.05889115144	5.20775778655	5.1034332833	5.20775778655	5.08325828058	5.0385026401	5.06215071699	5.08325828058	5.26413096773	5.05889115144	5.06215071699	5.26413096773	5.08325828058	5.1034332833	5.06215071699	5.193515507	5.1034332833	5.14957121906	5.06215071699	5.20775778655	5.193515507	5.0385026401	5.05889115144	5.05889115144	6.62002740939	7.45638744934
8.09824595638	8.05093514332	8.05093514332	7.84793404729	4.79423734474	7.84793404729	4.79896452273	8.09824595638	8.19699346895	8.09824595638	8.05093514332	8.55541992702	8.45895123484	6.18775858356	6.03741743637	6.03741743637	6.03741743637	6.18775858356	8.49636259295	8.00699895098	8.00699895098	7.45638744934	7.19380002131	7.45638744934	7.45638744934	6.62002740939	0.0	0.0	6.62002740939	0.0	7.19380002131	7.19380002131	7.45638744934	7.19380002131	8.60695799753	7.45638744934	7.45638744934	7.45638744934	7.45638744934	8.60695799753	6.62002740939	5.0385026401	5.1034332833	5.28321464633	5.28321464633	5.06215071699	5.193515507	5.0385026401	5.0385026401	5.05889115144	5.1034332833	5.05889115144	5.20775778655	5.1034332833	5.20775778655	5.08325828058	5.0385026401	5.06215071699	5.08325828058	5.26413096773	5.05889115144	5.06215071699	5.26413096773	5.08325828058	5.1034332833	5.06215071699	5.193515507	5.1034332833	5.14957121906	5.06215071699	5.20775778655	5.193515507	5.0385026401	5.05889115144	5.05889115144	6.62002740939	7.45638744934
7.93940358327	7.91425504726	7.91425504726	7.70345532998	4.67664973321	7.70345532998	4.66942688916	7.93940358327	8.04833105368	7.93940358327	7.91425504726	8.34146924286	8.26016828521	5.98240746255	5.83167470333	5.83167470333	5.83167470333	5.98240746255	8.30565917068	7.83515889103	7.83515889103	6.79864349857	5.79716657398	6.79864349857	6.79864349857	0.0	6.62002740939	6.62002740939	0.0	6.62002740939	5.79716657398	5.79716657398	6.79864349857	5.79716657398	8.23531598037	6.79864349857	6.79864349857	6.79864349857	6.79864349857	8.23531598037	0.0	4.68819681838	4.76004041285	4.9185630502	4.9185630502	4.71705093397	4.85377272753	4.68819681838	4.68819681838	4.71519124091	4.76004041285	4.71519124091	4.84189501082	4.76004041285	4.84189501082	4.73677125878	4.68819681838	4.71705093397	4.73677125878	4.89791834665	4.71519124091	4.71705093397	4.89791834665	4.73677125878	4.76004041285	4.71705093397	4.85377272753	4.76004041285	4.80383459468	4.71705093397	4.84189501082	4.85377272753	4.68819681838	4.71519124091	4.71519124091	0.0	6.79864349857
8.09824595638	8.05093514332	8.05093514332	7.84793404729	4.79423734474	7.84793404729	4.79896452273	8.09824595638	8.19699346895	8.09824595638	8.05093514332	8.55541992702	8.45895123484	6.18775858356	6.03741743637	6.03741743637	6.03741743637	6.18775858356	8.49636259295	8.00699895098	8.00699895098	7.45638744934	7.19380002131	7.45638744934	7.45638744934	6.62002740939	0.0	0.0	6.62002740939	0.0	7.19380002131	7.19380002131	7.45638744934	7.19380002131	8.60695799753	7.45638744934	7.45638744934	7.45638744934	7.45638744934	8.60695799753	6.62002740939	5.0385026401	5.1034332833	5.28321464633	5.28321464633	5.06215071699	5.193515507	5.0385026401	5.0385026401	5.05889115144	5.1034332833	5.05889115144	5.20775778655	5.1034332833	5.20775778655	5.08325828058	5.0385026401	5.06215071699	5.08325828058	5.26413096773	5.05889115144	5.06215071699	5.26413096773	5.08325828058	5.1034332833	5.06215071699	5.193515507	5.1034332833	5.14957121906	5.06215071699	5.20775778655	5.193515507	5.0385026401	5.05889115144	5.05889115144	6.62002740939	7.45638744934
7.98166924727	7.97017875363	7.97017875363	7.7489055517	4.75245001479	7.7489055517	4.73681361174	7.98166924727	8.09717053799	7.98166924727	7.97017875363	8.35481421444	8.28167485187	5.99999310799	5.8489979002	5.8489979002	5.8489979002	5.99999310799	8.33416212847	7.87334291181	7.87334291181	6.41793958201	0.0	6.41793958201	6.41793958201	5.79716657398	7.19380002131	7.19380002131	5.79716657398	7.19380002131	0.0	0.0	6.41793958201	0.0	8.07311498011	6.41793958201	6.41793958201	6.41793958201	6.41793958201	8.07311498011	5.79716657398	4.61793714149	4.69610316411	4.82696337703	4.82696337703	4.65247062876	4.79219792165	4.61793714149	4.61793714149	4.65257879735	4.69610316411	4.65257879735	4.74294631369	4.69610316411	4.74294631369	4.66978886823	4.61793714149	4.65247062876	4.66978886823	4.79591340832	4.65257879735	4.65247062876	4.79591340832	4.66978886823	4.69610316411	4.65247062876	4.79219792165	4.69610316411	4.73678742568	4.65247062876	4.74294631369	4.79219792165	4.61793714149	4.65257879735	4.65257879735	5.79716657398	6.41793958201
7.98166924727	7.97017875363	7.97017875363	7.7489055517	4.75245001479	7.7489055517	4.73681361174	7.98166924727	8.09717053799	7.98166924727	7.97017875363	8.35481421444	8.28167485187	5.99999310799	5.8489979002	5.8489979002	5.8489979002	5.99999310799	8.33416212847	7.87334291181	7.87334291181	6.41793958201	0.0	6.41793958201	6.41793958201	5.79716657398	7.19380002131	7.19380002131	5.79716657398	7.19380002131	0.0	0.0	6.41793958201	0.0	8.07311498011	6.41793958201	6.41793958201	6.41793958201	6.41793958201	8.07311498011	5.79716657398	4.61793714149	4.69610316411	4.82696337703	4.82696337703	4.65247062876	4.79219792165	4.61793714149	4.61793714149	4.65257879735	4.69610316411	4.65257879735	4.74294631369	4.69610316411	4.74294631369	4.66978886823	4.61793714149	4.65247062876	4.66978886823	4.79591340832	4.65257879735	4.65247062876	4.79591340832	4.66978886823	4.69610316411	4.65247062876	4.79219792165	4.69610316411	4.73678742568	4.65247062876	4.74294631369	4.79219792165	4.61793714149	4.65257879735	4.65257879735	5.79716657398	6.41793958201
8.44051970756	8.43302638368	8.43302638368	8.20322790332	5.22412443141	8.20322790332	5.20667189229	8.44051970756	8.55876162274	8.44051970756	8.43302638368	8.80661903613	8.73556467345	6.45229148343	6.30115144936	6.30115144936	6.30115144936	6.45229148343	8.79378082585	8.33459640388	8.33459640388	0.0	6.41793958201	0.0	0.0	6.79864349857	7.45638744934	7.45638744934	6.79864349857	7.45638744934	6.41793958201	6.41793958201	0.0	6.41793958201	7.94473706637	0.0	0.0	0.0	0.0	7.94473706637	6.79864349857	5.02401461344	5.1105071226	5.19577139011	5.19577139011	5.06785826314	5.20809810849	5.02401461344	5.02401461344	5.07196704889	5.1105071226	5.07196704889	5.07058588399	5.1105071226	5.07058588399	5.07948876962	5.02401461344	5.06785826314	5.07948876962	5.10306857936	5.07196704889	5.06785826314	5.10306857936	5.07948876962	5.1105071226	5.06785826314	5.20809810849	5.1105071226	5.14472724087	5.06785826314	5.07058588399	5.20809810849	5.02401461344	5.07196704889	5.07196704889	6.79864349857	0.0
7.98166924727	7.97017875363	7.97017875363	7.7489055517	4.75245001479	7.7489055517	4.73681361174	7.98166924727	8.09717053799	7.98166924727	7.97017875363	8.35481421444	8.28167485187	5.99999310799	5.8489979002	5.8489979002	5.8489979002	5.99999310799	8.33416212847	7.87334291181	7.87334291181	6.41793958201	0.0	6.41793958201	6.41793958201	5.79716657398	7.19380002131	7.19380002131	5.79716657398	7.19380002131	0.0	0.0	6.41793958201	0.0	8.07311498011	6.41793958201	6.41793958201	6.41793958201	6.41793958201	8.07311498011	5.79716657398	4.61793714149	4.69610316411	4.82696337703	4.82696337703	4.65247062876	4.79219792165	4.61793714149	4.61793714149	4.65257879735	4.69610316411	4.65257879735	4.74294631369	4.69610316411	4.74294631369	4.66978886823	4.61793714149	4.65247062876	4.66978886823	4.79591340832	4.65257879735	4.65247062876	4.79591340832	4.66978886823	4.69610316411	4.65247062876	4.79219792165	4.69610316411	4.73678742568	4.65247062876	4.74294631369	4.79219792165	4.61793714149	4.65257879735	4.65257879735	5.79716657398	6.41793958201
8.77892202709	8.80196358499	8.80196358499	8.54640716519	5.62679609986	8.54640716519	5.59478547637	8.77892202709	8.91377226738	8.77892202709	8.80196358499	9.07028164135	9.01997474033	6.72599038773	6.57408751397	6.57408751397	6.57408751397	6.72599038773	9.10073140069	8.66484310579	8.66484310579	7.94473706637	8.07311498011	7.94473706637	7.94473706637	8.23531598037	8.60695799753	8.60695799753	8.23531598037	8.60695799753	8.07311498011	8.07311498011	7.94473706637	8.07311498011	0.0	7.94473706637	7.94473706637	7.94473706637	7.94473706637	0.0	8.23531598037	5.02568043089	5.14222118011	5.10036761381	5.10036761381	5.10139734692	5.24745495321	5.02568043089	5.02568043089	5.11875118957	5.14222118011	5.11875118957	4.80963302107	5.14222118011	4.80963302107	5.09426221715	5.02568043089	5.10139734692	5.09426221715	4.74195488617	5.11875118957	5.10139734692	4.74195488617	5.09426221715	5.14222118011	5.10139734692	5.24745495321	5.14222118011	5.15430451756	5.10139734692	4.80963302107	5.24745495321	5.02568043089	5.11875118957	5.11875118957	8.23531598037	7.94473706637
8.44051970756	8.43302638368	8.43302638368	8.20322790332	5.22412443141	8.20322790332	5.20667189229	8.44051970756	8.55876162274	8.44051970756	8.43302638368	8.80661903613	8.73556467345	6.45229148343	6.30115144936	6.30115144936	6.30115144936	6.45229148343	8.79378082585	8.33459640388	8.33459640388	0.0	6.41793958201	0.0	0.0	6.79864349857	7.45638744934	7.45638744934	6.79864349857	7.45638744934	6.41793958201	6.41793958201	0.0	6.41793958201	7.94473706637	0.0	0.0	0.0	0.0	7.94473706637	6.79864349857	5.02401461344	5.1105071226	5.19577139011	5.19577139011	5.06785826314	5.20809810849	5.02401461344	5.02401461344	5.07196704889	5.1105071226	5.07196704889	5.07058588399	5.1105071226	5.07058588399	5.07948876962	5.02401461344	5.06785826314	5.07948876962	5.10306857936	5.07196704889	5.06785826314	5.10306857936	5.07948876962	5.1105071226	5.06785826314	5.20809810849	5.1105071226	5.14472724087	5.06785826314	5.07058588399	5.20809810849	5.02401461344	5.07196704889	5.07196704889	6.79864349857	0.0
8.44051970756	8.43302638368	8.43302638368	8.20322790332	5.22412443141	8.20322790332	5.20667189229	8.44051970756	8.55876162274	8.44051970756	8.43302638368	8.80661903613	8.73556467345	6.45229148343	6.30115144936	6.30115144936	6.30115144936	6.45229148343	8.79378082585	8.33459640388	8.33459640388	0.0	6.41793958201	0.0	0.0	6.79864349857	7.45638744934	7.45638744934	6.79864349857	7.45638744934	6.41793958201	6.41793958201	0.0	6.41793958201	7.94473706637	0.0	0.0	0.0	0.0	7.94473706637	6.79864349857	5.02401461344	5.1105071226	5.19577139011	5.19577139011	5.06785826314	5.20809810849	5.02401461344	5.02401461344	5.07196704889	5.1105071226	5.07196704889	5.07058588399	5.1105071226	5.07058588399	5.07948876962	5.02401461344	5.06785826314	5.07948876962	5.10306857936	5.07196704889	5.06785826314	5.10306857936	5.07948876962	5.1105071226	5.06785826314	5.20809810849	5.1105071226	5.14472724087	5.06785826314	5.07058588399	5.20809810849	5.02401461344	5.07196704889	5.07196704889	6.79864349857	0.0
8.44051970756	8.43302638368	8.43302638368	8.20322790332	5.22412443141	8.20322790332	5.20667189229	8.44051970756	8.55876162274	8.44051970756	8.43302638368	8.80661903613	8.73556467345	6.45229148343	6.30115144936	6.30115144936	6.30115144936	6.45229148343	8.79378082585	8.33459640388	8.33459640388	0.0	6.41793958201	0.0	0.0	6.79864349857	7.45638744934	7.45638744934	6.79864349857	7.45638744934	6.41793958201	6.41793958201	0.0	6.41793958201	7.94473706637	0.0	0.0	0.0	0.0	7.94473706637	6.79864349857	5.02401461344	5.1105071226	5.19577139011	5.19577139011	5.06785826314	5.20809810849	5.02401461344	5.02401461344	5.07196704889	5.1105071226	5.07196704889	5.07058588399	5.1105071226	5.07058588399	5.07948876962	5.02401461344	5.06785826314	5.07948876962	5.10306857936	5.07196704889	5.06785826314	5.10306857936	5.07948876962	5.1105071226	5.06785826314	5.20809810849	5.1105071226	5.14472724087	5.06785826314	5.07058588399	5.20809810849	5.02401461344	5.07196704889	5.07196704889	6.79864349857	0.0
