0.00	911.792222	911.792222	809.991670	1248.095558	809.991670	1181.799921	0.00	689.552862	0.00	911.792222	818.115988	542.418739	640.806460	657.467556	657.467556	657.467556	640.806460	704.091998	473.850457	473.850457	1754.783499	1654.100035	1754.783499	1754.783499	1627.326643	1637.217633	1637.217633	1627.326643	1637.217633	1654.100035	1654.100035	1754.783499	1654.100035	2014.210718	1754.783499	1754.783499	1754.783499	1754.783499	2014.210718	1627.326643	1615.047027	1583.505973	1726.059089	1726.059089	1554.298937	1600.562221	1615.047027	1615.047027	1517.982899	1583.505973	1517.982899	1829.353368	1583.505973	1829.353368	1612.526897	1615.047027	1554.298937	1612.526897	1902.721213	1517.982899	1554.298937	1902.721213	1612.526897	1583.505973	1554.298937	1600.562221	1583.505973	1658.761665	1554.298937	1829.353368	1600.562221	1615.047027	1517.982899	1517.982899	1627.326643	1754.783499
911.792222	0.00	0.00	1596.261956	370.761412	1596.261956	302.463407	911.792222	222.723589	911.792222	0.00	765.544613	771.317726	778.734332	822.246244	822.246244	822.246244	778.734332	526.732884	576.702350	576.702350	884.866806	791.653868	884.866806	884.866806	750.153179	736.665476	736.665476	750.153179	736.665476	791.653868	791.653868	884.866806	791.653868	1186.453663	884.866806	884.866806	884.866806	884.866806	1186.453663	750.153179	977.912080	1022.307169	979.322019	979.322019	967.851055	1087.422901	977.912080	977.912080	942.548938	1022.307169	942.548938	1076.610048	1022.307169	1076.610048	1023.052368	977.912080	967.851055	1023.052368	1146.657603	942.548938	967.851055	1146.657603	1023.052368	1022.307169	967.851055	1087.422901	1022.307169	1088.020925	967.851055	1076.610048	1087.422901	977.912080	942.548938	942.548938	750.153179	884.866806
911.792222	0.00	0.00	1596.261956	370.761412	1596.261956	302.463407	911.792222	222.723589	911.792222	0.00	765.544613	771.317726	778.734332	822.246244	822.246244	822.246244	778.734332	526.732884	576.702350	576.702350	884.866806	791.653868	884.866806	884.866806	750.153179	736.665476	736.665476	750.153179	736.665476	791.653868	791.653868	884.866806	791.653868	1186.453663	884.866806	884.866806	884.866806	884.866806	1186.453663	750.153179	977.912080	1022.307169	979.322019	979.322019	967.851055	1087.422901	977.912080	977.912080	942.548938	1022.307169	942.548938	1076.610048	1022.307169	1076.610048	1023.052368	977.912080	967.851055	1023.052368	1146.657603	942.548938	967.851055	1146.657603	1023.052368	1022.307169	967.851055	1087.422901	1022.307169	1088.020925	967.851055	1076.610048	1087.422901	977.912080	942.548938	942.548938	750.153179	884.866806
809.991670	1596.261956	1596.261956	0.00	1963.526265	0.00	1894.770736	809.991670	1385.326976	809.991670	1596.261956	1624.060415	1343.472819	1441.678959	1452.349060	1452.349060	1452.349060	1441.678959	1509.496574	1278.398371	1278.398371	2479.664028	2383.924994	2479.664028	2479.664028	2345.778724	2328.932081	2328.932081	2345.778724	2328.932081	2383.924994	2383.924994	2479.664028	2383.924994	2767.429147	2479.664028	2479.664028	2479.664028	2479.664028	2767.429147	2345.778724	2414.015962	2389.835911	2505.649345	2505.649345	2358.141147	2409.638386	2414.015962	2414.015962	2322.327220	2389.835911	2322.327220	2608.834857	2389.835911	2608.834857	2416.855541	2414.015962	2358.141147	2416.855541	2682.215768	2322.327220	2358.141147	2682.215768	2416.855541	2389.835911	2358.141147	2409.638386	2389.835911	2465.160909	2358.141147	2608.834857	2409.638386	2414.015962	2322.327220	2322.327220	2345.778724	2479.664028
1248.095558	370.761412	370.761412	1963.526265	0.00	1963.526265	68.767465	1248.095558	579.082885	1248.095558	370.761412	867.785707	983.166237	954.891241	992.776384	992.776384	992.776384	954.891241	695.948182	841.631189	841.631189	516.183554	421.200097	516.183554	516.183554	383.227786	393.613099	393.613099	383.227786	393.613099	421.200097	421.200097	516.183554	421.200097	816.646184	516.183554	516.183554	516.183554	516.183554	816.646184	383.227786	697.741809	780.174278	639.736796	639.736796	718.906734	863.245258	697.741809	697.741809	704.247449	780.174278	704.247449	729.837844	780.174278	729.837844	764.650904	697.741809	718.906734	764.650904	796.200072	704.247449	718.906734	796.200072	764.650904	780.174278	718.906734	863.245258	780.174278	832.124922	718.906734	729.837844	863.245258	697.741809	704.247449	704.247449	383.227786	516.183554
809.991670	1596.261956	1596.261956	0.00	1963.526265	0.00	1894.770736	809.991670	1385.326976	809.991670	1596.261956	1624.060415	1343.472819	1441.678959	1452.349060	1452.349060	1452.349060	1441.678959	1509.496574	1278.398371	1278.398371	2479.664028	2383.924994	2479.664028	2479.664028	2345.778724	2328.932081	2328.932081	2345.778724	2328.932081	2383.924994	2383.924994	2479.664028	2383.924994	2767.429147	2479.664028	2479.664028	2479.664028	2479.664028	2767.429147	2345.778724	2414.015962	2389.835911	2505.649345	2505.649345	2358.141147	2409.638386	2414.015962	2414.015962	2322.327220	2389.835911	2322.327220	2608.834857	2389.835911	2608.834857	2416.855541	2414.015962	2358.141147	2416.855541	2682.215768	2322.327220	2358.141147	2682.215768	2416.855541	2389.835911	2358.141147	2409.638386	2389.835911	2465.160909	2358.141147	2608.834857	2409.638386	2414.015962	2322.327220	2322.327220	2345.778724	2479.664028
1181.799921	302.463407	302.463407	1894.770736	68.767465	1894.770736	0.00	1181.799921	510.478671	1181.799921	302.463407	830.992356	931.256895	907.782248	946.816422	946.816422	946.816422	907.782248	646.565595	781.967246	781.967246	584.917432	489.894603	584.917432	584.917432	451.724962	456.899653	456.899653	451.724962	456.899653	489.894603	489.894603	584.917432	489.894603	884.246722	584.917432	584.917432	584.917432	584.917432	884.246722	451.724962	738.278363	811.706577	696.752300	696.752300	751.542963	891.163670	738.278363	738.278363	734.040836	811.706577	734.040836	789.332588	811.706577	789.332588	800.114261	738.278363	751.542963	800.114261	856.962971	734.040836	751.542963	856.962971	800.114261	811.706577	751.542963	891.163670	811.706577	867.500768	751.542963	789.332588	891.163670	738.278363	734.040836	734.040836	451.724962	584.917432
0.00	911.792222	911.792222	809.991670	1248.095558	809.991670	1181.799921	0.00	689.552862	0.00	911.792222	818.115988	542.418739	640.806460	657.467556	657.467556	657.467556	640.806460	704.091998	473.850457	473.850457	1754.783499	1654.100035	1754.783499	1754.783499	1627.326643	1637.217633	1637.217633	1627.326643	1637.217633	1654.100035	1654.100035	1754.783499	1654.100035	2014.210718	1754.783499	1754.783499	1754.783499	1754.783499	2014.210718	1627.326643	1615.047027	1583.505973	1726.059089	1726.059089	1554.298937	1600.562221	1615.047027	1615.047027	1517.982899	1583.505973	1517.982899	1829.353368	1583.505973	1829.353368	1612.526897	1615.047027	1554.298937	1612.526897	1902.721213	1517.982899	1554.298937	1902.721213	1612.526897	1583.505973	1554.298937	1600.562221	1583.505973	1658.761665	1554.298937	1829.353368	1600.562221	1615.047027	1517.982899	1517.982899	1627.326643	1754.783499
689.552862	222.723589	222.723589	1385.326976	579.082885	1385.326976	510.478671	689.552862	0.00	689.552862	222.723589	685.364425	616.558687	647.509811	691.462588	691.462588	691.462588	647.509811	433.471328	399.644205	399.644205	1095.131651	998.688213	1095.131651	1095.131651	962.195456	956.692769	956.692769	962.195456	956.692769	998.688213	998.688213	1095.131651	998.688213	1384.577488	1095.131651	1095.131651	1095.131651	1095.131651	1384.577488	962.195456	1108.253164	1128.344077	1147.717538	1147.717538	1080.412051	1180.000505	1108.253164	1108.253164	1050.321817	1128.344077	1050.321817	1248.709411	1128.344077	1248.709411	1138.619822	1108.253164	1080.412051	1138.619822	1320.867729	1050.321817	1080.412051	1320.867729	1138.619822	1128.344077	1080.412051	1180.000505	1128.344077	1199.481988	1080.412051	1248.709411	1180.000505	1108.253164	1050.321817	1050.321817	962.195456	1095.131651
0.00	911.792222	911.792222	809.991670	1248.095558	809.991670	1181.799921	0.00	689.552862	0.00	911.792222	818.115988	542.418739	640.806460	657.467556	657.467556	657.467556	640.806460	704.091998	473.850457	473.850457	1754.783499	1654.100035	1754.783499	1754.783499	1627.326643	1637.217633	1637.217633	1627.326643	1637.217633	1654.100035	1654.100035	1754.783499	1654.100035	2014.210718	1754.783499	1754.783499	1754.783499	1754.783499	2014.210718	1627.326643	1615.047027	1583.505973	1726.059089	1726.059089	1554.298937	1600.562221	1615.047027	1615.047027	1517.982899	1583.505973	1517.982899	1829.353368	1583.505973	1829.353368	1612.526897	1615.047027	1554.298937	1612.526897	1902.721213	1517.982899	1554.298937	1902.721213	1612.526897	1583.505973	1554.298937	1600.562221	1583.505973	1658.761665	1554.298937	1829.353368	1600.562221	1615.047027	1517.982899	1517.982899	1627.326643	1754.783499
911.792222	0.00	0.00	1596.261956	370.761412	1596.261956	302.463407	911.792222	222.723589	911.792222	0.00	765.544613	771.317726	778.734332	822.246244	822.246244	822.246244	778.734332	526.732884	576.702350	576.702350	884.866806	791.653868	884.866806	884.866806	750.153179	736.665476	736.665476	750.153179	736.665476	791.653868	791.653868	884.866806	791.653868	1186.453663	884.866806	884.866806	884.866806	884.866806	1186.453663	750.153179	977.912080	1022.307169	979.322019	979.322019	967.851055	1087.422901	977.912080	977.912080	942.548938	1022.307169	942.548938	1076.610048	1022.307169	1076.610048	1023.052368	977.912080	967.851055	1023.052368	1146.657603	942.548938	967.851055	1146.657603	1023.052368	1022.307169	967.851055	1087.422901	1022.307169	1088.020925	967.851055	1076.610048	1087.422901	977.912080	942.548938	942.548938	750.153179	884.866806
818.115988	765.544613	765.544613	1624.060415	867.785707	1624.060415	830.992356	818.115988	685.364425	818.115988	765.544613	0.00	282.665162	187.646992	193.735354	193.735354	193.735354	187.646992	251.977642	401.062671	401.062671	1244.389380	1145.318929	1244.389380	1244.389380	1151.390466	1222.614083	1222.614083	1151.390466	1222.614083	1145.318929	1145.318929	1244.389380	1145.318929	1407.186538	1244.389380	1244.389380	1244.389380	1244.389380	1407.186538	1151.390466	888.434995	819.488889	1065.520144	1065.520144	806.478489	814.932667	888.434995	888.434995	769.179928	819.488889	769.179928	1161.421448	819.488889	1161.421448	859.235846	888.434995	806.478489	859.235846	1230.000498	769.179928	806.478489	1230.000498	859.235846	819.488889	806.478489	814.932667	819.488889	891.693616	806.478489	1161.421448	814.932667	888.434995	769.179928	769.179928	1151.390466	1244.389380
542.418739	771.317726	771.317726	1343.472819	983.166237	1343.472819	931.256895	542.418739	616.558687	542.418739	771.317726	282.665162	0.00	98.524776	119.499743	119.499743	119.499743	98.524776	289.368929	224.874718	224.874718	1426.749426	1324.625662	1426.749426	1426.749426	1318.026541	1367.498401	1367.498401	1318.026541	1367.498401	1324.625662	1324.625662	1426.749426	1324.625662	1628.340636	1426.749426	1426.749426	1426.749426	1426.749426	1628.340636	1318.026541	1146.810397	1090.404551	1301.683386	1301.683386	1071.652057	1092.567430	1146.810397	1146.810397	1034.315217	1090.404551	1034.315217	1401.630022	1090.404551	1401.630022	1126.820995	1146.810397	1071.652057	1126.820995	1472.727109	1034.315217	1071.652057	1472.727109	1126.820995	1090.404551	1071.652057	1092.567430	1090.404551	1164.086679	1071.652057	1401.630022	1092.567430	1146.810397	1034.315217	1034.315217	1318.026541	1426.749426
640.806460	778.734332	778.734332	1441.678959	954.891241	1441.678959	907.782248	640.806460	647.509811	640.806460	778.734332	187.646992	98.524776	0.00	44.103774	44.103774	44.103774	0.00	262.776968	282.618055	282.618055	1376.706388	1275.376754	1376.706388	1376.706388	1273.430459	1331.041179	1331.041179	1273.430459	1331.041179	1275.376754	1275.376754	1376.706388	1275.376754	1563.769857	1376.706388	1376.706388	1376.706388	1376.706388	1563.769857	1273.430459	1065.835503	1003.386086	1230.430839	1230.430839	987.443999	1001.723875	1065.835503	1065.835503	950.071275	1003.386086	950.071275	1328.894313	1003.386086	1328.894313	1041.517897	1065.835503	987.443999	1041.517897	1399.041263	950.071275	987.443999	1399.041263	1041.517897	1003.386086	987.443999	1001.723875	1003.386086	1076.344936	987.443999	1328.894313	1001.723875	1065.835503	950.071275	950.071275	1273.430459	1376.706388
657.467556	822.246244	822.246244	1452.349060	992.776384	1452.349060	946.816422	657.467556	691.462588	657.467556	822.246244	193.735354	119.499743	44.103774	0.00	0.00	0.00	44.103774	303.833790	322.577419	322.577419	1407.496749	1306.564665	1407.496749	1407.496749	1306.259552	1366.358080	1366.358080	1306.259552	1366.358080	1306.564665	1306.564665	1407.496749	1306.564665	1588.094346	1407.496749	1407.496749	1407.496749	1407.496749	1588.094346	1306.259552	1080.716870	1013.219564	1251.502895	1251.502895	999.860471	1007.472372	1080.716870	1080.716870	962.533250	1013.219564	962.533250	1348.967681	1013.219564	1348.967681	1052.875606	1080.716870	999.860471	1052.875606	1418.458967	962.533250	999.860471	1418.458967	1052.875606	1013.219564	999.860471	1007.472372	1013.219564	1085.343199	999.860471	1348.967681	1007.472372	1080.716870	962.533250	962.533250	1306.259552	1407.496749
657.467556	822.246244	822.246244	1452.349060	992.776384	1452.349060	946.816422	657.467556	691.462588	657.467556	822.246244	193.735354	119.499743	44.103774	0.00	0.00	0.00	44.103774	303.833790	322.577419	322.577419	1407.496749	1306.564665	1407.496749	1407.496749	1306.259552	1366.358080	1366.358080	1306.259552	1366.358080	1306.564665	1306.564665	1407.496749	1306.564665	1588.094346	1407.496749	1407.496749	1407.496749	1407.496749	1588.094346	1306.259552	1080.716870	1013.219564	1251.502895	1251.502895	999.860471	1007.472372	1080.716870	1080.716870	962.533250	1013.219564	962.533250	1348.967681	1013.219564	1348.967681	1052.875606	1080.716870	999.860471	1052.875606	1418.458967	962.533250	999.860471	1418.458967	1052.875606	1013.219564	999.860471	1007.472372	1013.219564	1085.343199	999.860471	1348.967681	1007.472372	1080.716870	962.533250	962.533250	1306.259552	1407.496749
657.467556	822.246244	822.246244	1452.349060	992.776384	1452.349060	946.816422	657.467556	691.462588	657.467556	822.246244	193.735354	119.499743	44.103774	0.00	0.00	0.00	44.103774	303.833790	322.577419	322.577419	1407.496749	1306.564665	1407.496749	1407.496749	1306.259552	1366.358080	1366.358080	1306.259552	1366.358080	1306.564665	1306.564665	1407.496749	1306.564665	1588.094346	1407.496749	1407.496749	1407.496749	1407.496749	1588.094346	1306.259552	1080.716870	1013.219564	1251.502895	1251.502895	999.860471	1007.472372	1080.716870	1080.716870	962.533250	1013.219564	962.533250	1348.967681	1013.219564	1348.967681	1052.875606	1080.716870	999.860471	1052.875606	1418.458967	962.533250	999.860471	1418.458967	1052.875606	1013.219564	999.860471	1007.472372	1013.219564	1085.343199	999.860471	1348.967681	1007.472372	1080.716870	962.533250	962.533250	1306.259552	1407.496749
640.806460	778.734332	778.734332	1441.678959	954.891241	1441.678959	907.782248	640.806460	647.509811	640.806460	778.734332	187.646992	98.524776	0.00	44.103774	44.103774	44.103774	0.00	262.776968	282.618055	282.618055	1376.706388	1275.376754	1376.706388	1376.706388	1273.430459	1331.041179	1331.041179	1273.430459	1331.041179	1275.376754	1275.376754	1376.706388	1275.376754	1563.769857	1376.706388	1376.706388	1376.706388	1376.706388	1563.769857	1273.430459	1065.835503	1003.386086	1230.430839	1230.430839	987.443999	1001.723875	1065.835503	1065.835503	950.071275	1003.386086	950.071275	1328.894313	1003.386086	1328.894313	1041.517897	1065.835503	987.443999	1041.517897	1399.041263	950.071275	987.443999	1399.041263	1041.517897	1003.386086	987.443999	1001.723875	1003.386086	1076.344936	987.443999	1328.894313	1001.723875	1065.835503	950.071275	950.071275	1273.430459	1376.706388
704.091998	526.732884	526.732884	1509.496574	695.948182	1509.496574	646.565595	704.091998	433.471328	704.091998	526.732884	251.977642	289.368929	262.776968	303.833790	303.833790	303.833790	262.776968	0.00	231.118146	231.118146	1140.022388	1037.655989	1140.022388	1140.022388	1029.354942	1078.286459	1078.286459	1029.354942	1078.286459	1037.655989	1037.655989	1140.022388	1037.655989	1354.166159	1140.022388	1140.022388	1140.022388	1140.022388	1354.166159	1029.354942	912.284069	880.386405	1040.284636	1040.284636	850.217655	902.451719	912.284069	912.284069	813.954311	880.386405	813.954311	1142.438636	880.386405	1142.438636	908.512242	912.284069	850.217655	908.512242	1215.028359	813.954311	850.217655	1215.028359	908.512242	880.386405	850.217655	902.451719	880.386405	955.706474	850.217655	1142.438636	902.451719	912.284069	813.954311	813.954311	1029.354942	1140.022388
473.850457	576.702350	576.702350	1278.398371	841.631189	1278.398371	781.967246	473.850457	399.644205	473.850457	576.702350	401.062671	224.874718	282.618055	322.577419	322.577419	322.577419	282.618055	231.118146	0.00	0.00	1323.194021	1220.822021	1323.194021	1323.194021	1203.536368	1234.680377	1234.680377	1203.536368	1234.680377	1220.822021	1220.822021	1323.194021	1220.822021	1560.090255	1323.194021	1323.194021	1323.194021	1323.194021	1560.090255	1203.536368	1141.239745	1111.504474	1258.739365	1258.739365	1080.964017	1132.602978	1141.239745	1141.239745	1044.818671	1111.504474	1044.818671	1361.683722	1111.504474	1361.683722	1139.384321	1141.239745	1080.964017	1139.384321	1434.795099	1044.818671	1080.964017	1434.795099	1139.384321	1111.504474	1080.964017	1132.602978	1111.504474	1186.824619	1080.964017	1361.683722	1132.602978	1141.239745	1044.818671	1044.818671	1203.536368	1323.194021
473.850457	576.702350	576.702350	1278.398371	841.631189	1278.398371	781.967246	473.850457	399.644205	473.850457	576.702350	401.062671	224.874718	282.618055	322.577419	322.577419	322.577419	282.618055	231.118146	0.00	0.00	1323.194021	1220.822021	1323.194021	1323.194021	1203.536368	1234.680377	1234.680377	1203.536368	1234.680377	1220.822021	1220.822021	1323.194021	1220.822021	1560.090255	1323.194021	1323.194021	1323.194021	1323.194021	1560.090255	1203.536368	1141.239745	1111.504474	1258.739365	1258.739365	1080.964017	1132.602978	1141.239745	1141.239745	1044.818671	1111.504474	1044.818671	1361.683722	1111.504474	1361.683722	1139.384321	1141.239745	1080.964017	1139.384321	1434.795099	1044.818671	1080.964017	1434.795099	1139.384321	1111.504474	1080.964017	1132.602978	1111.504474	1186.824619	1080.964017	1361.683722	1132.602978	1141.239745	1044.818671	1044.818671	1203.536368	1323.194021
1754.783499	884.866806	884.866806	2479.664028	516.183554	2479.664028	584.917432	1754.783499	1095.131651	1754.783499	884.866806	1244.389380	1426.749426	1376.706388	1407.496749	1407.496749	1407.496749	1376.706388	1140.022388	1323.194021	1323.194021	0.00	102.553589	0.00	0.00	135.878980	217.606836	217.606836	135.878980	217.606836	102.553589	102.553589	0.00	102.553589	334.050723	0.00	0.00	0.00	0.00	334.050723	135.878980	609.882698	747.189521	390.304476	390.304476	693.488454	840.934733	609.882698	609.882698	706.148617	747.189521	706.148617	411.822805	747.189521	411.822805	702.359233	609.882698	693.488454	702.359233	442.207917	706.148617	693.488454	442.207917	702.359233	747.189521	693.488454	840.934733	747.189521	753.852694	693.488454	411.822805	840.934733	609.882698	706.148617	706.148617	135.878980	0.00
1654.100035	791.653868	791.653868	2383.924994	421.200097	2383.924994	489.894603	1654.100035	998.688213	1654.100035	791.653868	1145.318929	1324.625662	1275.376754	1306.564665	1306.564665	1306.564665	1275.376754	1037.655989	1220.822021	1220.822021	102.553589	0.00	102.553589	102.553589	69.831078	197.308274	197.308274	69.831078	197.308274	0.00	0.00	102.553589	0.00	404.150769	102.553589	102.553589	102.553589	102.553589	404.150769	69.831078	559.321428	691.647567	365.840820	365.840820	634.464068	786.373565	559.321428	559.321428	642.709971	691.647567	642.709971	412.518096	691.647567	412.518096	650.802971	559.321428	634.464068	650.802971	457.812415	642.709971	634.464068	457.812415	650.802971	691.647567	634.464068	786.373565	691.647567	707.454325	634.464068	412.518096	786.373565	559.321428	642.709971	642.709971	69.831078	102.553589
1754.783499	884.866806	884.866806	2479.664028	516.183554	2479.664028	584.917432	1754.783499	1095.131651	1754.783499	884.866806	1244.389380	1426.749426	1376.706388	1407.496749	1407.496749	1407.496749	1376.706388	1140.022388	1323.194021	1323.194021	0.00	102.553589	0.00	0.00	135.878980	217.606836	217.606836	135.878980	217.606836	102.553589	102.553589	0.00	102.553589	334.050723	0.00	0.00	0.00	0.00	334.050723	135.878980	609.882698	747.189521	390.304476	390.304476	693.488454	840.934733	609.882698	609.882698	706.148617	747.189521	706.148617	411.822805	747.189521	411.822805	702.359233	609.882698	693.488454	702.359233	442.207917	706.148617	693.488454	442.207917	702.359233	747.189521	693.488454	840.934733	747.189521	753.852694	693.488454	411.822805	840.934733	609.882698	706.148617	706.148617	135.878980	0.00
1754.783499	884.866806	884.866806	2479.664028	516.183554	2479.664028	584.917432	1754.783499	1095.131651	1754.783499	884.866806	1244.389380	1426.749426	1376.706388	1407.496749	1407.496749	1407.496749	1376.706388	1140.022388	1323.194021	1323.194021	0.00	102.553589	0.00	0.00	135.878980	217.606836	217.606836	135.878980	217.606836	102.553589	102.553589	0.00	102.553589	334.050723	0.00	0.00	0.00	0.00	334.050723	135.878980	609.882698	747.189521	390.304476	390.304476	693.488454	840.934733	609.882698	609.882698	706.148617	747.189521	706.148617	411.822805	747.189521	411.822805	702.359233	609.882698	693.488454	702.359233	442.207917	706.148617	693.488454	442.207917	702.359233	747.189521	693.488454	840.934733	747.189521	753.852694	693.488454	411.822805	840.934733	609.882698	706.148617	706.148617	135.878980	0.00
1627.326643	750.153179	750.153179	2345.778724	383.227786	2345.778724	451.724962	1627.326643	962.195456	1627.326643	750.153179	1151.390466	1318.026541	1273.430459	1306.259552	1306.259552	1306.259552	1273.430459	1029.354942	1203.536368	1203.536368	135.878980	69.831078	135.878980	135.878980	0.00	131.272561	131.272561	0.00	131.272561	69.831078	69.831078	135.878980	69.831078	462.272741	135.878980	135.878980	135.878980	135.878980	462.272741	0.00	616.231449	745.263388	432.637505	432.637505	686.562741	840.020886	616.231449	616.231449	692.155915	745.263388	692.155915	482.135904	745.263388	482.135904	706.634207	616.231449	686.562741	706.634207	527.571751	692.155915	686.562741	527.571751	706.634207	745.263388	686.562741	840.020886	745.263388	765.296355	686.562741	482.135904	840.020886	616.231449	692.155915	692.155915	0.00	135.878980
1637.217633	736.665476	736.665476	2328.932081	393.613099	2328.932081	456.899653	1637.217633	956.692769	1637.217633	736.665476	1222.614083	1367.498401	1331.041179	1366.358080	1366.358080	1366.358080	1331.041179	1078.286459	1234.680377	1234.680377	217.606836	197.308274	217.606836	217.606836	131.272561	0.00	0.00	131.272561	0.00	197.308274	197.308274	217.606836	197.308274	548.824283	217.606836	217.606836	217.606836	217.606836	548.824283	131.272561	745.839890	872.895655	562.956867	562.956867	813.373691	967.509261	745.839890	745.839890	817.133864	872.895655	817.133864	607.587621	872.895655	607.587621	835.585030	745.839890	813.373691	835.585030	648.238495	817.133864	813.373691	648.238495	835.585030	872.895655	813.373691	967.509261	872.895655	895.142835	813.373691	607.587621	967.509261	745.839890	817.133864	817.133864	131.272561	217.606836
1637.217633	736.665476	736.665476	2328.932081	393.613099	2328.932081	456.899653	1637.217633	956.692769	1637.217633	736.665476	1222.614083	1367.498401	1331.041179	1366.358080	1366.358080	1366.358080	1331.041179	1078.286459	1234.680377	1234.680377	217.606836	197.308274	217.606836	217.606836	131.272561	0.00	0.00	131.272561	0.00	197.308274	197.308274	217.606836	197.308274	548.824283	217.606836	217.606836	217.606836	217.606836	548.824283	131.272561	745.839890	872.895655	562.956867	562.956867	813.373691	967.509261	745.839890	745.839890	817.133864	872.895655	817.133864	607.587621	872.895655	607.587621	835.585030	745.839890	813.373691	835.585030	648.238495	817.133864	813.373691	648.238495	835.585030	872.895655	813.373691	967.509261	872.895655	895.142835	813.373691	607.587621	967.509261	745.839890	817.133864	817.133864	131.272561	217.606836
1627.326643	750.153179	750.153179	2345.778724	383.227786	2345.778724	451.724962	1627.326643	962.195456	1627.326643	750.153179	1151.390466	1318.026541	1273.430459	1306.259552	1306.259552	1306.259552	1273.430459	1029.354942	1203.536368	1203.536368	135.878980	69.831078	135.878980	135.878980	0.00	131.272561	131.272561	0.00	131.272561	69.831078	69.831078	135.878980	69.831078	462.272741	135.878980	135.878980	135.878980	135.878980	462.272741	0.00	616.231449	745.263388	432.637505	432.637505	686.562741	840.020886	616.231449	616.231449	692.155915	745.263388	692.155915	482.135904	745.263388	482.135904	706.634207	616.231449	686.562741	706.634207	527.571751	692.155915	686.562741	527.571751	706.634207	745.263388	686.562741	840.020886	745.263388	765.296355	686.562741	482.135904	840.020886	616.231449	692.155915	692.155915	0.00	135.878980
1637.217633	736.665476	736.665476	2328.932081	393.613099	2328.932081	456.899653	1637.217633	956.692769	1637.217633	736.665476	1222.614083	1367.498401	1331.041179	1366.358080	1366.358080	1366.358080	1331.041179	1078.286459	1234.680377	1234.680377	217.606836	197.308274	217.606836	217.606836	131.272561	0.00	0.00	131.272561	0.00	197.308274	197.308274	217.606836	197.308274	548.824283	217.606836	217.606836	217.606836	217.606836	548.824283	131.272561	745.839890	872.895655	562.956867	562.956867	813.373691	967.509261	745.839890	745.839890	817.133864	872.895655	817.133864	607.587621	872.895655	607.587621	835.585030	745.839890	813.373691	835.585030	648.238495	817.133864	813.373691	648.238495	835.585030	872.895655	813.373691	967.509261	872.895655	895.142835	813.373691	607.587621	967.509261	745.839890	817.133864	817.133864	131.272561	217.606836
1654.100035	791.653868	791.653868	2383.924994	421.200097	2383.924994	489.894603	1654.100035	998.688213	1654.100035	791.653868	1145.318929	1324.625662	1275.376754	1306.564665	1306.564665	1306.564665	1275.376754	1037.655989	1220.822021	1220.822021	102.553589	0.00	102.553589	102.553589	69.831078	197.308274	197.308274	69.831078	197.308274	0.00	0.00	102.553589	0.00	404.150769	102.553589	102.553589	102.553589	102.553589	404.150769	69.831078	559.321428	691.647567	365.840820	365.840820	634.464068	786.373565	559.321428	559.321428	642.709971	691.647567	642.709971	412.518096	691.647567	412.518096	650.802971	559.321428	634.464068	650.802971	457.812415	642.709971	634.464068	457.812415	650.802971	691.647567	634.464068	786.373565	691.647567	707.454325	634.464068	412.518096	786.373565	559.321428	642.709971	642.709971	69.831078	102.553589
1654.100035	791.653868	791.653868	2383.924994	421.200097	2383.924994	489.894603	1654.100035	998.688213	1654.100035	791.653868	1145.318929	1324.625662	1275.376754	1306.564665	1306.564665	1306.564665	1275.376754	1037.655989	1220.822021	1220.822021	102.553589	0.00	102.553589	102.553589	69.831078	197.308274	197.308274	69.831078	197.308274	0.00	0.00	102.553589	0.00	404.150769	102.553589	102.553589	102.553589	102.553589	404.150769	69.831078	559.321428	691.647567	365.840820	365.840820	634.464068	786.373565	559.321428	559.321428	642.709971	691.647567	642.709971	412.518096	691.647567	412.518096	650.802971	559.321428	634.464068	650.802971	457.812415	642.709971	634.464068	457.812415	650.802971	691.647567	634.464068	786.373565	691.647567	707.454325	634.464068	412.518096	786.373565	559.321428	642.709971	642.709971	69.831078	102.553589
1754.783499	884.866806	884.866806	2479.664028	516.183554	2479.664028	584.917432	1754.783499	1095.131651	1754.783499	884.866806	1244.389380	1426.749426	1376.706388	1407.496749	1407.496749	1407.496749	1376.706388	1140.022388	1323.194021	1323.194021	0.00	102.553589	0.00	0.00	135.878980	217.606836	217.606836	135.878980	217.606836	102.553589	102.553589	0.00	102.553589	334.050723	0.00	0.00	0.00	0.00	334.050723	135.878980	609.882698	747.189521	390.304476	390.304476	693.488454	840.934733	609.882698	609.882698	706.148617	747.189521	706.148617	411.822805	747.189521	411.822805	702.359233	609.882698	693.488454	702.359233	442.207917	706.148617	693.488454	442.207917	702.359233	747.189521	693.488454	840.934733	747.189521	753.852694	693.488454	411.822805	840.934733	609.882698	706.148617	706.148617	135.878980	0.00
1654.100035	791.653868	791.653868	2383.924994	421.200097	2383.924994	489.894603	1654.100035	998.688213	1654.100035	791.653868	1145.318929	1324.625662	1275.376754	1306.564665	1306.564665	1306.564665	1275.376754	1037.655989	1220.822021	1220.822021	102.553589	0.00	102.553589	102.553589	69.831078	197.308274	197.308274	69.831078	197.308274	0.00	0.00	102.553589	0.00	404.150769	102.553589	102.553589	102.553589	102.553589	404.150769	69.831078	559.321428	691.647567	365.840820	365.840820	634.464068	786.373565	559.321428	559.321428	642.709971	691.647567	642.709971	412.518096	691.647567	412.518096	650.802971	559.321428	634.464068	650.802971	457.812415	642.709971	634.464068	457.812415	650.802971	691.647567	634.464068	786.373565	691.647567	707.454325	634.464068	412.518096	786.373565	559.321428	642.709971	642.709971	69.831078	102.553589
2014.210718	1186.453663	1186.453663	2767.429147	816.646184	2767.429147	884.246722	2014.210718	1384.577488	2014.210718	1186.453663	1407.186538	1628.340636	1563.769857	1588.094346	1588.094346	1588.094346	1563.769857	1354.166159	1560.090255	1560.090255	334.050723	404.150769	334.050723	334.050723	462.272741	548.824283	548.824283	462.272741	548.824283	404.150769	404.150769	334.050723	404.150769	0.00	334.050723	334.050723	334.050723	334.050723	0.00	462.272741	591.347676	724.748996	355.947418	355.947418	691.307346	804.069783	591.347676	591.347676	718.778832	724.748996	718.778832	287.161320	724.748996	287.161320	671.622607	591.347676	691.307346	671.622607	253.856114	718.778832	691.307346	253.856114	671.622607	724.748996	691.307346	804.069783	724.748996	697.546274	691.307346	287.161320	804.069783	591.347676	718.778832	718.778832	462.272741	334.050723
1754.783499	884.866806	884.866806	2479.664028	516.183554	2479.664028	584.917432	1754.783499	1095.131651	1754.783499	884.866806	1244.389380	1426.749426	1376.706388	1407.496749	1407.496749	1407.496749	1376.706388	1140.022388	1323.194021	1323.194021	0.00	102.553589	0.00	0.00	135.878980	217.606836	217.606836	135.878980	217.606836	102.553589	102.553589	0.00	102.553589	334.050723	0.00	0.00	0.00	0.00	334.050723	135.878980	609.882698	747.189521	390.304476	390.304476	693.488454	840.934733	609.882698	609.882698	706.148617	747.189521	706.148617	411.822805	747.189521	411.822805	702.359233	609.882698	693.488454	702.359233	442.207917	706.148617	693.488454	442.207917	702.359233	747.189521	693.488454	840.934733	747.189521	753.852694	693.488454	411.822805	840.934733	609.882698	706.148617	706.148617	135.878980	0.00
1754.783499	884.866806	884.866806	2479.664028	516.183554	2479.664028	584.917432	1754.783499	1095.131651	1754.783499	884.866806	1244.389380	1426.749426	1376.706388	1407.496749	1407.496749	1407.496749	1376.706388	1140.022388	1323.194021	1323.194021	0.00	102.553589	0.00	0.00	135.878980	217.606836	217.606836	135.878980	217.606836	102.553589	102.553589	0.00	102.553589	334.050723	0.00	0.00	0.00	0.00	334.050723	135.878980	609.882698	747.189521	390.304476	390.304476	693.488454	840.934733	609.882698	609.882698	706.148617	747.189521	706.148617	411.822805	747.189521	411.822805	702.359233	609.882698	693.488454	702.359233	442.207917	706.148617	693.488454	442.207917	702.359233	747.189521	693.488454	840.934733	747.189521	753.852694	693.488454	411.822805	840.934733	609.882698	706.148617	706.148617	135.878980	0.00
1754.783499	884.866806	884.866806	2479.664028	516.183554	2479.664028	584.917432	1754.783499	1095.131651	1754.783499	884.866806	1244.389380	1426.749426	1376.706388	1407.496749	1407.496749	1407.496749	1376.706388	1140.022388	1323.194021	1323.194021	0.00	102.553589	0.00	0.00	135.878980	217.606836	217.606836	135.878980	217.606836	102.553589	102.553589	0.00	102.553589	334.050723	0.00	0.00	0.00	0.00	334.050723	135.878980	609.882698	747.189521	390.304476	390.304476	693.488454	840.934733	609.882698	609.882698	706.148617	747.189521	706.148617	411.822805	747.189521	411.822805	702.359233	609.882698	693.488454	702.359233	442.207917	706.148617	693.488454	442.207917	702.359233	747.189521	693.488454	840.934733	747.189521	753.852694	693.488454	411.822805	840.934733	609.882698	706.148617	706.148617	135.878980	0.00
1754.783499	884.866806	884.866806	2479.664028	516.183554	2479.664028	584.917432	1754.783499	1095.131651	1754.783499	884.866806	1244.389380	1426.749426	1376.706388	1407.496749	1407.496749	1407.496749	1376.706388	1140.022388	1323.194021	1323.194021	0.00	102.553589	0.00	0.00	135.878980	217.606836	217.606836	135.878980	217.606836	102.553589	102.553589	0.00	102.553589	334.050723	0.00	0.00	0.00	0.00	334.050723	135.878980	609.882698	747.189521	390.304476	390.304476	693.488454	840.934733	609.882698	609.882698	706.148617	747.189521	706.148617	411.822805	747.189521	411.822805	702.359233	609.882698	693.488454	702.359233	442.207917	706.148617	693.488454	442.207917	702.359233	747.189521	693.488454	840.934733	747.189521	753.852694	693.488454	411.822805	840.934733	609.882698	706.148617	706.148617	135.878980	0.00
2014.210718	1186.453663	1186.453663	2767.429147	816.646184	2767.429147	884.246722	2014.210718	1384.577488	2014.210718	1186.453663	1407.186538	1628.340636	1563.769857	1588.094346	1588.094346	1588.094346	1563.769857	1354.166159	1560.090255	1560.090255	334.050723	404.150769	334.050723	334.050723	462.272741	548.824283	548.824283	462.272741	548.824283	404.150769	404.150769	334.050723	404.150769	0.00	334.050723	334.050723	334.050723	334.050723	0.00	462.272741	591.347676	724.748996	355.947418	355.947418	691.307346	804.069783	591.347676	591.347676	718.778832	724.748996	718.778832	287.161320	724.748996	287.161320	671.622607	591.347676	691.307346	671.622607	253.856114	718.778832	691.307346	253.856114	671.622607	724.748996	691.307346	804.069783	724.748996	697.546274	691.307346	287.161320	804.069783	591.347676	718.778832	718.778832	462.272741	334.050723
1627.326643	750.153179	750.153179	2345.778724	383.227786	2345.778724	451.724962	1627.326643	962.195456	1627.326643	750.153179	1151.390466	1318.026541	1273.430459	1306.259552	1306.259552	1306.259552	1273.430459	1029.354942	1203.536368	1203.536368	135.878980	69.831078	135.878980	135.878980	0.00	131.272561	131.272561	0.00	131.272561	69.831078	69.831078	135.878980	69.831078	462.272741	135.878980	135.878980	135.878980	135.878980	462.272741	0.00	616.231449	745.263388	432.637505	432.637505	686.562741	840.020886	616.231449	616.231449	692.155915	745.263388	692.155915	482.135904	745.263388	482.135904	706.634207	616.231449	686.562741	706.634207	527.571751	692.155915	686.562741	527.571751	706.634207	745.263388	686.562741	840.020886	745.263388	765.296355	686.562741	482.135904	840.020886	616.231449	692.155915	692.155915	0.00	135.878980
1615.047027	977.912080	977.912080	2414.015962	697.741809	2414.015962	738.278363	1615.047027	1108.253164	1615.047027	977.912080	888.434995	1146.810397	1065.835503	1080.716870	1080.716870	1080.716870	1065.835503	912.284069	1141.239745	1141.239745	609.882698	559.321428	609.882698	609.882698	616.231449	745.839890	745.839890	616.231449	745.839890	559.321428	559.321428	609.882698	559.321428	591.347676	609.882698	609.882698	609.882698	609.882698	591.347676	616.231449	0.00	140.041884	244.201964	244.201964	100.133479	231.645983	0.00	0.00	130.789509	140.041884	130.789509	306.976890	140.041884	306.976890	92.477816	0.00	100.133479	92.477816	362.530127	130.789509	100.133479	362.530127	92.477816	140.041884	100.133479	231.645983	140.041884	149.461698	100.133479	306.976890	231.645983	0.00	130.789509	130.789509	616.231449	609.882698
1583.505973	1022.307169	1022.307169	2389.835911	780.174278	2389.835911	811.706577	1583.505973	1128.344077	1583.505973	1022.307169	819.488889	1090.404551	1003.386086	1013.219564	1013.219564	1013.219564	1003.386086	880.386405	1111.504474	1111.504474	747.189521	691.647567	747.189521	747.189521	745.263388	872.895655	872.895655	745.263388	872.895655	691.647567	691.647567	747.189521	691.647567	724.748996	747.189521	747.189521	747.189521	747.189521	724.748996	745.263388	140.041884	0.00	383.421039	383.421039	62.329012	94.783892	140.041884	140.041884	79.775383	0.00	79.775383	437.881454	0.00	437.881454	53.402155	140.041884	62.329012	53.402155	485.691413	79.775383	62.329012	485.691413	53.402155	0.00	62.329012	94.783892	0.00	75.325772	62.329012	437.881454	94.783892	140.041884	79.775383	79.775383	745.263388	747.189521
1726.059089	979.322019	979.322019	2505.649345	639.736796	2505.649345	696.752300	1726.059089	1147.717538	1726.059089	979.322019	1065.520144	1301.683386	1230.430839	1251.502895	1251.502895	1251.502895	1230.430839	1040.284636	1258.739365	1258.739365	390.304476	365.840820	390.304476	390.304476	432.637505	562.956867	562.956867	432.637505	562.956867	365.840820	365.840820	390.304476	365.840820	355.947418	390.304476	390.304476	390.304476	390.304476	355.947418	432.637505	244.201964	383.421039	0.00	0.00	341.731881	471.480413	244.201964	244.201964	366.101502	383.421039	366.101502	103.383047	383.421039	103.383047	332.593916	244.201964	341.731881	332.593916	176.844652	366.101502	341.731881	176.844652	332.593916	383.421039	341.731881	471.480413	383.421039	373.775483	341.731881	103.383047	471.480413	244.201964	366.101502	366.101502	432.637505	390.304476
1726.059089	979.322019	979.322019	2505.649345	639.736796	2505.649345	696.752300	1726.059089	1147.717538	1726.059089	979.322019	1065.520144	1301.683386	1230.430839	1251.502895	1251.502895	1251.502895	1230.430839	1040.284636	1258.739365	1258.739365	390.304476	365.840820	390.304476	390.304476	432.637505	562.956867	562.956867	432.637505	562.956867	365.840820	365.840820	390.304476	365.840820	355.947418	390.304476	390.304476	390.304476	390.304476	355.947418	432.637505	244.201964	383.421039	0.00	0.00	341.731881	471.480413	244.201964	244.201964	366.101502	383.421039	366.101502	103.383047	383.421039	103.383047	332.593916	244.201964	341.731881	332.593916	176.844652	366.101502	341.731881	176.844652	332.593916	383.421039	341.731881	471.480413	383.421039	373.775483	341.731881	103.383047	471.480413	244.201964	366.101502	366.101502	432.637505	390.304476
1554.298937	967.851055	967.851055	2358.141147	718.906734	2358.141147	751.542963	1554.298937	1080.412051	1554.298937	967.851055	806.478489	1071.652057	987.443999	999.860471	999.860471	999.860471	987.443999	850.217655	1080.964017	1080.964017	693.488454	634.464068	693.488454	693.488454	686.562741	813.373691	813.373691	686.562741	813.373691	634.464068	634.464068	693.488454	634.464068	691.307346	693.488454	693.488454	693.488454	693.488454	691.307346	686.562741	100.133479	62.329012	341.731881	341.731881	0.00	154.769082	100.133479	100.133479	37.373475	62.329012	37.373475	407.076288	62.329012	407.076288	59.286457	100.133479	0.00	59.286457	461.473611	37.373475	0.00	461.473611	59.286457	62.329012	0.00	154.769082	62.329012	120.255766	0.00	407.076288	154.769082	100.133479	37.373475	37.373475	686.562741	693.488454
1600.562221	1087.422901	1087.422901	2409.638386	863.245258	2409.638386	891.163670	1600.562221	1180.000505	1600.562221	1087.422901	814.932667	1092.567430	1001.723875	1007.472372	1007.472372	1007.472372	1001.723875	902.451719	1132.602978	1132.602978	840.934733	786.373565	840.934733	840.934733	840.020886	967.509261	967.509261	840.020886	967.509261	786.373565	786.373565	840.934733	786.373565	804.069783	840.934733	840.934733	840.934733	840.934733	804.069783	840.020886	231.645983	94.783892	471.480413	471.480413	154.769082	0.00	231.645983	231.645983	159.971025	94.783892	159.971025	517.149060	94.783892	517.149060	139.641147	231.645983	154.769082	139.641147	558.327137	159.971025	154.769082	558.327137	139.641147	94.783892	154.769082	0.00	94.783892	108.999916	154.769082	517.149060	0.00	231.645983	159.971025	159.971025	840.020886	840.934733
