0.0	4.53710398066	4.53710398066	4.44018955227	3.31519037354	4.44018955227	3.29607299483	0.0	4.39568494356	0.0	4.53710398066	2.96711864725	2.79392451462	2.85877348341	2.87556360868	2.87556360868	2.87556360868	2.85877348341	2.93230988593	2.8185119336	2.8185119336	3.587531927	3.48654417865	3.587531927	3.587531927	3.47524049697	3.58191198696	3.58191198696	3.47524049697	3.58191198696	3.48654417865	3.48654417865	3.587531927	3.48654417865	4.63865078084	3.587531927	3.587531927	3.587531927	3.587531927	4.63865078084	3.47524049697	4.27618358256	4.26436019363	4.31570722196	4.31570722196	4.20474891211	4.85841457227	4.27618358256	4.27618358256	4.12140483474	4.26436019363	4.12140483474	4.32682125822	4.26436019363	4.32682125822	4.2857829797	4.27618358256	4.20474891211	4.2857829797	4.28953251476	4.12140483474	4.20474891211	4.28953251476	4.2857829797	4.26436019363	4.20474891211	4.85841457227	4.26436019363	4.2736294127	4.20474891211	4.32682125822	4.85841457227	4.27618358256	4.12140483474	4.12140483474	3.47524049697	3.587531927
4.53710398066	0.0	0.0	4.72820923181	2.66581322002	4.72820923181	2.59649085766	4.53710398066	3.86288933709	4.53710398066	0.0	2.92258347341	2.90601920602	2.91398936447	2.93595865075	2.93595865075	2.93595865075	2.91398936447	2.79830464667	2.85044741335	2.85044741335	3.11197338714	2.9971284018	3.11197338714	3.11197338714	2.97369592416	3.07389835133	3.07389835133	2.97369592416	3.07389835133	2.9971284018	2.9971284018	3.11197338714	2.9971284018	4.21806939675	3.11197338714	3.11197338714	3.11197338714	3.11197338714	4.21806939675	2.97369592416	3.91446236668	3.93366576197	3.90198342503	3.90198342503	3.86853091242	4.540569617	3.91446236668	3.91446236668	3.79515698474	3.93366576197	3.79515698474	3.91529880495	3.93366576197	3.91529880495	3.94014813039	3.91446236668	3.86853091242	3.94014813039	3.8794826985	3.79515698474	3.86853091242	3.8794826985	3.94014813039	3.93366576197	3.86853091242	4.540569617	3.93366576197	3.92588022617	3.86853091242	3.91529880495	4.540569617	3.91446236668	3.79515698474	3.79515698474	2.97369592416	3.11197338714
4.53710398066	0.0	0.0	4.72820923181	2.66581322002	4.72820923181	2.59649085766	4.53710398066	3.86288933709	4.53710398066	0.0	2.92258347341	2.90601920602	2.91398936447	2.93595865075	2.93595865075	2.93595865075	2.91398936447	2.79830464667	2.85044741335	2.85044741335	3.11197338714	2.9971284018	3.11197338714	3.11197338714	2.97369592416	3.07389835133	3.07389835133	2.97369592416	3.07389835133	2.9971284018	2.9971284018	3.11197338714	2.9971284018	4.21806939675	3.11197338714	3.11197338714	3.11197338714	3.11197338714	4.21806939675	2.97369592416	3.91446236668	3.93366576197	3.90198342503	3.90198342503	3.86853091242	4.540569617	3.91446236668	3.91446236668	3.79515698474	3.93366576197	3.79515698474	3.91529880495	3.93366576197	3.91529880495	3.94014813039	3.91446236668	3.86853091242	3.94014813039	3.8794826985	3.79515698474	3.86853091242	3.8794826985	3.94014813039	3.93366576197	3.86853091242	4.540569617	3.93366576197	3.92588022617	3.86853091242	3.91529880495	4.540569617	3.91446236668	3.79515698474	3.79515698474	2.97369592416	3.11197338714
4.44018955227	4.72820923181	4.72820923181	0.0	3.49168599551	0.0	3.47745380854	4.44018955227	4.6348328978	4.44018955227	4.72820923181	3.25406705992	3.1216387726	3.1697861318	3.18365972064	3.18365972064	3.18365972064	3.1697861318	3.22281246223	3.15149580224	3.15149580224	3.73969848318	3.64305858281	3.73969848318	3.73969848318	3.63037119899	3.73131026085	3.73131026085	3.63037119899	3.73131026085	3.64305858281	3.64305858281	3.73969848318	3.64305858281	4.78679876128	3.73969848318	3.73969848318	3.73969848318	3.73969848318	4.78679876128	3.63037119899	4.47318264792	4.47331275746	4.4877195317	4.4877195317	4.41357737323	5.069934603	4.47318264792	4.47318264792	4.33602914796	4.47331275746	4.33602914796	4.49175245076	4.47331275746	4.49175245076	4.48798600135	4.47318264792	4.41357737323	4.48798600135	4.45042070625	4.33602914796	4.41357737323	4.45042070625	4.48798600135	4.47331275746	4.41357737323	5.069934603	4.47331275746	4.47212533733	4.41357737323	4.49175245076	5.069934603	4.47318264792	4.33602914796	4.33602914796	3.63037119899	3.73969848318
3.31519037354	2.66581322002	2.66581322002	3.49168599551	0.0	3.49168599551	0.78616060438	3.31519037354	2.92046150168	3.31519037354	2.66581322002	1.63635106473	1.65817999005	1.65499305492	1.67354150363	1.67354150363	1.67354150363	1.65499305492	1.54902023562	1.6316958226	1.6316958226	1.46549724763	1.33030365364	1.46549724763	1.46549724763	1.29141519517	1.38970865268	1.38970865268	1.29141519517	1.38970865268	1.33030365364	1.33030365364	1.46549724763	1.33030365364	2.64306831045	1.46549724763	1.46549724763	1.46549724763	1.46549724763	2.64306831045	1.29141519517	2.40921956468	2.45996866886	2.33501915421	2.33501915421	2.3915816167	3.07556030185	2.40921956468	2.40921956468	2.33063024077	2.45996866886	2.33063024077	2.35029509943	2.45996866886	2.35029509943	2.45079639305	2.40921956468	2.3915816167	2.45079639305	2.31636530793	2.33063024077	2.3915816167	2.31636530793	2.45079639305	2.45996866886	2.3915816167	3.07556030185	2.45996866886	2.43184156485	2.3915816167	2.35029509943	3.07556030185	2.40921956468	2.33063024077	2.33063024077	1.29141519517	1.46549724763
4.44018955227	4.72820923181	4.72820923181	0.0	3.49168599551	0.0	3.47745380854	4.44018955227	4.6348328978	4.44018955227	4.72820923181	3.25406705992	3.1216387726	3.1697861318	3.18365972064	3.18365972064	3.18365972064	3.1697861318	3.22281246223	3.15149580224	3.15149580224	3.73969848318	3.64305858281	3.73969848318	3.73969848318	3.63037119899	3.73131026085	3.73131026085	3.63037119899	3.73131026085	3.64305858281	3.64305858281	3.73969848318	3.64305858281	4.78679876128	3.73969848318	3.73969848318	3.73969848318	3.73969848318	4.78679876128	3.63037119899	4.47318264792	4.47331275746	4.4877195317	4.4877195317	4.41357737323	5.069934603	4.47318264792	4.47318264792	4.33602914796	4.47331275746	4.33602914796	4.49175245076	4.47331275746	4.49175245076	4.48798600135	4.47318264792	4.41357737323	4.48798600135	4.45042070625	4.33602914796	4.41357737323	4.45042070625	4.48798600135	4.47331275746	4.41357737323	5.069934603	4.47331275746	4.47212533733	4.41357737323	4.49175245076	5.069934603	4.47318264792	4.33602914796	4.33602914796	3.63037119899	3.73969848318
3.29607299483	2.59649085766	2.59649085766	3.47745380854	0.78616060438	3.47745380854	0.0	3.29607299483	2.88081543575	3.29607299483	2.59649085766	1.618672196	1.63743607109	1.63499145326	1.65407001532	1.65407001532	1.65407001532	1.63499145326	1.5244369325	1.60728514432	1.60728514432	1.52581847062	1.39525135748	1.52581847062	1.52581847062	1.36012715572	1.45859030697	1.45859030697	1.36012715572	1.45859030697	1.39525135748	1.39525135748	1.52581847062	1.39525135748	2.68684816645	1.52581847062	1.52581847062	1.52581847062	1.52581847062	2.68684816645	1.36012715572	2.4321292648	2.47544183787	2.37422895051	2.37422895051	2.40739015908	3.0895224624	2.4321292648	2.4321292648	2.34311194498	2.47544183787	2.34311194498	2.39003114362	2.47544183787	2.39003114362	2.47012514825	2.4321292648	2.40739015908	2.47012514825	2.35613080609	2.34311194498	2.40739015908	2.35613080609	2.47012514825	2.47544183787	2.40739015908	3.0895224624	2.47544183787	2.45283246171	2.40739015908	2.39003114362	3.0895224624	2.4321292648	2.34311194498	2.34311194498	1.36012715572	1.52581847062
0.0	4.53710398066	4.53710398066	4.44018955227	3.31519037354	4.44018955227	3.29607299483	0.0	4.39568494356	0.0	4.53710398066	2.96711864725	2.79392451462	2.85877348341	2.87556360868	2.87556360868	2.87556360868	2.85877348341	2.93230988593	2.8185119336	2.8185119336	3.587531927	3.48654417865	3.587531927	3.587531927	3.47524049697	3.58191198696	3.58191198696	3.47524049697	3.58191198696	3.48654417865	3.48654417865	3.587531927	3.48654417865	4.63865078084	3.587531927	3.587531927	3.587531927	3.587531927	4.63865078084	3.47524049697	4.27618358256	4.26436019363	4.31570722196	4.31570722196	4.20474891211	4.85841457227	4.27618358256	4.27618358256	4.12140483474	4.26436019363	4.12140483474	4.32682125822	4.26436019363	4.32682125822	4.2857829797	4.27618358256	4.20474891211	4.2857829797	4.28953251476	4.12140483474	4.20474891211	4.28953251476	4.2857829797	4.26436019363	4.20474891211	4.85841457227	4.26436019363	4.2736294127	4.20474891211	4.32682125822	4.85841457227	4.27618358256	4.12140483474	4.12140483474	3.47524049697	3.587531927
4.39568494356	3.86288933709	3.86288933709	4.6348328978	2.92046150168	4.6348328978	2.88081543575	4.39568494356	0.0	4.39568494356	3.86288933709	2.85202420341	2.7879697455	2.81073441688	2.83653025134	2.83653025134	2.83653025134	2.81073441688	2.70283868652	2.68497204151	2.68497204151	3.26933768772	3.16163501677	3.26933768772	3.26933768772	3.14535878267	3.2501575714	3.2501575714	3.14535878267	3.2501575714	3.16163501677	3.16163501677	3.26933768772	3.16163501677	4.34520413471	3.26933768772	3.26933768772	3.26933768772	3.26933768772	4.34520413471	3.14535878267	4.0015790409	4.00292574092	4.02141722777	4.02141722777	3.94012359965	4.60389317502	4.0015790409	4.0015790409	3.86016890093	4.00292574092	3.86016890093	4.03484087513	4.00292574092	4.03484087513	4.01826807824	4.0015790409	3.94012359965	4.01826807824	3.99888302629	3.86016890093	3.94012359965	3.99888302629	4.01826807824	4.00292574092	3.94012359965	4.60389317502	4.00292574092	4.00624999396	3.94012359965	4.03484087513	4.60389317502	4.0015790409	3.86016890093	3.86016890093	3.14535878267	3.26933768772
0.0	4.53710398066	4.53710398066	4.44018955227	3.31519037354	4.44018955227	3.29607299483	0.0	4.39568494356	0.0	4.53710398066	2.96711864725	2.79392451462	2.85877348341	2.87556360868	2.87556360868	2.87556360868	2.85877348341	2.93230988593	2.8185119336	2.8185119336	3.587531927	3.48654417865	3.587531927	3.587531927	3.47524049697	3.58191198696	3.58191198696	3.47524049697	3.58191198696	3.48654417865	3.48654417865	3.587531927	3.48654417865	4.63865078084	3.587531927	3.587531927	3.587531927	3.587531927	4.63865078084	3.47524049697	4.27618358256	4.26436019363	4.31570722196	4.31570722196	4.20474891211	4.85841457227	4.27618358256	4.27618358256	4.12140483474	4.26436019363	4.12140483474	4.32682125822	4.26436019363	4.32682125822	4.2857829797	4.27618358256	4.20474891211	4.2857829797	4.28953251476	4.12140483474	4.20474891211	4.28953251476	4.2857829797	4.26436019363	4.20474891211	4.85841457227	4.26436019363	4.2736294127	4.20474891211	4.32682125822	4.85841457227	4.27618358256	4.12140483474	4.12140483474	3.47524049697	3.587531927
4.53710398066	0.0	0.0	4.72820923181	2.66581322002	4.72820923181	2.59649085766	4.53710398066	3.86288933709	4.53710398066	0.0	2.92258347341	2.90601920602	2.91398936447	2.93595865075	2.93595865075	2.93595865075	2.91398936447	2.79830464667	2.85044741335	2.85044741335	3.11197338714	2.9971284018	3.11197338714	3.11197338714	2.97369592416	3.07389835133	3.07389835133	2.97369592416	3.07389835133	2.9971284018	2.9971284018	3.11197338714	2.9971284018	4.21806939675	3.11197338714	3.11197338714	3.11197338714	3.11197338714	4.21806939675	2.97369592416	3.91446236668	3.93366576197	3.90198342503	3.90198342503	3.86853091242	4.540569617	3.91446236668	3.91446236668	3.79515698474	3.93366576197	3.79515698474	3.91529880495	3.93366576197	3.91529880495	3.94014813039	3.91446236668	3.86853091242	3.94014813039	3.8794826985	3.79515698474	3.86853091242	3.8794826985	3.94014813039	3.93366576197	3.86853091242	4.540569617	3.93366576197	3.92588022617	3.86853091242	3.91529880495	4.540569617	3.91446236668	3.79515698474	3.79515698474	2.97369592416	3.11197338714
2.96711864725	2.92258347341	2.92258347341	3.25406705992	1.63635106473	3.25406705992	1.618672196	2.96711864725	2.85202420341	2.96711864725	2.92258347341	0.0	1.10739967528	1.01856278547	1.0206788382	1.0206788382	1.0206788382	1.01856278547	1.12319610358	1.20599941788	1.20599941788	1.91247222393	1.80734024925	1.91247222393	1.91247222393	1.8010428319	1.91876513141	1.91876513141	1.8010428319	1.91876513141	1.80734024925	1.80734024925	1.91247222393	1.80734024925	2.95764886882	1.91247222393	1.91247222393	1.91247222393	1.91247222393	2.95764886882	1.8010428319	2.49853301302	2.45822696198	2.59302204982	2.59302204982	2.40044335148	3.04460437341	2.49853301302	2.49853301302	2.30473310815	2.45822696198	2.30473310815	2.61537437094	2.45822696198	2.61537437094	2.49502048868	2.49853301302	2.40044335148	2.49502048868	2.58451505845	2.30473310815	2.40044335148	2.58451505845	2.49502048868	2.45822696198	2.40044335148	3.04460437341	2.45822696198	2.48957785747	2.40044335148	2.61537437094	3.04460437341	2.49853301302	2.30473310815	2.30473310815	1.8010428319	1.91247222393
2.79392451462	2.90601920602	2.90601920602	3.1216387726	1.65817999005	3.1216387726	1.63743607109	2.79392451462	2.7879697455	2.79392451462	2.90601920602	1.10739967528	0.0	0.855728576141	0.908144378976	0.908144378976	0.908144378976	0.855728576141	1.1154448765	1.02825761146	1.02825761146	1.94243213545	1.8380377853	1.94243213545	1.94243213545	1.82923017558	1.94256724002	1.94256724002	1.82923017558	1.94256724002	1.8380377853	1.8380377853	1.94243213545	1.8380377853	2.9930353851	1.94243213545	1.94243213545	1.94243213545	1.94243213545	2.9930353851	1.82923017558	2.57420122435	2.54712778343	2.64445818354	2.64445818354	2.48809502142	3.13750038609	2.57420122435	2.57420122435	2.39775588065	2.54712778343	2.39775588065	2.66281131928	2.54712778343	2.66281131928	2.5769446583	2.57420122435	2.48809502142	2.5769446583	2.62963797089	2.39775588065	2.48809502142	2.62963797089	2.5769446583	2.54712778343	2.48809502142	3.13750038609	2.54712778343	2.56891023622	2.48809502142	2.66281131928	3.13750038609	2.57420122435	2.39775588065	2.39775588065	1.82923017558	1.94243213545
2.85877348341	2.91398936447	2.91398936447	3.1697861318	1.65499305492	3.1697861318	1.63499145326	2.85877348341	2.81073441688	2.85877348341	2.91398936447	1.01856278547	0.855728576141	0.0	0.693737194387	0.693737194387	0.693737194387	0.0	1.10374426573	1.09078519691	1.09078519691	1.93751062918	1.83282211099	1.93751062918	1.93751062918	1.82474137355	1.9394190308	1.9394190308	1.82474137355	1.9394190308	1.83282211099	1.83282211099	1.93751062918	1.83282211099	2.98668420754	1.93751062918	1.93751062918	1.93751062918	1.93751062918	2.98668420754	1.82474137355	2.5557035341	2.52469823012	2.63317361919	2.63317361919	2.46606044161	3.1137742363	2.5557035341	2.5557035341	2.37415689915	2.52469823012	2.37415689915	2.65277472631	2.52469823012	2.65277472631	2.55658708049	2.5557035341	2.46606044161	2.55658708049	2.62032380139	2.37415689915	2.46606044161	2.62032380139	2.55658708049	2.52469823012	2.46606044161	3.1137742363	2.52469823012	2.54929732652	2.46606044161	2.65277472631	3.1137742363	2.5557035341	2.37415689915	2.37415689915	1.82474137355	1.93751062918
2.87556360868	2.93595865075	2.93595865075	3.18365972064	1.67354150363	3.18365972064	1.65407001532	2.87556360868	2.83653025134	2.87556360868	2.93595865075	1.0206788382	0.908144378976	0.693737194387	0.0	0.0	0.0	0.693737194387	1.1394313807	1.12848128716	1.12848128716	1.95398712309	1.8494356538	1.95398712309	1.95398712309	1.84157271256	1.95646095845	1.95646095845	1.84157271256	1.95646095845	1.8494356538	1.8494356538	1.95398712309	1.8494356538	3.0022832521	1.95398712309	1.95398712309	1.95398712309	1.95398712309	3.0022832521	1.84157271256	2.56883392809	2.53658417017	2.64806973802	2.64806973802	2.47827563379	3.12486913229	2.56883392809	2.56883392809	2.38608463124	2.53658417017	2.38608463124	2.66775045206	2.53658417017	2.66775045206	2.56906676142	2.56883392809	2.47827563379	2.56906676142	2.63536300937	2.38608463124	2.47827563379	2.63536300937	2.56906676142	2.53658417017	2.47827563379	3.12486913229	2.53658417017	2.56176277358	2.47827563379	2.66775045206	3.12486913229	2.56883392809	2.38608463124	2.38608463124	1.84157271256	1.95398712309
2.87556360868	2.93595865075	2.93595865075	3.18365972064	1.67354150363	3.18365972064	1.65407001532	2.87556360868	2.83653025134	2.87556360868	2.93595865075	1.0206788382	0.908144378976	0.693737194387	0.0	0.0	0.0	0.693737194387	1.1394313807	1.12848128716	1.12848128716	1.95398712309	1.8494356538	1.95398712309	1.95398712309	1.84157271256	1.95646095845	1.95646095845	1.84157271256	1.95646095845	1.8494356538	1.8494356538	1.95398712309	1.8494356538	3.0022832521	1.95398712309	1.95398712309	1.95398712309	1.95398712309	3.0022832521	1.84157271256	2.56883392809	2.53658417017	2.64806973802	2.64806973802	2.47827563379	3.12486913229	2.56883392809	2.56883392809	2.38608463124	2.53658417017	2.38608463124	2.66775045206	2.53658417017	2.66775045206	2.56906676142	2.56883392809	2.47827563379	2.56906676142	2.63536300937	2.38608463124	2.47827563379	2.63536300937	2.56906676142	2.53658417017	2.47827563379	3.12486913229	2.53658417017	2.56176277358	2.47827563379	2.66775045206	3.12486913229	2.56883392809	2.38608463124	2.38608463124	1.84157271256	1.95398712309
2.87556360868	2.93595865075	2.93595865075	3.18365972064	1.67354150363	3.18365972064	1.65407001532	2.87556360868	2.83653025134	2.87556360868	2.93595865075	1.0206788382	0.908144378976	0.693737194387	0.0	0.0	0.0	0.693737194387	1.1394313807	1.12848128716	1.12848128716	1.95398712309	1.8494356538	1.95398712309	1.95398712309	1.84157271256	1.95646095845	1.95646095845	1.84157271256	1.95646095845	1.8494356538	1.8494356538	1.95398712309	1.8494356538	3.0022832521	1.95398712309	1.95398712309	1.95398712309	1.95398712309	3.0022832521	1.84157271256	2.56883392809	2.53658417017	2.64806973802	2.64806973802	2.47827563379	3.12486913229	2.56883392809	2.56883392809	2.38608463124	2.53658417017	2.38608463124	2.66775045206	2.53658417017	2.66775045206	2.56906676142	2.56883392809	2.47827563379	2.56906676142	2.63536300937	2.38608463124	2.47827563379	2.63536300937	2.56906676142	2.53658417017	2.47827563379	3.12486913229	2.53658417017	2.56176277358	2.47827563379	2.66775045206	3.12486913229	2.56883392809	2.38608463124	2.38608463124	1.84157271256	1.95398712309
2.85877348341	2.91398936447	2.91398936447	3.1697861318	1.65499305492	3.1697861318	1.63499145326	2.85877348341	2.81073441688	2.85877348341	2.91398936447	1.01856278547	0.855728576141	0.0	0.693737194387	0.693737194387	0.693737194387	0.0	1.10374426573	1.09078519691	1.09078519691	1.93751062918	1.83282211099	1.93751062918	1.93751062918	1.82474137355	1.9394190308	1.9394190308	1.82474137355	1.9394190308	1.83282211099	1.83282211099	1.93751062918	1.83282211099	2.98668420754	1.93751062918	1.93751062918	1.93751062918	1.93751062918	2.98668420754	1.82474137355	2.5557035341	2.52469823012	2.63317361919	2.63317361919	2.46606044161	3.1137742363	2.5557035341	2.5557035341	2.37415689915	2.52469823012	2.37415689915	2.65277472631	2.52469823012	2.65277472631	2.55658708049	2.5557035341	2.46606044161	2.55658708049	2.62032380139	2.37415689915	2.46606044161	2.62032380139	2.55658708049	2.52469823012	2.46606044161	3.1137742363	2.52469823012	2.54929732652	2.46606044161	2.65277472631	3.1137742363	2.5557035341	2.37415689915	2.37415689915	1.82474137355	1.93751062918
2.93230988593	2.79830464667	2.79830464667	3.22281246223	1.54902023562	3.22281246223	1.5244369325	2.93230988593	2.70283868652	2.93230988593	2.79830464667	1.12319610358	1.1154448765	1.10374426573	1.1394313807	1.1394313807	1.1394313807	1.10374426573	0.0	1.06597229242	1.06597229242	1.85212454501	1.74514966627	1.85212454501	1.85212454501	1.73616468269	1.85143968296	1.85143968296	1.73616468269	1.85143968296	1.74514966627	1.74514966627	1.85212454501	1.74514966627	2.90835027992	1.85212454501	1.85212454501	1.85212454501	1.85212454501	2.90835027992	1.73616468269	2.47895905804	2.45352753572	2.55194303062	2.55194303062	2.39219245576	3.04817029825	2.47895905804	2.47895905804	2.3003635919	2.45352753572	2.3003635919	2.57340292217	2.45352753572	2.57340292217	2.48314873675	2.47895905804	2.39219245576	2.48314873675	2.54183340413	2.3003635919	2.39219245576	2.54183340413	2.48314873675	2.45352753572	2.39219245576	3.04817029825	2.45352753572	2.47742785757	2.39219245576	2.57340292217	3.04817029825	2.47895905804	2.3003635919	2.3003635919	1.73616468269	1.85212454501
2.8185119336	2.85044741335	2.85044741335	3.15149580224	1.6316958226	3.15149580224	1.60728514432	2.8185119336	2.68497204151	2.8185119336	2.85044741335	1.20599941788	1.02825761146	1.09078519691	1.12848128716	1.12848128716	1.12848128716	1.09078519691	1.06597229242	0.0	0.0	1.92933049496	1.82404601634	1.92933049496	1.92933049496	1.81395382471	1.9261205967	1.9261205967	1.81395382471	1.9261205967	1.82404601634	1.82404601634	1.92933049496	1.82404601634	2.98505590987	1.92933049496	1.92933049496	1.92933049496	1.92933049496	2.98505590987	1.81395382471	2.5788604707	2.5577244433	2.64000728459	2.64000728459	2.4974039279	3.1512244981	2.5788604707	2.5788604707	2.40873314676	2.5577244433	2.40873314676	2.65792603914	2.5577244433	2.65792603914	2.58465333046	2.5788604707	2.4974039279	2.58465333046	2.62445288222	2.40873314676	2.4974039279	2.62445288222	2.58465333046	2.5577244433	2.4974039279	3.1512244981	2.5577244433	2.57637489899	2.4974039279	2.65792603914	3.1512244981	2.5788604707	2.40873314676	2.40873314676	1.81395382471	1.92933049496
2.8185119336	2.85044741335	2.85044741335	3.15149580224	1.6316958226	3.15149580224	1.60728514432	2.8185119336	2.68497204151	2.8185119336	2.85044741335	1.20599941788	1.02825761146	1.09078519691	1.12848128716	1.12848128716	1.12848128716	1.09078519691	1.06597229242	0.0	0.0	1.92933049496	1.82404601634	1.92933049496	1.92933049496	1.81395382471	1.9261205967	1.9261205967	1.81395382471	1.9261205967	1.82404601634	1.82404601634	1.92933049496	1.82404601634	2.98505590987	1.92933049496	1.92933049496	1.92933049496	1.92933049496	2.98505590987	1.81395382471	2.5788604707	2.5577244433	2.64000728459	2.64000728459	2.4974039279	3.1512244981	2.5788604707	2.5788604707	2.40873314676	2.5577244433	2.40873314676	2.65792603914	2.5577244433	2.65792603914	2.58465333046	2.5788604707	2.4974039279	2.58465333046	2.62445288222	2.40873314676	2.4974039279	2.62445288222	2.58465333046	2.5577244433	2.4974039279	3.1512244981	2.5577244433	2.57637489899	2.4974039279	2.65792603914	3.1512244981	2.5788604707	2.40873314676	2.40873314676	1.81395382471	1.92933049496
3.587531927	3.11197338714	3.11197338714	3.73969848318	1.46549724763	3.73969848318	1.52581847062	3.587531927	3.26933768772	3.587531927	3.11197338714	1.91247222393	1.94243213545	1.93751062918	1.95398712309	1.95398712309	1.95398712309	1.93751062918	1.85212454501	1.92933049496	1.92933049496	0.0	0.918214738129	0.0	0.0	0.995296045299	1.21613751885	1.21613751885	0.995296045299	1.21613751885	0.918214738129	0.918214738129	0.0	0.918214738129	2.34186290452	0.0	0.0	0.0	0.0	2.34186290452	0.995296045299	2.4113332886	2.52304994637	2.15695636417	2.15695636417	2.45935866838	3.14486927959	2.4113332886	2.4113332886	2.43238543228	2.52304994637	2.43238543228	2.13416813154	2.52304994637	2.13416813154	2.4780675005	2.4113332886	2.45935866838	2.4780675005	2.09016658606	2.43238543228	2.45935866838	2.09016658606	2.4780675005	2.52304994637	2.45935866838	3.14486927959	2.52304994637	2.43422804432	2.45935866838	2.13416813154	3.14486927959	2.4113332886	2.43238543228	2.43238543228	0.995296045299	0.0
3.48654417865	2.9971284018	2.9971284018	3.64305858281	1.33030365364	3.64305858281	1.39525135748	3.48654417865	3.16163501677	3.48654417865	2.9971284018	1.80734024925	1.8380377853	1.83282211099	1.8494356538	1.8494356538	1.8494356538	1.83282211099	1.74514966627	1.82404601634	1.82404601634	0.918214738129	0.0	0.918214738129	0.918214738129	0.802657819734	1.10723854968	1.10723854968	0.802657819734	1.10723854968	0.0	0.0	0.918214738129	0.0	2.33152517975	0.918214738129	0.918214738129	0.918214738129	0.918214738129	2.33152517975	0.802657819734	2.33082535562	2.43720524289	2.09640811204	2.09640811204	2.37164370511	3.05934361512	2.33082535562	2.33082535562	2.34023930887	2.43720524289	2.34023930887	2.09090490073	2.43720524289	2.09090490073	2.3965235462	2.33082535562	2.37164370511	2.3965235462	2.05342676607	2.34023930887	2.37164370511	2.05342676607	2.3965235462	2.43720524289	2.37164370511	3.05934361512	2.43720524289	2.3575151272	2.37164370511	2.09090490073	3.05934361512	2.33082535562	2.34023930887	2.34023930887	0.802657819734	0.918214738129
3.587531927	3.11197338714	3.11197338714	3.73969848318	1.46549724763	3.73969848318	1.52581847062	3.587531927	3.26933768772	3.587531927	3.11197338714	1.91247222393	1.94243213545	1.93751062918	1.95398712309	1.95398712309	1.95398712309	1.93751062918	1.85212454501	1.92933049496	1.92933049496	0.0	0.918214738129	0.0	0.0	0.995296045299	1.21613751885	1.21613751885	0.995296045299	1.21613751885	0.918214738129	0.918214738129	0.0	0.918214738129	2.34186290452	0.0	0.0	0.0	0.0	2.34186290452	0.995296045299	2.4113332886	2.52304994637	2.15695636417	2.15695636417	2.45935866838	3.14486927959	2.4113332886	2.4113332886	2.43238543228	2.52304994637	2.43238543228	2.13416813154	2.52304994637	2.13416813154	2.4780675005	2.4113332886	2.45935866838	2.4780675005	2.09016658606	2.43238543228	2.45935866838	2.09016658606	2.4780675005	2.52304994637	2.45935866838	3.14486927959	2.52304994637	2.43422804432	2.45935866838	2.13416813154	3.14486927959	2.4113332886	2.43238543228	2.43238543228	0.995296045299	0.0
3.587531927	3.11197338714	3.11197338714	3.73969848318	1.46549724763	3.73969848318	1.52581847062	3.587531927	3.26933768772	3.587531927	3.11197338714	1.91247222393	1.94243213545	1.93751062918	1.95398712309	1.95398712309	1.95398712309	1.93751062918	1.85212454501	1.92933049496	1.92933049496	0.0	0.918214738129	0.0	0.0	0.995296045299	1.21613751885	1.21613751885	0.995296045299	1.21613751885	0.918214738129	0.918214738129	0.0	0.918214738129	2.34186290452	0.0	0.0	0.0	0.0	2.34186290452	0.995296045299	2.4113332886	2.52304994637	2.15695636417	2.15695636417	2.45935866838	3.14486927959	2.4113332886	2.4113332886	2.43238543228	2.52304994637	2.43238543228	2.13416813154	2.52304994637	2.13416813154	2.4780675005	2.4113332886	2.45935866838	2.4780675005	2.09016658606	2.43238543228	2.45935866838	2.09016658606	2.4780675005	2.52304994637	2.45935866838	3.14486927959	2.52304994637	2.43422804432	2.45935866838	2.13416813154	3.14486927959	2.4113332886	2.43238543228	2.43238543228	0.995296045299	0.0
3.47524049697	2.97369592416	2.97369592416	3.63037119899	1.29141519517	3.63037119899	1.36012715572	3.47524049697	3.14535878267	3.47524049697	2.97369592416	1.8010428319	1.82923017558	1.82474137355	1.84157271256	1.84157271256	1.84157271256	1.82474137355	1.73616468269	1.81395382471	1.81395382471	0.995296045299	0.802657819734	0.995296045299	0.995296045299	0.0	0.982247758018	0.982247758018	0.0	0.982247758018	0.802657819734	0.802657819734	0.995296045299	0.802657819734	2.39281606581	0.995296045299	0.995296045299	0.995296045299	0.995296045299	2.39281606581	0.0	2.3622071337	2.46027809414	2.15444944201	2.15444944201	2.39437803461	3.0813805664	2.3622071337	2.3622071337	2.35868891842	2.46027809414	2.35868891842	2.15012409423	2.46027809414	2.15012409423	2.42419392754	2.3622071337	2.39437803461	2.42419392754	2.11138527325	2.35868891842	2.39437803461	2.11138527325	2.42419392754	2.46027809414	2.39437803461	3.0813805664	2.46027809414	2.38796873483	2.39437803461	2.15012409423	3.0813805664	2.3622071337	2.35868891842	2.35868891842	0.0	0.995296045299
3.58191198696	3.07389835133	3.07389835133	3.73131026085	1.38970865268	3.73131026085	1.45859030697	3.58191198696	3.2501575714	3.58191198696	3.07389835133	1.91876513141	1.94256724002	1.9394190308	1.95646095845	1.95646095845	1.95646095845	1.9394190308	1.85143968296	1.9261205967	1.9261205967	1.21613751885	1.10723854968	1.21613751885	1.21613751885	0.982247758018	0.0	0.0	0.982247758018	0.0	1.10723854968	1.10723854968	1.21613751885	1.10723854968	2.56422987498	1.21613751885	1.21613751885	1.21613751885	1.21613751885	2.56422987498	0.982247758018	2.51753540234	2.60794968139	2.33194490652	2.33194490652	2.54233691527	3.22765461399	2.51753540234	2.51753540234	2.50327332161	2.60794968139	2.50327332161	2.32507307266	2.60794968139	2.32507307266	2.57569479523	2.51753540234	2.54233691527	2.57569479523	2.28347065592	2.50327332161	2.54233691527	2.28347065592	2.57569479523	2.60794968139	2.54233691527	3.22765461399	2.60794968139	2.54103618269	2.54233691527	2.32507307266	3.22765461399	2.51753540234	2.50327332161	2.50327332161	0.982247758018	1.21613751885
3.58191198696	3.07389835133	3.07389835133	3.73131026085	1.38970865268	3.73131026085	1.45859030697	3.58191198696	3.2501575714	3.58191198696	3.07389835133	1.91876513141	1.94256724002	1.9394190308	1.95646095845	1.95646095845	1.95646095845	1.9394190308	1.85143968296	1.9261205967	1.9261205967	1.21613751885	1.10723854968	1.21613751885	1.21613751885	0.982247758018	0.0	0.0	0.982247758018	0.0	1.10723854968	1.10723854968	1.21613751885	1.10723854968	2.56422987498	1.21613751885	1.21613751885	1.21613751885	1.21613751885	2.56422987498	0.982247758018	2.51753540234	2.60794968139	2.33194490652	2.33194490652	2.54233691527	3.22765461399	2.51753540234	2.51753540234	2.50327332161	2.60794968139	2.50327332161	2.32507307266	2.60794968139	2.32507307266	2.57569479523	2.51753540234	2.54233691527	2.57569479523	2.28347065592	2.50327332161	2.54233691527	2.28347065592	2.57569479523	2.60794968139	2.54233691527	3.22765461399	2.60794968139	2.54103618269	2.54233691527	2.32507307266	3.22765461399	2.51753540234	2.50327332161	2.50327332161	0.982247758018	1.21613751885
3.47524049697	2.97369592416	2.97369592416	3.63037119899	1.29141519517	3.63037119899	1.36012715572	3.47524049697	3.14535878267	3.47524049697	2.97369592416	1.8010428319	1.82923017558	1.82474137355	1.84157271256	1.84157271256	1.84157271256	1.82474137355	1.73616468269	1.81395382471	1.81395382471	0.995296045299	0.802657819734	0.995296045299	0.995296045299	0.0	0.982247758018	0.982247758018	0.0	0.982247758018	0.802657819734	0.802657819734	0.995296045299	0.802657819734	2.39281606581	0.995296045299	0.995296045299	0.995296045299	0.995296045299	2.39281606581	0.0	2.3622071337	2.46027809414	2.15444944201	2.15444944201	2.39437803461	3.0813805664	2.3622071337	2.3622071337	2.35868891842	2.46027809414	2.35868891842	2.15012409423	2.46027809414	2.15012409423	2.42419392754	2.3622071337	2.39437803461	2.42419392754	2.11138527325	2.35868891842	2.39437803461	2.11138527325	2.42419392754	2.46027809414	2.39437803461	3.0813805664	2.46027809414	2.38796873483	2.39437803461	2.15012409423	3.0813805664	2.3622071337	2.35868891842	2.35868891842	0.0	0.995296045299
3.58191198696	3.07389835133	3.07389835133	3.73131026085	1.38970865268	3.73131026085	1.45859030697	3.58191198696	3.2501575714	3.58191198696	3.07389835133	1.91876513141	1.94256724002	1.9394190308	1.95646095845	1.95646095845	1.95646095845	1.9394190308	1.85143968296	1.9261205967	1.9261205967	1.21613751885	1.10723854968	1.21613751885	1.21613751885	0.982247758018	0.0	0.0	0.982247758018	0.0	1.10723854968	1.10723854968	1.21613751885	1.10723854968	2.56422987498	1.21613751885	1.21613751885	1.21613751885	1.21613751885	2.56422987498	0.982247758018	2.51753540234	2.60794968139	2.33194490652	2.33194490652	2.54233691527	3.22765461399	2.51753540234	2.51753540234	2.50327332161	2.60794968139	2.50327332161	2.32507307266	2.60794968139	2.32507307266	2.57569479523	2.51753540234	2.54233691527	2.57569479523	2.28347065592	2.50327332161	2.54233691527	2.28347065592	2.57569479523	2.60794968139	2.54233691527	3.22765461399	2.60794968139	2.54103618269	2.54233691527	2.32507307266	3.22765461399	2.51753540234	2.50327332161	2.50327332161	0.982247758018	1.21613751885
3.48654417865	2.9971284018	2.9971284018	3.64305858281	1.33030365364	3.64305858281	1.39525135748	3.48654417865	3.16163501677	3.48654417865	2.9971284018	1.80734024925	1.8380377853	1.83282211099	1.8494356538	1.8494356538	1.8494356538	1.83282211099	1.74514966627	1.82404601634	1.82404601634	0.918214738129	0.0	0.918214738129	0.918214738129	0.802657819734	1.10723854968	1.10723854968	0.802657819734	1.10723854968	0.0	0.0	0.918214738129	0.0	2.33152517975	0.918214738129	0.918214738129	0.918214738129	0.918214738129	2.33152517975	0.802657819734	2.33082535562	2.43720524289	2.09640811204	2.09640811204	2.37164370511	3.05934361512	2.33082535562	2.33082535562	2.34023930887	2.43720524289	2.34023930887	2.09090490073	2.43720524289	2.09090490073	2.3965235462	2.33082535562	2.37164370511	2.3965235462	2.05342676607	2.34023930887	2.37164370511	2.05342676607	2.3965235462	2.43720524289	2.37164370511	3.05934361512	2.43720524289	2.3575151272	2.37164370511	2.09090490073	3.05934361512	2.33082535562	2.34023930887	2.34023930887	0.802657819734	0.918214738129
3.48654417865	2.9971284018	2.9971284018	3.64305858281	1.33030365364	3.64305858281	1.39525135748	3.48654417865	3.16163501677	3.48654417865	2.9971284018	1.80734024925	1.8380377853	1.83282211099	1.8494356538	1.8494356538	1.8494356538	1.83282211099	1.74514966627	1.82404601634	1.82404601634	0.918214738129	0.0	0.918214738129	0.918214738129	0.802657819734	1.10723854968	1.10723854968	0.802657819734	1.10723854968	0.0	0.0	0.918214738129	0.0	2.33152517975	0.918214738129	0.918214738129	0.918214738129	0.918214738129	2.33152517975	0.802657819734	2.33082535562	2.43720524289	2.09640811204	2.09640811204	2.37164370511	3.05934361512	2.33082535562	2.33082535562	2.34023930887	2.43720524289	2.34023930887	2.09090490073	2.43720524289	2.09090490073	2.3965235462	2.33082535562	2.37164370511	2.3965235462	2.05342676607	2.34023930887	2.37164370511	2.05342676607	2.3965235462	2.43720524289	2.37164370511	3.05934361512	2.43720524289	2.3575151272	2.37164370511	2.09090490073	3.05934361512	2.33082535562	2.34023930887	2.34023930887	0.802657819734	0.918214738129
3.587531927	3.11197338714	3.11197338714	3.73969848318	1.46549724763	3.73969848318	1.52581847062	3.587531927	3.26933768772	3.587531927	3.11197338714	1.91247222393	1.94243213545	1.93751062918	1.95398712309	1.95398712309	1.95398712309	1.93751062918	1.85212454501	1.92933049496	1.92933049496	0.0	0.918214738129	0.0	0.0	0.995296045299	1.21613751885	1.21613751885	0.995296045299	1.21613751885	0.918214738129	0.918214738129	0.0	0.918214738129	2.34186290452	0.0	0.0	0.0	0.0	2.34186290452	0.995296045299	2.4113332886	2.52304994637	2.15695636417	2.15695636417	2.45935866838	3.14486927959	2.4113332886	2.4113332886	2.43238543228	2.52304994637	2.43238543228	2.13416813154	2.52304994637	2.13416813154	2.4780675005	2.4113332886	2.45935866838	2.4780675005	2.09016658606	2.43238543228	2.45935866838	2.09016658606	2.4780675005	2.52304994637	2.45935866838	3.14486927959	2.52304994637	2.43422804432	2.45935866838	2.13416813154	3.14486927959	2.4113332886	2.43238543228	2.43238543228	0.995296045299	0.0
3.48654417865	2.9971284018	2.9971284018	3.64305858281	1.33030365364	3.64305858281	1.39525135748	3.48654417865	3.16163501677	3.48654417865	2.9971284018	1.80734024925	1.8380377853	1.83282211099	1.8494356538	1.8494356538	1.8494356538	1.83282211099	1.74514966627	1.82404601634	1.82404601634	0.918214738129	0.0	0.918214738129	0.918214738129	0.802657819734	1.10723854968	1.10723854968	0.802657819734	1.10723854968	0.0	0.0	0.918214738129	0.0	2.33152517975	0.918214738129	0.918214738129	0.918214738129	0.918214738129	2.33152517975	0.802657819734	2.33082535562	2.43720524289	2.09640811204	2.09640811204	2.37164370511	3.05934361512	2.33082535562	2.33082535562	2.34023930887	2.43720524289	2.34023930887	2.09090490073	2.43720524289	2.09090490073	2.3965235462	2.33082535562	2.37164370511	2.3965235462	2.05342676607	2.34023930887	2.37164370511	2.05342676607	2.3965235462	2.43720524289	2.37164370511	3.05934361512	2.43720524289	2.3575151272	2.37164370511	2.09090490073	3.05934361512	2.33082535562	2.34023930887	2.34023930887	0.802657819734	0.918214738129
4.63865078084	4.21806939675	4.21806939675	4.78679876128	2.64306831045	4.78679876128	2.68684816645	4.63865078084	4.34520413471	4.63865078084	4.21806939675	2.95764886882	2.9930353851	2.98668420754	3.0022832521	3.0022832521	3.0022832521	2.98668420754	2.90835027992	2.98505590987	2.98505590987	2.34186290452	2.33152517975	2.34186290452	2.34186290452	2.39281606581	2.56422987498	2.56422987498	2.39281606581	2.56422987498	2.33152517975	2.33152517975	2.34186290452	2.33152517975	0.0	2.34186290452	2.34186290452	2.34186290452	2.34186290452	0.0	2.39281606581	3.27999471192	3.42241207998	2.96878007361	2.96878007361	3.37109112989	4.04241928019	3.27999471192	3.27999471192	3.37205126208	3.42241207998	3.37205126208	2.80191659192	3.42241207998	2.80191659192	3.35008950079	3.27999471192	3.37109112989	3.35008950079	2.67059997616	3.37205126208	3.37109112989	2.67059997616	3.35008950079	3.42241207998	3.37109112989	4.04241928019	3.42241207998	3.27373997181	3.37109112989	2.80191659192	4.04241928019	3.27999471192	3.37205126208	3.37205126208	2.39281606581	2.34186290452
3.587531927	3.11197338714	3.11197338714	3.73969848318	1.46549724763	3.73969848318	1.52581847062	3.587531927	3.26933768772	3.587531927	3.11197338714	1.91247222393	1.94243213545	1.93751062918	1.95398712309	1.95398712309	1.95398712309	1.93751062918	1.85212454501	1.92933049496	1.92933049496	0.0	0.918214738129	0.0	0.0	0.995296045299	1.21613751885	1.21613751885	0.995296045299	1.21613751885	0.918214738129	0.918214738129	0.0	0.918214738129	2.34186290452	0.0	0.0	0.0	0.0	2.34186290452	0.995296045299	2.4113332886	2.52304994637	2.15695636417	2.15695636417	2.45935866838	3.14486927959	2.4113332886	2.4113332886	2.43238543228	2.52304994637	2.43238543228	2.13416813154	2.52304994637	2.13416813154	2.4780675005	2.4113332886	2.45935866838	2.4780675005	2.09016658606	2.43238543228	2.45935866838	2.09016658606	2.4780675005	2.52304994637	2.45935866838	3.14486927959	2.52304994637	2.43422804432	2.45935866838	2.13416813154	3.14486927959	2.4113332886	2.43238543228	2.43238543228	0.995296045299	0.0
3.587531927	3.11197338714	3.11197338714	3.73969848318	1.46549724763	3.73969848318	1.52581847062	3.587531927	3.26933768772	3.587531927	3.11197338714	1.91247222393	1.94243213545	1.93751062918	1.95398712309	1.95398712309	1.95398712309	1.93751062918	1.85212454501	1.92933049496	1.92933049496	0.0	0.918214738129	0.0	0.0	0.995296045299	1.21613751885	1.21613751885	0.995296045299	1.21613751885	0.918214738129	0.918214738129	0.0	0.918214738129	2.34186290452	0.0	0.0	0.0	0.0	2.34186290452	0.995296045299	2.4113332886	2.52304994637	2.15695636417	2.15695636417	2.45935866838	3.14486927959	2.4113332886	2.4113332886	2.43238543228	2.52304994637	2.43238543228	2.13416813154	2.52304994637	2.13416813154	2.4780675005	2.4113332886	2.45935866838	2.4780675005	2.09016658606	2.43238543228	2.45935866838	2.09016658606	2.4780675005	2.52304994637	2.45935866838	3.14486927959	2.52304994637	2.43422804432	2.45935866838	2.13416813154	3.14486927959	2.4113332886	2.43238543228	2.43238543228	0.995296045299	0.0
3.587531927	3.11197338714	3.11197338714	3.73969848318	1.46549724763	3.73969848318	1.52581847062	3.587531927	3.26933768772	3.587531927	3.11197338714	1.91247222393	1.94243213545	1.93751062918	1.95398712309	1.95398712309	1.95398712309	1.93751062918	1.85212454501	1.92933049496	1.92933049496	0.0	0.918214738129	0.0	0.0	0.995296045299	1.21613751885	1.21613751885	0.995296045299	1.21613751885	0.918214738129	0.918214738129	0.0	0.918214738129	2.34186290452	0.0	0.0	0.0	0.0	2.34186290452	0.995296045299	2.4113332886	2.52304994637	2.15695636417	2.15695636417	2.45935866838	3.14486927959	2.4113332886	2.4113332886	2.43238543228	2.52304994637	2.43238543228	2.13416813154	2.52304994637	2.13416813154	2.4780675005	2.4113332886	2.45935866838	2.4780675005	2.09016658606	2.43238543228	2.45935866838	2.09016658606	2.4780675005	2.52304994637	2.45935866838	3.14486927959	2.52304994637	2.43422804432	2.45935866838	2.13416813154	3.14486927959	2.4113332886	2.43238543228	2.43238543228	0.995296045299	0.0
