0.0	10.0004771976	10.0004771976	7.18942384425	9.21674132751	7.18942384425	9.2602526375	0.0	10.0496887841	0.0	10.0004771976	10.5276729537	10.0803462294	8.17546437781	7.30370236879	7.30370236879	7.30370236879	8.17546437781	9.23483573797	9.88657167993	9.88657167993	12.9271712984	12.4322951927	12.9271712984	12.9271712984	12.3209854942	12.4240814312	12.4240814312	12.3209854942	12.4240814312	12.4322951927	12.4322951927	12.9271712984	12.4322951927	13.3738713528	12.9271712984	12.9271712984	12.9271712984	12.9271712984	13.3738713528	12.3209854942	8.53919510079	8.47164833557	10.669759165	10.669759165	8.84890448956	9.71268815572	8.53919510079	8.53919510079	8.43137733613	8.47164833557	8.43137733613	10.6157292338	8.47164833557	10.6157292338	9.01477582134	8.53919510079	8.84890448956	9.01477582134	10.8004680725	8.43137733613	8.84890448956	10.8004680725	9.01477582134	8.47164833557	8.84890448956	9.71268815572	8.47164833557	8.83238636161	8.84890448956	10.6157292338	9.71268815572	8.53919510079	8.43137733613	8.43137733613	12.3209854942	12.9271712984
10.0004771976	0.0	0.0	7.27138144655	7.12810308881	7.27138144655	7.08112100427	10.0004771976	8.24872410592	10.0004771976	0.0	9.86283405379	9.81334464191	7.79242192754	6.93094381374	6.93094381374	6.93094381374	7.79242192754	8.23503827991	9.46599023545	9.46599023545	11.2058282514	10.6872652856	11.2058282514	11.2058282514	10.5428757732	10.6138763325	10.6138763325	10.5428757732	10.6138763325	10.6872652856	10.6872652856	11.2058282514	10.6872652856	11.7398982597	11.2058282514	11.2058282514	11.2058282514	11.2058282514	11.7398982597	10.5428757732	7.04015170486	7.02946000266	9.11078263904	9.11078263904	7.39438864599	8.30106957435	7.04015170486	7.04015170486	6.98217243793	7.02946000266	6.98217243793	9.04989203325	7.02946000266	9.04989203325	7.55460553786	7.04015170486	7.39438864599	7.55460553786	9.2289845892	6.98217243793	7.39438864599	9.2289845892	7.55460553786	7.02946000266	7.39438864599	8.30106957435	7.02946000266	7.37569386443	7.39438864599	9.04989203325	8.30106957435	7.04015170486	6.98217243793	6.98217243793	10.5428757732	11.2058282514
10.0004771976	0.0	0.0	7.27138144655	7.12810308881	7.27138144655	7.08112100427	10.0004771976	8.24872410592	10.0004771976	0.0	9.86283405379	9.81334464191	7.79242192754	6.93094381374	6.93094381374	6.93094381374	7.79242192754	8.23503827991	9.46599023545	9.46599023545	11.2058282514	10.6872652856	11.2058282514	11.2058282514	10.5428757732	10.6138763325	10.6138763325	10.5428757732	10.6138763325	10.6872652856	10.6872652856	11.2058282514	10.6872652856	11.7398982597	11.2058282514	11.2058282514	11.2058282514	11.2058282514	11.7398982597	10.5428757732	7.04015170486	7.02946000266	9.11078263904	9.11078263904	7.39438864599	8.30106957435	7.04015170486	7.04015170486	6.98217243793	7.02946000266	6.98217243793	9.04989203325	7.02946000266	9.04989203325	7.55460553786	7.04015170486	7.39438864599	7.55460553786	9.2289845892	6.98217243793	7.39438864599	9.2289845892	7.55460553786	7.02946000266	7.39438864599	8.30106957435	7.02946000266	7.37569386443	7.39438864599	9.04989203325	8.30106957435	7.04015170486	6.98217243793	6.98217243793	10.5428757732	11.2058282514
7.18942384425	7.27138144655	7.27138144655	0.0	6.52703105903	0.0	6.58016927024	7.18942384425	7.44033034872	7.18942384425	7.27138144655	8.10049844884	7.80262584664	5.80897740136	4.92664058042	4.92664058042	4.92664058042	5.80897740136	6.85089689844	7.76090690634	7.76090690634	10.2563554178	9.76268183831	10.2563554178	10.2563554178	9.63553760021	9.70189416267	9.70189416267	9.63553760021	9.70189416267	9.76268183831	9.76268183831	10.2563554178	9.76268183831	10.7364126569	10.2563554178	10.2563554178	10.2563554178	10.2563554178	10.7364126569	9.63553760021	5.95079562157	5.89472258536	8.0646548088	8.0646548088	6.2701403022	7.14081761653	5.95079562157	5.95079562157	5.85401359362	5.89472258536	5.85401359362	8.00609144482	5.89472258536	8.00609144482	6.43416211027	5.95079562157	6.2701403022	6.43416211027	8.18815117959	5.85401359362	6.2701403022	8.18815117959	6.43416211027	5.89472258536	6.2701403022	7.14081761653	5.89472258536	6.2521489255	6.2701403022	8.00609144482	7.14081761653	5.95079562157	5.85401359362	5.85401359362	9.63553760021	10.2563554178
9.21674132751	7.12810308881	7.12810308881	6.52703105903	0.0	6.52703105903	3.67741241732	9.21674132751	7.92361514265	9.21674132751	7.12810308881	8.57619713682	8.70365156038	6.61611791316	5.74719823785	5.74719823785	5.74719823785	6.61611791316	7.08674237528	8.55856442814	8.55856442814	8.8596000251	8.26999821463	8.8596000251	8.8596000251	8.07980743137	8.19652159242	8.19652159242	8.07980743137	8.19652159242	8.26999821463	8.26999821463	8.8596000251	8.26999821463	9.51569277599	8.8596000251	8.8596000251	8.8596000251	8.8596000251	9.51569277599	8.07980743137	4.99439044611	5.05019386331	6.98107109564	6.98107109564	5.40337589524	6.3522073599	4.99439044611	4.99439044611	4.99888056827	5.05019386331	4.99888056827	6.91183269972	5.05019386331	6.91183269972	5.55423015999	4.99439044611	5.40337589524	5.55423015999	7.08397616836	4.99888056827	5.40337589524	7.08397616836	5.55423015999	5.05019386331	5.40337589524	6.3522073599	5.05019386331	5.37822436451	5.40337589524	6.91183269972	6.3522073599	4.99439044611	4.99888056827	4.99888056827	8.07980743137	8.8596000251
7.18942384425	7.27138144655	7.27138144655	0.0	6.52703105903	0.0	6.58016927024	7.18942384425	7.44033034872	7.18942384425	7.27138144655	8.10049844884	7.80262584664	5.80897740136	4.92664058042	4.92664058042	4.92664058042	5.80897740136	6.85089689844	7.76090690634	7.76090690634	10.2563554178	9.76268183831	10.2563554178	10.2563554178	9.63553760021	9.70189416267	9.70189416267	9.63553760021	9.70189416267	9.76268183831	9.76268183831	10.2563554178	9.76268183831	10.7364126569	10.2563554178	10.2563554178	10.2563554178	10.2563554178	10.7364126569	9.63553760021	5.95079562157	5.89472258536	8.0646548088	8.0646548088	6.2701403022	7.14081761653	5.95079562157	5.95079562157	5.85401359362	5.89472258536	5.85401359362	8.00609144482	5.89472258536	8.00609144482	6.43416211027	5.95079562157	6.2701403022	6.43416211027	8.18815117959	5.85401359362	6.2701403022	8.18815117959	6.43416211027	5.89472258536	6.2701403022	7.14081761653	5.89472258536	6.2521489255	6.2701403022	8.00609144482	7.14081761653	5.95079562157	5.85401359362	5.85401359362	9.63553760021	10.2563554178
9.2602526375	7.08112100427	7.08112100427	6.58016927024	3.67741241732	6.58016927024	0.0	9.2602526375	7.92587283927	9.2602526375	7.08112100427	8.63889288751	8.75524255069	6.67358359412	5.80623173695	5.80623173695	5.80623173695	6.67358359412	7.11223916903	8.58526356712	8.58526356712	9.18772061771	8.61707785244	9.18772061771	9.18772061771	8.45281372897	8.58112823781	8.58112823781	8.45281372897	8.58112823781	8.61707785244	8.61707785244	9.18772061771	8.61707785244	9.78931662108	9.18772061771	9.18772061771	9.18772061771	9.18772061771	9.78931662108	8.45281372897	5.19246168519	5.23097606585	7.20817815794	7.20817815794	5.58625478337	6.52663424852	5.19246168519	5.19246168519	5.1792827188	5.23097606585	5.1792827188	7.14508398795	5.23097606585	7.14508398795	5.74057877192	5.19246168519	5.58625478337	5.74057877192	7.32096394735	5.1792827188	5.58625478337	7.32096394735	5.74057877192	5.23097606585	5.58625478337	6.52663424852	5.23097606585	5.56428840309	5.58625478337	7.14508398795	6.52663424852	5.19246168519	5.1792827188	5.1792827188	8.45281372897	9.18772061771
0.0	10.0004771976	10.0004771976	7.18942384425	9.21674132751	7.18942384425	9.2602526375	0.0	10.0496887841	0.0	10.0004771976	10.5276729537	10.0803462294	8.17546437781	7.30370236879	7.30370236879	7.30370236879	8.17546437781	9.23483573797	9.88657167993	9.88657167993	12.9271712984	12.4322951927	12.9271712984	12.9271712984	12.3209854942	12.4240814312	12.4240814312	12.3209854942	12.4240814312	12.4322951927	12.4322951927	12.9271712984	12.4322951927	13.3738713528	12.9271712984	12.9271712984	12.9271712984	12.9271712984	13.3738713528	12.3209854942	8.53919510079	8.47164833557	10.669759165	10.669759165	8.84890448956	9.71268815572	8.53919510079	8.53919510079	8.43137733613	8.47164833557	8.43137733613	10.6157292338	8.47164833557	10.6157292338	9.01477582134	8.53919510079	8.84890448956	9.01477582134	10.8004680725	8.43137733613	8.84890448956	10.8004680725	9.01477582134	8.47164833557	8.84890448956	9.71268815572	8.47164833557	8.83238636161	8.84890448956	10.6157292338	9.71268815572	8.53919510079	8.43137733613	8.43137733613	12.3209854942	12.9271712984
10.0496887841	8.24872410592	8.24872410592	7.44033034872	7.92361514265	7.44033034872	7.92587283927	10.0496887841	0.0	10.0496887841	8.24872410592	10.0970275144	9.94994896126	7.97072366781	7.11525298971	7.11525298971	7.11525298971	7.97072366781	8.38352309258	9.41594722282	9.41594722282	11.8217835674	11.3135997011	11.8217835674	11.8217835674	11.1834079954	11.2667098484	11.2667098484	11.1834079954	11.2667098484	11.3135997011	11.3135997011	11.8217835674	11.3135997011	12.3197492269	11.8217835674	11.8217835674	11.8217835674	11.8217835674	12.3197492269	11.1834079954	7.56521739543	7.53369403084	9.65966743416	9.65966743416	7.90276969223	8.794870962	7.56521739543	7.56521739543	7.4883946562	7.53369403084	7.4883946562	9.60184495878	7.53369403084	9.60184495878	8.06544654138	7.56521739543	7.90276969223	8.06544654138	9.78329858984	7.4883946562	7.90276969223	9.78329858984	8.06544654138	7.53369403084	7.90276969223	8.794870962	7.53369403084	7.88542907092	7.90276969223	9.60184495878	8.794870962	7.56521739543	7.4883946562	7.4883946562	11.1834079954	11.8217835674
0.0	10.0004771976	10.0004771976	7.18942384425	9.21674132751	7.18942384425	9.2602526375	0.0	10.0496887841	0.0	10.0004771976	10.5276729537	10.0803462294	8.17546437781	7.30370236879	7.30370236879	7.30370236879	8.17546437781	9.23483573797	9.88657167993	9.88657167993	12.9271712984	12.4322951927	12.9271712984	12.9271712984	12.3209854942	12.4240814312	12.4240814312	12.3209854942	12.4240814312	12.4322951927	12.4322951927	12.9271712984	12.4322951927	13.3738713528	12.9271712984	12.9271712984	12.9271712984	12.9271712984	13.3738713528	12.3209854942	8.53919510079	8.47164833557	10.669759165	10.669759165	8.84890448956	9.71268815572	8.53919510079	8.53919510079	8.43137733613	8.47164833557	8.43137733613	10.6157292338	8.47164833557	10.6157292338	9.01477582134	8.53919510079	8.84890448956	9.01477582134	10.8004680725	8.43137733613	8.84890448956	10.8004680725	9.01477582134	8.47164833557	8.84890448956	9.71268815572	8.47164833557	8.83238636161	8.84890448956	10.6157292338	9.71268815572	8.53919510079	8.43137733613	8.43137733613	12.3209854942	12.9271712984
10.0004771976	0.0	0.0	7.27138144655	7.12810308881	7.27138144655	7.08112100427	10.0004771976	8.24872410592	10.0004771976	0.0	9.86283405379	9.81334464191	7.79242192754	6.93094381374	6.93094381374	6.93094381374	7.79242192754	8.23503827991	9.46599023545	9.46599023545	11.2058282514	10.6872652856	11.2058282514	11.2058282514	10.5428757732	10.6138763325	10.6138763325	10.5428757732	10.6138763325	10.6872652856	10.6872652856	11.2058282514	10.6872652856	11.7398982597	11.2058282514	11.2058282514	11.2058282514	11.2058282514	11.7398982597	10.5428757732	7.04015170486	7.02946000266	9.11078263904	9.11078263904	7.39438864599	8.30106957435	7.04015170486	7.04015170486	6.98217243793	7.02946000266	6.98217243793	9.04989203325	7.02946000266	9.04989203325	7.55460553786	7.04015170486	7.39438864599	7.55460553786	9.2289845892	6.98217243793	7.39438864599	9.2289845892	7.55460553786	7.02946000266	7.39438864599	8.30106957435	7.02946000266	7.37569386443	7.39438864599	9.04989203325	8.30106957435	7.04015170486	6.98217243793	6.98217243793	10.5428757732	11.2058282514
10.5276729537	9.86283405379	9.86283405379	8.10049844884	8.57619713682	8.10049844884	8.63889288751	10.5276729537	10.0970275144	10.5276729537	9.86283405379	0.0	8.63783761786	6.13135045327	5.22972505	5.22972505	5.22972505	6.13135045327	7.77172493584	9.57007387266	9.57007387266	12.0023232553	11.5204103964	12.0023232553	12.0023232553	11.4795442746	11.7163648701	11.7163648701	11.4795442746	11.7163648701	11.5204103964	11.5204103964	12.0023232553	11.5204103964	12.2863430873	12.0023232553	12.0023232553	12.0023232553	12.0023232553	12.2863430873	11.4795442746	7.20665361667	7.06173892714	9.43139857428	9.43139857428	7.45385521132	8.2648428967	7.20665361667	7.20665361667	7.02808863221	7.06173892714	7.02808863221	9.39564593436	7.06173892714	9.39564593436	7.62952068521	7.20665361667	7.45385521132	7.62952068521	9.59243922191	7.02808863221	7.45385521132	9.59243922191	7.62952068521	7.06173892714	7.45385521132	8.2648428967	7.06173892714	7.44337039612	7.45385521132	9.39564593436	8.2648428967	7.20665361667	7.02808863221	7.02808863221	11.4795442746	12.0023232553
10.0803462294	9.81334464191	9.81334464191	7.80262584664	8.70365156038	7.80262584664	8.75524255069	10.0803462294	9.94994896126	10.0803462294	9.81334464191	8.63783761786	0.0	5.46269528073	4.71678263548	4.71678263548	4.71678263548	5.46269528073	7.93176476986	8.92473019147	8.92473019147	12.2367303815	11.7495451286	12.2367303815	12.2367303815	11.6852325198	11.8791595465	11.8791595465	11.6852325198	11.8791595465	11.7495451286	11.7495451286	12.2367303815	11.7495451286	12.5755930335	12.2367303815	12.2367303815	12.2367303815	12.2367303815	12.5755930335	11.6852325198	7.57858711888	7.45948383612	9.77127901088	9.77127901088	7.84690596589	8.67446512447	7.57858711888	7.57858711888	7.42406878193	7.45948383612	7.42406878193	9.72943400544	7.45948383612	9.72943400544	8.01902478849	7.57858711888	7.84690596589	8.01902478849	9.92218860741	7.42406878193	7.84690596589	9.92218860741	8.01902478849	7.45948383612	7.84690596589	8.67446512447	7.45948383612	7.83400605026	7.84690596589	9.72943400544	8.67446512447	7.57858711888	7.42406878193	7.42406878193	11.6852325198	12.2367303815
8.17546437781	7.79242192754	7.79242192754	5.80897740136	6.61611791316	5.80897740136	6.67358359412	8.17546437781	7.97072366781	8.17546437781	7.79242192754	6.13135045327	5.46269528073	0.0	1.79482564725	1.79482564725	1.79482564725	0.0	5.85814772956	7.21290550926	7.21290550926	10.1025128156	9.618136407	10.1025128156	10.1025128156	9.56293189562	9.77255304229	9.77255304229	9.56293189562	9.77255304229	9.618136407	9.618136407	10.1025128156	9.618136407	10.4190454894	10.1025128156	10.1025128156	10.1025128156	10.1025128156	10.4190454894	9.56293189562	5.38777324636	5.25575423769	7.59447626481	7.59447626481	5.6459707875	6.46375232979	5.38777324636	5.38777324636	5.2219355455	5.25575423769	5.2219355455	7.55482040537	5.25575423769	7.55482040537	5.81938905438	5.38777324636	5.6459707875	5.81938905438	7.74915523433	5.2219355455	5.6459707875	7.74915523433	5.81938905438	5.25575423769	5.6459707875	6.46375232979	5.25575423769	5.63359269696	5.6459707875	7.55482040537	6.46375232979	5.38777324636	5.2219355455	5.2219355455	9.56293189562	10.1025128156
7.30370236879	6.93094381374	6.93094381374	4.92664058042	5.74719823785	4.92664058042	5.80623173695	7.30370236879	7.11525298971	7.30370236879	6.93094381374	5.22972505	4.71678263548	1.79482564725	0.0	0.0	0.0	1.79482564725	5.04635883479	6.40304888201	6.40304888201	9.225140837	8.74144223315	9.225140837	9.225140837	8.68740885953	8.89862455963	8.89862455963	8.68740885953	8.89862455963	8.74144223315	8.74144223315	9.225140837	8.74144223315	9.53840483476	9.225140837	9.225140837	9.225140837	9.225140837	9.53840483476	8.68740885953	4.50191841542	4.36727718436	6.71099655483	6.71099655483	4.75815209187	5.57366286043	4.50191841542	4.50191841542	4.33392607997	4.36727718436	4.33392607997	6.67156523521	4.36727718436	6.67156523521	4.93173709649	4.50191841542	4.75815209187	4.93173709649	6.86610972421	4.33392607997	4.75815209187	6.86610972421	4.93173709649	4.36727718436	4.75815209187	5.57366286043	4.36727718436	4.74573970541	4.75815209187	6.67156523521	5.57366286043	4.50191841542	4.33392607997	4.33392607997	8.68740885953	9.225140837
7.30370236879	6.93094381374	6.93094381374	4.92664058042	5.74719823785	4.92664058042	5.80623173695	7.30370236879	7.11525298971	7.30370236879	6.93094381374	5.22972505	4.71678263548	1.79482564725	0.0	0.0	0.0	1.79482564725	5.04635883479	6.40304888201	6.40304888201	9.225140837	8.74144223315	9.225140837	9.225140837	8.68740885953	8.89862455963	8.89862455963	8.68740885953	8.89862455963	8.74144223315	8.74144223315	9.225140837	8.74144223315	9.53840483476	9.225140837	9.225140837	9.225140837	9.225140837	9.53840483476	8.68740885953	4.50191841542	4.36727718436	6.71099655483	6.71099655483	4.75815209187	5.57366286043	4.50191841542	4.50191841542	4.33392607997	4.36727718436	4.33392607997	6.67156523521	4.36727718436	6.67156523521	4.93173709649	4.50191841542	4.75815209187	4.93173709649	6.86610972421	4.33392607997	4.75815209187	6.86610972421	4.93173709649	4.36727718436	4.75815209187	5.57366286043	4.36727718436	4.74573970541	4.75815209187	6.67156523521	5.57366286043	4.50191841542	4.33392607997	4.33392607997	8.68740885953	9.225140837
7.30370236879	6.93094381374	6.93094381374	4.92664058042	5.74719823785	4.92664058042	5.80623173695	7.30370236879	7.11525298971	7.30370236879	6.93094381374	5.22972505	4.71678263548	1.79482564725	0.0	0.0	0.0	1.79482564725	5.04635883479	6.40304888201	6.40304888201	9.225140837	8.74144223315	9.225140837	9.225140837	8.68740885953	8.89862455963	8.89862455963	8.68740885953	8.89862455963	8.74144223315	8.74144223315	9.225140837	8.74144223315	9.53840483476	9.225140837	9.225140837	9.225140837	9.225140837	9.53840483476	8.68740885953	4.50191841542	4.36727718436	6.71099655483	6.71099655483	4.75815209187	5.57366286043	4.50191841542	4.50191841542	4.33392607997	4.36727718436	4.33392607997	6.67156523521	4.36727718436	6.67156523521	4.93173709649	4.50191841542	4.75815209187	4.93173709649	6.86610972421	4.33392607997	4.75815209187	6.86610972421	4.93173709649	4.36727718436	4.75815209187	5.57366286043	4.36727718436	4.74573970541	4.75815209187	6.67156523521	5.57366286043	4.50191841542	4.33392607997	4.33392607997	8.68740885953	9.225140837
8.17546437781	7.79242192754	7.79242192754	5.80897740136	6.61611791316	5.80897740136	6.67358359412	8.17546437781	7.97072366781	8.17546437781	7.79242192754	6.13135045327	5.46269528073	0.0	1.79482564725	1.79482564725	1.79482564725	0.0	5.85814772956	7.21290550926	7.21290550926	10.1025128156	9.618136407	10.1025128156	10.1025128156	9.56293189562	9.77255304229	9.77255304229	9.56293189562	9.77255304229	9.618136407	9.618136407	10.1025128156	9.618136407	10.4190454894	10.1025128156	10.1025128156	10.1025128156	10.1025128156	10.4190454894	9.56293189562	5.38777324636	5.25575423769	7.59447626481	7.59447626481	5.6459707875	6.46375232979	5.38777324636	5.38777324636	5.2219355455	5.25575423769	5.2219355455	7.55482040537	5.25575423769	7.55482040537	5.81938905438	5.38777324636	5.6459707875	5.81938905438	7.74915523433	5.2219355455	5.6459707875	7.74915523433	5.81938905438	5.25575423769	5.6459707875	6.46375232979	5.25575423769	5.63359269696	5.6459707875	7.55482040537	6.46375232979	5.38777324636	5.2219355455	5.2219355455	9.56293189562	10.1025128156
9.23483573797	8.23503827991	8.23503827991	6.85089689844	7.08674237528	6.85089689844	7.11223916903	9.23483573797	8.38352309258	9.23483573797	8.23503827991	7.77172493584	7.93176476986	5.85814772956	5.04635883479	5.04635883479	5.04635883479	5.85814772956	0.0	7.74267146477	7.74267146477	10.6993660777	10.2024873942	10.6993660777	10.6993660777	10.137328359	10.3425420331	10.3425420331	10.137328359	10.3425420331	10.2024873942	10.2024873942	10.6993660777	10.2024873942	11.0519652527	10.6993660777	10.6993660777	10.6993660777	10.6993660777	11.0519652527	10.137328359	6.08162599271	5.99033237025	8.25651490853	8.25651490853	6.36948549675	7.2249388882	6.08162599271	6.08162599271	5.94795958574	5.99033237025	5.94795958574	8.21601137074	5.99033237025	8.21601137074	6.54120954471	6.08162599271	6.36948549675	6.54120954471	8.40840558951	5.94795958574	6.36948549675	8.40840558951	6.54120954471	5.99033237025	6.36948549675	7.2249388882	5.99033237025	6.35893379032	6.36948549675	8.21601137074	7.2249388882	6.08162599271	5.94795958574	5.94795958574	10.137328359	10.6993660777
9.88657167993	9.46599023545	9.46599023545	7.76090690634	8.55856442814	7.76090690634	8.58526356712	9.88657167993	9.41594722282	9.88657167993	9.46599023545	9.57007387266	8.92473019147	7.21290550926	6.40304888201	6.40304888201	6.40304888201	7.21290550926	7.74267146477	0.0	0.0	12.2463335277	11.7487981805	12.2463335277	12.2463335277	11.6591020754	11.8130276256	11.8130276256	11.6591020754	11.8130276256	11.7487981805	11.7487981805	12.2463335277	11.7487981805	12.6500288496	12.2463335277	12.2463335277	12.2463335277	12.2463335277	12.6500288496	11.6591020754	7.75360057257	7.67588645916	9.90363456568	9.90363456568	8.05396760849	8.91403145055	7.75360057257	7.75360057257	7.63475583857	7.67588645916	7.63475583857	9.8560175329	7.67588645916	9.8560175329	8.22233825576	7.75360057257	8.05396760849	8.22233825576	10.0443250658	7.63475583857	8.05396760849	10.0443250658	8.22233825576	7.67588645916	8.05396760849	8.91403145055	7.67588645916	8.03999947117	8.05396760849	9.8560175329	8.91403145055	7.75360057257	7.63475583857	7.63475583857	11.6591020754	12.2463335277
9.88657167993	9.46599023545	9.46599023545	7.76090690634	8.55856442814	7.76090690634	8.58526356712	9.88657167993	9.41594722282	9.88657167993	9.46599023545	9.57007387266	8.92473019147	7.21290550926	6.40304888201	6.40304888201	6.40304888201	7.21290550926	7.74267146477	0.0	0.0	12.2463335277	11.7487981805	12.2463335277	12.2463335277	11.6591020754	11.8130276256	11.8130276256	11.6591020754	11.8130276256	11.7487981805	11.7487981805	12.2463335277	11.7487981805	12.6500288496	12.2463335277	12.2463335277	12.2463335277	12.2463335277	12.6500288496	11.6591020754	7.75360057257	7.67588645916	9.90363456568	9.90363456568	8.05396760849	8.91403145055	7.75360057257	7.75360057257	7.63475583857	7.67588645916	7.63475583857	9.8560175329	7.67588645916	9.8560175329	8.22233825576	7.75360057257	8.05396760849	8.22233825576	10.0443250658	7.63475583857	8.05396760849	10.0443250658	8.22233825576	7.67588645916	8.05396760849	8.91403145055	7.67588645916	8.03999947117	8.05396760849	9.8560175329	8.91403145055	7.75360057257	7.63475583857	7.63475583857	11.6591020754	12.2463335277
12.9271712984	11.2058282514	11.2058282514	10.2563554178	8.8596000251	10.2563554178	9.18772061771	12.9271712984	11.8217835674	12.9271712984	11.2058282514	12.0023232553	12.2367303815	10.1025128156	9.225140837	9.225140837	9.225140837	10.1025128156	10.6993660777	12.2463335277	12.2463335277	0.0	8.13540171838	0.0	0.0	8.66263804204	9.5588362843	9.5588362843	8.66263804204	9.5588362843	8.13540171838	8.13540171838	0.0	8.13540171838	9.77145532922	0.0	0.0	0.0	0.0	9.77145532922	8.66263804204	7.31411700305	7.56155198379	8.79760122565	8.79760122565	7.90698837673	8.91755471101	7.31411700305	7.31411700305	7.53581267429	7.56155198379	7.53581267429	8.44319455522	7.56155198379	8.44319455522	8.00064871524	7.31411700305	7.90698837673	8.00064871524	8.47805161531	7.53581267429	7.90698837673	8.47805161531	8.00064871524	7.56155198379	7.90698837673	8.91755471101	7.56155198379	7.81806601691	7.90698837673	8.44319455522	8.91755471101	7.31411700305	7.53581267429	7.53581267429	8.66263804204	0.0
12.4322951927	10.6872652856	10.6872652856	9.76268183831	8.26999821463	9.76268183831	8.61707785244	12.4322951927	11.3135997011	12.4322951927	10.6872652856	11.5204103964	11.7495451286	9.618136407	8.74144223315	8.74144223315	8.74144223315	9.618136407	10.2024873942	11.7487981805	11.7487981805	8.13540171838	0.0	8.13540171838	8.13540171838	7.38780129864	9.22916295547	9.22916295547	7.38780129864	9.22916295547	0.0	0.0	8.13540171838	0.0	10.2110635283	8.13540171838	8.13540171838	8.13540171838	8.13540171838	10.2110635283	7.38780129864	6.9608162471	7.17528330215	8.54987812103	8.54987812103	7.51921224981	8.52450404809	6.9608162471	6.9608162471	7.14120937795	7.17528330215	7.14120937795	8.32442547577	7.17528330215	8.32442547577	7.62644776333	6.9608162471	7.51921224981	7.62644776333	8.42273023821	7.14120937795	7.51921224981	8.42273023821	7.62644776333	7.17528330215	7.51921224981	8.52450404809	7.17528330215	7.44707968265	7.51921224981	8.32442547577	8.52450404809	6.9608162471	7.14120937795	7.14120937795	7.38780129864	8.13540171838
12.9271712984	11.2058282514	11.2058282514	10.2563554178	8.8596000251	10.2563554178	9.18772061771	12.9271712984	11.8217835674	12.9271712984	11.2058282514	12.0023232553	12.2367303815	10.1025128156	9.225140837	9.225140837	9.225140837	10.1025128156	10.6993660777	12.2463335277	12.2463335277	0.0	8.13540171838	0.0	0.0	8.66263804204	9.5588362843	9.5588362843	8.66263804204	9.5588362843	8.13540171838	8.13540171838	0.0	8.13540171838	9.77145532922	0.0	0.0	0.0	0.0	9.77145532922	8.66263804204	7.31411700305	7.56155198379	8.79760122565	8.79760122565	7.90698837673	8.91755471101	7.31411700305	7.31411700305	7.53581267429	7.56155198379	7.53581267429	8.44319455522	7.56155198379	8.44319455522	8.00064871524	7.31411700305	7.90698837673	8.00064871524	8.47805161531	7.53581267429	7.90698837673	8.47805161531	8.00064871524	7.56155198379	7.90698837673	8.91755471101	7.56155198379	7.81806601691	7.90698837673	8.44319455522	8.91755471101	7.31411700305	7.53581267429	7.53581267429	8.66263804204	0.0
12.9271712984	11.2058282514	11.2058282514	10.2563554178	8.8596000251	10.2563554178	9.18772061771	12.9271712984	11.8217835674	12.9271712984	11.2058282514	12.0023232553	12.2367303815	10.1025128156	9.225140837	9.225140837	9.225140837	10.1025128156	10.6993660777	12.2463335277	12.2463335277	0.0	8.13540171838	0.0	0.0	8.66263804204	9.5588362843	9.5588362843	8.66263804204	9.5588362843	8.13540171838	8.13540171838	0.0	8.13540171838	9.77145532922	0.0	0.0	0.0	0.0	9.77145532922	8.66263804204	7.31411700305	7.56155198379	8.79760122565	8.79760122565	7.90698837673	8.91755471101	7.31411700305	7.31411700305	7.53581267429	7.56155198379	7.53581267429	8.44319455522	7.56155198379	8.44319455522	8.00064871524	7.31411700305	7.90698837673	8.00064871524	8.47805161531	7.53581267429	7.90698837673	8.47805161531	8.00064871524	7.56155198379	7.90698837673	8.91755471101	7.56155198379	7.81806601691	7.90698837673	8.44319455522	8.91755471101	7.31411700305	7.53581267429	7.53581267429	8.66263804204	0.0
12.3209854942	10.5428757732	10.5428757732	9.63553760021	8.07980743137	9.63553760021	8.45281372897	12.3209854942	11.1834079954	12.3209854942	10.5428757732	11.4795442746	11.6852325198	9.56293189562	8.68740885953	8.68740885953	8.68740885953	9.56293189562	10.137328359	11.6591020754	11.6591020754	8.66263804204	7.38780129864	8.66263804204	8.66263804204	0.0	8.43427532998	8.43427532998	0.0	8.43427532998	7.38780129864	7.38780129864	8.66263804204	7.38780129864	10.5140470861	8.66263804204	8.66263804204	8.66263804204	8.66263804204	10.5140470861	0.0	7.10041965082	7.2855465254	8.77142884511	8.77142884511	7.63111331101	8.62617713018	7.10041965082	7.10041965082	7.24821469341	7.2855465254	7.24821469341	8.56418407483	7.2855465254	8.56418407483	7.74643211331	7.10041965082	7.63111331101	7.74643211331	8.66831207547	7.24821469341	7.63111331101	8.66831207547	7.74643211331	7.2855465254	7.63111331101	8.62617713018	7.2855465254	7.56766232457	7.63111331101	8.56418407483	8.62617713018	7.10041965082	7.24821469341	7.24821469341	0.0	8.66263804204
12.4240814312	10.6138763325	10.6138763325	9.70189416267	8.19652159242	9.70189416267	8.58112823781	12.4240814312	11.2667098484	12.4240814312	10.6138763325	11.7163648701	11.8791595465	9.77255304229	8.89862455963	8.89862455963	8.89862455963	9.77255304229	10.3425420331	11.8130276256	11.8130276256	9.5588362843	9.22916295547	9.5588362843	9.5588362843	8.43427532998	0.0	0.0	8.43427532998	0.0	9.22916295547	9.22916295547	9.5588362843	9.22916295547	11.0660804783	9.5588362843	9.5588362843	9.5588362843	9.5588362843	11.0660804783	8.43427532998	7.58247809119	7.73696801353	9.31875742815	9.31875742815	8.08591415896	9.06665098585	7.58247809119	7.58247809119	7.69856776736	7.73696801353	7.69856776736	9.11308537244	7.73696801353	9.11308537244	8.20770646663	7.58247809119	8.08591415896	8.20770646663	9.21609365203	7.69856776736	8.08591415896	9.21609365203	8.20770646663	7.73696801353	8.08591415896	9.06665098585	7.73696801353	8.02856698285	8.08591415896	9.11308537244	9.06665098585	7.58247809119	7.69856776736	7.69856776736	8.43427532998	9.5588362843
12.4240814312	10.6138763325	10.6138763325	9.70189416267	8.19652159242	9.70189416267	8.58112823781	12.4240814312	11.2667098484	12.4240814312	10.6138763325	11.7163648701	11.8791595465	9.77255304229	8.89862455963	8.89862455963	8.89862455963	9.77255304229	10.3425420331	11.8130276256	11.8130276256	9.5588362843	9.22916295547	9.5588362843	9.5588362843	8.43427532998	0.0	0.0	8.43427532998	0.0	9.22916295547	9.22916295547	9.5588362843	9.22916295547	11.0660804783	9.5588362843	9.5588362843	9.5588362843	9.5588362843	11.0660804783	8.43427532998	7.58247809119	7.73696801353	9.31875742815	9.31875742815	8.08591415896	9.06665098585	7.58247809119	7.58247809119	7.69856776736	7.73696801353	7.69856776736	9.11308537244	7.73696801353	9.11308537244	8.20770646663	7.58247809119	8.08591415896	8.20770646663	9.21609365203	7.69856776736	8.08591415896	9.21609365203	8.20770646663	7.73696801353	8.08591415896	9.06665098585	7.73696801353	8.02856698285	8.08591415896	9.11308537244	9.06665098585	7.58247809119	7.69856776736	7.69856776736	8.43427532998	9.5588362843
12.3209854942	10.5428757732	10.5428757732	9.63553760021	8.07980743137	9.63553760021	8.45281372897	12.3209854942	11.1834079954	12.3209854942	10.5428757732	11.4795442746	11.6852325198	9.56293189562	8.68740885953	8.68740885953	8.68740885953	9.56293189562	10.137328359	11.6591020754	11.6591020754	8.66263804204	7.38780129864	8.66263804204	8.66263804204	0.0	8.43427532998	8.43427532998	0.0	8.43427532998	7.38780129864	7.38780129864	8.66263804204	7.38780129864	10.5140470861	8.66263804204	8.66263804204	8.66263804204	8.66263804204	10.5140470861	0.0	7.10041965082	7.2855465254	8.77142884511	8.77142884511	7.63111331101	8.62617713018	7.10041965082	7.10041965082	7.24821469341	7.2855465254	7.24821469341	8.56418407483	7.2855465254	8.56418407483	7.74643211331	7.10041965082	7.63111331101	7.74643211331	8.66831207547	7.24821469341	7.63111331101	8.66831207547	7.74643211331	7.2855465254	7.63111331101	8.62617713018	7.2855465254	7.56766232457	7.63111331101	8.56418407483	8.62617713018	7.10041965082	7.24821469341	7.24821469341	0.0	8.66263804204
12.4240814312	10.6138763325	10.6138763325	9.70189416267	8.19652159242	9.70189416267	8.58112823781	12.4240814312	11.2667098484	12.4240814312	10.6138763325	11.7163648701	11.8791595465	9.77255304229	8.89862455963	8.89862455963	8.89862455963	9.77255304229	10.3425420331	11.8130276256	11.8130276256	9.5588362843	9.22916295547	9.5588362843	9.5588362843	8.43427532998	0.0	0.0	8.43427532998	0.0	9.22916295547	9.22916295547	9.5588362843	9.22916295547	11.0660804783	9.5588362843	9.5588362843	9.5588362843	9.5588362843	11.0660804783	8.43427532998	7.58247809119	7.73696801353	9.31875742815	9.31875742815	8.08591415896	9.06665098585	7.58247809119	7.58247809119	7.69856776736	7.73696801353	7.69856776736	9.11308537244	7.73696801353	9.11308537244	8.20770646663	7.58247809119	8.08591415896	8.20770646663	9.21609365203	7.69856776736	8.08591415896	9.21609365203	8.20770646663	7.73696801353	8.08591415896	9.06665098585	7.73696801353	8.02856698285	8.08591415896	9.11308537244	9.06665098585	7.58247809119	7.69856776736	7.69856776736	8.43427532998	9.5588362843
12.4322951927	10.6872652856	10.6872652856	9.76268183831	8.26999821463	9.76268183831	8.61707785244	12.4322951927	11.3135997011	12.4322951927	10.6872652856	11.5204103964	11.7495451286	9.618136407	8.74144223315	8.74144223315	8.74144223315	9.618136407	10.2024873942	11.7487981805	11.7487981805	8.13540171838	0.0	8.13540171838	8.13540171838	7.38780129864	9.22916295547	9.22916295547	7.38780129864	9.22916295547	0.0	0.0	8.13540171838	0.0	10.2110635283	8.13540171838	8.13540171838	8.13540171838	8.13540171838	10.2110635283	7.38780129864	6.9608162471	7.17528330215	8.54987812103	8.54987812103	7.51921224981	8.52450404809	6.9608162471	6.9608162471	7.14120937795	7.17528330215	7.14120937795	8.32442547577	7.17528330215	8.32442547577	7.62644776333	6.9608162471	7.51921224981	7.62644776333	8.42273023821	7.14120937795	7.51921224981	8.42273023821	7.62644776333	7.17528330215	7.51921224981	8.52450404809	7.17528330215	7.44707968265	7.51921224981	8.32442547577	8.52450404809	6.9608162471	7.14120937795	7.14120937795	7.38780129864	8.13540171838
12.4322951927	10.6872652856	10.6872652856	9.76268183831	8.26999821463	9.76268183831	8.61707785244	12.4322951927	11.3135997011	12.4322951927	10.6872652856	11.5204103964	11.7495451286	9.618136407	8.74144223315	8.74144223315	8.74144223315	9.618136407	10.2024873942	11.7487981805	11.7487981805	8.13540171838	0.0	8.13540171838	8.13540171838	7.38780129864	9.22916295547	9.22916295547	7.38780129864	9.22916295547	0.0	0.0	8.13540171838	0.0	10.2110635283	8.13540171838	8.13540171838	8.13540171838	8.13540171838	10.2110635283	7.38780129864	6.9608162471	7.17528330215	8.54987812103	8.54987812103	7.51921224981	8.52450404809	6.9608162471	6.9608162471	7.14120937795	7.17528330215	7.14120937795	8.32442547577	7.17528330215	8.32442547577	7.62644776333	6.9608162471	7.51921224981	7.62644776333	8.42273023821	7.14120937795	7.51921224981	8.42273023821	7.62644776333	7.17528330215	7.51921224981	8.52450404809	7.17528330215	7.44707968265	7.51921224981	8.32442547577	8.52450404809	6.9608162471	7.14120937795	7.14120937795	7.38780129864	8.13540171838
12.9271712984	11.2058282514	11.2058282514	10.2563554178	8.8596000251	10.2563554178	9.18772061771	12.9271712984	11.8217835674	12.9271712984	11.2058282514	12.0023232553	12.2367303815	10.1025128156	9.225140837	9.225140837	9.225140837	10.1025128156	10.6993660777	12.2463335277	12.2463335277	0.0	8.13540171838	0.0	0.0	8.66263804204	9.5588362843	9.5588362843	8.66263804204	9.5588362843	8.13540171838	8.13540171838	0.0	8.13540171838	9.77145532922	0.0	0.0	0.0	0.0	9.77145532922	8.66263804204	7.31411700305	7.56155198379	8.79760122565	8.79760122565	7.90698837673	8.91755471101	7.31411700305	7.31411700305	7.53581267429	7.56155198379	7.53581267429	8.44319455522	7.56155198379	8.44319455522	8.00064871524	7.31411700305	7.90698837673	8.00064871524	8.47805161531	7.53581267429	7.90698837673	8.47805161531	8.00064871524	7.56155198379	7.90698837673	8.91755471101	7.56155198379	7.81806601691	7.90698837673	8.44319455522	8.91755471101	7.31411700305	7.53581267429	7.53581267429	8.66263804204	0.0
12.4322951927	10.6872652856	10.6872652856	9.76268183831	8.26999821463	9.76268183831	8.61707785244	12.4322951927	11.3135997011	12.4322951927	10.6872652856	11.5204103964	11.7495451286	9.618136407	8.74144223315	8.74144223315	8.74144223315	9.618136407	10.2024873942	11.7487981805	11.7487981805	8.13540171838	0.0	8.13540171838	8.13540171838	7.38780129864	9.22916295547	9.22916295547	7.38780129864	9.22916295547	0.0	0.0	8.13540171838	0.0	10.2110635283	8.13540171838	8.13540171838	8.13540171838	8.13540171838	10.2110635283	7.38780129864	6.9608162471	7.17528330215	8.54987812103	8.54987812103	7.51921224981	8.52450404809	6.9608162471	6.9608162471	7.14120937795	7.17528330215	7.14120937795	8.32442547577	7.17528330215	8.32442547577	7.62644776333	6.9608162471	7.51921224981	7.62644776333	8.42273023821	7.14120937795	7.51921224981	8.42273023821	7.62644776333	7.17528330215	7.51921224981	8.52450404809	7.17528330215	7.44707968265	7.51921224981	8.32442547577	8.52450404809	6.9608162471	7.14120937795	7.14120937795	7.38780129864	8.13540171838
13.3738713528	11.7398982597	11.7398982597	10.7364126569	9.51569277599	10.7364126569	9.78931662108	13.3738713528	12.3197492269	13.3738713528	11.7398982597	12.2863430873	12.5755930335	10.4190454894	9.53840483476	9.53840483476	9.53840483476	10.4190454894	11.0519652527	12.6500288496	12.6500288496	9.77145532922	10.2110635283	9.77145532922	9.77145532922	10.5140470861	11.0660804783	11.0660804783	10.5140470861	11.0660804783	10.2110635283	10.2110635283	9.77145532922	10.2110635283	0.0	9.77145532922	9.77145532922	9.77145532922	9.77145532922	0.0	10.5140470861	7.01686858142	7.38271054126	8.24679370317	8.24679370317	7.73083515744	8.76734064357	7.01686858142	7.01686858142	7.38329255608	7.38271054126	7.38329255608	7.36547996853	7.38271054126	7.36547996853	7.77822165143	7.01686858142	7.73083515744	7.77822165143	7.05685834958	7.38329255608	7.73083515744	7.05685834958	7.77822165143	7.38271054126	7.73083515744	8.76734064357	7.38271054126	7.58498108603	7.73083515744	7.36547996853	8.76734064357	7.01686858142	7.38329255608	7.38329255608	10.5140470861	9.77145532922
12.9271712984	11.2058282514	11.2058282514	10.2563554178	8.8596000251	10.2563554178	9.18772061771	12.9271712984	11.8217835674	12.9271712984	11.2058282514	12.0023232553	12.2367303815	10.1025128156	9.225140837	9.225140837	9.225140837	10.1025128156	10.6993660777	12.2463335277	12.2463335277	0.0	8.13540171838	0.0	0.0	8.66263804204	9.5588362843	9.5588362843	8.66263804204	9.5588362843	8.13540171838	8.13540171838	0.0	8.13540171838	9.77145532922	0.0	0.0	0.0	0.0	9.77145532922	8.66263804204	7.31411700305	7.56155198379	8.79760122565	8.79760122565	7.90698837673	8.91755471101	7.31411700305	7.31411700305	7.53581267429	7.56155198379	7.53581267429	8.44319455522	7.56155198379	8.44319455522	8.00064871524	7.31411700305	7.90698837673	8.00064871524	8.47805161531	7.53581267429	7.90698837673	8.47805161531	8.00064871524	7.56155198379	7.90698837673	8.91755471101	7.56155198379	7.81806601691	7.90698837673	8.44319455522	8.91755471101	7.31411700305	7.53581267429	7.53581267429	8.66263804204	0.0
12.9271712984	11.2058282514	11.2058282514	10.2563554178	8.8596000251	10.2563554178	9.18772061771	12.9271712984	11.8217835674	12.9271712984	11.2058282514	12.0023232553	12.2367303815	10.1025128156	9.225140837	9.225140837	9.225140837	10.1025128156	10.6993660777	12.2463335277	12.2463335277	0.0	8.13540171838	0.0	0.0	8.66263804204	9.5588362843	9.5588362843	8.66263804204	9.5588362843	8.13540171838	8.13540171838	0.0	8.13540171838	9.77145532922	0.0	0.0	0.0	0.0	9.77145532922	8.66263804204	7.31411700305	7.56155198379	8.79760122565	8.79760122565	7.90698837673	8.91755471101	7.31411700305	7.31411700305	7.53581267429	7.56155198379	7.53581267429	8.44319455522	7.56155198379	8.44319455522	8.00064871524	7.31411700305	7.90698837673	8.00064871524	8.47805161531	7.53581267429	7.90698837673	8.47805161531	8.00064871524	7.56155198379	7.90698837673	8.91755471101	7.56155198379	7.81806601691	7.90698837673	8.44319455522	8.91755471101	7.31411700305	7.53581267429	7.53581267429	8.66263804204	0.0
12.9271712984	11.2058282514	11.2058282514	10.2563554178	8.8596000251	10.2563554178	9.18772061771	12.9271712984	11.8217835674	12.9271712984	11.2058282514	12.0023232553	12.2367303815	10.1025128156	9.225140837	9.225140837	9.225140837	10.1025128156	10.6993660777	12.2463335277	12.2463335277	0.0	8.13540171838	0.0	0.0	8.66263804204	9.5588362843	9.5588362843	8.66263804204	9.5588362843	8.13540171838	8.13540171838	0.0	8.13540171838	9.77145532922	0.0	0.0	0.0	0.0	9.77145532922	8.66263804204	7.31411700305	7.56155198379	8.79760122565	8.79760122565	7.90698837673	8.91755471101	7.31411700305	7.31411700305	7.53581267429	7.56155198379	7.53581267429	8.44319455522	7.56155198379	8.44319455522	8.00064871524	7.31411700305	7.90698837673	8.00064871524	8.47805161531	7.53581267429	7.90698837673	8.47805161531	8.00064871524	7.56155198379	7.90698837673	8.91755471101	7.56155198379	7.81806601691	7.90698837673	8.44319455522	8.91755471101	7.31411700305	7.53581267429	7.53581267429	8.66263804204	0.0
