0.0	6.21849426748	6.21849426748	5.75805948043	5.80701740541	5.75805948043	6.02932856948	0.0	6.144345921	0.0	6.21849426748	4.55958105053	4.21214701505	4.32046179874	3.77826160396	3.77826160396	3.77826160396	4.32046179874	4.50339489663	4.32512024119	4.32512024119	5.51404492284	5.41055699072	5.51404492284	5.51404492284	5.36637806731	5.5611426425	5.5611426425	5.36637806731	5.5611426425	5.41055699072	5.41055699072	5.51404492284	5.41055699072	6.03753046497	5.51404492284	5.51404492284	5.51404492284	5.51404492284	6.03753046497	5.36637806731	5.63286232599	5.5723266274	6.82538773207	6.82538773207	5.93409673043	7.37355225576	5.63286232599	5.63286232599	5.47242338046	5.5723266274	5.47242338046	6.854254524	5.5723266274	6.854254524	6.13248232643	5.63286232599	5.93409673043	6.13248232643	6.85071919608	5.47242338046	5.93409673043	6.85071919608	6.13248232643	5.5723266274	5.93409673043	7.37355225576	5.5723266274	5.94898853888	5.93409673043	6.854254524	7.37355225576	5.63286232599	5.47242338046	5.47242338046	5.36637806731	5.51404492284
6.21849426748	0.0	0.0	6.20872501574	4.78232172356	6.20872501574	4.90074166035	6.21849426748	5.1163653359	6.21849426748	0.0	4.52358687857	4.45284064143	4.46343794716	3.93428601115	3.93428601115	3.93428601115	4.46343794716	4.28240300931	4.39590806163	4.39590806163	4.79055383199	4.66328708437	4.79055383199	4.79055383199	4.59469892512	4.78285588717	4.78285588717	4.59469892512	4.78285588717	4.66328708437	4.66328708437	4.79055383199	4.66328708437	5.37905136127	4.79055383199	4.79055383199	4.79055383199	4.79055383199	5.37905136127	4.59469892512	5.08207902611	5.07564604893	6.18709358967	6.18709358967	5.42801269374	6.90069923568	5.08207902611	5.08207902611	4.97541862402	5.07564604893	4.97541862402	6.21013623033	5.07564604893	6.21013623033	5.6159030675	5.08207902611	5.42801269374	5.6159030675	6.20540663661	4.97541862402	5.42801269374	6.20540663661	5.6159030675	5.07564604893	5.42801269374	6.90069923568	5.07564604893	5.4328227426	5.42801269374	6.21013623033	6.90069923568	5.08207902611	4.97541862402	4.97541862402	4.59469892512	4.79055383199
6.21849426748	0.0	0.0	6.20872501574	4.78232172356	6.20872501574	4.90074166035	6.21849426748	5.1163653359	6.21849426748	0.0	4.52358687857	4.45284064143	4.46343794716	3.93428601115	3.93428601115	3.93428601115	4.46343794716	4.28240300931	4.39590806163	4.39590806163	4.79055383199	4.66328708437	4.79055383199	4.79055383199	4.59469892512	4.78285588717	4.78285588717	4.59469892512	4.78285588717	4.66328708437	4.66328708437	4.79055383199	4.66328708437	5.37905136127	4.79055383199	4.79055383199	4.79055383199	4.79055383199	5.37905136127	4.59469892512	5.08207902611	5.07564604893	6.18709358967	6.18709358967	5.42801269374	6.90069923568	5.08207902611	5.08207902611	4.97541862402	5.07564604893	4.97541862402	6.21013623033	5.07564604893	6.21013623033	5.6159030675	5.08207902611	5.42801269374	5.6159030675	6.20540663661	4.97541862402	5.42801269374	6.20540663661	5.6159030675	5.07564604893	5.42801269374	6.90069923568	5.07564604893	5.4328227426	5.42801269374	6.21013623033	6.90069923568	5.08207902611	4.97541862402	4.97541862402	4.59469892512	4.79055383199
5.75805948043	6.20872501574	6.20872501574	0.0	5.77297815728	0.0	6.00732203956	5.75805948043	6.19993790418	5.75805948043	6.20872501574	4.71311402553	4.43747298429	4.51545142658	3.96942042664	3.96942042664	3.96942042664	4.51545142658	4.65964766837	4.55729945232	4.55729945232	5.43790377089	5.34225693049	5.43790377089	5.43790377089	5.29593490333	5.47857460149	5.47857460149	5.29593490333	5.47857460149	5.34225693049	5.34225693049	5.43790377089	5.34225693049	5.95561255359	5.43790377089	5.43790377089	5.43790377089	5.43790377089	5.95561255359	5.29593490333	5.64445284373	5.60746223659	6.78703168333	6.78703168333	5.96728045391	7.41603869303	5.64445284373	5.64445284373	5.51087904935	5.60746223659	5.51087904935	6.80201786306	5.60746223659	6.80201786306	6.15843999191	5.64445284373	5.96728045391	6.15843999191	6.79128106557	5.51087904935	5.96728045391	6.79128106557	6.15843999191	5.60746223659	5.96728045391	7.41603869303	5.60746223659	5.97336220415	5.96728045391	6.80201786306	7.41603869303	5.64445284373	5.51087904935	5.51087904935	5.29593490333	5.43790377089
5.80701740541	4.78232172356	4.78232172356	5.77297815728	0.0	5.77297815728	3.05123988663	5.80701740541	5.29163503175	5.80701740541	4.78232172356	3.98367734572	3.99392367543	3.97865953697	3.44269209798	3.44269209798	3.44269209798	3.97865953697	3.82198082157	4.00023476592	4.00023476592	3.60296266744	3.42036429695	3.60296266744	3.60296266744	3.3069330021	3.51865875858	3.51865875858	3.3069330021	3.51865875858	3.42036429695	3.42036429695	3.60296266744	3.42036429695	4.31251083691	3.60296266744	3.60296266744	3.60296266744	3.60296266744	4.31251083691	3.3069330021	4.14349634135	4.20140203956	5.12861813796	5.12861813796	4.54560355749	6.04859816044	4.14349634135	4.14349634135	4.10588684333	4.20140203956	4.10588684333	5.14890120549	4.20140203956	5.14890120549	4.71782726755	4.14349634135	4.54560355749	4.71782726755	5.14663581951	4.10588684333	4.54560355749	5.14663581951	4.71782726755	4.20140203956	4.54560355749	6.04859816044	4.20140203956	4.53343755214	4.54560355749	5.14890120549	6.04859816044	4.14349634135	4.10588684333	4.10588684333	3.3069330021	3.60296266744
5.75805948043	6.20872501574	6.20872501574	0.0	5.77297815728	0.0	6.00732203956	5.75805948043	6.19993790418	5.75805948043	6.20872501574	4.71311402553	4.43747298429	4.51545142658	3.96942042664	3.96942042664	3.96942042664	4.51545142658	4.65964766837	4.55729945232	4.55729945232	5.43790377089	5.34225693049	5.43790377089	5.43790377089	5.29593490333	5.47857460149	5.47857460149	5.29593490333	5.47857460149	5.34225693049	5.34225693049	5.43790377089	5.34225693049	5.95561255359	5.43790377089	5.43790377089	5.43790377089	5.43790377089	5.95561255359	5.29593490333	5.64445284373	5.60746223659	6.78703168333	6.78703168333	5.96728045391	7.41603869303	5.64445284373	5.64445284373	5.51087904935	5.60746223659	5.51087904935	6.80201786306	5.60746223659	6.80201786306	6.15843999191	5.64445284373	5.96728045391	6.15843999191	6.79128106557	5.51087904935	5.96728045391	6.79128106557	6.15843999191	5.60746223659	5.96728045391	7.41603869303	5.60746223659	5.97336220415	5.96728045391	6.80201786306	7.41603869303	5.64445284373	5.51087904935	5.51087904935	5.29593490333	5.43790377089
6.02932856948	4.90074166035	4.90074166035	6.00732203956	3.05123988663	6.00732203956	0.0	6.02932856948	5.47007586612	6.02932856948	4.90074166035	4.20046518311	4.20807724091	4.19343890722	3.6585939496	3.6585939496	3.6585939496	4.19343890722	4.02303004736	4.20646603821	4.20646603821	4.00491924417	3.83685477877	4.00491924417	4.00491924417	3.7394504564	3.9489158814	3.9489158814	3.7394504564	3.9489158814	3.83685477877	3.83685477877	4.00491924417	3.83685477877	4.6784687727	4.00491924417	4.00491924417	4.00491924417	4.00491924417	4.6784687727	3.7394504564	4.44421083716	4.48044182859	5.47804172802	5.47804172802	4.82613674431	6.32189322497	4.44421083716	4.44421083716	4.38132690448	4.48044182859	4.38132690448	5.50411148756	4.48044182859	5.50411148756	5.00514674323	4.44421083716	4.82613674431	5.00514674323	5.50342731442	4.38132690448	4.82613674431	5.50342731442	5.00514674323	4.48044182859	4.82613674431	6.32189322497	4.48044182859	4.8221662559	4.82613674431	5.50411148756	6.32189322497	4.44421083716	4.38132690448	4.38132690448	3.7394504564	4.00491924417
0.0	6.21849426748	6.21849426748	5.75805948043	5.80701740541	5.75805948043	6.02932856948	0.0	6.144345921	0.0	6.21849426748	4.55958105053	4.21214701505	4.32046179874	3.77826160396	3.77826160396	3.77826160396	4.32046179874	4.50339489663	4.32512024119	4.32512024119	5.51404492284	5.41055699072	5.51404492284	5.51404492284	5.36637806731	5.5611426425	5.5611426425	5.36637806731	5.5611426425	5.41055699072	5.41055699072	5.51404492284	5.41055699072	6.03753046497	5.51404492284	5.51404492284	5.51404492284	5.51404492284	6.03753046497	5.36637806731	5.63286232599	5.5723266274	6.82538773207	6.82538773207	5.93409673043	7.37355225576	5.63286232599	5.63286232599	5.47242338046	5.5723266274	5.47242338046	6.854254524	5.5723266274	6.854254524	6.13248232643	5.63286232599	5.93409673043	6.13248232643	6.85071919608	5.47242338046	5.93409673043	6.85071919608	6.13248232643	5.5723266274	5.93409673043	7.37355225576	5.5723266274	5.94898853888	5.93409673043	6.854254524	7.37355225576	5.63286232599	5.47242338046	5.47242338046	5.36637806731	5.51404492284
6.144345921	5.1163653359	5.1163653359	6.19993790418	5.29163503175	6.19993790418	5.47007586612	6.144345921	0.0	6.144345921	5.1163653359	4.56709322712	4.41996071023	4.45652537888	3.93263190742	3.93263190742	3.93263190742	4.45652537888	4.28963466032	4.29032041899	4.29032041899	5.13327465386	5.01885029212	5.13327465386	5.13327465386	4.96317533745	5.154194904	5.154194904	4.96317533745	5.154194904	5.01885029212	5.01885029212	5.13327465386	5.01885029212	5.68747629732	5.13327465386	5.13327465386	5.13327465386	5.13327465386	5.68747629732	4.96317533745	5.33813263831	5.30632389147	6.48638478239	6.48638478239	5.66261951649	7.12124808456	5.33813263831	5.33813263831	5.20542608454	5.30632389147	5.20542608454	6.51215761701	5.30632389147	6.51215761701	5.85596446001	5.33813263831	5.66261951649	5.85596446001	6.50782350419	5.20542608454	5.66261951649	6.50782350419	5.85596446001	5.30632389147	5.66261951649	7.12124808456	5.30632389147	5.6730087481	5.66261951649	6.51215761701	7.12124808456	5.33813263831	5.20542608454	5.20542608454	4.96317533745	5.13327465386
0.0	6.21849426748	6.21849426748	5.75805948043	5.80701740541	5.75805948043	6.02932856948	0.0	6.144345921	0.0	6.21849426748	4.55958105053	4.21214701505	4.32046179874	3.77826160396	3.77826160396	3.77826160396	4.32046179874	4.50339489663	4.32512024119	4.32512024119	5.51404492284	5.41055699072	5.51404492284	5.51404492284	5.36637806731	5.5611426425	5.5611426425	5.36637806731	5.5611426425	5.41055699072	5.41055699072	5.51404492284	5.41055699072	6.03753046497	5.51404492284	5.51404492284	5.51404492284	5.51404492284	6.03753046497	5.36637806731	5.63286232599	5.5723266274	6.82538773207	6.82538773207	5.93409673043	7.37355225576	5.63286232599	5.63286232599	5.47242338046	5.5723266274	5.47242338046	6.854254524	5.5723266274	6.854254524	6.13248232643	5.63286232599	5.93409673043	6.13248232643	6.85071919608	5.47242338046	5.93409673043	6.85071919608	6.13248232643	5.5723266274	5.93409673043	7.37355225576	5.5723266274	5.94898853888	5.93409673043	6.854254524	7.37355225576	5.63286232599	5.47242338046	5.47242338046	5.36637806731	5.51404492284
6.21849426748	0.0	0.0	6.20872501574	4.78232172356	6.20872501574	4.90074166035	6.21849426748	5.1163653359	6.21849426748	0.0	4.52358687857	4.45284064143	4.46343794716	3.93428601115	3.93428601115	3.93428601115	4.46343794716	4.28240300931	4.39590806163	4.39590806163	4.79055383199	4.66328708437	4.79055383199	4.79055383199	4.59469892512	4.78285588717	4.78285588717	4.59469892512	4.78285588717	4.66328708437	4.66328708437	4.79055383199	4.66328708437	5.37905136127	4.79055383199	4.79055383199	4.79055383199	4.79055383199	5.37905136127	4.59469892512	5.08207902611	5.07564604893	6.18709358967	6.18709358967	5.42801269374	6.90069923568	5.08207902611	5.08207902611	4.97541862402	5.07564604893	4.97541862402	6.21013623033	5.07564604893	6.21013623033	5.6159030675	5.08207902611	5.42801269374	5.6159030675	6.20540663661	4.97541862402	5.42801269374	6.20540663661	5.6159030675	5.07564604893	5.42801269374	6.90069923568	5.07564604893	5.4328227426	5.42801269374	6.21013623033	6.90069923568	5.08207902611	4.97541862402	4.97541862402	4.59469892512	4.79055383199
4.55958105053	4.52358687857	4.52358687857	4.71311402553	3.98367734572	4.71311402553	4.20046518311	4.55958105053	4.56709322712	4.55958105053	4.52358687857	0.0	2.39889500659	2.22282026575	1.66716669538	1.66716669538	1.66716669538	2.22282026575	2.42493840437	2.62731203742	2.62731203742	3.71632732953	3.60199830405	3.71632732953	3.71632732953	3.56719874458	3.78787406213	3.78787406213	3.56719874458	3.78787406213	3.60199830405	3.60199830405	3.71632732953	3.60199830405	4.23758172115	3.71632732953	3.71632732953	3.71632732953	3.71632732953	4.23758172115	3.56719874458	3.61849825184	3.49597468371	4.93259735212	4.93259735212	3.86462337239	5.2754663232	3.61849825184	3.61849825184	3.39014569914	3.49597468371	3.39014569914	4.9907600844	3.49597468371	4.9907600844	4.07994998366	3.61849825184	3.86462337239	4.07994998366	5.0021020956	3.39014569914	3.86462337239	5.0021020956	4.07994998366	3.49597468371	3.86462337239	5.2754663232	3.49597468371	3.89929586151	3.86462337239	4.9907600844	5.2754663232	3.61849825184	3.39014569914	3.39014569914	3.56719874458	3.71632732953
4.21214701505	4.45284064143	4.45284064143	4.43747298429	3.99392367543	4.43747298429	4.20807724091	4.21214701505	4.41996071023	4.21214701505	4.45284064143	2.39889500659	0.0	1.89647083387	1.41053692102	1.41053692102	1.41053692102	1.89647083387	2.40839695462	2.25890171299	2.25890171299	3.73060869294	3.61956452922	3.73060869294	3.73060869294	3.57975628129	3.78960160293	3.78960160293	3.57975628129	3.78960160293	3.61956452922	3.61956452922	3.73060869294	3.61956452922	4.25602869698	3.73060869294	3.73060869294	3.73060869294	3.73060869294	4.25602869698	3.57975628129	3.73267885933	3.64022279791	4.99083161966	4.99083161966	4.00499630148	5.43104863483	3.73267885933	3.73267885933	3.53638978855	3.64022279791	3.53638978855	5.03655850102	3.64022279791	5.03655850102	4.2127375515	3.73267885933	4.00499630148	4.2127375515	5.04163249676	3.53638978855	4.00499630148	5.04163249676	4.2127375515	3.64022279791	4.00499630148	5.43104863483	3.64022279791	4.03110221706	4.00499630148	5.03655850102	5.43104863483	3.73267885933	3.53638978855	3.53638978855	3.57975628129	3.73060869294
4.32046179874	4.46343794716	4.46343794716	4.51545142658	3.97865953697	4.51545142658	4.19343890722	4.32046179874	4.45652537888	4.32046179874	4.46343794716	2.22282026575	1.89647083387	0.0	1.04402251456	1.04402251456	1.04402251456	0.0	2.37730101468	2.38080653987	2.38080653987	3.71464949477	3.60249256364	3.71464949477	3.71464949477	3.5642711441	3.77763919616	3.77763919616	3.5642711441	3.77763919616	3.60249256364	3.60249256364	3.71464949477	3.60249256364	4.23882869942	3.71464949477	3.71464949477	3.71464949477	3.71464949477	4.23882869942	3.5642711441	3.68456392254	3.58239111972	4.96074066582	4.96074066582	3.94845416289	5.36941166222	3.68456392254	3.68456392254	3.47798235069	3.58239111972	3.47798235069	5.01049501782	3.58239111972	5.01049501782	4.15860138041	3.68456392254	3.94845416289	4.15860138041	5.01760306005	3.47798235069	3.94845416289	5.01760306005	4.15860138041	3.58239111972	3.94845416289	5.36941166222	3.58239111972	3.9772516817	3.94845416289	5.01049501782	5.36941166222	3.68456392254	3.47798235069	3.47798235069	3.5642711441	3.71464949477
3.77826160396	3.93428601115	3.93428601115	3.96942042664	3.44269209798	3.96942042664	3.6585939496	3.77826160396	3.93263190742	3.77826160396	3.93428601115	1.66716669538	1.41053692102	1.04402251456	0.0	0.0	0.0	1.04402251456	1.87719292398	1.88209916452	1.88209916452	3.17527112426	3.06331320657	3.17527112426	3.17527112426	3.0254863927	3.23916013676	3.23916013676	3.0254863927	3.23916013676	3.06331320657	3.06331320657	3.17527112426	3.06331320657	3.69855543591	3.17527112426	3.17527112426	3.17527112426	3.17527112426	3.69855543591	3.0254863927	3.13982343457	3.03544905867	4.41903453405	4.41903453405	3.40202374129	4.82118044824	3.13982343457	3.13982343457	2.93127823407	3.03544905867	2.93127823407	4.4691905963	3.03544905867	4.4691905963	3.61245876968	3.13982343457	3.40202374129	3.61245876968	4.47649808493	2.93127823407	3.40202374129	4.47649808493	3.61245876968	3.03544905867	3.40202374129	4.82118044824	3.03544905867	3.43101035144	3.40202374129	4.4691905963	4.82118044824	3.13982343457	2.93127823407	2.93127823407	3.0254863927	3.17527112426
3.77826160396	3.93428601115	3.93428601115	3.96942042664	3.44269209798	3.96942042664	3.6585939496	3.77826160396	3.93263190742	3.77826160396	3.93428601115	1.66716669538	1.41053692102	1.04402251456	0.0	0.0	0.0	1.04402251456	1.87719292398	1.88209916452	1.88209916452	3.17527112426	3.06331320657	3.17527112426	3.17527112426	3.0254863927	3.23916013676	3.23916013676	3.0254863927	3.23916013676	3.06331320657	3.06331320657	3.17527112426	3.06331320657	3.69855543591	3.17527112426	3.17527112426	3.17527112426	3.17527112426	3.69855543591	3.0254863927	3.13982343457	3.03544905867	4.41903453405	4.41903453405	3.40202374129	4.82118044824	3.13982343457	3.13982343457	2.93127823407	3.03544905867	2.93127823407	4.4691905963	3.03544905867	4.4691905963	3.61245876968	3.13982343457	3.40202374129	3.61245876968	4.47649808493	2.93127823407	3.40202374129	4.47649808493	3.61245876968	3.03544905867	3.40202374129	4.82118044824	3.03544905867	3.43101035144	3.40202374129	4.4691905963	4.82118044824	3.13982343457	2.93127823407	2.93127823407	3.0254863927	3.17527112426
3.77826160396	3.93428601115	3.93428601115	3.96942042664	3.44269209798	3.96942042664	3.6585939496	3.77826160396	3.93263190742	3.77826160396	3.93428601115	1.66716669538	1.41053692102	1.04402251456	0.0	0.0	0.0	1.04402251456	1.87719292398	1.88209916452	1.88209916452	3.17527112426	3.06331320657	3.17527112426	3.17527112426	3.0254863927	3.23916013676	3.23916013676	3.0254863927	3.23916013676	3.06331320657	3.06331320657	3.17527112426	3.06331320657	3.69855543591	3.17527112426	3.17527112426	3.17527112426	3.17527112426	3.69855543591	3.0254863927	3.13982343457	3.03544905867	4.41903453405	4.41903453405	3.40202374129	4.82118044824	3.13982343457	3.13982343457	2.93127823407	3.03544905867	2.93127823407	4.4691905963	3.03544905867	4.4691905963	3.61245876968	3.13982343457	3.40202374129	3.61245876968	4.47649808493	2.93127823407	3.40202374129	4.47649808493	3.61245876968	3.03544905867	3.40202374129	4.82118044824	3.03544905867	3.43101035144	3.40202374129	4.4691905963	4.82118044824	3.13982343457	2.93127823407	2.93127823407	3.0254863927	3.17527112426
4.32046179874	4.46343794716	4.46343794716	4.51545142658	3.97865953697	4.51545142658	4.19343890722	4.32046179874	4.45652537888	4.32046179874	4.46343794716	2.22282026575	1.89647083387	0.0	1.04402251456	1.04402251456	1.04402251456	0.0	2.37730101468	2.38080653987	2.38080653987	3.71464949477	3.60249256364	3.71464949477	3.71464949477	3.5642711441	3.77763919616	3.77763919616	3.5642711441	3.77763919616	3.60249256364	3.60249256364	3.71464949477	3.60249256364	4.23882869942	3.71464949477	3.71464949477	3.71464949477	3.71464949477	4.23882869942	3.5642711441	3.68456392254	3.58239111972	4.96074066582	4.96074066582	3.94845416289	5.36941166222	3.68456392254	3.68456392254	3.47798235069	3.58239111972	3.47798235069	5.01049501782	3.58239111972	5.01049501782	4.15860138041	3.68456392254	3.94845416289	4.15860138041	5.01760306005	3.47798235069	3.94845416289	5.01760306005	4.15860138041	3.58239111972	3.94845416289	5.36941166222	3.58239111972	3.9772516817	3.94845416289	5.01049501782	5.36941166222	3.68456392254	3.47798235069	3.47798235069	3.5642711441	3.71464949477
4.50339489663	4.28240300931	4.28240300931	4.65964766837	3.82198082157	4.65964766837	4.02303004736	4.50339489663	4.28963466032	4.50339489663	4.28240300931	2.42493840437	2.40839695462	2.37730101468	1.87719292398	1.87719292398	1.87719292398	2.37730101468	0.0	2.33765389335	2.33765389335	3.6019146104	3.48476200167	3.6019146104	3.6019146104	3.44470935968	3.66159167628	3.66159167628	3.44470935968	3.66159167628	3.48476200167	3.48476200167	3.6019146104	3.48476200167	4.13526710061	3.6019146104	3.6019146104	3.6019146104	3.6019146104	4.13526710061	3.44470935968	3.57482238391	3.48122706758	4.84889159364	4.84889159364	3.84335821782	5.27679525174	3.57482238391	3.57482238391	3.37266101055	3.48122706758	3.37266101055	4.90184429778	3.48122706758	4.90184429778	4.05464813363	3.57482238391	3.84335821782	4.05464813363	4.91061103375	3.37266101055	3.84335821782	4.91061103375	4.05464813363	3.48122706758	3.84335821782	5.27679525174	3.48122706758	3.87510980783	3.84335821782	4.90184429778	5.27679525174	3.57482238391	3.37266101055	3.37266101055	3.44470935968	3.6019146104
4.32512024119	4.39590806163	4.39590806163	4.55729945232	4.00023476592	4.55729945232	4.20646603821	4.32512024119	4.29032041899	4.32512024119	4.39590806163	2.62731203742	2.25890171299	2.38080653987	1.88209916452	1.88209916452	1.88209916452	2.38080653987	2.33765389335	0.0	0.0	3.76039950338	3.64794593775	3.76039950338	3.76039950338	3.60556342467	3.81350916134	3.81350916134	3.60556342467	3.81350916134	3.64794593775	3.64794593775	3.76039950338	3.64794593775	4.29165276564	3.76039950338	3.76039950338	3.76039950338	3.76039950338	4.29165276564	3.60556342467	3.79384482487	3.71308589408	5.03461058982	5.03461058982	4.07545379028	5.51001943546	3.79384482487	3.79384482487	3.60852867523	3.71308589408	3.60852867523	5.07797928147	3.71308589408	5.07797928147	4.28130821924	3.79384482487	4.07545379028	4.28130821924	5.08193624034	3.60852867523	4.07545379028	5.08193624034	4.28130821924	3.71308589408	4.07545379028	5.51001943546	3.71308589408	4.0999735365	4.07545379028	5.07797928147	5.51001943546	3.79384482487	3.60852867523	3.60852867523	3.60556342467	3.76039950338
4.32512024119	4.39590806163	4.39590806163	4.55729945232	4.00023476592	4.55729945232	4.20646603821	4.32512024119	4.29032041899	4.32512024119	4.39590806163	2.62731203742	2.25890171299	2.38080653987	1.88209916452	1.88209916452	1.88209916452	2.38080653987	2.33765389335	0.0	0.0	3.76039950338	3.64794593775	3.76039950338	3.76039950338	3.60556342467	3.81350916134	3.81350916134	3.60556342467	3.81350916134	3.64794593775	3.64794593775	3.76039950338	3.64794593775	4.29165276564	3.76039950338	3.76039950338	3.76039950338	3.76039950338	4.29165276564	3.60556342467	3.79384482487	3.71308589408	5.03461058982	5.03461058982	4.07545379028	5.51001943546	3.79384482487	3.79384482487	3.60852867523	3.71308589408	3.60852867523	5.07797928147	3.71308589408	5.07797928147	4.28130821924	3.79384482487	4.07545379028	4.28130821924	5.08193624034	3.60852867523	4.07545379028	5.08193624034	4.28130821924	3.71308589408	4.07545379028	5.51001943546	3.71308589408	4.0999735365	4.07545379028	5.07797928147	5.51001943546	3.79384482487	3.60852867523	3.60852867523	3.60556342467	3.76039950338
5.51404492284	4.79055383199	4.79055383199	5.43790377089	3.60296266744	5.43790377089	4.00491924417	5.51404492284	5.13327465386	5.51404492284	4.79055383199	3.71632732953	3.73060869294	3.71464949477	3.17527112426	3.17527112426	3.17527112426	3.71464949477	3.6019146104	3.76039950338	3.76039950338	0.0	1.98103759834	0.0	0.0	2.15721558264	2.55641491638	2.55641491638	2.15721558264	2.55641491638	1.98103759834	1.98103759834	0.0	1.98103759834	3.01240782487	0.0	0.0	0.0	0.0	3.01240782487	2.15721558264	3.44745512959	3.63808479969	4.05675696723	4.05675696723	3.97939808095	5.51541898955	3.44745512959	3.44745512959	3.57395710362	3.63808479969	3.57395710362	3.97996708415	3.63808479969	3.97996708415	4.10155845604	3.44745512959	3.97939808095	4.10155845604	3.95372648359	3.57395710362	3.97939808095	3.95372648359	4.10155845604	3.63808479969	3.97939808095	5.51541898955	3.63808479969	3.90249730168	3.97939808095	3.97996708415	5.51541898955	3.44745512959	3.57395710362	3.57395710362	2.15721558264	0.0
5.41055699072	4.66328708437	4.66328708437	5.34225693049	3.42036429695	5.34225693049	3.83685477877	5.41055699072	5.01885029212	5.41055699072	4.66328708437	3.60199830405	3.61956452922	3.60249256364	3.06331320657	3.06331320657	3.06331320657	3.60249256364	3.48476200167	3.64794593775	3.64794593775	1.98103759834	0.0	1.98103759834	1.98103759834	1.84134946249	2.41426711574	2.41426711574	1.84134946249	2.41426711574	0.0	0.0	1.98103759834	0.0	3.08360485451	1.98103759834	1.98103759834	1.98103759834	1.98103759834	3.08360485451	1.84134946249	3.36853237212	3.54535515382	4.02867176122	4.02867176122	3.88558396459	5.42026692826	3.36853237212	3.36853237212	3.47585048055	3.54535515382	3.47585048055	3.99215354642	3.54535515382	3.99215354642	4.01511843771	3.36853237212	3.88558396459	4.01511843771	3.9789590911	3.47585048055	3.88558396459	3.9789590911	4.01511843771	3.54535515382	3.88558396459	5.42026692826	3.54535515382	3.819263884	3.88558396459	3.99215354642	5.42026692826	3.36853237212	3.47585048055	3.47585048055	1.84134946249	1.98103759834
5.51404492284	4.79055383199	4.79055383199	5.43790377089	3.60296266744	5.43790377089	4.00491924417	5.51404492284	5.13327465386	5.51404492284	4.79055383199	3.71632732953	3.73060869294	3.71464949477	3.17527112426	3.17527112426	3.17527112426	3.71464949477	3.6019146104	3.76039950338	3.76039950338	0.0	1.98103759834	0.0	0.0	2.15721558264	2.55641491638	2.55641491638	2.15721558264	2.55641491638	1.98103759834	1.98103759834	0.0	1.98103759834	3.01240782487	0.0	0.0	0.0	0.0	3.01240782487	2.15721558264	3.44745512959	3.63808479969	4.05675696723	4.05675696723	3.97939808095	5.51541898955	3.44745512959	3.44745512959	3.57395710362	3.63808479969	3.57395710362	3.97996708415	3.63808479969	3.97996708415	4.10155845604	3.44745512959	3.97939808095	4.10155845604	3.95372648359	3.57395710362	3.97939808095	3.95372648359	4.10155845604	3.63808479969	3.97939808095	5.51541898955	3.63808479969	3.90249730168	3.97939808095	3.97996708415	5.51541898955	3.44745512959	3.57395710362	3.57395710362	2.15721558264	0.0
5.51404492284	4.79055383199	4.79055383199	5.43790377089	3.60296266744	5.43790377089	4.00491924417	5.51404492284	5.13327465386	5.51404492284	4.79055383199	3.71632732953	3.73060869294	3.71464949477	3.17527112426	3.17527112426	3.17527112426	3.71464949477	3.6019146104	3.76039950338	3.76039950338	0.0	1.98103759834	0.0	0.0	2.15721558264	2.55641491638	2.55641491638	2.15721558264	2.55641491638	1.98103759834	1.98103759834	0.0	1.98103759834	3.01240782487	0.0	0.0	0.0	0.0	3.01240782487	2.15721558264	3.44745512959	3.63808479969	4.05675696723	4.05675696723	3.97939808095	5.51541898955	3.44745512959	3.44745512959	3.57395710362	3.63808479969	3.57395710362	3.97996708415	3.63808479969	3.97996708415	4.10155845604	3.44745512959	3.97939808095	4.10155845604	3.95372648359	3.57395710362	3.97939808095	3.95372648359	4.10155845604	3.63808479969	3.97939808095	5.51541898955	3.63808479969	3.90249730168	3.97939808095	3.97996708415	5.51541898955	3.44745512959	3.57395710362	3.57395710362	2.15721558264	0.0
5.36637806731	4.59469892512	4.59469892512	5.29593490333	3.3069330021	5.29593490333	3.7394504564	5.36637806731	4.96317533745	5.36637806731	4.59469892512	3.56719874458	3.57975628129	3.5642711441	3.0254863927	3.0254863927	3.0254863927	3.5642711441	3.44470935968	3.60556342467	3.60556342467	2.15721558264	1.84134946249	2.15721558264	2.15721558264	0.0	2.16725539648	2.16725539648	0.0	2.16725539648	1.84134946249	1.84134946249	2.15721558264	1.84134946249	3.1932766926	2.15721558264	2.15721558264	2.15721558264	2.15721558264	3.1932766926	0.0	3.40758518114	3.56313877971	4.13087780634	4.13087780634	3.90407414455	5.43305813822	3.40758518114	3.40758518114	3.48902457531	3.56313877971	3.48902457531	4.1018436597	3.56313877971	4.1018436597	4.04121131671	3.40758518114	3.90407414455	4.04121131671	4.08730808496	3.48902457531	3.90407414455	4.08730808496	4.04121131671	3.56313877971	3.90407414455	5.43305813822	3.56313877971	3.84736418797	3.90407414455	4.1018436597	5.43305813822	3.40758518114	3.48902457531	3.48902457531	0.0	2.15721558264
5.5611426425	4.78285588717	4.78285588717	5.47857460149	3.51865875858	5.47857460149	3.9489158814	5.5611426425	5.154194904	5.5611426425	4.78285588717	3.78787406213	3.78960160293	3.77763919616	3.23916013676	3.23916013676	3.23916013676	3.77763919616	3.66159167628	3.81350916134	3.81350916134	2.55641491638	2.41426711574	2.55641491638	2.55641491638	2.16725539648	0.0	0.0	2.16725539648	0.0	2.41426711574	2.41426711574	2.55641491638	2.41426711574	3.49922938475	2.55641491638	2.55641491638	2.55641491638	2.55641491638	3.49922938475	2.16725539648	3.69511984876	3.83554956639	4.45733278098	4.45733278098	4.17776194896	5.7012649795	3.69511984876	3.69511984876	3.75935339347	3.83554956639	3.75935339347	4.42476026244	3.83554956639	4.42476026244	4.31921243869	3.69511984876	4.17776194896	4.31921243869	4.40468832235	3.75935339347	4.17776194896	4.40468832235	4.31921243869	3.83554956639	4.17776194896	5.7012649795	3.83554956639	4.12599566981	4.17776194896	4.42476026244	5.7012649795	3.69511984876	3.75935339347	3.75935339347	2.16725539648	2.55641491638
5.5611426425	4.78285588717	4.78285588717	5.47857460149	3.51865875858	5.47857460149	3.9489158814	5.5611426425	5.154194904	5.5611426425	4.78285588717	3.78787406213	3.78960160293	3.77763919616	3.23916013676	3.23916013676	3.23916013676	3.77763919616	3.66159167628	3.81350916134	3.81350916134	2.55641491638	2.41426711574	2.55641491638	2.55641491638	2.16725539648	0.0	0.0	2.16725539648	0.0	2.41426711574	2.41426711574	2.55641491638	2.41426711574	3.49922938475	2.55641491638	2.55641491638	2.55641491638	2.55641491638	3.49922938475	2.16725539648	3.69511984876	3.83554956639	4.45733278098	4.45733278098	4.17776194896	5.7012649795	3.69511984876	3.69511984876	3.75935339347	3.83554956639	3.75935339347	4.42476026244	3.83554956639	4.42476026244	4.31921243869	3.69511984876	4.17776194896	4.31921243869	4.40468832235	3.75935339347	4.17776194896	4.40468832235	4.31921243869	3.83554956639	4.17776194896	5.7012649795	3.83554956639	4.12599566981	4.17776194896	4.42476026244	5.7012649795	3.69511984876	3.75935339347	3.75935339347	2.16725539648	2.55641491638
5.36637806731	4.59469892512	4.59469892512	5.29593490333	3.3069330021	5.29593490333	3.7394504564	5.36637806731	4.96317533745	5.36637806731	4.59469892512	3.56719874458	3.57975628129	3.5642711441	3.0254863927	3.0254863927	3.0254863927	3.5642711441	3.44470935968	3.60556342467	3.60556342467	2.15721558264	1.84134946249	2.15721558264	2.15721558264	0.0	2.16725539648	2.16725539648	0.0	2.16725539648	1.84134946249	1.84134946249	2.15721558264	1.84134946249	3.1932766926	2.15721558264	2.15721558264	2.15721558264	2.15721558264	3.1932766926	0.0	3.40758518114	3.56313877971	4.13087780634	4.13087780634	3.90407414455	5.43305813822	3.40758518114	3.40758518114	3.48902457531	3.56313877971	3.48902457531	4.1018436597	3.56313877971	4.1018436597	4.04121131671	3.40758518114	3.90407414455	4.04121131671	4.08730808496	3.48902457531	3.90407414455	4.08730808496	4.04121131671	3.56313877971	3.90407414455	5.43305813822	3.56313877971	3.84736418797	3.90407414455	4.1018436597	5.43305813822	3.40758518114	3.48902457531	3.48902457531	0.0	2.15721558264
5.5611426425	4.78285588717	4.78285588717	5.47857460149	3.51865875858	5.47857460149	3.9489158814	5.5611426425	5.154194904	5.5611426425	4.78285588717	3.78787406213	3.78960160293	3.77763919616	3.23916013676	3.23916013676	3.23916013676	3.77763919616	3.66159167628	3.81350916134	3.81350916134	2.55641491638	2.41426711574	2.55641491638	2.55641491638	2.16725539648	0.0	0.0	2.16725539648	0.0	2.41426711574	2.41426711574	2.55641491638	2.41426711574	3.49922938475	2.55641491638	2.55641491638	2.55641491638	2.55641491638	3.49922938475	2.16725539648	3.69511984876	3.83554956639	4.45733278098	4.45733278098	4.17776194896	5.7012649795	3.69511984876	3.69511984876	3.75935339347	3.83554956639	3.75935339347	4.42476026244	3.83554956639	4.42476026244	4.31921243869	3.69511984876	4.17776194896	4.31921243869	4.40468832235	3.75935339347	4.17776194896	4.40468832235	4.31921243869	3.83554956639	4.17776194896	5.7012649795	3.83554956639	4.12599566981	4.17776194896	4.42476026244	5.7012649795	3.69511984876	3.75935339347	3.75935339347	2.16725539648	2.55641491638
5.41055699072	4.66328708437	4.66328708437	5.34225693049	3.42036429695	5.34225693049	3.83685477877	5.41055699072	5.01885029212	5.41055699072	4.66328708437	3.60199830405	3.61956452922	3.60249256364	3.06331320657	3.06331320657	3.06331320657	3.60249256364	3.48476200167	3.64794593775	3.64794593775	1.98103759834	0.0	1.98103759834	1.98103759834	1.84134946249	2.41426711574	2.41426711574	1.84134946249	2.41426711574	0.0	0.0	1.98103759834	0.0	3.08360485451	1.98103759834	1.98103759834	1.98103759834	1.98103759834	3.08360485451	1.84134946249	3.36853237212	3.54535515382	4.02867176122	4.02867176122	3.88558396459	5.42026692826	3.36853237212	3.36853237212	3.47585048055	3.54535515382	3.47585048055	3.99215354642	3.54535515382	3.99215354642	4.01511843771	3.36853237212	3.88558396459	4.01511843771	3.9789590911	3.47585048055	3.88558396459	3.9789590911	4.01511843771	3.54535515382	3.88558396459	5.42026692826	3.54535515382	3.819263884	3.88558396459	3.99215354642	5.42026692826	3.36853237212	3.47585048055	3.47585048055	1.84134946249	1.98103759834
5.41055699072	4.66328708437	4.66328708437	5.34225693049	3.42036429695	5.34225693049	3.83685477877	5.41055699072	5.01885029212	5.41055699072	4.66328708437	3.60199830405	3.61956452922	3.60249256364	3.06331320657	3.06331320657	3.06331320657	3.60249256364	3.48476200167	3.64794593775	3.64794593775	1.98103759834	0.0	1.98103759834	1.98103759834	1.84134946249	2.41426711574	2.41426711574	1.84134946249	2.41426711574	0.0	0.0	1.98103759834	0.0	3.08360485451	1.98103759834	1.98103759834	1.98103759834	1.98103759834	3.08360485451	1.84134946249	3.36853237212	3.54535515382	4.02867176122	4.02867176122	3.88558396459	5.42026692826	3.36853237212	3.36853237212	3.47585048055	3.54535515382	3.47585048055	3.99215354642	3.54535515382	3.99215354642	4.01511843771	3.36853237212	3.88558396459	4.01511843771	3.9789590911	3.47585048055	3.88558396459	3.9789590911	4.01511843771	3.54535515382	3.88558396459	5.42026692826	3.54535515382	3.819263884	3.88558396459	3.99215354642	5.42026692826	3.36853237212	3.47585048055	3.47585048055	1.84134946249	1.98103759834
5.51404492284	4.79055383199	4.79055383199	5.43790377089	3.60296266744	5.43790377089	4.00491924417	5.51404492284	5.13327465386	5.51404492284	4.79055383199	3.71632732953	3.73060869294	3.71464949477	3.17527112426	3.17527112426	3.17527112426	3.71464949477	3.6019146104	3.76039950338	3.76039950338	0.0	1.98103759834	0.0	0.0	2.15721558264	2.55641491638	2.55641491638	2.15721558264	2.55641491638	1.98103759834	1.98103759834	0.0	1.98103759834	3.01240782487	0.0	0.0	0.0	0.0	3.01240782487	2.15721558264	3.44745512959	3.63808479969	4.05675696723	4.05675696723	3.97939808095	5.51541898955	3.44745512959	3.44745512959	3.57395710362	3.63808479969	3.57395710362	3.97996708415	3.63808479969	3.97996708415	4.10155845604	3.44745512959	3.97939808095	4.10155845604	3.95372648359	3.57395710362	3.97939808095	3.95372648359	4.10155845604	3.63808479969	3.97939808095	5.51541898955	3.63808479969	3.90249730168	3.97939808095	3.97996708415	5.51541898955	3.44745512959	3.57395710362	3.57395710362	2.15721558264	0.0
5.41055699072	4.66328708437	4.66328708437	5.34225693049	3.42036429695	5.34225693049	3.83685477877	5.41055699072	5.01885029212	5.41055699072	4.66328708437	3.60199830405	3.61956452922	3.60249256364	3.06331320657	3.06331320657	3.06331320657	3.60249256364	3.48476200167	3.64794593775	3.64794593775	1.98103759834	0.0	1.98103759834	1.98103759834	1.84134946249	2.41426711574	2.41426711574	1.84134946249	2.41426711574	0.0	0.0	1.98103759834	0.0	3.08360485451	1.98103759834	1.98103759834	1.98103759834	1.98103759834	3.08360485451	1.84134946249	3.36853237212	3.54535515382	4.02867176122	4.02867176122	3.88558396459	5.42026692826	3.36853237212	3.36853237212	3.47585048055	3.54535515382	3.47585048055	3.99215354642	3.54535515382	3.99215354642	4.01511843771	3.36853237212	3.88558396459	4.01511843771	3.9789590911	3.47585048055	3.88558396459	3.9789590911	4.01511843771	3.54535515382	3.88558396459	5.42026692826	3.54535515382	3.819263884	3.88558396459	3.99215354642	5.42026692826	3.36853237212	3.47585048055	3.47585048055	1.84134946249	1.98103759834
6.03753046497	5.37905136127	5.37905136127	5.95561255359	4.31251083691	5.95561255359	4.6784687727	6.03753046497	5.68747629732	6.03753046497	5.37905136127	4.23758172115	4.25602869698	4.23882869942	3.69855543591	3.69855543591	3.69855543591	4.23882869942	4.13526710061	4.29165276564	4.29165276564	3.01240782487	3.08360485451	3.01240782487	3.01240782487	3.1932766926	3.49922938475	3.49922938475	3.1932766926	3.49922938475	3.08360485451	3.08360485451	3.01240782487	3.08360485451	0.0	3.01240782487	3.01240782487	3.01240782487	3.01240782487	0.0	3.1932766926	3.77215786588	4.02255719406	4.24726540256	4.24726540256	4.3679937039	5.91218977124	3.77215786588	3.77215786588	3.98125227328	4.02255719406	3.98125227328	3.95673840672	4.02255719406	3.95673840672	4.45790326188	3.77215786588	4.3679937039	4.45790326188	3.78361549614	3.98125227328	4.3679937039	3.78361549614	4.45790326188	4.02255719406	4.3679937039	5.91218977124	4.02255719406	4.24413038512	4.3679937039	3.95673840672	5.91218977124	3.77215786588	3.98125227328	3.98125227328	3.1932766926	3.01240782487
5.51404492284	4.79055383199	4.79055383199	5.43790377089	3.60296266744	5.43790377089	4.00491924417	5.51404492284	5.13327465386	5.51404492284	4.79055383199	3.71632732953	3.73060869294	3.71464949477	3.17527112426	3.17527112426	3.17527112426	3.71464949477	3.6019146104	3.76039950338	3.76039950338	0.0	1.98103759834	0.0	0.0	2.15721558264	2.55641491638	2.55641491638	2.15721558264	2.55641491638	1.98103759834	1.98103759834	0.0	1.98103759834	3.01240782487	0.0	0.0	0.0	0.0	3.01240782487	2.15721558264	3.44745512959	3.63808479969	4.05675696723	4.05675696723	3.97939808095	5.51541898955	3.44745512959	3.44745512959	3.57395710362	3.63808479969	3.57395710362	3.97996708415	3.63808479969	3.97996708415	4.10155845604	3.44745512959	3.97939808095	4.10155845604	3.95372648359	3.57395710362	3.97939808095	3.95372648359	4.10155845604	3.63808479969	3.97939808095	5.51541898955	3.63808479969	3.90249730168	3.97939808095	3.97996708415	5.51541898955	3.44745512959	3.57395710362	3.57395710362	2.15721558264	0.0
5.51404492284	4.79055383199	4.79055383199	5.43790377089	3.60296266744	5.43790377089	4.00491924417	5.51404492284	5.13327465386	5.51404492284	4.79055383199	3.71632732953	3.73060869294	3.71464949477	3.17527112426	3.17527112426	3.17527112426	3.71464949477	3.6019146104	3.76039950338	3.76039950338	0.0	1.98103759834	0.0	0.0	2.15721558264	2.55641491638	2.55641491638	2.15721558264	2.55641491638	1.98103759834	1.98103759834	0.0	1.98103759834	3.01240782487	0.0	0.0	0.0	0.0	3.01240782487	2.15721558264	3.44745512959	3.63808479969	4.05675696723	4.05675696723	3.97939808095	5.51541898955	3.44745512959	3.44745512959	3.57395710362	3.63808479969	3.57395710362	3.97996708415	3.63808479969	3.97996708415	4.10155845604	3.44745512959	3.97939808095	4.10155845604	3.95372648359	3.57395710362	3.97939808095	3.95372648359	4.10155845604	3.63808479969	3.97939808095	5.51541898955	3.63808479969	3.90249730168	3.97939808095	3.97996708415	5.51541898955	3.44745512959	3.57395710362	3.57395710362	2.15721558264	0.0
5.51404492284	4.79055383199	4.79055383199	5.43790377089	3.60296266744	5.43790377089	4.00491924417	5.51404492284	5.13327465386	5.51404492284	4.79055383199	3.71632732953	3.73060869294	3.71464949477	3.17527112426	3.17527112426	3.17527112426	3.71464949477	3.6019146104	3.76039950338	3.76039950338	0.0	1.98103759834	0.0	0.0	2.15721558264	2.55641491638	2.55641491638	2.15721558264	2.55641491638	1.98103759834	1.98103759834	0.0	1.98103759834	3.01240782487	0.0	0.0	0.0	0.0	3.01240782487	2.15721558264	3.44745512959	3.63808479969	4.05675696723	4.05675696723	3.97939808095	5.51541898955	3.44745512959	3.44745512959	3.57395710362	3.63808479969	3.57395710362	3.97996708415	3.63808479969	3.97996708415	4.10155845604	3.44745512959	3.97939808095	4.10155845604	3.95372648359	3.57395710362	3.97939808095	3.95372648359	4.10155845604	3.63808479969	3.97939808095	5.51541898955	3.63808479969	3.90249730168	3.97939808095	3.97996708415	5.51541898955	3.44745512959	3.57395710362	3.57395710362	2.15721558264	0.0
