0.0	7.30100324996	7.30100324996	6.93818917396	7.02750236589	6.93818917396	7.24504592641	0.0	7.15459587241	0.0	7.30100324996	5.60460059522	5.17667798875	5.31105724501	4.8073309255	4.8073309255	4.8073309255	5.31105724501	5.5279540526	5.28140995695	5.28140995695	6.88272535464	6.73682766331	6.88272535464	6.88272535464	6.68762424661	6.88289124823	6.88289124823	6.68762424661	6.88289124823	6.73682766331	6.73682766331	6.88272535464	6.73682766331	7.5901155119	6.88272535464	6.88272535464	6.88272535464	6.88272535464	7.5901155119	6.68762424661	6.96157482881	6.91380617079	8.19733077742	8.19733077742	7.25338183084	8.78791992572	6.96157482881	6.96157482881	6.77506409287	6.91380617079	6.77506409287	8.29718773853	6.91380617079	8.29718773853	7.48156295227	6.96157482881	7.25338183084	7.48156295227	8.33409679527	6.77506409287	7.25338183084	8.33409679527	7.48156295227	6.91380617079	7.25338183084	8.78791992572	6.91380617079	7.38006938506	7.25338183084	8.29718773853	8.78791992572	6.96157482881	6.77506409287	6.77506409287	6.68762424661	6.88272535464
7.30100324996	0.0	0.0	7.52474044439	5.61882629623	7.52474044439	5.71109080124	7.30100324996	5.82869181823	7.30100324996	0.0	5.48333151796	5.43423756698	5.43846265984	4.95097408213	4.95097408213	4.95097408213	5.43846265984	5.17995360574	5.33753158385	5.33753158385	5.83530524874	5.66365012853	5.83530524874	5.83530524874	5.58710785882	5.76893745698	5.76893745698	5.58710785882	5.76893745698	5.66365012853	5.66365012853	5.83530524874	5.66365012853	6.61723508208	5.83530524874	5.83530524874	5.83530524874	5.83530524874	6.61723508208	5.58710785882	6.14375909429	6.16861017052	7.26549269306	7.26549269306	6.49437864757	8.07599591277	6.14375909429	6.14375909429	6.02892287567	6.16861017052	6.02892287567	7.35693603528	6.16861017052	7.35693603528	6.70829283561	6.14375909429	6.49437864757	6.70829283561	7.38995723187	6.02892287567	6.49437864757	7.38995723187	6.70829283561	6.16861017052	6.49437864757	8.07599591277	6.16861017052	6.60809015498	6.49437864757	7.35693603528	8.07599591277	6.14375909429	6.02892287567	6.02892287567	5.58710785882	5.83530524874
7.30100324996	0.0	0.0	7.52474044439	5.61882629623	7.52474044439	5.71109080124	7.30100324996	5.82869181823	7.30100324996	0.0	5.48333151796	5.43423756698	5.43846265984	4.95097408213	4.95097408213	4.95097408213	5.43846265984	5.17995360574	5.33753158385	5.33753158385	5.83530524874	5.66365012853	5.83530524874	5.83530524874	5.58710785882	5.76893745698	5.76893745698	5.58710785882	5.76893745698	5.66365012853	5.66365012853	5.83530524874	5.66365012853	6.61723508208	5.83530524874	5.83530524874	5.83530524874	5.83530524874	6.61723508208	5.58710785882	6.14375909429	6.16861017052	7.26549269306	7.26549269306	6.49437864757	8.07599591277	6.14375909429	6.14375909429	6.02892287567	6.16861017052	6.02892287567	7.35693603528	6.16861017052	7.35693603528	6.70829283561	6.14375909429	6.49437864757	6.70829283561	7.38995723187	6.02892287567	6.49437864757	7.38995723187	6.70829283561	6.16861017052	6.49437864757	8.07599591277	6.16861017052	6.60809015498	6.49437864757	7.35693603528	8.07599591277	6.14375909429	6.02892287567	6.02892287567	5.58710785882	5.83530524874
6.93818917396	7.52474044439	7.52474044439	0.0	7.22057504955	0.0	7.45144490163	6.93818917396	7.46442489415	6.93818917396	7.52474044439	6.04782664844	5.73149925687	5.8184941313	5.30691752974	5.30691752974	5.30691752974	5.8184941313	5.98072477765	5.85282331022	5.85282331022	7.02582378802	6.88961615213	7.02582378802	7.02582378802	6.83594180144	7.01462585684	7.01462585684	6.83594180144	7.01462585684	6.88961615213	6.88961615213	7.02582378802	6.88961615213	7.72993692388	7.02582378802	7.02582378802	7.02582378802	7.02582378802	7.72993692388	6.83594180144	7.21585775671	7.19610190822	8.39351069963	8.39351069963	7.53279948211	9.07967967883	7.21585775671	7.21585775671	7.06101943384	7.19610190822	7.06101943384	8.47762850755	7.19610190822	8.47762850755	7.75248986108	7.21585775671	7.53279948211	7.75248986108	8.50563265448	7.06101943384	7.53279948211	8.50563265448	7.75248986108	7.19610190822	7.53279948211	9.07967967883	7.19610190822	7.64952544559	7.53279948211	8.47762850755	9.07967967883	7.21585775671	7.06101943384	7.06101943384	6.83594180144	7.02582378802
7.02750236589	5.61882629623	5.61882629623	7.22057504955	0.0	7.22057504955	3.59228098104	7.02750236589	6.22634863551	7.02750236589	5.61882629623	5.02549514044	5.08611215026	5.05666307653	4.55987292004	4.55987292004	4.55987292004	5.05666307653	4.82390564432	5.0708121734	5.0708121734	4.55254639061	4.31498749871	4.55254639061	4.55254639061	4.19260895354	4.40216560581	4.40216560581	4.19260895354	4.40216560581	4.31498749871	4.31498749871	4.55254639061	4.31498749871	5.47073473338	4.55254639061	4.55254639061	4.55254639061	4.55254639061	5.47073473338	4.19260895354	5.15531387496	5.25899124901	6.13743916716	6.13743916716	5.57300346206	7.19577058952	5.15531387496	5.15531387496	5.12387803454	5.25899124901	5.12387803454	6.22743286143	5.25899124901	6.22743286143	5.76819104272	5.15531387496	5.57300346206	5.76819104272	6.26203713828	5.12387803454	5.57300346206	6.26203713828	5.76819104272	5.25899124901	5.57300346206	7.19577058952	5.25899124901	5.66757981123	5.57300346206	6.22743286143	7.19577058952	5.15531387496	5.12387803454	5.12387803454	4.19260895354	4.55254639061
6.93818917396	7.52474044439	7.52474044439	0.0	7.22057504955	0.0	7.45144490163	6.93818917396	7.46442489415	6.93818917396	7.52474044439	6.04782664844	5.73149925687	5.8184941313	5.30691752974	5.30691752974	5.30691752974	5.8184941313	5.98072477765	5.85282331022	5.85282331022	7.02582378802	6.88961615213	7.02582378802	7.02582378802	6.83594180144	7.01462585684	7.01462585684	6.83594180144	7.01462585684	6.88961615213	6.88961615213	7.02582378802	6.88961615213	7.72993692388	7.02582378802	7.02582378802	7.02582378802	7.02582378802	7.72993692388	6.83594180144	7.21585775671	7.19610190822	8.39351069963	8.39351069963	7.53279948211	9.07967967883	7.21585775671	7.21585775671	7.06101943384	7.19610190822	7.06101943384	8.47762850755	7.19610190822	8.47762850755	7.75248986108	7.21585775671	7.53279948211	7.75248986108	8.50563265448	7.06101943384	7.53279948211	8.50563265448	7.75248986108	7.19610190822	7.53279948211	9.07967967883	7.19610190822	7.64952544559	7.53279948211	8.47762850755	9.07967967883	7.21585775671	7.06101943384	7.06101943384	6.83594180144	7.02582378802
7.24504592641	5.71109080124	5.71109080124	7.45144490163	3.59228098104	7.45144490163	0.0	7.24504592641	6.39039238037	7.24504592641	5.71109080124	5.24226982162	5.29706566005	5.26914899707	4.7738355818	4.7738355818	4.7738355818	5.26914899707	5.0213857332	5.27228000986	5.27228000986	4.9931689219	4.77292808311	4.9931689219	4.9931689219	4.66736112306	4.87401692339	4.87401692339	4.66736112306	4.87401692339	4.77292808311	4.77292808311	4.9931689219	4.77292808311	5.87048714191	4.9931689219	4.9931689219	4.9931689219	4.9931689219	5.87048714191	4.66736112306	5.48071224394	5.559990094	6.51568866783	6.51568866783	5.87622928044	7.48953654185	5.48071224394	5.48071224394	5.42117084605	5.559990094	5.42117084605	6.61122492392	5.559990094	6.61122492392	6.07888116477	5.48071224394	5.87622928044	6.07888116477	6.64791101278	5.42117084605	5.87622928044	6.64791101278	6.07888116477	5.559990094	5.87622928044	7.48953654185	5.559990094	5.97946501714	5.87622928044	6.61122492392	7.48953654185	5.48071224394	5.42117084605	5.42117084605	4.66736112306	4.9931689219
0.0	7.30100324996	7.30100324996	6.93818917396	7.02750236589	6.93818917396	7.24504592641	0.0	7.15459587241	0.0	7.30100324996	5.60460059522	5.17667798875	5.31105724501	4.8073309255	4.8073309255	4.8073309255	5.31105724501	5.5279540526	5.28140995695	5.28140995695	6.88272535464	6.73682766331	6.88272535464	6.88272535464	6.68762424661	6.88289124823	6.88289124823	6.68762424661	6.88289124823	6.73682766331	6.73682766331	6.88272535464	6.73682766331	7.5901155119	6.88272535464	6.88272535464	6.88272535464	6.88272535464	7.5901155119	6.68762424661	6.96157482881	6.91380617079	8.19733077742	8.19733077742	7.25338183084	8.78791992572	6.96157482881	6.96157482881	6.77506409287	6.91380617079	6.77506409287	8.29718773853	6.91380617079	8.29718773853	7.48156295227	6.96157482881	7.25338183084	7.48156295227	8.33409679527	6.77506409287	7.25338183084	8.33409679527	7.48156295227	6.91380617079	7.25338183084	8.78791992572	6.91380617079	7.38006938506	7.25338183084	8.29718773853	8.78791992572	6.96157482881	6.77506409287	6.77506409287	6.68762424661	6.88272535464
7.15459587241	5.82869181823	5.82869181823	7.46442489415	6.22634863551	7.46442489415	6.39039238037	7.15459587241	0.0	7.15459587241	5.82869181823	5.49963866523	5.34838837665	5.38613477746	4.90588221586	4.90588221586	4.90588221586	5.38613477746	5.14970556086	5.15822408568	5.15822408568	6.24659483932	6.08852059504	6.24659483932	6.24659483932	6.02597274558	6.21385079587	6.21385079587	6.02597274558	6.21385079587	6.08852059504	6.08852059504	6.24659483932	6.08852059504	6.9905391871	6.24659483932	6.24659483932	6.24659483932	6.24659483932	6.9905391871	6.02597274558	6.443887223	6.43598013057	7.61994637453	7.61994637453	6.76734102644	8.32965813543	6.443887223	6.443887223	6.29561523579	6.43598013057	6.29561523579	7.71532098575	6.43598013057	7.71532098575	6.98837850133	6.443887223	6.76734102644	6.98837850133	7.75002126292	6.29561523579	6.76734102644	7.75002126292	6.98837850133	6.43598013057	6.76734102644	8.32965813543	6.43598013057	6.88800865061	6.76734102644	7.71532098575	8.32965813543	6.443887223	6.29561523579	6.29561523579	6.02597274558	6.24659483932
0.0	7.30100324996	7.30100324996	6.93818917396	7.02750236589	6.93818917396	7.24504592641	0.0	7.15459587241	0.0	7.30100324996	5.60460059522	5.17667798875	5.31105724501	4.8073309255	4.8073309255	4.8073309255	5.31105724501	5.5279540526	5.28140995695	5.28140995695	6.88272535464	6.73682766331	6.88272535464	6.88272535464	6.68762424661	6.88289124823	6.88289124823	6.68762424661	6.88289124823	6.73682766331	6.73682766331	6.88272535464	6.73682766331	7.5901155119	6.88272535464	6.88272535464	6.88272535464	6.88272535464	7.5901155119	6.68762424661	6.96157482881	6.91380617079	8.19733077742	8.19733077742	7.25338183084	8.78791992572	6.96157482881	6.96157482881	6.77506409287	6.91380617079	6.77506409287	8.29718773853	6.91380617079	8.29718773853	7.48156295227	6.96157482881	7.25338183084	7.48156295227	8.33409679527	6.77506409287	7.25338183084	8.33409679527	7.48156295227	6.91380617079	7.25338183084	8.78791992572	6.91380617079	7.38006938506	7.25338183084	8.29718773853	8.78791992572	6.96157482881	6.77506409287	6.77506409287	6.68762424661	6.88272535464
7.30100324996	0.0	0.0	7.52474044439	5.61882629623	7.52474044439	5.71109080124	7.30100324996	5.82869181823	7.30100324996	0.0	5.48333151796	5.43423756698	5.43846265984	4.95097408213	4.95097408213	4.95097408213	5.43846265984	5.17995360574	5.33753158385	5.33753158385	5.83530524874	5.66365012853	5.83530524874	5.83530524874	5.58710785882	5.76893745698	5.76893745698	5.58710785882	5.76893745698	5.66365012853	5.66365012853	5.83530524874	5.66365012853	6.61723508208	5.83530524874	5.83530524874	5.83530524874	5.83530524874	6.61723508208	5.58710785882	6.14375909429	6.16861017052	7.26549269306	7.26549269306	6.49437864757	8.07599591277	6.14375909429	6.14375909429	6.02892287567	6.16861017052	6.02892287567	7.35693603528	6.16861017052	7.35693603528	6.70829283561	6.14375909429	6.49437864757	6.70829283561	7.38995723187	6.02892287567	6.49437864757	7.38995723187	6.70829283561	6.16861017052	6.49437864757	8.07599591277	6.16861017052	6.60809015498	6.49437864757	7.35693603528	8.07599591277	6.14375909429	6.02892287567	6.02892287567	5.58710785882	5.83530524874
5.60460059522	5.48333151796	5.48333151796	6.04782664844	5.02549514044	6.04782664844	5.24226982162	5.60460059522	5.49963866523	5.60460059522	5.48333151796	0.0	3.16041055104	2.91751456796	2.38750418541	2.38750418541	2.38750418541	2.91751456796	3.16171075609	3.45414178162	3.45414178162	4.89531707944	4.7367953841	4.89531707944	4.89531707944	4.70343533999	4.93539228325	4.93539228325	4.70343533999	4.93539228325	4.7367953841	4.7367953841	4.89531707944	4.7367953841	5.5895323705	4.89531707944	4.89531707944	4.89531707944	4.89531707944	5.5895323705	4.70343533999	4.69058400728	4.56503450724	6.07370183407	6.07370183407	4.91492426337	6.40996136404	4.69058400728	4.69058400728	4.41992478507	4.56503450724	4.41992478507	6.2069166305	4.56503450724	6.2069166305	5.16391587567	4.69058400728	4.91492426337	5.16391587567	6.26256264406	4.41992478507	4.91492426337	6.26256264406	5.16391587567	4.56503450724	4.91492426337	6.40996136404	4.56503450724	5.06473211625	4.91492426337	6.2069166305	6.40996136404	4.69058400728	4.41992478507	4.41992478507	4.70343533999	4.89531707944
5.17667798875	5.43423756698	5.43423756698	5.73149925687	5.08611215026	5.73149925687	5.29706566005	5.17667798875	5.34838837665	5.17667798875	5.43423756698	3.16041055104	0.0	2.47998415634	2.06780767663	2.06780767663	2.06780767663	2.47998415634	3.17904547832	2.98814743648	2.98814743648	4.96926462624	4.8142970286	4.96926462624	4.96926462624	4.7732733643	4.99024342192	4.99024342192	4.7732733643	4.99024342192	4.8142970286	4.8142970286	4.96926462624	4.8142970286	5.67285044681	4.96926462624	4.96926462624	4.96926462624	4.96926462624	5.67285044681	4.7732733643	4.89193397327	4.80343143652	6.20858345617	6.20858345617	5.14778619301	6.6630705345	4.89193397327	4.89193397327	4.66033299579	4.80343143652	4.66033299579	6.32810298242	4.80343143652	6.32810298242	5.38758784786	4.89193397327	5.14778619301	5.38758784786	6.37603879984	4.66033299579	5.14778619301	6.37603879984	5.38758784786	4.80343143652	5.14778619301	6.6630705345	4.80343143652	5.28775708207	5.14778619301	6.32810298242	6.6630705345	4.89193397327	4.66033299579	4.66033299579	4.7732733643	4.96926462624
5.31105724501	5.43846265984	5.43846265984	5.8184941313	5.05666307653	5.8184941313	5.26914899707	5.31105724501	5.38613477746	5.31105724501	5.43846265984	2.91751456796	2.47998415634	0.0	1.53797687586	1.53797687586	1.53797687586	0.0	3.12758859223	3.14256103219	3.14256103219	4.93644368103	4.78031789372	4.93644368103	4.93644368103	4.7416349386	4.96326946594	4.96326946594	4.7416349386	4.96326946594	4.78031789372	4.78031789372	4.93644368103	4.78031789372	5.63724170246	4.93644368103	4.93644368103	4.93644368103	4.93644368103	5.63724170246	4.7416349386	4.8198465248	4.71984019293	6.15699605768	6.15699605768	5.06597940747	6.57469766822	4.8198465248	4.8198465248	4.5762401552	4.71984019293	4.5762401552	6.28075873006	4.71984019293	6.28075873006	5.30855978118	4.8198465248	5.06597940747	5.30855978118	6.33108718034	4.5762401552	5.06597940747	6.33108718034	5.30855978118	4.71984019293	5.06597940747	6.57469766822	4.71984019293	5.20887990298	5.06597940747	6.28075873006	6.57469766822	4.8198465248	4.5762401552	4.5762401552	4.7416349386	4.93644368103
4.8073309255	4.95097408213	4.95097408213	5.30691752974	4.55987292004	5.30691752974	4.7738355818	4.8073309255	4.90588221586	4.8073309255	4.95097408213	2.38750418541	2.06780767663	1.53797687586	0.0	0.0	0.0	1.53797687586	2.67951570779	2.69998444797	2.69998444797	4.43484218564	4.27896728663	4.43484218564	4.43484218564	4.2408487819	4.46303682671	4.46303682671	4.2408487819	4.46303682671	4.27896728663	4.27896728663	4.43484218564	4.27896728663	5.13430267055	4.43484218564	4.43484218564	4.43484218564	4.43484218564	5.13430267055	4.2408487819	4.3101621124	4.20686763473	5.65169801506	5.65169801506	4.55382315865	6.05978252325	4.3101621124	4.3101621124	4.06364840265	4.20686763473	4.06364840265	5.77598556773	4.20686763473	5.77598556773	4.79684738938	4.3101621124	4.55382315865	4.79684738938	5.82663014942	4.06364840265	4.55382315865	5.82663014942	4.79684738938	4.20686763473	4.55382315865	6.05978252325	4.20686763473	4.69698857274	4.55382315865	5.77598556773	6.05978252325	4.3101621124	4.06364840265	4.06364840265	4.2408487819	4.43484218564
4.8073309255	4.95097408213	4.95097408213	5.30691752974	4.55987292004	5.30691752974	4.7738355818	4.8073309255	4.90588221586	4.8073309255	4.95097408213	2.38750418541	2.06780767663	1.53797687586	0.0	0.0	0.0	1.53797687586	2.67951570779	2.69998444797	2.69998444797	4.43484218564	4.27896728663	4.43484218564	4.43484218564	4.2408487819	4.46303682671	4.46303682671	4.2408487819	4.46303682671	4.27896728663	4.27896728663	4.43484218564	4.27896728663	5.13430267055	4.43484218564	4.43484218564	4.43484218564	4.43484218564	5.13430267055	4.2408487819	4.3101621124	4.20686763473	5.65169801506	5.65169801506	4.55382315865	6.05978252325	4.3101621124	4.3101621124	4.06364840265	4.20686763473	4.06364840265	5.77598556773	4.20686763473	5.77598556773	4.79684738938	4.3101621124	4.55382315865	4.79684738938	5.82663014942	4.06364840265	4.55382315865	5.82663014942	4.79684738938	4.20686763473	4.55382315865	6.05978252325	4.20686763473	4.69698857274	4.55382315865	5.77598556773	6.05978252325	4.3101621124	4.06364840265	4.06364840265	4.2408487819	4.43484218564
4.8073309255	4.95097408213	4.95097408213	5.30691752974	4.55987292004	5.30691752974	4.7738355818	4.8073309255	4.90588221586	4.8073309255	4.95097408213	2.38750418541	2.06780767663	1.53797687586	0.0	0.0	0.0	1.53797687586	2.67951570779	2.69998444797	2.69998444797	4.43484218564	4.27896728663	4.43484218564	4.43484218564	4.2408487819	4.46303682671	4.46303682671	4.2408487819	4.46303682671	4.27896728663	4.27896728663	4.43484218564	4.27896728663	5.13430267055	4.43484218564	4.43484218564	4.43484218564	4.43484218564	5.13430267055	4.2408487819	4.3101621124	4.20686763473	5.65169801506	5.65169801506	4.55382315865	6.05978252325	4.3101621124	4.3101621124	4.06364840265	4.20686763473	4.06364840265	5.77598556773	4.20686763473	5.77598556773	4.79684738938	4.3101621124	4.55382315865	4.79684738938	5.82663014942	4.06364840265	4.55382315865	5.82663014942	4.79684738938	4.20686763473	4.55382315865	6.05978252325	4.20686763473	4.69698857274	4.55382315865	5.77598556773	6.05978252325	4.3101621124	4.06364840265	4.06364840265	4.2408487819	4.43484218564
5.31105724501	5.43846265984	5.43846265984	5.8184941313	5.05666307653	5.8184941313	5.26914899707	5.31105724501	5.38613477746	5.31105724501	5.43846265984	2.91751456796	2.47998415634	0.0	1.53797687586	1.53797687586	1.53797687586	0.0	3.12758859223	3.14256103219	3.14256103219	4.93644368103	4.78031789372	4.93644368103	4.93644368103	4.7416349386	4.96326946594	4.96326946594	4.7416349386	4.96326946594	4.78031789372	4.78031789372	4.93644368103	4.78031789372	5.63724170246	4.93644368103	4.93644368103	4.93644368103	4.93644368103	5.63724170246	4.7416349386	4.8198465248	4.71984019293	6.15699605768	6.15699605768	5.06597940747	6.57469766822	4.8198465248	4.8198465248	4.5762401552	4.71984019293	4.5762401552	6.28075873006	4.71984019293	6.28075873006	5.30855978118	4.8198465248	5.06597940747	5.30855978118	6.33108718034	4.5762401552	5.06597940747	6.33108718034	5.30855978118	4.71984019293	5.06597940747	6.57469766822	4.71984019293	5.20887990298	5.06597940747	6.28075873006	6.57469766822	4.8198465248	4.5762401552	4.5762401552	4.7416349386	4.93644368103
5.5279540526	5.17995360574	5.17995360574	5.98072477765	4.82390564432	5.98072477765	5.0213857332	5.5279540526	5.14970556086	5.5279540526	5.17995360574	3.16171075609	3.17904547832	3.12758859223	2.67951570779	2.67951570779	2.67951570779	3.12758859223	0.0	3.08254553397	3.08254553397	4.7557886397	4.59396393989	4.7557886397	4.7557886397	4.55365654842	4.77913300978	4.77913300978	4.55365654842	4.77913300978	4.59396393989	4.59396393989	4.7557886397	4.59396393989	5.46667228361	4.7557886397	4.7557886397	4.7557886397	4.7557886397	5.46667228361	4.55365654842	4.65009415688	4.56421371956	5.9794906254	5.9794906254	4.9046882992	6.43112595782	4.65009415688	4.65009415688	4.41532566691	4.56421371956	4.41532566691	6.1063238227	4.56421371956	6.1063238227	5.147830136	4.65009415688	4.9046882992	5.147830136	6.15814250791	4.41532566691	4.9046882992	6.15814250791	5.147830136	4.56421371956	4.9046882992	6.43112595782	4.56421371956	5.05047306717	4.9046882992	6.1063238227	6.43112595782	4.65009415688	4.41532566691	4.41532566691	4.55365654842	4.7557886397
5.28140995695	5.33753158385	5.33753158385	5.85282331022	5.0708121734	5.85282331022	5.27228000986	5.28140995695	5.15822408568	5.28140995695	5.33753158385	3.45414178162	2.98814743648	3.14256103219	2.69998444797	2.69998444797	2.69998444797	3.14256103219	3.08254553397	0.0	0.0	4.98322100204	4.82692641773	4.98322100204	4.98322100204	4.78232078319	4.99544291448	4.99544291448	4.78232078319	4.99544291448	4.82692641773	4.82692641773	4.98322100204	4.82692641773	5.69473153883	4.98322100204	4.98322100204	4.98322100204	4.98322100204	5.69473153883	4.78232078319	4.95372581419	4.88231733411	6.24505720771	6.24505720771	5.22301018481	6.75082977157	4.95372581419	4.95372581419	4.73825300607	4.88231733411	4.73825300607	6.36111654515	4.88231733411	6.36111654515	5.45985312151	4.95372581419	5.22301018481	5.45985312151	6.40706711769	4.73825300607	5.22301018481	6.40706711769	5.45985312151	4.88231733411	5.22301018481	6.75082977157	4.88231733411	5.36054474975	5.22301018481	6.36111654515	6.75082977157	4.95372581419	4.73825300607	4.73825300607	4.78232078319	4.98322100204
5.28140995695	5.33753158385	5.33753158385	5.85282331022	5.0708121734	5.85282331022	5.27228000986	5.28140995695	5.15822408568	5.28140995695	5.33753158385	3.45414178162	2.98814743648	3.14256103219	2.69998444797	2.69998444797	2.69998444797	3.14256103219	3.08254553397	0.0	0.0	4.98322100204	4.82692641773	4.98322100204	4.98322100204	4.78232078319	4.99544291448	4.99544291448	4.78232078319	4.99544291448	4.82692641773	4.82692641773	4.98322100204	4.82692641773	5.69473153883	4.98322100204	4.98322100204	4.98322100204	4.98322100204	5.69473153883	4.78232078319	4.95372581419	4.88231733411	6.24505720771	6.24505720771	5.22301018481	6.75082977157	4.95372581419	4.95372581419	4.73825300607	4.88231733411	4.73825300607	6.36111654515	4.88231733411	6.36111654515	5.45985312151	4.95372581419	5.22301018481	5.45985312151	6.40706711769	4.73825300607	5.22301018481	6.40706711769	5.45985312151	4.88231733411	5.22301018481	6.75082977157	4.88231733411	5.36054474975	5.22301018481	6.36111654515	6.75082977157	4.95372581419	4.73825300607	4.73825300607	4.78232078319	4.98322100204
6.88272535464	5.83530524874	5.83530524874	7.02582378802	4.55254639061	7.02582378802	4.9931689219	6.88272535464	6.24659483932	6.88272535464	5.83530524874	4.89531707944	4.96926462624	4.93644368103	4.43484218564	4.43484218564	4.43484218564	4.93644368103	4.7557886397	4.98322100204	4.98322100204	0.0	2.59621049778	0.0	0.0	2.81182096357	3.2915296014	3.2915296014	2.81182096357	3.2915296014	2.59621049778	2.59621049778	0.0	2.59621049778	3.93864257319	0.0	0.0	0.0	0.0	3.93864257319	2.81182096357	4.44118291285	4.70829383627	4.96071302485	4.96071302485	5.01683451078	6.68572049411	4.44118291285	4.44118291285	4.61245581396	4.70829383627	4.61245581396	4.93055451955	4.70829383627	4.93055451955	5.14937251794	4.44118291285	5.01683451078	5.14937251794	4.92654763093	4.61245581396	5.01683451078	4.92654763093	5.14937251794	4.70829383627	5.01683451078	6.68572049411	4.70829383627	5.03192720809	5.01683451078	4.93055451955	6.68572049411	4.44118291285	4.61245581396	4.61245581396	2.81182096357	0.0
6.73682766331	5.66365012853	5.66365012853	6.88961615213	4.31498749871	6.88961615213	4.77292808311	6.73682766331	6.08852059504	6.73682766331	5.66365012853	4.7367953841	4.8142970286	4.78031789372	4.27896728663	4.27896728663	4.27896728663	4.78031789372	4.59396393989	4.82692641773	4.82692641773	2.59621049778	0.0	2.59621049778	2.59621049778	2.37690700518	3.10857341019	3.10857341019	2.37690700518	3.10857341019	0.0	0.0	2.59621049778	0.0	4.04251665988	2.59621049778	2.59621049778	2.59621049778	2.59621049778	4.04251665988	2.37690700518	4.32852120479	4.5791540894	4.90929976624	4.90929976624	4.88635088214	6.55343951503	4.32852120479	4.32852120479	4.47639447469	4.5791540894	4.47639447469	4.93132190844	4.5791540894	4.93132190844	5.02817518922	4.32852120479	4.88635088214	5.02817518922	4.94792156449	4.47639447469	4.88635088214	4.94792156449	5.02817518922	4.5791540894	4.88635088214	6.55343951503	4.5791540894	4.91468612124	4.88635088214	4.93132190844	6.55343951503	4.32852120479	4.47639447469	4.47639447469	2.37690700518	2.59621049778
6.88272535464	5.83530524874	5.83530524874	7.02582378802	4.55254639061	7.02582378802	4.9931689219	6.88272535464	6.24659483932	6.88272535464	5.83530524874	4.89531707944	4.96926462624	4.93644368103	4.43484218564	4.43484218564	4.43484218564	4.93644368103	4.7557886397	4.98322100204	4.98322100204	0.0	2.59621049778	0.0	0.0	2.81182096357	3.2915296014	3.2915296014	2.81182096357	3.2915296014	2.59621049778	2.59621049778	0.0	2.59621049778	3.93864257319	0.0	0.0	0.0	0.0	3.93864257319	2.81182096357	4.44118291285	4.70829383627	4.96071302485	4.96071302485	5.01683451078	6.68572049411	4.44118291285	4.44118291285	4.61245581396	4.70829383627	4.61245581396	4.93055451955	4.70829383627	4.93055451955	5.14937251794	4.44118291285	5.01683451078	5.14937251794	4.92654763093	4.61245581396	5.01683451078	4.92654763093	5.14937251794	4.70829383627	5.01683451078	6.68572049411	4.70829383627	5.03192720809	5.01683451078	4.93055451955	6.68572049411	4.44118291285	4.61245581396	4.61245581396	2.81182096357	0.0
6.88272535464	5.83530524874	5.83530524874	7.02582378802	4.55254639061	7.02582378802	4.9931689219	6.88272535464	6.24659483932	6.88272535464	5.83530524874	4.89531707944	4.96926462624	4.93644368103	4.43484218564	4.43484218564	4.43484218564	4.93644368103	4.7557886397	4.98322100204	4.98322100204	0.0	2.59621049778	0.0	0.0	2.81182096357	3.2915296014	3.2915296014	2.81182096357	3.2915296014	2.59621049778	2.59621049778	0.0	2.59621049778	3.93864257319	0.0	0.0	0.0	0.0	3.93864257319	2.81182096357	4.44118291285	4.70829383627	4.96071302485	4.96071302485	5.01683451078	6.68572049411	4.44118291285	4.44118291285	4.61245581396	4.70829383627	4.61245581396	4.93055451955	4.70829383627	4.93055451955	5.14937251794	4.44118291285	5.01683451078	5.14937251794	4.92654763093	4.61245581396	5.01683451078	4.92654763093	5.14937251794	4.70829383627	5.01683451078	6.68572049411	4.70829383627	5.03192720809	5.01683451078	4.93055451955	6.68572049411	4.44118291285	4.61245581396	4.61245581396	2.81182096357	0.0
6.68762424661	5.58710785882	5.58710785882	6.83594180144	4.19260895354	6.83594180144	4.66736112306	6.68762424661	6.02597274558	6.68762424661	5.58710785882	4.70343533999	4.7732733643	4.7416349386	4.2408487819	4.2408487819	4.2408487819	4.7416349386	4.55365654842	4.78232078319	4.78232078319	2.81182096357	2.37690700518	2.81182096357	2.81182096357	0.0	2.7950459699	2.7950459699	0.0	2.7950459699	2.37690700518	2.37690700518	2.81182096357	2.37690700518	4.17627776622	2.81182096357	2.81182096357	2.81182096357	2.81182096357	4.17627776622	0.0	4.38753413568	4.61432482813	5.03881987629	5.03881987629	4.92274003913	6.58242290115	4.38753413568	4.38753413568	4.50655279802	4.61432482813	4.50655279802	5.06603616002	4.61432482813	5.06603616002	5.07300059416	4.38753413568	4.92274003913	5.07300059416	5.08000361739	4.50655279802	4.92274003913	5.08000361739	5.07300059416	4.61432482813	4.92274003913	6.58242290115	4.61432482813	4.9614130676	4.92274003913	5.06603616002	6.58242290115	4.38753413568	4.50655279802	4.50655279802	0.0	2.81182096357
6.88289124823	5.76893745698	5.76893745698	7.01462585684	4.40216560581	7.01462585684	4.87401692339	6.88289124823	6.21385079587	6.88289124823	5.76893745698	4.93539228325	4.99024342192	4.96326946594	4.46303682671	4.46303682671	4.46303682671	4.96326946594	4.77913300978	4.99544291448	4.99544291448	3.2915296014	3.10857341019	3.2915296014	3.2915296014	2.7950459699	0.0	0.0	2.7950459699	0.0	3.10857341019	3.10857341019	3.2915296014	3.10857341019	4.51758051467	3.2915296014	3.2915296014	3.2915296014	3.2915296014	4.51758051467	2.7950459699	4.71281022351	4.92014904685	5.41326430048	5.41326430048	5.2306003919	6.88236015084	4.71281022351	4.71281022351	4.80992141859	4.92014904685	4.80992141859	5.4328413122	4.92014904685	5.4328413122	5.3862790859	4.71281022351	5.2306003919	5.3862790859	5.43833743956	4.80992141859	5.2306003919	5.43833743956	5.3862790859	4.92014904685	5.2306003919	6.88236015084	4.92014904685	5.27518879163	5.2306003919	5.4328413122	6.88236015084	4.71281022351	4.80992141859	4.80992141859	2.7950459699	3.2915296014
6.88289124823	5.76893745698	5.76893745698	7.01462585684	4.40216560581	7.01462585684	4.87401692339	6.88289124823	6.21385079587	6.88289124823	5.76893745698	4.93539228325	4.99024342192	4.96326946594	4.46303682671	4.46303682671	4.46303682671	4.96326946594	4.77913300978	4.99544291448	4.99544291448	3.2915296014	3.10857341019	3.2915296014	3.2915296014	2.7950459699	0.0	0.0	2.7950459699	0.0	3.10857341019	3.10857341019	3.2915296014	3.10857341019	4.51758051467	3.2915296014	3.2915296014	3.2915296014	3.2915296014	4.51758051467	2.7950459699	4.71281022351	4.92014904685	5.41326430048	5.41326430048	5.2306003919	6.88236015084	4.71281022351	4.71281022351	4.80992141859	4.92014904685	4.80992141859	5.4328413122	4.92014904685	5.4328413122	5.3862790859	4.71281022351	5.2306003919	5.3862790859	5.43833743956	4.80992141859	5.2306003919	5.43833743956	5.3862790859	4.92014904685	5.2306003919	6.88236015084	4.92014904685	5.27518879163	5.2306003919	5.4328413122	6.88236015084	4.71281022351	4.80992141859	4.80992141859	2.7950459699	3.2915296014
6.68762424661	5.58710785882	5.58710785882	6.83594180144	4.19260895354	6.83594180144	4.66736112306	6.68762424661	6.02597274558	6.68762424661	5.58710785882	4.70343533999	4.7732733643	4.7416349386	4.2408487819	4.2408487819	4.2408487819	4.7416349386	4.55365654842	4.78232078319	4.78232078319	2.81182096357	2.37690700518	2.81182096357	2.81182096357	0.0	2.7950459699	2.7950459699	0.0	2.7950459699	2.37690700518	2.37690700518	2.81182096357	2.37690700518	4.17627776622	2.81182096357	2.81182096357	2.81182096357	2.81182096357	4.17627776622	0.0	4.38753413568	4.61432482813	5.03881987629	5.03881987629	4.92274003913	6.58242290115	4.38753413568	4.38753413568	4.50655279802	4.61432482813	4.50655279802	5.06603616002	4.61432482813	5.06603616002	5.07300059416	4.38753413568	4.92274003913	5.07300059416	5.08000361739	4.50655279802	4.92274003913	5.08000361739	5.07300059416	4.61432482813	4.92274003913	6.58242290115	4.61432482813	4.9614130676	4.92274003913	5.06603616002	6.58242290115	4.38753413568	4.50655279802	4.50655279802	0.0	2.81182096357
6.88289124823	5.76893745698	5.76893745698	7.01462585684	4.40216560581	7.01462585684	4.87401692339	6.88289124823	6.21385079587	6.88289124823	5.76893745698	4.93539228325	4.99024342192	4.96326946594	4.46303682671	4.46303682671	4.46303682671	4.96326946594	4.77913300978	4.99544291448	4.99544291448	3.2915296014	3.10857341019	3.2915296014	3.2915296014	2.7950459699	0.0	0.0	2.7950459699	0.0	3.10857341019	3.10857341019	3.2915296014	3.10857341019	4.51758051467	3.2915296014	3.2915296014	3.2915296014	3.2915296014	4.51758051467	2.7950459699	4.71281022351	4.92014904685	5.41326430048	5.41326430048	5.2306003919	6.88236015084	4.71281022351	4.71281022351	4.80992141859	4.92014904685	4.80992141859	5.4328413122	4.92014904685	5.4328413122	5.3862790859	4.71281022351	5.2306003919	5.3862790859	5.43833743956	4.80992141859	5.2306003919	5.43833743956	5.3862790859	4.92014904685	5.2306003919	6.88236015084	4.92014904685	5.27518879163	5.2306003919	5.4328413122	6.88236015084	4.71281022351	4.80992141859	4.80992141859	2.7950459699	3.2915296014
6.73682766331	5.66365012853	5.66365012853	6.88961615213	4.31498749871	6.88961615213	4.77292808311	6.73682766331	6.08852059504	6.73682766331	5.66365012853	4.7367953841	4.8142970286	4.78031789372	4.27896728663	4.27896728663	4.27896728663	4.78031789372	4.59396393989	4.82692641773	4.82692641773	2.59621049778	0.0	2.59621049778	2.59621049778	2.37690700518	3.10857341019	3.10857341019	2.37690700518	3.10857341019	0.0	0.0	2.59621049778	0.0	4.04251665988	2.59621049778	2.59621049778	2.59621049778	2.59621049778	4.04251665988	2.37690700518	4.32852120479	4.5791540894	4.90929976624	4.90929976624	4.88635088214	6.55343951503	4.32852120479	4.32852120479	4.47639447469	4.5791540894	4.47639447469	4.93132190844	4.5791540894	4.93132190844	5.02817518922	4.32852120479	4.88635088214	5.02817518922	4.94792156449	4.47639447469	4.88635088214	4.94792156449	5.02817518922	4.5791540894	4.88635088214	6.55343951503	4.5791540894	4.91468612124	4.88635088214	4.93132190844	6.55343951503	4.32852120479	4.47639447469	4.47639447469	2.37690700518	2.59621049778
6.73682766331	5.66365012853	5.66365012853	6.88961615213	4.31498749871	6.88961615213	4.77292808311	6.73682766331	6.08852059504	6.73682766331	5.66365012853	4.7367953841	4.8142970286	4.78031789372	4.27896728663	4.27896728663	4.27896728663	4.78031789372	4.59396393989	4.82692641773	4.82692641773	2.59621049778	0.0	2.59621049778	2.59621049778	2.37690700518	3.10857341019	3.10857341019	2.37690700518	3.10857341019	0.0	0.0	2.59621049778	0.0	4.04251665988	2.59621049778	2.59621049778	2.59621049778	2.59621049778	4.04251665988	2.37690700518	4.32852120479	4.5791540894	4.90929976624	4.90929976624	4.88635088214	6.55343951503	4.32852120479	4.32852120479	4.47639447469	4.5791540894	4.47639447469	4.93132190844	4.5791540894	4.93132190844	5.02817518922	4.32852120479	4.88635088214	5.02817518922	4.94792156449	4.47639447469	4.88635088214	4.94792156449	5.02817518922	4.5791540894	4.88635088214	6.55343951503	4.5791540894	4.91468612124	4.88635088214	4.93132190844	6.55343951503	4.32852120479	4.47639447469	4.47639447469	2.37690700518	2.59621049778
6.88272535464	5.83530524874	5.83530524874	7.02582378802	4.55254639061	7.02582378802	4.9931689219	6.88272535464	6.24659483932	6.88272535464	5.83530524874	4.89531707944	4.96926462624	4.93644368103	4.43484218564	4.43484218564	4.43484218564	4.93644368103	4.7557886397	4.98322100204	4.98322100204	0.0	2.59621049778	0.0	0.0	2.81182096357	3.2915296014	3.2915296014	2.81182096357	3.2915296014	2.59621049778	2.59621049778	0.0	2.59621049778	3.93864257319	0.0	0.0	0.0	0.0	3.93864257319	2.81182096357	4.44118291285	4.70829383627	4.96071302485	4.96071302485	5.01683451078	6.68572049411	4.44118291285	4.44118291285	4.61245581396	4.70829383627	4.61245581396	4.93055451955	4.70829383627	4.93055451955	5.14937251794	4.44118291285	5.01683451078	5.14937251794	4.92654763093	4.61245581396	5.01683451078	4.92654763093	5.14937251794	4.70829383627	5.01683451078	6.68572049411	4.70829383627	5.03192720809	5.01683451078	4.93055451955	6.68572049411	4.44118291285	4.61245581396	4.61245581396	2.81182096357	0.0
6.73682766331	5.66365012853	5.66365012853	6.88961615213	4.31498749871	6.88961615213	4.77292808311	6.73682766331	6.08852059504	6.73682766331	5.66365012853	4.7367953841	4.8142970286	4.78031789372	4.27896728663	4.27896728663	4.27896728663	4.78031789372	4.59396393989	4.82692641773	4.82692641773	2.59621049778	0.0	2.59621049778	2.59621049778	2.37690700518	3.10857341019	3.10857341019	2.37690700518	3.10857341019	0.0	0.0	2.59621049778	0.0	4.04251665988	2.59621049778	2.59621049778	2.59621049778	2.59621049778	4.04251665988	2.37690700518	4.32852120479	4.5791540894	4.90929976624	4.90929976624	4.88635088214	6.55343951503	4.32852120479	4.32852120479	4.47639447469	4.5791540894	4.47639447469	4.93132190844	4.5791540894	4.93132190844	5.02817518922	4.32852120479	4.88635088214	5.02817518922	4.94792156449	4.47639447469	4.88635088214	4.94792156449	5.02817518922	4.5791540894	4.88635088214	6.55343951503	4.5791540894	4.91468612124	4.88635088214	4.93132190844	6.55343951503	4.32852120479	4.47639447469	4.47639447469	2.37690700518	2.59621049778
7.5901155119	6.61723508208	6.61723508208	7.72993692388	5.47073473338	7.72993692388	5.87048714191	7.5901155119	6.9905391871	7.5901155119	6.61723508208	5.5895323705	5.67285044681	5.63724170246	5.13430267055	5.13430267055	5.13430267055	5.63724170246	5.46667228361	5.69473153883	5.69473153883	3.93864257319	4.04251665988	3.93864257319	3.93864257319	4.17627776622	4.51758051467	4.51758051467	4.17627776622	4.51758051467	4.04251665988	4.04251665988	3.93864257319	4.04251665988	0.0	3.93864257319	3.93864257319	3.93864257319	3.93864257319	0.0	4.17627776622	4.86894620905	5.21038356414	5.21483833321	5.21483833321	5.52341758684	7.204635209	4.86894620905	4.86894620905	5.14379820834	5.21038356414	5.14379820834	4.90414972444	5.21038356414	4.90414972444	5.61501585373	4.86894620905	5.52341758684	5.61501585373	4.71051785583	5.14379820834	5.52341758684	4.71051785583	5.61501585373	5.21038356414	5.52341758684	7.204635209	5.21038356414	5.47983753638	5.52341758684	4.90414972444	7.204635209	4.86894620905	5.14379820834	5.14379820834	4.17627776622	3.93864257319
6.88272535464	5.83530524874	5.83530524874	7.02582378802	4.55254639061	7.02582378802	4.9931689219	6.88272535464	6.24659483932	6.88272535464	5.83530524874	4.89531707944	4.96926462624	4.93644368103	4.43484218564	4.43484218564	4.43484218564	4.93644368103	4.7557886397	4.98322100204	4.98322100204	0.0	2.59621049778	0.0	0.0	2.81182096357	3.2915296014	3.2915296014	2.81182096357	3.2915296014	2.59621049778	2.59621049778	0.0	2.59621049778	3.93864257319	0.0	0.0	0.0	0.0	3.93864257319	2.81182096357	4.44118291285	4.70829383627	4.96071302485	4.96071302485	5.01683451078	6.68572049411	4.44118291285	4.44118291285	4.61245581396	4.70829383627	4.61245581396	4.93055451955	4.70829383627	4.93055451955	5.14937251794	4.44118291285	5.01683451078	5.14937251794	4.92654763093	4.61245581396	5.01683451078	4.92654763093	5.14937251794	4.70829383627	5.01683451078	6.68572049411	4.70829383627	5.03192720809	5.01683451078	4.93055451955	6.68572049411	4.44118291285	4.61245581396	4.61245581396	2.81182096357	0.0
6.88272535464	5.83530524874	5.83530524874	7.02582378802	4.55254639061	7.02582378802	4.9931689219	6.88272535464	6.24659483932	6.88272535464	5.83530524874	4.89531707944	4.96926462624	4.93644368103	4.43484218564	4.43484218564	4.43484218564	4.93644368103	4.7557886397	4.98322100204	4.98322100204	0.0	2.59621049778	0.0	0.0	2.81182096357	3.2915296014	3.2915296014	2.81182096357	3.2915296014	2.59621049778	2.59621049778	0.0	2.59621049778	3.93864257319	0.0	0.0	0.0	0.0	3.93864257319	2.81182096357	4.44118291285	4.70829383627	4.96071302485	4.96071302485	5.01683451078	6.68572049411	4.44118291285	4.44118291285	4.61245581396	4.70829383627	4.61245581396	4.93055451955	4.70829383627	4.93055451955	5.14937251794	4.44118291285	5.01683451078	5.14937251794	4.92654763093	4.61245581396	5.01683451078	4.92654763093	5.14937251794	4.70829383627	5.01683451078	6.68572049411	4.70829383627	5.03192720809	5.01683451078	4.93055451955	6.68572049411	4.44118291285	4.61245581396	4.61245581396	2.81182096357	0.0
6.88272535464	5.83530524874	5.83530524874	7.02582378802	4.55254639061	7.02582378802	4.9931689219	6.88272535464	6.24659483932	6.88272535464	5.83530524874	4.89531707944	4.96926462624	4.93644368103	4.43484218564	4.43484218564	4.43484218564	4.93644368103	4.7557886397	4.98322100204	4.98322100204	0.0	2.59621049778	0.0	0.0	2.81182096357	3.2915296014	3.2915296014	2.81182096357	3.2915296014	2.59621049778	2.59621049778	0.0	2.59621049778	3.93864257319	0.0	0.0	0.0	0.0	3.93864257319	2.81182096357	4.44118291285	4.70829383627	4.96071302485	4.96071302485	5.01683451078	6.68572049411	4.44118291285	4.44118291285	4.61245581396	4.70829383627	4.61245581396	4.93055451955	4.70829383627	4.93055451955	5.14937251794	4.44118291285	5.01683451078	5.14937251794	4.92654763093	4.61245581396	5.01683451078	4.92654763093	5.14937251794	4.70829383627	5.01683451078	6.68572049411	4.70829383627	5.03192720809	5.01683451078	4.93055451955	6.68572049411	4.44118291285	4.61245581396	4.61245581396	2.81182096357	0.0
