0.0	0.878523251803	0.878523251803	0.861512227269	0.937280583619	0.861512227269	0.928240551018	0.0	0.845066575932	0.0	0.878523251803	0.889993731374	0.83230981723	0.853731082914	0.858873485622	0.858873485622	0.858873485622	0.853731082914	0.866563317214	0.82160594681	0.82160594681	0.997024965493	0.988431967758	0.997024965493	0.997024965493	0.974719941603	0.944677478759	0.944677478759	0.974719941603	0.944677478759	0.988431967758	0.988431967758	0.997024965493	0.988431967758	1.06904418605	0.997024965493	0.997024965493	0.997024965493	0.997024965493	1.06904418605	0.974719941603	1.03825432359	1.04851099656	1.04061564896	1.04061564896	1.03143948713	1.08677080817	1.03825432359	1.03825432359	1.02021936365	1.04851099656	1.02021936365	1.06758657181	1.04851099656	1.06758657181	1.05193562525	1.03825432359	1.03143948713	1.05193562525	1.08830086394	1.02021936365	1.03143948713	1.08830086394	1.05193562525	1.04851099656	1.03143948713	1.08677080817	1.04851099656	1.09080101096	1.03143948713	1.06758657181	1.08677080817	1.03825432359	1.02021936365	1.02021936365	0.974719941603	0.997024965493
0.878523251803	0.0	0.0	0.942230204256	0.751732412079	0.942230204256	0.72638241012	0.878523251803	0.680575509713	0.878523251803	0.0	0.871156019554	0.870006378297	0.872390746285	0.880325269746	0.880325269746	0.880325269746	0.872390746285	0.820467415461	0.838596047881	0.838596047881	0.852545693017	0.842396619499	0.852545693017	0.852545693017	0.826087728122	0.793902092506	0.793902092506	0.826087728122	0.793902092506	0.842396619499	0.842396619499	0.852545693017	0.842396619499	0.930463441091	0.852545693017	0.852545693017	0.852545693017	0.852545693017	0.930463441091	0.826087728122	0.924898398958	0.945923408384	0.912893100584	0.912893100584	0.925496424589	0.990107638309	0.924898398958	0.924898398958	0.916075149422	0.945923408384	0.916075149422	0.938887686224	0.945923408384	0.938887686224	0.944536096882	0.924898398958	0.925496424589	0.944536096882	0.958564064399	0.916075149422	0.925496424589	0.958564064399	0.944536096882	0.945923408384	0.925496424589	0.990107638309	0.945923408384	0.984924842636	0.925496424589	0.938887686224	0.990107638309	0.924898398958	0.916075149422	0.916075149422	0.826087728122	0.852545693017
0.878523251803	0.0	0.0	0.942230204256	0.751732412079	0.942230204256	0.72638241012	0.878523251803	0.680575509713	0.878523251803	0.0	0.871156019554	0.870006378297	0.872390746285	0.880325269746	0.880325269746	0.880325269746	0.872390746285	0.820467415461	0.838596047881	0.838596047881	0.852545693017	0.842396619499	0.852545693017	0.852545693017	0.826087728122	0.793902092506	0.793902092506	0.826087728122	0.793902092506	0.842396619499	0.842396619499	0.852545693017	0.842396619499	0.930463441091	0.852545693017	0.852545693017	0.852545693017	0.852545693017	0.930463441091	0.826087728122	0.924898398958	0.945923408384	0.912893100584	0.912893100584	0.925496424589	0.990107638309	0.924898398958	0.924898398958	0.916075149422	0.945923408384	0.916075149422	0.938887686224	0.945923408384	0.938887686224	0.944536096882	0.924898398958	0.925496424589	0.944536096882	0.958564064399	0.916075149422	0.925496424589	0.958564064399	0.944536096882	0.945923408384	0.925496424589	0.990107638309	0.945923408384	0.984924842636	0.925496424589	0.938887686224	0.990107638309	0.924898398958	0.916075149422	0.916075149422	0.826087728122	0.852545693017
0.861512227269	0.942230204256	0.942230204256	0.0	0.994763120897	0.0	0.986975545513	0.861512227269	0.925827562517	0.861512227269	0.942230204256	0.989202711915	0.952255852117	0.964878785236	0.968265809575	0.968265809575	0.968265809575	0.964878785236	0.969085075039	0.948400621818	0.948400621818	1.04930777517	1.04218548369	1.04930777517	1.04930777517	1.02716297535	0.993810493909	0.993810493909	1.02716297535	0.993810493909	1.04218548369	1.04218548369	1.04930777517	1.04218548369	1.1225129114	1.04930777517	1.04930777517	1.04930777517	1.04930777517	1.1225129114	1.02716297535	1.10760395656	1.12152088033	1.1033633061	1.1033633061	1.10365125857	1.16137343817	1.10760395656	1.10760395656	1.09333669147	1.12152088033	1.09333669147	1.12877619108	1.12152088033	1.12877619108	1.12324148781	1.10760395656	1.10365125857	1.12324148781	1.14839069725	1.09333669147	1.10365125857	1.14839069725	1.12324148781	1.12152088033	1.10365125857	1.16137343817	1.12152088033	1.16231819377	1.10365125857	1.12877619108	1.16137343817	1.10760395656	1.09333669147	1.09333669147	1.02716297535	1.04930777517
0.937280583619	0.751732412079	0.751732412079	0.994763120897	0.0	0.994763120897	0.519258319821	0.937280583619	0.81290394206	0.937280583619	0.751732412079	0.901621152925	0.915994163187	0.913720812405	0.920312806327	0.920312806327	0.920312806327	0.913720812405	0.865536481266	0.897261901769	0.897261901769	0.7980604628	0.776541785169	0.7980604628	0.7980604628	0.758139497827	0.738914412131	0.738914412131	0.758139497827	0.738914412131	0.776541785169	0.776541785169	0.7980604628	0.776541785169	0.88599022525	0.7980604628	0.7980604628	0.7980604628	0.7980604628	0.88599022525	0.758139497827	0.888972770891	0.918521955059	0.86584517976	0.86584517976	0.895557319141	0.966935090976	0.888972770891	0.888972770891	0.887717981197	0.918521955059	0.887717981197	0.893679848945	0.918521955059	0.893679848945	0.913432363295	0.888972770891	0.895557319141	0.913432363295	0.91412582609	0.887717981197	0.895557319141	0.91412582609	0.913432363295	0.918521955059	0.895557319141	0.966935090976	0.918521955059	0.95502136445	0.895557319141	0.893679848945	0.966935090976	0.888972770891	0.887717981197	0.887717981197	0.758139497827	0.7980604628
0.861512227269	0.942230204256	0.942230204256	0.0	0.994763120897	0.0	0.986975545513	0.861512227269	0.925827562517	0.861512227269	0.942230204256	0.989202711915	0.952255852117	0.964878785236	0.968265809575	0.968265809575	0.968265809575	0.964878785236	0.969085075039	0.948400621818	0.948400621818	1.04930777517	1.04218548369	1.04930777517	1.04930777517	1.02716297535	0.993810493909	0.993810493909	1.02716297535	0.993810493909	1.04218548369	1.04218548369	1.04930777517	1.04218548369	1.1225129114	1.04930777517	1.04930777517	1.04930777517	1.04930777517	1.1225129114	1.02716297535	1.10760395656	1.12152088033	1.1033633061	1.1033633061	1.10365125857	1.16137343817	1.10760395656	1.10760395656	1.09333669147	1.12152088033	1.09333669147	1.12877619108	1.12152088033	1.12877619108	1.12324148781	1.10760395656	1.10365125857	1.12324148781	1.14839069725	1.09333669147	1.10365125857	1.14839069725	1.12324148781	1.12152088033	1.10365125857	1.16137343817	1.12152088033	1.16231819377	1.10365125857	1.12877619108	1.16137343817	1.10760395656	1.09333669147	1.09333669147	1.02716297535	1.04930777517
0.928240551018	0.72638241012	0.72638241012	0.986975545513	0.519258319821	0.986975545513	0.0	0.928240551018	0.796967729838	0.928240551018	0.72638241012	0.893976698522	0.90703766775	0.905134712409	0.911962457214	0.911962457214	0.911962457214	0.905134712409	0.855171583424	0.886767247901	0.886767247901	0.812448369423	0.79444812303	0.812448369423	0.812448369423	0.777097516103	0.754067767708	0.754067767708	0.777097516103	0.754067767708	0.79444812303	0.79444812303	0.812448369423	0.79444812303	0.896889967046	0.812448369423	0.812448369423	0.812448369423	0.812448369423	0.896889967046	0.777097516103	0.894906559268	0.922147370969	0.875701145889	0.875701145889	0.899711675226	0.969601719041	0.894906559268	0.894906559268	0.891313723564	0.922147370969	0.891313723564	0.903404078599	0.922147370969	0.903404078599	0.918085604733	0.894906559268	0.899711675226	0.918085604733	0.923849640577	0.891313723564	0.899711675226	0.923849640577	0.918085604733	0.922147370969	0.899711675226	0.969601719041	0.922147370969	0.959484016889	0.899711675226	0.903404078599	0.969601719041	0.894906559268	0.891313723564	0.891313723564	0.777097516103	0.812448369423
0.0	0.878523251803	0.878523251803	0.861512227269	0.937280583619	0.861512227269	0.928240551018	0.0	0.845066575932	0.0	0.878523251803	0.889993731374	0.83230981723	0.853731082914	0.858873485622	0.858873485622	0.858873485622	0.853731082914	0.866563317214	0.82160594681	0.82160594681	0.997024965493	0.988431967758	0.997024965493	0.997024965493	0.974719941603	0.944677478759	0.944677478759	0.974719941603	0.944677478759	0.988431967758	0.988431967758	0.997024965493	0.988431967758	1.06904418605	0.997024965493	0.997024965493	0.997024965493	0.997024965493	1.06904418605	0.974719941603	1.03825432359	1.04851099656	1.04061564896	1.04061564896	1.03143948713	1.08677080817	1.03825432359	1.03825432359	1.02021936365	1.04851099656	1.02021936365	1.06758657181	1.04851099656	1.06758657181	1.05193562525	1.03825432359	1.03143948713	1.05193562525	1.08830086394	1.02021936365	1.03143948713	1.08830086394	1.05193562525	1.04851099656	1.03143948713	1.08677080817	1.04851099656	1.09080101096	1.03143948713	1.06758657181	1.08677080817	1.03825432359	1.02021936365	1.02021936365	0.974719941603	0.997024965493
0.845066575932	0.680575509713	0.680575509713	0.925827562517	0.81290394206	0.925827562517	0.796967729838	0.845066575932	0.0	0.845066575932	0.680575509713	0.859201793516	0.8443097074	0.851101800687	0.86017874007	0.86017874007	0.86017874007	0.851101800687	0.800303365213	0.798362083978	0.798362083978	0.891596543471	0.882186093528	0.891596543471	0.891596543471	0.867134484599	0.835896404221	0.835896404221	0.867134484599	0.835896404221	0.882186093528	0.882186093528	0.891596543471	0.882186093528	0.966813221775	0.891596543471	0.891596543471	0.891596543471	0.891596543471	0.966813221775	0.867134484599	0.949895356482	0.966634418109	0.944133830132	0.944133830132	0.947411618077	1.00866699777	0.949895356482	0.949895356482	0.93715207604	0.966634418109	0.93715207604	0.970670587446	0.966634418109	0.970670587446	0.96717454244	0.949895356482	0.947411618077	0.96717454244	0.990852052008	0.93715207604	0.947411618077	0.990852052008	0.96717454244	0.966634418109	0.947411618077	1.00866699777	0.966634418109	1.0070648061	0.947411618077	0.970670587446	1.00866699777	0.949895356482	0.93715207604	0.93715207604	0.867134484599	0.891596543471
0.0	0.878523251803	0.878523251803	0.861512227269	0.937280583619	0.861512227269	0.928240551018	0.0	0.845066575932	0.0	0.878523251803	0.889993731374	0.83230981723	0.853731082914	0.858873485622	0.858873485622	0.858873485622	0.853731082914	0.866563317214	0.82160594681	0.82160594681	0.997024965493	0.988431967758	0.997024965493	0.997024965493	0.974719941603	0.944677478759	0.944677478759	0.974719941603	0.944677478759	0.988431967758	0.988431967758	0.997024965493	0.988431967758	1.06904418605	0.997024965493	0.997024965493	0.997024965493	0.997024965493	1.06904418605	0.974719941603	1.03825432359	1.04851099656	1.04061564896	1.04061564896	1.03143948713	1.08677080817	1.03825432359	1.03825432359	1.02021936365	1.04851099656	1.02021936365	1.06758657181	1.04851099656	1.06758657181	1.05193562525	1.03825432359	1.03143948713	1.05193562525	1.08830086394	1.02021936365	1.03143948713	1.08830086394	1.05193562525	1.04851099656	1.03143948713	1.08677080817	1.04851099656	1.09080101096	1.03143948713	1.06758657181	1.08677080817	1.03825432359	1.02021936365	1.02021936365	0.974719941603	0.997024965493
0.878523251803	0.0	0.0	0.942230204256	0.751732412079	0.942230204256	0.72638241012	0.878523251803	0.680575509713	0.878523251803	0.0	0.871156019554	0.870006378297	0.872390746285	0.880325269746	0.880325269746	0.880325269746	0.872390746285	0.820467415461	0.838596047881	0.838596047881	0.852545693017	0.842396619499	0.852545693017	0.852545693017	0.826087728122	0.793902092506	0.793902092506	0.826087728122	0.793902092506	0.842396619499	0.842396619499	0.852545693017	0.842396619499	0.930463441091	0.852545693017	0.852545693017	0.852545693017	0.852545693017	0.930463441091	0.826087728122	0.924898398958	0.945923408384	0.912893100584	0.912893100584	0.925496424589	0.990107638309	0.924898398958	0.924898398958	0.916075149422	0.945923408384	0.916075149422	0.938887686224	0.945923408384	0.938887686224	0.944536096882	0.924898398958	0.925496424589	0.944536096882	0.958564064399	0.916075149422	0.925496424589	0.958564064399	0.944536096882	0.945923408384	0.925496424589	0.990107638309	0.945923408384	0.984924842636	0.925496424589	0.938887686224	0.990107638309	0.924898398958	0.916075149422	0.916075149422	0.826087728122	0.852545693017
0.889993731374	0.871156019554	0.871156019554	0.989202711915	0.901621152925	0.989202711915	0.893976698522	0.889993731374	0.859201793516	0.889993731374	0.871156019554	0.0	0.716360354614	0.663018949779	0.663085285339	0.663085285339	0.663085285339	0.663018949779	0.701215686346	0.772669323457	0.772669323457	0.961329849745	0.94868215616	0.961329849745	0.961329849745	0.940881855456	0.923586146215	0.923586146215	0.940881855456	0.923586146215	0.94868215616	0.94868215616	0.961329849745	0.94868215616	1.02577247389	0.961329849745	0.961329849745	0.961329849745	0.961329849745	1.02577247389	0.940881855456	0.927954503779	0.919869757722	0.960502053918	0.960502053918	0.907304860408	0.949662907904	0.927954503779	0.927954503779	0.89195236624	0.919869757722	0.89195236624	0.993151917099	0.919869757722	0.993151917099	0.931721067168	0.927954503779	0.907304860408	0.931721067168	1.01807905801	0.89195236624	0.907304860408	1.01807905801	0.931721067168	0.919869757722	0.907304860408	0.949662907904	0.919869757722	0.969077457979	0.907304860408	0.993151917099	0.949662907904	0.927954503779	0.89195236624	0.89195236624	0.940881855456	0.961329849745
0.83230981723	0.870006378297	0.870006378297	0.952255852117	0.915994163187	0.952255852117	0.90703766775	0.83230981723	0.8443097074	0.83230981723	0.870006378297	0.716360354614	0.0	0.568451091427	0.599736942347	0.599736942347	0.599736942347	0.568451091427	0.722333481066	0.690368254053	0.690368254053	0.978120122167	0.966877228184	0.978120122167	0.978120122167	0.956707081016	0.934533050895	0.934533050895	0.956707081016	0.934533050895	0.966877228184	0.966877228184	0.978120122167	0.966877228184	1.04580547061	0.978120122167	0.978120122167	0.978120122167	0.978120122167	1.04580547061	0.956707081016	0.975069179867	0.974749327638	0.995123069063	0.995123069063	0.960252317465	1.00809698451	0.975069179867	0.975069179867	0.946641777175	0.974749327638	0.946641777175	1.02559166919	0.974749327638	1.02559166919	0.983043007587	0.975069179867	0.960252317465	0.983043007587	1.04886773404	0.946641777175	0.960252317465	1.04886773404	0.983043007587	0.974749327638	0.960252317465	1.00809698451	0.974749327638	1.02105856839	0.960252317465	1.02559166919	1.00809698451	0.975069179867	0.946641777175	0.946641777175	0.956707081016	0.978120122167
0.853731082914	0.872390746285	0.872390746285	0.964878785236	0.913720812405	0.964878785236	0.905134712409	0.853731082914	0.851101800687	0.853731082914	0.872390746285	0.663018949779	0.568451091427	0.0	0.461412531952	0.461412531952	0.461412531952	0.0	0.709353109206	0.721176737024	0.721176737024	0.975176188522	0.963505738975	0.975176188522	0.975176188522	0.954054756216	0.933365045276	0.933365045276	0.954054756216	0.933365045276	0.963505738975	0.963505738975	0.975176188522	0.963505738975	1.04187329112	0.975176188522	0.975176188522	0.975176188522	0.975176188522	1.04187329112	0.954054756216	0.962878324705	0.960120204633	0.986757117332	0.986757117332	0.946265252767	0.99228004111	0.962878324705	0.962878324705	0.932144341856	0.960120204633	0.932144341856	1.017882256	0.960120204633	1.017882256	0.969527961946	0.962878324705	0.946265252767	0.969527961946	1.04165886779	0.932144341856	0.946265252767	1.04165886779	0.969527961946	0.960120204633	0.946265252767	0.99228004111	0.960120204633	1.00730598516	0.946265252767	1.017882256	0.99228004111	0.962878324705	0.932144341856	0.932144341856	0.954054756216	0.975176188522
0.858873485622	0.880325269746	0.880325269746	0.968265809575	0.920312806327	0.968265809575	0.911962457214	0.858873485622	0.86017874007	0.858873485622	0.880325269746	0.663085285339	0.599736942347	0.461412531952	0.0	0.0	0.0	0.461412531952	0.727485459978	0.74048427526	0.74048427526	0.980916021461	0.969254345848	0.980916021461	0.980916021461	0.95993070603	0.939420304579	0.939420304579	0.95993070603	0.939420304579	0.969254345848	0.969254345848	0.980916021461	0.969254345848	1.04733721855	0.980916021461	0.980916021461	0.980916021461	0.980916021461	1.04733721855	0.95993070603	0.966565291949	0.962926820047	0.991447713506	0.991447713506	0.949398198412	0.994508811232	0.966565291949	0.966565291949	0.935181514242	0.962926820047	0.935181514242	1.02263749834	0.962926820047	1.02263749834	0.972725183913	0.966565291949	0.949398198412	0.972725183913	1.04649025012	0.935181514242	0.949398198412	1.04649025012	0.972725183913	0.962926820047	0.949398198412	0.994508811232	0.962926820047	1.01033684902	0.949398198412	1.02263749834	0.994508811232	0.966565291949	0.935181514242	0.935181514242	0.95993070603	0.980916021461
0.858873485622	0.880325269746	0.880325269746	0.968265809575	0.920312806327	0.968265809575	0.911962457214	0.858873485622	0.86017874007	0.858873485622	0.880325269746	0.663085285339	0.599736942347	0.461412531952	0.0	0.0	0.0	0.461412531952	0.727485459978	0.74048427526	0.74048427526	0.980916021461	0.969254345848	0.980916021461	0.980916021461	0.95993070603	0.939420304579	0.939420304579	0.95993070603	0.939420304579	0.969254345848	0.969254345848	0.980916021461	0.969254345848	1.04733721855	0.980916021461	0.980916021461	0.980916021461	0.980916021461	1.04733721855	0.95993070603	0.966565291949	0.962926820047	0.991447713506	0.991447713506	0.949398198412	0.994508811232	0.966565291949	0.966565291949	0.935181514242	0.962926820047	0.935181514242	1.02263749834	0.962926820047	1.02263749834	0.972725183913	0.966565291949	0.949398198412	0.972725183913	1.04649025012	0.935181514242	0.949398198412	1.04649025012	0.972725183913	0.962926820047	0.949398198412	0.994508811232	0.962926820047	1.01033684902	0.949398198412	1.02263749834	0.994508811232	0.966565291949	0.935181514242	0.935181514242	0.95993070603	0.980916021461
0.858873485622	0.880325269746	0.880325269746	0.968265809575	0.920312806327	0.968265809575	0.911962457214	0.858873485622	0.86017874007	0.858873485622	0.880325269746	0.663085285339	0.599736942347	0.461412531952	0.0	0.0	0.0	0.461412531952	0.727485459978	0.74048427526	0.74048427526	0.980916021461	0.969254345848	0.980916021461	0.980916021461	0.95993070603	0.939420304579	0.939420304579	0.95993070603	0.939420304579	0.969254345848	0.969254345848	0.980916021461	0.969254345848	1.04733721855	0.980916021461	0.980916021461	0.980916021461	0.980916021461	1.04733721855	0.95993070603	0.966565291949	0.962926820047	0.991447713506	0.991447713506	0.949398198412	0.994508811232	0.966565291949	0.966565291949	0.935181514242	0.962926820047	0.935181514242	1.02263749834	0.962926820047	1.02263749834	0.972725183913	0.966565291949	0.949398198412	0.972725183913	1.04649025012	0.935181514242	0.949398198412	1.04649025012	0.972725183913	0.962926820047	0.949398198412	0.994508811232	0.962926820047	1.01033684902	0.949398198412	1.02263749834	0.994508811232	0.966565291949	0.935181514242	0.935181514242	0.95993070603	0.980916021461
0.853731082914	0.872390746285	0.872390746285	0.964878785236	0.913720812405	0.964878785236	0.905134712409	0.853731082914	0.851101800687	0.853731082914	0.872390746285	0.663018949779	0.568451091427	0.0	0.461412531952	0.461412531952	0.461412531952	0.0	0.709353109206	0.721176737024	0.721176737024	0.975176188522	0.963505738975	0.975176188522	0.975176188522	0.954054756216	0.933365045276	0.933365045276	0.954054756216	0.933365045276	0.963505738975	0.963505738975	0.975176188522	0.963505738975	1.04187329112	0.975176188522	0.975176188522	0.975176188522	0.975176188522	1.04187329112	0.954054756216	0.962878324705	0.960120204633	0.986757117332	0.986757117332	0.946265252767	0.99228004111	0.962878324705	0.962878324705	0.932144341856	0.960120204633	0.932144341856	1.017882256	0.960120204633	1.017882256	0.969527961946	0.962878324705	0.946265252767	0.969527961946	1.04165886779	0.932144341856	0.946265252767	1.04165886779	0.969527961946	0.960120204633	0.946265252767	0.99228004111	0.960120204633	1.00730598516	0.946265252767	1.017882256	0.99228004111	0.962878324705	0.932144341856	0.932144341856	0.954054756216	0.975176188522
0.866563317214	0.820467415461	0.820467415461	0.969085075039	0.865536481266	0.969085075039	0.855171583424	0.866563317214	0.800303365213	0.866563317214	0.820467415461	0.701215686346	0.722333481066	0.709353109206	0.727485459978	0.727485459978	0.727485459978	0.709353109206	0.0	0.69685888805	0.69685888805	0.934656276805	0.922074746332	0.934656276805	0.934656276805	0.912701272341	0.893044445086	0.893044445086	0.912701272341	0.893044445086	0.922074746332	0.922074746332	0.934656276805	0.922074746332	1.00226148745	0.934656276805	0.934656276805	0.934656276805	0.934656276805	1.00226148745	0.912701272341	0.92553331657	0.926768314087	0.946570864025	0.946570864025	0.911056360325	0.96206992818	0.92553331657	0.92553331657	0.897033638826	0.926768314087	0.897033638826	0.978264186479	0.926768314087	0.978264186479	0.934457382134	0.92553331657	0.911056360325	0.934457382134	1.00221421262	0.897033638826	0.911056360325	1.00221421262	0.934457382134	0.926768314087	0.911056360325	0.96206992818	0.926768314087	0.973310245935	0.911056360325	0.978264186479	0.96206992818	0.92553331657	0.897033638826	0.897033638826	0.912701272341	0.934656276805
0.82160594681	0.838596047881	0.838596047881	0.948400621818	0.897261901769	0.948400621818	0.886767247901	0.82160594681	0.798362083978	0.82160594681	0.838596047881	0.772669323457	0.690368254053	0.721176737024	0.74048427526	0.74048427526	0.74048427526	0.721176737024	0.69685888805	0.0	0.0	0.963814478357	0.952873603911	0.963814478357	0.963814478357	0.941602543145	0.917503863489	0.917503863489	0.941602543145	0.917503863489	0.952873603911	0.952873603911	0.963814478357	0.952873603911	1.03338180015	0.963814478357	0.963814478357	0.963814478357	0.963814478357	1.03338180015	0.941602543145	0.975928444333	0.98058313803	0.989239370063	0.989239370063	0.964521352096	1.01674342103	0.975928444333	0.975928444333	0.951716530209	0.98058313803	0.951716530209	1.0188968123	0.98058313803	1.0188968123	0.986638233082	0.975928444333	0.964521352096	0.986638233082	1.04147185592	0.951716530209	0.964521352096	1.04147185592	0.986638233082	0.98058313803	0.964521352096	1.01674342103	0.98058313803	1.02535752952	0.964521352096	1.0188968123	1.01674342103	0.975928444333	0.951716530209	0.951716530209	0.941602543145	0.963814478357
0.82160594681	0.838596047881	0.838596047881	0.948400621818	0.897261901769	0.948400621818	0.886767247901	0.82160594681	0.798362083978	0.82160594681	0.838596047881	0.772669323457	0.690368254053	0.721176737024	0.74048427526	0.74048427526	0.74048427526	0.721176737024	0.69685888805	0.0	0.0	0.963814478357	0.952873603911	0.963814478357	0.963814478357	0.941602543145	0.917503863489	0.917503863489	0.941602543145	0.917503863489	0.952873603911	0.952873603911	0.963814478357	0.952873603911	1.03338180015	0.963814478357	0.963814478357	0.963814478357	0.963814478357	1.03338180015	0.941602543145	0.975928444333	0.98058313803	0.989239370063	0.989239370063	0.964521352096	1.01674342103	0.975928444333	0.975928444333	0.951716530209	0.98058313803	0.951716530209	1.0188968123	0.98058313803	1.0188968123	0.986638233082	0.975928444333	0.964521352096	0.986638233082	1.04147185592	0.951716530209	0.964521352096	1.04147185592	0.986638233082	0.98058313803	0.964521352096	1.01674342103	0.98058313803	1.02535752952	0.964521352096	1.0188968123	1.01674342103	0.975928444333	0.951716530209	0.951716530209	0.941602543145	0.963814478357
0.997024965493	0.852545693017	0.852545693017	1.04930777517	0.7980604628	1.04930777517	0.812448369423	0.997024965493	0.891596543471	0.997024965493	0.852545693017	0.961329849745	0.978120122167	0.975176188522	0.980916021461	0.980916021461	0.980916021461	0.975176188522	0.934656276805	0.963814478357	0.963814478357	0.0	0.584942376726	0.0	0.0	0.620027926438	0.667393157304	0.667393157304	0.620027926438	0.667393157304	0.584942376726	0.584942376726	0.0	0.584942376726	0.743724907389	0.0	0.0	0.0	0.0	0.743724907389	0.620027926438	0.871547032754	0.91915098174	0.797867410702	0.797867410702	0.894448079898	0.973138173961	0.871547032754	0.871547032754	0.892788146734	0.91915098174	0.892788146734	0.811645121705	0.91915098174	0.811645121705	0.905204080969	0.871547032754	0.894448079898	0.905204080969	0.825222749143	0.892788146734	0.894448079898	0.825222749143	0.905204080969	0.91915098174	0.894448079898	0.973138173961	0.91915098174	0.945900021684	0.894448079898	0.811645121705	0.973138173961	0.871547032754	0.892788146734	0.892788146734	0.620027926438	0.0
0.988431967758	0.842396619499	0.842396619499	1.04218548369	0.776541785169	1.04218548369	0.79444812303	0.988431967758	0.882186093528	0.988431967758	0.842396619499	0.94868215616	0.966877228184	0.963505738975	0.969254345848	0.969254345848	0.969254345848	0.963505738975	0.922074746332	0.952873603911	0.952873603911	0.584942376726	0.0	0.584942376726	0.584942376726	0.529444618414	0.654316753692	0.654316753692	0.529444618414	0.654316753692	0.0	0.0	0.584942376726	0.0	0.778238611043	0.584942376726	0.584942376726	0.584942376726	0.584942376726	0.778238611043	0.529444618414	0.860099175034	0.906702640135	0.791841543735	0.791841543735	0.881583044838	0.960666827447	0.860099175034	0.860099175034	0.879165455846	0.906702640135	0.879165455846	0.814162410823	0.906702640135	0.814162410823	0.893545238459	0.860099175034	0.881583044838	0.893545238459	0.83236589529	0.879165455846	0.881583044838	0.83236589529	0.893545238459	0.906702640135	0.881583044838	0.960666827447	0.906702640135	0.934911697406	0.881583044838	0.814162410823	0.960666827447	0.860099175034	0.879165455846	0.879165455846	0.529444618414	0.584942376726
0.997024965493	0.852545693017	0.852545693017	1.04930777517	0.7980604628	1.04930777517	0.812448369423	0.997024965493	0.891596543471	0.997024965493	0.852545693017	0.961329849745	0.978120122167	0.975176188522	0.980916021461	0.980916021461	0.980916021461	0.975176188522	0.934656276805	0.963814478357	0.963814478357	0.0	0.584942376726	0.0	0.0	0.620027926438	0.667393157304	0.667393157304	0.620027926438	0.667393157304	0.584942376726	0.584942376726	0.0	0.584942376726	0.743724907389	0.0	0.0	0.0	0.0	0.743724907389	0.620027926438	0.871547032754	0.91915098174	0.797867410702	0.797867410702	0.894448079898	0.973138173961	0.871547032754	0.871547032754	0.892788146734	0.91915098174	0.892788146734	0.811645121705	0.91915098174	0.811645121705	0.905204080969	0.871547032754	0.894448079898	0.905204080969	0.825222749143	0.892788146734	0.894448079898	0.825222749143	0.905204080969	0.91915098174	0.894448079898	0.973138173961	0.91915098174	0.945900021684	0.894448079898	0.811645121705	0.973138173961	0.871547032754	0.892788146734	0.892788146734	0.620027926438	0.0
0.997024965493	0.852545693017	0.852545693017	1.04930777517	0.7980604628	1.04930777517	0.812448369423	0.997024965493	0.891596543471	0.997024965493	0.852545693017	0.961329849745	0.978120122167	0.975176188522	0.980916021461	0.980916021461	0.980916021461	0.975176188522	0.934656276805	0.963814478357	0.963814478357	0.0	0.584942376726	0.0	0.0	0.620027926438	0.667393157304	0.667393157304	0.620027926438	0.667393157304	0.584942376726	0.584942376726	0.0	0.584942376726	0.743724907389	0.0	0.0	0.0	0.0	0.743724907389	0.620027926438	0.871547032754	0.91915098174	0.797867410702	0.797867410702	0.894448079898	0.973138173961	0.871547032754	0.871547032754	0.892788146734	0.91915098174	0.892788146734	0.811645121705	0.91915098174	0.811645121705	0.905204080969	0.871547032754	0.894448079898	0.905204080969	0.825222749143	0.892788146734	0.894448079898	0.825222749143	0.905204080969	0.91915098174	0.894448079898	0.973138173961	0.91915098174	0.945900021684	0.894448079898	0.811645121705	0.973138173961	0.871547032754	0.892788146734	0.892788146734	0.620027926438	0.0
0.974719941603	0.826087728122	0.826087728122	1.02716297535	0.758139497827	1.02716297535	0.777097516103	0.974719941603	0.867134484599	0.974719941603	0.826087728122	0.940881855456	0.956707081016	0.954054756216	0.95993070603	0.95993070603	0.95993070603	0.954054756216	0.912701272341	0.941602543145	0.941602543145	0.620027926438	0.529444618414	0.620027926438	0.620027926438	0.0	0.599394117553	0.599394117553	0.0	0.599394117553	0.529444618414	0.529444618414	0.620027926438	0.529444618414	0.790897395347	0.620027926438	0.620027926438	0.620027926438	0.620027926438	0.790897395347	0.0	0.868591869816	0.9119703279	0.808992902216	0.808992902216	0.887403249311	0.964775802379	0.868591869816	0.868591869816	0.884088575036	0.9119703279	0.884088575036	0.830208897188	0.9119703279	0.830208897188	0.900262858679	0.868591869816	0.887403249311	0.900262858679	0.847237608273	0.884088575036	0.887403249311	0.847237608273	0.900262858679	0.9119703279	0.887403249311	0.964775802379	0.9119703279	0.941501006152	0.887403249311	0.830208897188	0.964775802379	0.868591869816	0.884088575036	0.884088575036	0.0	0.620027926438
0.944677478759	0.793902092506	0.793902092506	0.993810493909	0.738914412131	0.993810493909	0.754067767708	0.944677478759	0.835896404221	0.944677478759	0.793902092506	0.923586146215	0.934533050895	0.933365045276	0.939420304579	0.939420304579	0.939420304579	0.933365045276	0.893044445086	0.917503863489	0.917503863489	0.667393157304	0.654316753692	0.667393157304	0.667393157304	0.599394117553	0.0	0.0	0.599394117553	0.0	0.654316753692	0.654316753692	0.667393157304	0.654316753692	0.791825025767	0.667393157304	0.667393157304	0.667393157304	0.667393157304	0.791825025767	0.599394117553	0.875221155229	0.91457524754	0.82409329231	0.82409329231	0.891001792331	0.965696378725	0.875221155229	0.875221155229	0.886803074443	0.91457524754	0.886803074443	0.841738020288	0.91457524754	0.841738020288	0.904560499786	0.875221155229	0.891001792331	0.904560499786	0.856134161956	0.886803074443	0.891001792331	0.856134161956	0.904560499786	0.91457524754	0.891001792331	0.965696378725	0.91457524754	0.945323959775	0.891001792331	0.841738020288	0.965696378725	0.875221155229	0.886803074443	0.886803074443	0.599394117553	0.667393157304
0.944677478759	0.793902092506	0.793902092506	0.993810493909	0.738914412131	0.993810493909	0.754067767708	0.944677478759	0.835896404221	0.944677478759	0.793902092506	0.923586146215	0.934533050895	0.933365045276	0.939420304579	0.939420304579	0.939420304579	0.933365045276	0.893044445086	0.917503863489	0.917503863489	0.667393157304	0.654316753692	0.667393157304	0.667393157304	0.599394117553	0.0	0.0	0.599394117553	0.0	0.654316753692	0.654316753692	0.667393157304	0.654316753692	0.791825025767	0.667393157304	0.667393157304	0.667393157304	0.667393157304	0.791825025767	0.599394117553	0.875221155229	0.91457524754	0.82409329231	0.82409329231	0.891001792331	0.965696378725	0.875221155229	0.875221155229	0.886803074443	0.91457524754	0.886803074443	0.841738020288	0.91457524754	0.841738020288	0.904560499786	0.875221155229	0.891001792331	0.904560499786	0.856134161956	0.886803074443	0.891001792331	0.856134161956	0.904560499786	0.91457524754	0.891001792331	0.965696378725	0.91457524754	0.945323959775	0.891001792331	0.841738020288	0.965696378725	0.875221155229	0.886803074443	0.886803074443	0.599394117553	0.667393157304
0.974719941603	0.826087728122	0.826087728122	1.02716297535	0.758139497827	1.02716297535	0.777097516103	0.974719941603	0.867134484599	0.974719941603	0.826087728122	0.940881855456	0.956707081016	0.954054756216	0.95993070603	0.95993070603	0.95993070603	0.954054756216	0.912701272341	0.941602543145	0.941602543145	0.620027926438	0.529444618414	0.620027926438	0.620027926438	0.0	0.599394117553	0.599394117553	0.0	0.599394117553	0.529444618414	0.529444618414	0.620027926438	0.529444618414	0.790897395347	0.620027926438	0.620027926438	0.620027926438	0.620027926438	0.790897395347	0.0	0.868591869816	0.9119703279	0.808992902216	0.808992902216	0.887403249311	0.964775802379	0.868591869816	0.868591869816	0.884088575036	0.9119703279	0.884088575036	0.830208897188	0.9119703279	0.830208897188	0.900262858679	0.868591869816	0.887403249311	0.900262858679	0.847237608273	0.884088575036	0.887403249311	0.847237608273	0.900262858679	0.9119703279	0.887403249311	0.964775802379	0.9119703279	0.941501006152	0.887403249311	0.830208897188	0.964775802379	0.868591869816	0.884088575036	0.884088575036	0.0	0.620027926438
0.944677478759	0.793902092506	0.793902092506	0.993810493909	0.738914412131	0.993810493909	0.754067767708	0.944677478759	0.835896404221	0.944677478759	0.793902092506	0.923586146215	0.934533050895	0.933365045276	0.939420304579	0.939420304579	0.939420304579	0.933365045276	0.893044445086	0.917503863489	0.917503863489	0.667393157304	0.654316753692	0.667393157304	0.667393157304	0.599394117553	0.0	0.0	0.599394117553	0.0	0.654316753692	0.654316753692	0.667393157304	0.654316753692	0.791825025767	0.667393157304	0.667393157304	0.667393157304	0.667393157304	0.791825025767	0.599394117553	0.875221155229	0.91457524754	0.82409329231	0.82409329231	0.891001792331	0.965696378725	0.875221155229	0.875221155229	0.886803074443	0.91457524754	0.886803074443	0.841738020288	0.91457524754	0.841738020288	0.904560499786	0.875221155229	0.891001792331	0.904560499786	0.856134161956	0.886803074443	0.891001792331	0.856134161956	0.904560499786	0.91457524754	0.891001792331	0.965696378725	0.91457524754	0.945323959775	0.891001792331	0.841738020288	0.965696378725	0.875221155229	0.886803074443	0.886803074443	0.599394117553	0.667393157304
0.988431967758	0.842396619499	0.842396619499	1.04218548369	0.776541785169	1.04218548369	0.79444812303	0.988431967758	0.882186093528	0.988431967758	0.842396619499	0.94868215616	0.966877228184	0.963505738975	0.969254345848	0.969254345848	0.969254345848	0.963505738975	0.922074746332	0.952873603911	0.952873603911	0.584942376726	0.0	0.584942376726	0.584942376726	0.529444618414	0.654316753692	0.654316753692	0.529444618414	0.654316753692	0.0	0.0	0.584942376726	0.0	0.778238611043	0.584942376726	0.584942376726	0.584942376726	0.584942376726	0.778238611043	0.529444618414	0.860099175034	0.906702640135	0.791841543735	0.791841543735	0.881583044838	0.960666827447	0.860099175034	0.860099175034	0.879165455846	0.906702640135	0.879165455846	0.814162410823	0.906702640135	0.814162410823	0.893545238459	0.860099175034	0.881583044838	0.893545238459	0.83236589529	0.879165455846	0.881583044838	0.83236589529	0.893545238459	0.906702640135	0.881583044838	0.960666827447	0.906702640135	0.934911697406	0.881583044838	0.814162410823	0.960666827447	0.860099175034	0.879165455846	0.879165455846	0.529444618414	0.584942376726
0.988431967758	0.842396619499	0.842396619499	1.04218548369	0.776541785169	1.04218548369	0.79444812303	0.988431967758	0.882186093528	0.988431967758	0.842396619499	0.94868215616	0.966877228184	0.963505738975	0.969254345848	0.969254345848	0.969254345848	0.963505738975	0.922074746332	0.952873603911	0.952873603911	0.584942376726	0.0	0.584942376726	0.584942376726	0.529444618414	0.654316753692	0.654316753692	0.529444618414	0.654316753692	0.0	0.0	0.584942376726	0.0	0.778238611043	0.584942376726	0.584942376726	0.584942376726	0.584942376726	0.778238611043	0.529444618414	0.860099175034	0.906702640135	0.791841543735	0.791841543735	0.881583044838	0.960666827447	0.860099175034	0.860099175034	0.879165455846	0.906702640135	0.879165455846	0.814162410823	0.906702640135	0.814162410823	0.893545238459	0.860099175034	0.881583044838	0.893545238459	0.83236589529	0.879165455846	0.881583044838	0.83236589529	0.893545238459	0.906702640135	0.881583044838	0.960666827447	0.906702640135	0.934911697406	0.881583044838	0.814162410823	0.960666827447	0.860099175034	0.879165455846	0.879165455846	0.529444618414	0.584942376726
0.997024965493	0.852545693017	0.852545693017	1.04930777517	0.7980604628	1.04930777517	0.812448369423	0.997024965493	0.891596543471	0.997024965493	0.852545693017	0.961329849745	0.978120122167	0.975176188522	0.980916021461	0.980916021461	0.980916021461	0.975176188522	0.934656276805	0.963814478357	0.963814478357	0.0	0.584942376726	0.0	0.0	0.620027926438	0.667393157304	0.667393157304	0.620027926438	0.667393157304	0.584942376726	0.584942376726	0.0	0.584942376726	0.743724907389	0.0	0.0	0.0	0.0	0.743724907389	0.620027926438	0.871547032754	0.91915098174	0.797867410702	0.797867410702	0.894448079898	0.973138173961	0.871547032754	0.871547032754	0.892788146734	0.91915098174	0.892788146734	0.811645121705	0.91915098174	0.811645121705	0.905204080969	0.871547032754	0.894448079898	0.905204080969	0.825222749143	0.892788146734	0.894448079898	0.825222749143	0.905204080969	0.91915098174	0.894448079898	0.973138173961	0.91915098174	0.945900021684	0.894448079898	0.811645121705	0.973138173961	0.871547032754	0.892788146734	0.892788146734	0.620027926438	0.0
0.988431967758	0.842396619499	0.842396619499	1.04218548369	0.776541785169	1.04218548369	0.79444812303	0.988431967758	0.882186093528	0.988431967758	0.842396619499	0.94868215616	0.966877228184	0.963505738975	0.969254345848	0.969254345848	0.969254345848	0.963505738975	0.922074746332	0.952873603911	0.952873603911	0.584942376726	0.0	0.584942376726	0.584942376726	0.529444618414	0.654316753692	0.654316753692	0.529444618414	0.654316753692	0.0	0.0	0.584942376726	0.0	0.778238611043	0.584942376726	0.584942376726	0.584942376726	0.584942376726	0.778238611043	0.529444618414	0.860099175034	0.906702640135	0.791841543735	0.791841543735	0.881583044838	0.960666827447	0.860099175034	0.860099175034	0.879165455846	0.906702640135	0.879165455846	0.814162410823	0.906702640135	0.814162410823	0.893545238459	0.860099175034	0.881583044838	0.893545238459	0.83236589529	0.879165455846	0.881583044838	0.83236589529	0.893545238459	0.906702640135	0.881583044838	0.960666827447	0.906702640135	0.934911697406	0.881583044838	0.814162410823	0.960666827447	0.860099175034	0.879165455846	0.879165455846	0.529444618414	0.584942376726
1.06904418605	0.930463441091	0.930463441091	1.1225129114	0.88599022525	1.1225129114	0.896889967046	1.06904418605	0.966813221775	1.06904418605	0.930463441091	1.02577247389	1.04580547061	1.04187329112	1.04733721855	1.04733721855	1.04733721855	1.04187329112	1.00226148745	1.03338180015	1.03338180015	0.743724907389	0.778238611043	0.743724907389	0.743724907389	0.790897395347	0.791825025767	0.791825025767	0.790897395347	0.791825025767	0.778238611043	0.778238611043	0.743724907389	0.778238611043	0.0	0.743724907389	0.743724907389	0.743724907389	0.743724907389	0.0	0.790897395347	0.896153994951	0.952477128674	0.801975883539	0.801975883539	0.927959380286	1.00893738326	0.896153994951	0.896153994951	0.930194544488	0.952477128674	0.930194544488	0.780170308115	0.952477128674	0.780170308115	0.933328778858	0.896153994951	0.927959380286	0.933328778858	0.769391269902	0.930194544488	0.927959380286	0.769391269902	0.933328778858	0.952477128674	0.927959380286	1.00893738326	0.952477128674	0.972054018863	0.927959380286	0.780170308115	1.00893738326	0.896153994951	0.930194544488	0.930194544488	0.790897395347	0.743724907389
0.997024965493	0.852545693017	0.852545693017	1.04930777517	0.7980604628	1.04930777517	0.812448369423	0.997024965493	0.891596543471	0.997024965493	0.852545693017	0.961329849745	0.978120122167	0.975176188522	0.980916021461	0.980916021461	0.980916021461	0.975176188522	0.934656276805	0.963814478357	0.963814478357	0.0	0.584942376726	0.0	0.0	0.620027926438	0.667393157304	0.667393157304	0.620027926438	0.667393157304	0.584942376726	0.584942376726	0.0	0.584942376726	0.743724907389	0.0	0.0	0.0	0.0	0.743724907389	0.620027926438	0.871547032754	0.91915098174	0.797867410702	0.797867410702	0.894448079898	0.973138173961	0.871547032754	0.871547032754	0.892788146734	0.91915098174	0.892788146734	0.811645121705	0.91915098174	0.811645121705	0.905204080969	0.871547032754	0.894448079898	0.905204080969	0.825222749143	0.892788146734	0.894448079898	0.825222749143	0.905204080969	0.91915098174	0.894448079898	0.973138173961	0.91915098174	0.945900021684	0.894448079898	0.811645121705	0.973138173961	0.871547032754	0.892788146734	0.892788146734	0.620027926438	0.0
