0.0	8.96331582245	8.96331582245	6.0592879062	8.06954953511	6.0592879062	8.10369357044	0.0	9.0866689494	0.0	8.96331582245	9.50865924814	9.13009482749	7.13869042071	6.29082501614	6.29082501614	6.29082501614	7.13869042071	8.24691368208	8.94853020541	8.94853020541	11.63294487	11.1773294038	11.63294487	11.63294487	11.0834859552	11.2055752389	11.2055752389	11.0834859552	11.2055752389	11.1773294038	11.1773294038	11.63294487	11.1773294038	11.8690300257	11.63294487	11.63294487	11.63294487	11.63294487	11.8690300257	11.0834859552	7.24023884333	7.19361960473	9.25150653374	9.25150653374	7.57703131021	8.35260840811	7.24023884333	7.24023884333	7.18222304339	7.19361960473	7.18222304339	9.16469453249	7.19361960473	9.16469453249	7.70310949468	7.24023884333	7.57703131021	7.70310949468	9.29191700803	7.18222304339	7.57703131021	9.29191700803	7.70310949468	7.19361960473	7.57703131021	8.35260840811	7.19361960473	7.39628896012	7.57703131021	9.16469453249	8.35260840811	7.24023884333	7.18222304339	7.18222304339	11.0834859552	11.63294487
8.96331582245	0.0	0.0	5.85976375985	6.28364666752	5.85976375985	6.25078661061	8.96331582245	7.51007577618	8.96331582245	0.0	8.86350707625	8.78203410599	6.70726537272	5.86734296462	5.86734296462	5.86734296462	6.70726537272	7.3296959267	8.47389443016	8.47389443016	10.1420658806	9.66647780729	10.1420658806	10.1420658806	9.54570706542	9.64102826394	9.64102826394	9.54570706542	9.64102826394	9.66647780729	9.66647780729	10.1420658806	9.66647780729	10.45155615	10.1420658806	10.1420658806	10.1420658806	10.1420658806	10.45155615	9.54570706542	5.91911224014	5.91110724373	7.89446454141	7.89446454141	6.2885855718	7.09028689534	5.91911224014	5.91911224014	5.89649759603	5.91110724373	5.89649759603	7.80182156592	5.91110724373	7.80182156592	6.41145002714	5.91911224014	6.2885855718	6.41145002714	7.92478403829	5.89649759603	6.2885855718	7.92478403829	6.41145002714	5.91110724373	6.2885855718	7.09028689534	5.91110724373	6.10682913805	6.2885855718	7.80182156592	7.09028689534	5.91911224014	5.89649759603	5.89649759603	9.54570706542	10.1420658806
8.96331582245	0.0	0.0	5.85976375985	6.28364666752	5.85976375985	6.25078661061	8.96331582245	7.51007577618	8.96331582245	0.0	8.86350707625	8.78203410599	6.70726537272	5.86734296462	5.86734296462	5.86734296462	6.70726537272	7.3296959267	8.47389443016	8.47389443016	10.1420658806	9.66647780729	10.1420658806	10.1420658806	9.54570706542	9.64102826394	9.64102826394	9.54570706542	9.64102826394	9.66647780729	9.66647780729	10.1420658806	9.66647780729	10.45155615	10.1420658806	10.1420658806	10.1420658806	10.1420658806	10.45155615	9.54570706542	5.91911224014	5.91110724373	7.89446454141	7.89446454141	6.2885855718	7.09028689534	5.91911224014	5.91911224014	5.89649759603	5.91110724373	5.89649759603	7.80182156592	5.91110724373	7.80182156592	6.41145002714	5.91911224014	6.2885855718	6.41145002714	7.92478403829	5.89649759603	6.2885855718	7.92478403829	6.41145002714	5.91110724373	6.2885855718	7.09028689534	5.91110724373	6.10682913805	6.2885855718	7.80182156592	7.09028689534	5.91911224014	5.89649759603	5.89649759603	9.54570706542	10.1420658806
6.0592879062	5.85976375985	5.85976375985	0.0	5.03332916839	0.0	5.07764808743	6.0592879062	6.08921591747	6.0592879062	5.85976375985	6.72764648297	6.47267787502	4.40579357469	3.55145464054	3.55145464054	3.55145464054	4.40579357469	5.49742869315	6.42016654397	6.42016654397	8.62073655876	8.16607875348	8.62073655876	8.62073655876	8.05663958623	8.14207609407	8.14207609407	8.05663958623	8.14207609407	8.16607875348	8.16607875348	8.62073655876	8.16607875348	8.89059919951	8.62073655876	8.62073655876	8.62073655876	8.62073655876	8.89059919951	8.05663958623	4.30501525251	4.26804462164	6.30399553514	6.30399553514	4.65033422556	5.43125077345	4.30501525251	4.30501525251	4.2563355637	4.26804462164	4.2563355637	6.21297169231	4.26804462164	6.21297169231	4.77521729522	4.30501525251	4.65033422556	4.77521729522	6.33781738059	4.2563355637	4.65033422556	6.33781738059	4.77521729522	4.26804462164	4.65033422556	5.43125077345	4.26804462164	4.46880124587	4.65033422556	6.21297169231	5.43125077345	4.30501525251	4.2563355637	4.2563355637	8.05663958623	8.62073655876
8.06954953511	6.28364666752	6.28364666752	5.03332916839	0.0	5.03332916839	3.13572070285	8.06954953511	6.98711972244	8.06954953511	6.28364666752	7.51485163898	7.57989752224	5.44882509109	4.60436384157	4.60436384157	4.60436384157	5.44882509109	6.09274290291	7.45149593428	7.45149593428	7.91071875376	7.37416395964	7.91071875376	7.91071875376	7.21449674032	7.34669009425	7.34669009425	7.21449674032	7.34669009425	7.37416395964	7.37416395964	7.91071875376	7.37416395964	8.32625519376	7.91071875376	7.91071875376	7.91071875376	7.91071875376	8.32625519376	7.21449674032	3.92597707732	3.96509945063	5.84825277639	5.84825277639	4.33665763554	5.16539762373	3.92597707732	3.92597707732	3.94843830554	3.96509945063	3.94843830554	5.74833828215	3.96509945063	5.74833828215	4.45421676652	3.92597707732	4.33665763554	4.45421676652	5.86587937724	3.94843830554	4.33665763554	5.86587937724	4.45421676652	3.96509945063	4.33665763554	5.16539762373	3.96509945063	4.15181746113	4.33665763554	5.74833828215	5.16539762373	3.92597707732	3.94843830554	3.94843830554	7.21449674032	7.91071875376
6.0592879062	5.85976375985	5.85976375985	0.0	5.03332916839	0.0	5.07764808743	6.0592879062	6.08921591747	6.0592879062	5.85976375985	6.72764648297	6.47267787502	4.40579357469	3.55145464054	3.55145464054	3.55145464054	4.40579357469	5.49742869315	6.42016654397	6.42016654397	8.62073655876	8.16607875348	8.62073655876	8.62073655876	8.05663958623	8.14207609407	8.14207609407	8.05663958623	8.14207609407	8.16607875348	8.16607875348	8.62073655876	8.16607875348	8.89059919951	8.62073655876	8.62073655876	8.62073655876	8.62073655876	8.89059919951	8.05663958623	4.30501525251	4.26804462164	6.30399553514	6.30399553514	4.65033422556	5.43125077345	4.30501525251	4.30501525251	4.2563355637	4.26804462164	4.2563355637	6.21297169231	4.26804462164	6.21297169231	4.77521729522	4.30501525251	4.65033422556	4.77521729522	6.33781738059	4.2563355637	4.65033422556	6.33781738059	4.77521729522	4.26804462164	4.65033422556	5.43125077345	4.26804462164	4.46880124587	4.65033422556	6.21297169231	5.43125077345	4.30501525251	4.2563355637	4.2563355637	8.05663958623	8.62073655876
8.10369357044	6.25078661061	6.25078661061	5.07764808743	3.13572070285	5.07764808743	0.0	8.10369357044	6.98937597345	8.10369357044	6.25078661061	7.56278611249	7.61958420355	5.49386022395	4.65059661997	4.65059661997	4.65059661997	5.49386022395	6.10570791501	7.46670379467	7.46670379467	8.18326431159	7.66229290028	8.18326431159	8.18326431159	7.52710791004	7.67626400382	7.67626400382	7.52710791004	7.67626400382	7.66229290028	7.66229290028	8.18326431159	7.66229290028	8.54770616365	8.18326431159	8.18326431159	8.18326431159	8.18326431159	8.54770616365	7.52710791004	4.08591912477	4.11247635905	6.02775239973	6.02775239973	4.48504469146	5.30840837758	4.08591912477	4.08591912477	4.09559240705	4.11247635905	4.09559240705	5.93335337015	4.11247635905	5.93335337015	4.6046303288	4.08591912477	4.48504469146	4.6046303288	6.05404100072	4.09559240705	4.48504469146	6.05404100072	4.6046303288	4.11247635905	4.48504469146	5.30840837758	4.11247635905	4.30186173852	4.48504469146	5.93335337015	5.30840837758	4.08591912477	4.09559240705	4.09559240705	7.52710791004	8.18326431159
0.0	8.96331582245	8.96331582245	6.0592879062	8.06954953511	6.0592879062	8.10369357044	0.0	9.0866689494	0.0	8.96331582245	9.50865924814	9.13009482749	7.13869042071	6.29082501614	6.29082501614	6.29082501614	7.13869042071	8.24691368208	8.94853020541	8.94853020541	11.63294487	11.1773294038	11.63294487	11.63294487	11.0834859552	11.2055752389	11.2055752389	11.0834859552	11.2055752389	11.1773294038	11.1773294038	11.63294487	11.1773294038	11.8690300257	11.63294487	11.63294487	11.63294487	11.63294487	11.8690300257	11.0834859552	7.24023884333	7.19361960473	9.25150653374	9.25150653374	7.57703131021	8.35260840811	7.24023884333	7.24023884333	7.18222304339	7.19361960473	7.18222304339	9.16469453249	7.19361960473	9.16469453249	7.70310949468	7.24023884333	7.57703131021	7.70310949468	9.29191700803	7.18222304339	7.57703131021	9.29191700803	7.70310949468	7.19361960473	7.57703131021	8.35260840811	7.19361960473	7.39628896012	7.57703131021	9.16469453249	8.35260840811	7.24023884333	7.18222304339	7.18222304339	11.0834859552	11.63294487
9.0866689494	7.51007577618	7.51007577618	6.08921591747	6.98711972244	6.08921591747	6.98937597345	9.0866689494	0.0	9.0866689494	7.51007577618	9.12973902418	8.97570370305	6.93470055091	6.09881346851	6.09881346851	6.09881346851	6.93470055091	7.52006092677	8.5053079995	8.5053079995	10.7046184936	10.2376645088	10.7046184936	10.7046184936	10.1280593379	10.233027446	10.233027446	10.1280593379	10.233027446	10.2376645088	10.2376645088	10.7046184936	10.2376645088	10.9846419593	10.7046184936	10.7046184936	10.7046184936	10.7046184936	10.9846419593	10.1280593379	6.41404474849	6.39221095462	8.4033852543	8.4033852543	6.77164533968	7.56462989026	6.41404474849	6.41404474849	6.378511796	6.39221095462	6.378511796	8.31320425461	6.39221095462	8.31320425461	6.89584045436	6.41404474849	6.77164533968	6.89584045436	8.43788592228	6.378511796	6.77164533968	8.43788592228	6.89584045436	6.39221095462	6.77164533968	7.56462989026	6.39221095462	6.59049376895	6.77164533968	8.31320425461	7.56462989026	6.41404474849	6.378511796	6.378511796	10.1280593379	10.7046184936
0.0	8.96331582245	8.96331582245	6.0592879062	8.06954953511	6.0592879062	8.10369357044	0.0	9.0866689494	0.0	8.96331582245	9.50865924814	9.13009482749	7.13869042071	6.29082501614	6.29082501614	6.29082501614	7.13869042071	8.24691368208	8.94853020541	8.94853020541	11.63294487	11.1773294038	11.63294487	11.63294487	11.0834859552	11.2055752389	11.2055752389	11.0834859552	11.2055752389	11.1773294038	11.1773294038	11.63294487	11.1773294038	11.8690300257	11.63294487	11.63294487	11.63294487	11.63294487	11.8690300257	11.0834859552	7.24023884333	7.19361960473	9.25150653374	9.25150653374	7.57703131021	8.35260840811	7.24023884333	7.24023884333	7.18222304339	7.19361960473	7.18222304339	9.16469453249	7.19361960473	9.16469453249	7.70310949468	7.24023884333	7.57703131021	7.70310949468	9.29191700803	7.18222304339	7.57703131021	9.29191700803	7.70310949468	7.19361960473	7.57703131021	8.35260840811	7.19361960473	7.39628896012	7.57703131021	9.16469453249	8.35260840811	7.24023884333	7.18222304339	7.18222304339	11.0834859552	11.63294487
8.96331582245	0.0	0.0	5.85976375985	6.28364666752	5.85976375985	6.25078661061	8.96331582245	7.51007577618	8.96331582245	0.0	8.86350707625	8.78203410599	6.70726537272	5.86734296462	5.86734296462	5.86734296462	6.70726537272	7.3296959267	8.47389443016	8.47389443016	10.1420658806	9.66647780729	10.1420658806	10.1420658806	9.54570706542	9.64102826394	9.64102826394	9.54570706542	9.64102826394	9.66647780729	9.66647780729	10.1420658806	9.66647780729	10.45155615	10.1420658806	10.1420658806	10.1420658806	10.1420658806	10.45155615	9.54570706542	5.91911224014	5.91110724373	7.89446454141	7.89446454141	6.2885855718	7.09028689534	5.91911224014	5.91911224014	5.89649759603	5.91110724373	5.89649759603	7.80182156592	5.91110724373	7.80182156592	6.41145002714	5.91911224014	6.2885855718	6.41145002714	7.92478403829	5.89649759603	6.2885855718	7.92478403829	6.41145002714	5.91110724373	6.2885855718	7.09028689534	5.91110724373	6.10682913805	6.2885855718	7.80182156592	7.09028689534	5.91911224014	5.89649759603	5.89649759603	9.54570706542	10.1420658806
9.50865924814	8.86350707625	8.86350707625	6.72764648297	7.51485163898	6.72764648297	7.56278611249	9.50865924814	9.12973902418	9.50865924814	8.86350707625	0.0	7.81395173627	5.34136963991	4.47824992574	4.47824992574	4.47824992574	5.34136963991	7.02410025692	8.67907982583	8.67907982583	10.8233781768	10.379788456	10.8233781768	10.8233781768	10.3466406746	10.5862480497	10.5862480497	10.3466406746	10.5862480497	10.379788456	10.379788456	10.8233781768	10.379788456	10.9148754807	10.8233781768	10.8233781768	10.8233781768	10.8233781768	10.9148754807	10.3466406746	6.09846836896	5.99540882283	8.16997092278	8.16997092278	6.38659524549	7.12716866489	6.09846836896	6.09846836896	5.98747312922	5.99540882283	5.98747312922	8.09851785424	5.99540882283	8.09851785424	6.51835650065	6.09846836896	6.38659524549	6.51835650065	8.2352192092	5.98747312922	6.38659524549	8.2352192092	6.51835650065	5.99540882283	6.38659524549	7.12716866489	5.99540882283	6.20868959447	6.38659524549	8.09851785424	7.12716866489	6.09846836896	5.98747312922	5.98747312922	10.3466406746	10.8233781768
9.13009482749	8.78203410599	8.78203410599	6.47267787502	7.57989752224	6.47267787502	7.61958420355	9.13009482749	8.97570370305	9.13009482749	8.78203410599	7.81395173627	0.0	4.80691788243	4.03815055363	4.03815055363	4.03815055363	4.80691788243	7.12240346128	8.13589734865	8.13589734865	10.9775923864	10.5295068442	10.9775923864	10.9775923864	10.4774607161	10.6817753546	10.6817753546	10.4774607161	10.6817753546	10.5295068442	10.5295068442	10.9775923864	10.5295068442	11.1146107069	10.9775923864	10.9775923864	10.9775923864	10.9775923864	11.1146107069	10.4774607161	6.35722210751	6.27138810703	8.40968843439	8.40968843439	6.66036074406	7.41086742403	6.35722210751	6.35722210751	6.26263338652	6.27138810703	6.26263338652	8.33341042588	6.27138810703	8.33341042588	6.79021379521	6.35722210751	6.66036074406	6.79021379521	8.46713754553	6.26263338652	6.66036074406	8.46713754553	6.79021379521	6.27138810703	6.66036074406	7.41086742403	6.27138810703	6.48135436175	6.66036074406	8.33341042588	7.41086742403	6.35722210751	6.26263338652	6.26263338652	10.4774607161	10.9775923864
7.13869042071	6.70726537272	6.70726537272	4.40579357469	5.44882509109	4.40579357469	5.49386022395	7.13869042071	6.93470055091	7.13869042071	6.70726537272	5.34136963991	4.80691788243	0.0	1.27380493328	1.27380493328	1.27380493328	0.0	5.02138842143	6.32564240436	6.32564240436	8.80426388157	8.35886415348	8.80426388157	8.80426388157	8.31455781796	8.5322105178	8.5322105178	8.31455781796	8.5322105178	8.35886415348	8.35886415348	8.80426388157	8.35886415348	8.9215565834	8.80426388157	8.80426388157	8.80426388157	8.80426388157	8.9215565834	8.31455781796	4.13821390812	4.04284110661	6.1996252045	6.1996252045	4.43329899052	5.17724546715	4.13821390812	4.13821390812	4.03491286851	4.04284110661	4.03491286851	6.1251901705	4.04284110661	6.1251901705	4.56392739969	4.13821390812	4.43329899052	4.56392739969	6.2601517889	4.03491286851	4.43329899052	6.2601517889	4.56392739969	4.04284110661	4.43329899052	5.17724546715	4.04284110661	4.25452072365	4.43329899052	6.1251901705	5.17724546715	4.13821390812	4.03491286851	4.03491286851	8.31455781796	8.80426388157
6.29082501614	5.86734296462	5.86734296462	3.55145464054	4.60436384157	3.55145464054	4.65059661997	6.29082501614	6.09881346851	6.29082501614	5.86734296462	4.47824992574	4.03815055363	1.27380493328	0.0	0.0	0.0	1.27380493328	4.22028084968	5.52154417095	5.52154417095	7.95368267832	7.50879341614	7.95368267832	7.95368267832	7.46528127993	7.68398045593	7.68398045593	7.46528127993	7.68398045593	7.50879341614	7.50879341614	7.95368267832	7.50879341614	8.0686675149	7.95368267832	7.95368267832	7.95368267832	7.95368267832	8.0686675149	7.46528127993	3.28220600932	3.18529226696	5.34482063875	5.34482063875	3.57602534839	4.31877643609	3.28220600932	3.28220600932	3.17754759841	3.18529226696	3.17754759841	5.27054654096	3.18529226696	5.27054654096	3.70674092431	3.28220600932	3.57602534839	3.70674092431	5.40564027183	3.17754759841	3.57602534839	5.40564027183	3.70674092431	3.18529226696	3.57602534839	4.31877643609	3.18529226696	3.39723229712	3.57602534839	5.27054654096	4.31877643609	3.28220600932	3.17754759841	3.17754759841	7.46528127993	7.95368267832
6.29082501614	5.86734296462	5.86734296462	3.55145464054	4.60436384157	3.55145464054	4.65059661997	6.29082501614	6.09881346851	6.29082501614	5.86734296462	4.47824992574	4.03815055363	1.27380493328	0.0	0.0	0.0	1.27380493328	4.22028084968	5.52154417095	5.52154417095	7.95368267832	7.50879341614	7.95368267832	7.95368267832	7.46528127993	7.68398045593	7.68398045593	7.46528127993	7.68398045593	7.50879341614	7.50879341614	7.95368267832	7.50879341614	8.0686675149	7.95368267832	7.95368267832	7.95368267832	7.95368267832	8.0686675149	7.46528127993	3.28220600932	3.18529226696	5.34482063875	5.34482063875	3.57602534839	4.31877643609	3.28220600932	3.28220600932	3.17754759841	3.18529226696	3.17754759841	5.27054654096	3.18529226696	5.27054654096	3.70674092431	3.28220600932	3.57602534839	3.70674092431	5.40564027183	3.17754759841	3.57602534839	5.40564027183	3.70674092431	3.18529226696	3.57602534839	4.31877643609	3.18529226696	3.39723229712	3.57602534839	5.27054654096	4.31877643609	3.28220600932	3.17754759841	3.17754759841	7.46528127993	7.95368267832
6.29082501614	5.86734296462	5.86734296462	3.55145464054	4.60436384157	3.55145464054	4.65059661997	6.29082501614	6.09881346851	6.29082501614	5.86734296462	4.47824992574	4.03815055363	1.27380493328	0.0	0.0	0.0	1.27380493328	4.22028084968	5.52154417095	5.52154417095	7.95368267832	7.50879341614	7.95368267832	7.95368267832	7.46528127993	7.68398045593	7.68398045593	7.46528127993	7.68398045593	7.50879341614	7.50879341614	7.95368267832	7.50879341614	8.0686675149	7.95368267832	7.95368267832	7.95368267832	7.95368267832	8.0686675149	7.46528127993	3.28220600932	3.18529226696	5.34482063875	5.34482063875	3.57602534839	4.31877643609	3.28220600932	3.28220600932	3.17754759841	3.18529226696	3.17754759841	5.27054654096	3.18529226696	5.27054654096	3.70674092431	3.28220600932	3.57602534839	3.70674092431	5.40564027183	3.17754759841	3.57602534839	5.40564027183	3.70674092431	3.18529226696	3.57602534839	4.31877643609	3.18529226696	3.39723229712	3.57602534839	5.27054654096	4.31877643609	3.28220600932	3.17754759841	3.17754759841	7.46528127993	7.95368267832
7.13869042071	6.70726537272	6.70726537272	4.40579357469	5.44882509109	4.40579357469	5.49386022395	7.13869042071	6.93470055091	7.13869042071	6.70726537272	5.34136963991	4.80691788243	0.0	1.27380493328	1.27380493328	1.27380493328	0.0	5.02138842143	6.32564240436	6.32564240436	8.80426388157	8.35886415348	8.80426388157	8.80426388157	8.31455781796	8.5322105178	8.5322105178	8.31455781796	8.5322105178	8.35886415348	8.35886415348	8.80426388157	8.35886415348	8.9215565834	8.80426388157	8.80426388157	8.80426388157	8.80426388157	8.9215565834	8.31455781796	4.13821390812	4.04284110661	6.1996252045	6.1996252045	4.43329899052	5.17724546715	4.13821390812	4.13821390812	4.03491286851	4.04284110661	4.03491286851	6.1251901705	4.04284110661	6.1251901705	4.56392739969	4.13821390812	4.43329899052	4.56392739969	6.2601517889	4.03491286851	4.43329899052	6.2601517889	4.56392739969	4.04284110661	4.43329899052	5.17724546715	4.04284110661	4.25452072365	4.43329899052	6.1251901705	5.17724546715	4.13821390812	4.03491286851	4.03491286851	8.31455781796	8.80426388157
8.24691368208	7.3296959267	7.3296959267	5.49742869315	6.09274290291	5.49742869315	6.10570791501	8.24691368208	7.52006092677	8.24691368208	7.3296959267	7.02410025692	7.12240346128	5.02138842143	4.22028084968	4.22028084968	4.22028084968	5.02138842143	0.0	6.94814126226	6.94814126226	9.57268494023	9.11506096201	9.57268494023	9.57268494023	9.06016185357	9.27138253867	9.27138253867	9.06016185357	9.27138253867	9.11506096201	9.11506096201	9.57268494023	9.11506096201	9.72717304932	9.57268494023	9.57268494023	9.57268494023	9.57268494023	9.72717304932	9.06016185357	4.99558446739	4.93231112511	7.03470660877	7.03470660877	5.31669123657	6.08673096895	4.99558446739	4.99558446739	4.92007998633	4.93231112511	4.92007998633	6.9586700067	4.93231112511	6.9586700067	5.44587422353	4.99558446739	5.31669123657	5.44587422353	7.09172991954	4.92007998633	5.31669123657	7.09172991954	5.44587422353	4.93231112511	5.31669123657	6.08673096895	4.93231112511	5.13872326449	5.31669123657	6.9586700067	6.08673096895	4.99558446739	4.92007998633	4.92007998633	9.06016185357	9.57268494023
8.94853020541	8.47389443016	8.47389443016	6.42016654397	7.45149593428	6.42016654397	7.46670379467	8.94853020541	8.5053079995	8.94853020541	8.47389443016	8.67907982583	8.13589734865	6.32564240436	5.52154417095	5.52154417095	5.52154417095	6.32564240436	6.94814126226	0.0	0.0	11.0003786043	10.5417720225	11.0003786043	11.0003786043	10.4660547194	10.6330412806	10.6330412806	10.4660547194	10.6330412806	10.5417720225	10.5417720225	11.0003786043	10.5417720225	11.2000421312	11.0003786043	11.0003786043	11.0003786043	11.0003786043	11.2000421312	10.4660547194	6.52558035284	6.47260567695	8.54849410984	8.54849410984	6.8563035968	7.62998581774	6.52558035284	6.52558035284	6.46078352494	6.47260567695	6.46078352494	8.46675799397	6.47260567695	8.46675799397	6.98365773477	6.52558035284	6.8563035968	6.98365773477	8.59666103478	6.46078352494	6.8563035968	8.59666103478	6.98365773477	6.47260567695	6.8563035968	7.62998581774	6.47260567695	6.67674622118	6.8563035968	8.46675799397	7.62998581774	6.52558035284	6.46078352494	6.46078352494	10.4660547194	11.0003786043
8.94853020541	8.47389443016	8.47389443016	6.42016654397	7.45149593428	6.42016654397	7.46670379467	8.94853020541	8.5053079995	8.94853020541	8.47389443016	8.67907982583	8.13589734865	6.32564240436	5.52154417095	5.52154417095	5.52154417095	6.32564240436	6.94814126226	0.0	0.0	11.0003786043	10.5417720225	11.0003786043	11.0003786043	10.4660547194	10.6330412806	10.6330412806	10.4660547194	10.6330412806	10.5417720225	10.5417720225	11.0003786043	10.5417720225	11.2000421312	11.0003786043	11.0003786043	11.0003786043	11.0003786043	11.2000421312	10.4660547194	6.52558035284	6.47260567695	8.54849410984	8.54849410984	6.8563035968	7.62998581774	6.52558035284	6.52558035284	6.46078352494	6.47260567695	6.46078352494	8.46675799397	6.47260567695	8.46675799397	6.98365773477	6.52558035284	6.8563035968	6.98365773477	8.59666103478	6.46078352494	6.8563035968	8.59666103478	6.98365773477	6.47260567695	6.8563035968	7.62998581774	6.47260567695	6.67674622118	6.8563035968	8.46675799397	7.62998581774	6.52558035284	6.46078352494	6.46078352494	10.4660547194	11.0003786043
11.63294487	10.1420658806	10.1420658806	8.62073655876	7.91071875376	8.62073655876	8.18326431159	11.63294487	10.7046184936	11.63294487	10.1420658806	10.8233781768	10.9775923864	8.80426388157	7.95368267832	7.95368267832	7.95368267832	8.80426388157	9.57268494023	11.0003786043	11.0003786043	0.0	7.54121287223	0.0	0.0	8.02256378268	8.84479279293	8.84479279293	8.02256378268	8.84479279293	7.54121287223	7.54121287223	0.0	7.54121287223	8.94256595464	0.0	0.0	0.0	0.0	8.94256595464	8.02256378268	6.31378172295	6.4996484441	7.88157515093	7.88157515093	6.86821593822	7.73733433704	6.31378172295	6.31378172295	6.4966331798	6.4996484441	6.4966331798	7.53299642801	6.4996484441	7.53299642801	6.95191105861	6.31378172295	6.86821593822	6.95191105861	7.5348360043	6.4966331798	6.86821593822	7.5348360043	6.95191105861	6.4996484441	6.86821593822	7.73733433704	6.4996484441	6.64947733136	6.86821593822	7.53299642801	7.73733433704	6.31378172295	6.4966331798	6.4966331798	8.02256378268	0.0
11.1773294038	9.66647780729	9.66647780729	8.16607875348	7.37416395964	8.16607875348	7.66229290028	11.1773294038	10.2376645088	11.1773294038	9.66647780729	10.379788456	10.5295068442	8.35886415348	7.50879341614	7.50879341614	7.50879341614	8.35886415348	9.11506096201	10.5417720225	10.5417720225	7.54121287223	0.0	7.54121287223	7.54121287223	6.85331264769	8.54729460326	8.54729460326	6.85331264769	8.54729460326	0.0	0.0	7.54121287223	0.0	9.30861142113	7.54121287223	7.54121287223	7.54121287223	7.54121287223	9.30861142113	6.85331264769	5.97829245082	6.13656138836	7.62261428134	7.62261428134	6.50411001005	7.36934065721	5.97829245082	5.97829245082	6.12898969494	6.13656138836	6.12898969494	7.38614907397	6.13656138836	7.38614907397	6.59613196192	5.97829245082	6.50411001005	6.59613196192	7.44160622747	6.12898969494	6.50411001005	7.44160622747	6.59613196192	6.13656138836	6.50411001005	7.36934065721	6.13656138836	6.29461255979	6.50411001005	7.38614907397	7.36934065721	5.97829245082	6.12898969494	6.12898969494	6.85331264769	7.54121287223
11.63294487	10.1420658806	10.1420658806	8.62073655876	7.91071875376	8.62073655876	8.18326431159	11.63294487	10.7046184936	11.63294487	10.1420658806	10.8233781768	10.9775923864	8.80426388157	7.95368267832	7.95368267832	7.95368267832	8.80426388157	9.57268494023	11.0003786043	11.0003786043	0.0	7.54121287223	0.0	0.0	8.02256378268	8.84479279293	8.84479279293	8.02256378268	8.84479279293	7.54121287223	7.54121287223	0.0	7.54121287223	8.94256595464	0.0	0.0	0.0	0.0	8.94256595464	8.02256378268	6.31378172295	6.4996484441	7.88157515093	7.88157515093	6.86821593822	7.73733433704	6.31378172295	6.31378172295	6.4966331798	6.4996484441	6.4966331798	7.53299642801	6.4996484441	7.53299642801	6.95191105861	6.31378172295	6.86821593822	6.95191105861	7.5348360043	6.4966331798	6.86821593822	7.5348360043	6.95191105861	6.4996484441	6.86821593822	7.73733433704	6.4996484441	6.64947733136	6.86821593822	7.53299642801	7.73733433704	6.31378172295	6.4966331798	6.4966331798	8.02256378268	0.0
11.63294487	10.1420658806	10.1420658806	8.62073655876	7.91071875376	8.62073655876	8.18326431159	11.63294487	10.7046184936	11.63294487	10.1420658806	10.8233781768	10.9775923864	8.80426388157	7.95368267832	7.95368267832	7.95368267832	8.80426388157	9.57268494023	11.0003786043	11.0003786043	0.0	7.54121287223	0.0	0.0	8.02256378268	8.84479279293	8.84479279293	8.02256378268	8.84479279293	7.54121287223	7.54121287223	0.0	7.54121287223	8.94256595464	0.0	0.0	0.0	0.0	8.94256595464	8.02256378268	6.31378172295	6.4996484441	7.88157515093	7.88157515093	6.86821593822	7.73733433704	6.31378172295	6.31378172295	6.4966331798	6.4996484441	6.4966331798	7.53299642801	6.4996484441	7.53299642801	6.95191105861	6.31378172295	6.86821593822	6.95191105861	7.5348360043	6.4966331798	6.86821593822	7.5348360043	6.95191105861	6.4996484441	6.86821593822	7.73733433704	6.4996484441	6.64947733136	6.86821593822	7.53299642801	7.73733433704	6.31378172295	6.4966331798	6.4966331798	8.02256378268	0.0
11.0834859552	9.54570706542	9.54570706542	8.05663958623	7.21449674032	8.05663958623	7.52710791004	11.0834859552	10.1280593379	11.0834859552	9.54570706542	10.3466406746	10.4774607161	8.31455781796	7.46528127993	7.46528127993	7.46528127993	8.31455781796	9.06016185357	10.4660547194	10.4660547194	8.02256378268	6.85331264769	8.02256378268	8.02256378268	0.0	7.8224502249	7.8224502249	0.0	7.8224502249	6.85331264769	6.85331264769	8.02256378268	6.85331264769	9.56785306796	8.02256378268	8.02256378268	8.02256378268	8.02256378268	9.56785306796	0.0	6.09496910511	6.23068117525	7.7994845067	7.7994845067	6.59889383806	7.45752519389	6.09496910511	6.09496910511	6.22128057536	6.23068117525	6.22128057536	7.5804021025	6.23068117525	7.5804021025	6.6958218465	6.09496910511	6.59889383806	6.6958218465	7.6413585611	6.22128057536	6.59889383806	7.6413585611	6.6958218465	6.23068117525	6.59889383806	7.45752519389	6.23068117525	6.39414545292	6.59889383806	7.5804021025	7.45752519389	6.09496910511	6.22128057536	6.22128057536	0.0	8.02256378268
11.2055752389	9.64102826394	9.64102826394	8.14207609407	7.34669009425	8.14207609407	7.67626400382	11.2055752389	10.233027446	11.2055752389	9.64102826394	10.5862480497	10.6817753546	8.5322105178	7.68398045593	7.68398045593	7.68398045593	8.5322105178	9.27138253867	10.6330412806	10.6330412806	8.84479279293	8.54729460326	8.84479279293	8.84479279293	7.8224502249	0.0	0.0	7.8224502249	0.0	8.54729460326	8.54729460326	8.84479279293	8.54729460326	10.0689881267	8.84479279293	8.84479279293	8.84479279293	8.84479279293	10.0689881267	7.8224502249	6.54243361782	6.65557769658	8.29277034202	8.29277034202	7.02543123823	7.8748092702	6.54243361782	6.54243361782	6.64559215904	6.65557769658	6.64559215904	8.07597335955	6.65557769658	8.07597335955	7.12615979501	6.54243361782	7.02543123823	7.12615979501	8.13623009735	6.64559215904	7.02543123823	8.13623009735	7.12615979501	6.65557769658	7.02543123823	7.8748092702	6.65557769658	6.82387131636	7.02543123823	8.07597335955	7.8748092702	6.54243361782	6.64559215904	6.64559215904	7.8224502249	8.84479279293
11.2055752389	9.64102826394	9.64102826394	8.14207609407	7.34669009425	8.14207609407	7.67626400382	11.2055752389	10.233027446	11.2055752389	9.64102826394	10.5862480497	10.6817753546	8.5322105178	7.68398045593	7.68398045593	7.68398045593	8.5322105178	9.27138253867	10.6330412806	10.6330412806	8.84479279293	8.54729460326	8.84479279293	8.84479279293	7.8224502249	0.0	0.0	7.8224502249	0.0	8.54729460326	8.54729460326	8.84479279293	8.54729460326	10.0689881267	8.84479279293	8.84479279293	8.84479279293	8.84479279293	10.0689881267	7.8224502249	6.54243361782	6.65557769658	8.29277034202	8.29277034202	7.02543123823	7.8748092702	6.54243361782	6.54243361782	6.64559215904	6.65557769658	6.64559215904	8.07597335955	6.65557769658	8.07597335955	7.12615979501	6.54243361782	7.02543123823	7.12615979501	8.13623009735	6.64559215904	7.02543123823	8.13623009735	7.12615979501	6.65557769658	7.02543123823	7.8748092702	6.65557769658	6.82387131636	7.02543123823	8.07597335955	7.8748092702	6.54243361782	6.64559215904	6.64559215904	7.8224502249	8.84479279293
11.0834859552	9.54570706542	9.54570706542	8.05663958623	7.21449674032	8.05663958623	7.52710791004	11.0834859552	10.1280593379	11.0834859552	9.54570706542	10.3466406746	10.4774607161	8.31455781796	7.46528127993	7.46528127993	7.46528127993	8.31455781796	9.06016185357	10.4660547194	10.4660547194	8.02256378268	6.85331264769	8.02256378268	8.02256378268	0.0	7.8224502249	7.8224502249	0.0	7.8224502249	6.85331264769	6.85331264769	8.02256378268	6.85331264769	9.56785306796	8.02256378268	8.02256378268	8.02256378268	8.02256378268	9.56785306796	0.0	6.09496910511	6.23068117525	7.7994845067	7.7994845067	6.59889383806	7.45752519389	6.09496910511	6.09496910511	6.22128057536	6.23068117525	6.22128057536	7.5804021025	6.23068117525	7.5804021025	6.6958218465	6.09496910511	6.59889383806	6.6958218465	7.6413585611	6.22128057536	6.59889383806	7.6413585611	6.6958218465	6.23068117525	6.59889383806	7.45752519389	6.23068117525	6.39414545292	6.59889383806	7.5804021025	7.45752519389	6.09496910511	6.22128057536	6.22128057536	0.0	8.02256378268
11.2055752389	9.64102826394	9.64102826394	8.14207609407	7.34669009425	8.14207609407	7.67626400382	11.2055752389	10.233027446	11.2055752389	9.64102826394	10.5862480497	10.6817753546	8.5322105178	7.68398045593	7.68398045593	7.68398045593	8.5322105178	9.27138253867	10.6330412806	10.6330412806	8.84479279293	8.54729460326	8.84479279293	8.84479279293	7.8224502249	0.0	0.0	7.8224502249	0.0	8.54729460326	8.54729460326	8.84479279293	8.54729460326	10.0689881267	8.84479279293	8.84479279293	8.84479279293	8.84479279293	10.0689881267	7.8224502249	6.54243361782	6.65557769658	8.29277034202	8.29277034202	7.02543123823	7.8748092702	6.54243361782	6.54243361782	6.64559215904	6.65557769658	6.64559215904	8.07597335955	6.65557769658	8.07597335955	7.12615979501	6.54243361782	7.02543123823	7.12615979501	8.13623009735	6.64559215904	7.02543123823	8.13623009735	7.12615979501	6.65557769658	7.02543123823	7.8748092702	6.65557769658	6.82387131636	7.02543123823	8.07597335955	7.8748092702	6.54243361782	6.64559215904	6.64559215904	7.8224502249	8.84479279293
11.1773294038	9.66647780729	9.66647780729	8.16607875348	7.37416395964	8.16607875348	7.66229290028	11.1773294038	10.2376645088	11.1773294038	9.66647780729	10.379788456	10.5295068442	8.35886415348	7.50879341614	7.50879341614	7.50879341614	8.35886415348	9.11506096201	10.5417720225	10.5417720225	7.54121287223	0.0	7.54121287223	7.54121287223	6.85331264769	8.54729460326	8.54729460326	6.85331264769	8.54729460326	0.0	0.0	7.54121287223	0.0	9.30861142113	7.54121287223	7.54121287223	7.54121287223	7.54121287223	9.30861142113	6.85331264769	5.97829245082	6.13656138836	7.62261428134	7.62261428134	6.50411001005	7.36934065721	5.97829245082	5.97829245082	6.12898969494	6.13656138836	6.12898969494	7.38614907397	6.13656138836	7.38614907397	6.59613196192	5.97829245082	6.50411001005	6.59613196192	7.44160622747	6.12898969494	6.50411001005	7.44160622747	6.59613196192	6.13656138836	6.50411001005	7.36934065721	6.13656138836	6.29461255979	6.50411001005	7.38614907397	7.36934065721	5.97829245082	6.12898969494	6.12898969494	6.85331264769	7.54121287223
11.1773294038	9.66647780729	9.66647780729	8.16607875348	7.37416395964	8.16607875348	7.66229290028	11.1773294038	10.2376645088	11.1773294038	9.66647780729	10.379788456	10.5295068442	8.35886415348	7.50879341614	7.50879341614	7.50879341614	8.35886415348	9.11506096201	10.5417720225	10.5417720225	7.54121287223	0.0	7.54121287223	7.54121287223	6.85331264769	8.54729460326	8.54729460326	6.85331264769	8.54729460326	0.0	0.0	7.54121287223	0.0	9.30861142113	7.54121287223	7.54121287223	7.54121287223	7.54121287223	9.30861142113	6.85331264769	5.97829245082	6.13656138836	7.62261428134	7.62261428134	6.50411001005	7.36934065721	5.97829245082	5.97829245082	6.12898969494	6.13656138836	6.12898969494	7.38614907397	6.13656138836	7.38614907397	6.59613196192	5.97829245082	6.50411001005	6.59613196192	7.44160622747	6.12898969494	6.50411001005	7.44160622747	6.59613196192	6.13656138836	6.50411001005	7.36934065721	6.13656138836	6.29461255979	6.50411001005	7.38614907397	7.36934065721	5.97829245082	6.12898969494	6.12898969494	6.85331264769	7.54121287223
11.63294487	10.1420658806	10.1420658806	8.62073655876	7.91071875376	8.62073655876	8.18326431159	11.63294487	10.7046184936	11.63294487	10.1420658806	10.8233781768	10.9775923864	8.80426388157	7.95368267832	7.95368267832	7.95368267832	8.80426388157	9.57268494023	11.0003786043	11.0003786043	0.0	7.54121287223	0.0	0.0	8.02256378268	8.84479279293	8.84479279293	8.02256378268	8.84479279293	7.54121287223	7.54121287223	0.0	7.54121287223	8.94256595464	0.0	0.0	0.0	0.0	8.94256595464	8.02256378268	6.31378172295	6.4996484441	7.88157515093	7.88157515093	6.86821593822	7.73733433704	6.31378172295	6.31378172295	6.4966331798	6.4996484441	6.4966331798	7.53299642801	6.4996484441	7.53299642801	6.95191105861	6.31378172295	6.86821593822	6.95191105861	7.5348360043	6.4966331798	6.86821593822	7.5348360043	6.95191105861	6.4996484441	6.86821593822	7.73733433704	6.4996484441	6.64947733136	6.86821593822	7.53299642801	7.73733433704	6.31378172295	6.4966331798	6.4966331798	8.02256378268	0.0
11.1773294038	9.66647780729	9.66647780729	8.16607875348	7.37416395964	8.16607875348	7.66229290028	11.1773294038	10.2376645088	11.1773294038	9.66647780729	10.379788456	10.5295068442	8.35886415348	7.50879341614	7.50879341614	7.50879341614	8.35886415348	9.11506096201	10.5417720225	10.5417720225	7.54121287223	0.0	7.54121287223	7.54121287223	6.85331264769	8.54729460326	8.54729460326	6.85331264769	8.54729460326	0.0	0.0	7.54121287223	0.0	9.30861142113	7.54121287223	7.54121287223	7.54121287223	7.54121287223	9.30861142113	6.85331264769	5.97829245082	6.13656138836	7.62261428134	7.62261428134	6.50411001005	7.36934065721	5.97829245082	5.97829245082	6.12898969494	6.13656138836	6.12898969494	7.38614907397	6.13656138836	7.38614907397	6.59613196192	5.97829245082	6.50411001005	6.59613196192	7.44160622747	6.12898969494	6.50411001005	7.44160622747	6.59613196192	6.13656138836	6.50411001005	7.36934065721	6.13656138836	6.29461255979	6.50411001005	7.38614907397	7.36934065721	5.97829245082	6.12898969494	6.12898969494	6.85331264769	7.54121287223
11.8690300257	10.45155615	10.45155615	8.89059919951	8.32625519376	8.89059919951	8.54770616365	11.8690300257	10.9846419593	11.8690300257	10.45155615	10.9148754807	11.1146107069	8.9215565834	8.0686675149	8.0686675149	8.0686675149	8.9215565834	9.72717304932	11.2000421312	11.2000421312	8.94256595464	9.30861142113	8.94256595464	8.94256595464	9.56785306796	10.0689881267	10.0689881267	9.56785306796	10.0689881267	9.30861142113	9.30861142113	8.94256595464	9.30861142113	0.0	8.94256595464	8.94256595464	8.94256595464	8.94256595464	0.0	9.56785306796	5.91577913617	6.19821537979	7.31555077464	7.31555077464	6.5689448092	7.45637662521	5.91577913617	5.91577913617	6.20943825254	6.19821537979	6.20943825254	6.51154296253	6.19821537979	6.51154296253	6.62469233991	5.91577913617	6.5689448092	6.62469233991	6.22313165965	6.20943825254	6.5689448092	6.22313165965	6.62469233991	6.19821537979	6.5689448092	7.45637662521	6.19821537979	6.31931200675	6.5689448092	6.51154296253	7.45637662521	5.91577913617	6.20943825254	6.20943825254	9.56785306796	8.94256595464
11.63294487	10.1420658806	10.1420658806	8.62073655876	7.91071875376	8.62073655876	8.18326431159	11.63294487	10.7046184936	11.63294487	10.1420658806	10.8233781768	10.9775923864	8.80426388157	7.95368267832	7.95368267832	7.95368267832	8.80426388157	9.57268494023	11.0003786043	11.0003786043	0.0	7.54121287223	0.0	0.0	8.02256378268	8.84479279293	8.84479279293	8.02256378268	8.84479279293	7.54121287223	7.54121287223	0.0	7.54121287223	8.94256595464	0.0	0.0	0.0	0.0	8.94256595464	8.02256378268	6.31378172295	6.4996484441	7.88157515093	7.88157515093	6.86821593822	7.73733433704	6.31378172295	6.31378172295	6.4966331798	6.4996484441	6.4966331798	7.53299642801	6.4996484441	7.53299642801	6.95191105861	6.31378172295	6.86821593822	6.95191105861	7.5348360043	6.4966331798	6.86821593822	7.5348360043	6.95191105861	6.4996484441	6.86821593822	7.73733433704	6.4996484441	6.64947733136	6.86821593822	7.53299642801	7.73733433704	6.31378172295	6.4966331798	6.4966331798	8.02256378268	0.0
11.63294487	10.1420658806	10.1420658806	8.62073655876	7.91071875376	8.62073655876	8.18326431159	11.63294487	10.7046184936	11.63294487	10.1420658806	10.8233781768	10.9775923864	8.80426388157	7.95368267832	7.95368267832	7.95368267832	8.80426388157	9.57268494023	11.0003786043	11.0003786043	0.0	7.54121287223	0.0	0.0	8.02256378268	8.84479279293	8.84479279293	8.02256378268	8.84479279293	7.54121287223	7.54121287223	0.0	7.54121287223	8.94256595464	0.0	0.0	0.0	0.0	8.94256595464	8.02256378268	6.31378172295	6.4996484441	7.88157515093	7.88157515093	6.86821593822	7.73733433704	6.31378172295	6.31378172295	6.4966331798	6.4996484441	6.4966331798	7.53299642801	6.4996484441	7.53299642801	6.95191105861	6.31378172295	6.86821593822	6.95191105861	7.5348360043	6.4966331798	6.86821593822	7.5348360043	6.95191105861	6.4996484441	6.86821593822	7.73733433704	6.4996484441	6.64947733136	6.86821593822	7.53299642801	7.73733433704	6.31378172295	6.4966331798	6.4966331798	8.02256378268	0.0
11.63294487	10.1420658806	10.1420658806	8.62073655876	7.91071875376	8.62073655876	8.18326431159	11.63294487	10.7046184936	11.63294487	10.1420658806	10.8233781768	10.9775923864	8.80426388157	7.95368267832	7.95368267832	7.95368267832	8.80426388157	9.57268494023	11.0003786043	11.0003786043	0.0	7.54121287223	0.0	0.0	8.02256378268	8.84479279293	8.84479279293	8.02256378268	8.84479279293	7.54121287223	7.54121287223	0.0	7.54121287223	8.94256595464	0.0	0.0	0.0	0.0	8.94256595464	8.02256378268	6.31378172295	6.4996484441	7.88157515093	7.88157515093	6.86821593822	7.73733433704	6.31378172295	6.31378172295	6.4966331798	6.4996484441	6.4966331798	7.53299642801	6.4996484441	7.53299642801	6.95191105861	6.31378172295	6.86821593822	6.95191105861	7.5348360043	6.4966331798	6.86821593822	7.5348360043	6.95191105861	6.4996484441	6.86821593822	7.73733433704	6.4996484441	6.64947733136	6.86821593822	7.53299642801	7.73733433704	6.31378172295	6.4966331798	6.4966331798	8.02256378268	0.0
