0.0	5.3867829488	5.3867829488	2.9973913249	3.39080696453	2.9973913249	3.33828727553	0.0	5.6609654092	0.0	5.3867829488	6.21344807962	6.06308385803	3.84343867622	3.75800109423	3.75800109423	3.75800109423	3.84343867622	4.97666523236	5.76745269929	5.76745269929	7.33254399225	6.93554272386	7.33254399225	7.33254399225	6.89296406139	7.01079723625	7.01079723625	6.89296406139	7.01079723625	6.93554272386	6.93554272386	7.33254399225	6.93554272386	7.44403962822	7.33254399225	7.33254399225	7.33254399225	7.33254399225	7.44403962822	6.89296406139	3.65298011692	3.66073283557	3.83586562432	3.83586562432	3.64665883146	3.69125500298	3.65298011692	3.65298011692	3.64050635916	3.66073283557	3.64050635916	3.8125239585	3.66073283557	3.8125239585	3.6619103331	3.65298011692	3.64665883146	3.6619103331	3.85410465793	3.64050635916	3.64665883146	3.85410465793	3.6619103331	3.66073283557	3.64665883146	3.69125500298	3.66073283557	3.69183347287	3.64665883146	3.8125239585	3.69125500298	3.65298011692	3.64050635916	3.64050635916	6.89296406139	7.33254399225
5.3867829488	0.0	0.0	2.59992540144	2.94460743162	2.59992540144	2.88977843127	5.3867829488	5.26373163438	5.3867829488	0.0	5.9603835992	5.85568191104	3.61959048443	3.53411565722	3.53411565722	3.53411565722	3.61959048443	4.68738131678	5.57801435146	5.57801435146	6.92784387973	6.53019872468	6.92784387973	6.92784387973	6.48175860097	6.58845584682	6.58845584682	6.48175860097	6.58845584682	6.53019872468	6.53019872468	6.92784387973	6.53019872468	7.05216738705	6.92784387973	6.92784387973	6.92784387973	6.92784387973	7.05216738705	6.48175860097	3.27080204107	3.28244940581	3.45088501565	3.45088501565	3.2667113066	3.31598328345	3.27080204107	3.27080204107	3.26077889077	3.28244940581	3.26077889077	3.42780949019	3.28244940581	3.42780949019	3.28194727806	3.27080204107	3.2667113066	3.28194727806	3.46929315429	3.26077889077	3.2667113066	3.46929315429	3.28194727806	3.28244940581	3.2667113066	3.31598328345	3.28244940581	3.31280944413	3.2667113066	3.42780949019	3.31598328345	3.27080204107	3.26077889077	3.26077889077	6.48175860097	6.92784387973
5.3867829488	0.0	0.0	2.59992540144	2.94460743162	2.59992540144	2.88977843127	5.3867829488	5.26373163438	5.3867829488	0.0	5.9603835992	5.85568191104	3.61959048443	3.53411565722	3.53411565722	3.53411565722	3.61959048443	4.68738131678	5.57801435146	5.57801435146	6.92784387973	6.53019872468	6.92784387973	6.92784387973	6.48175860097	6.58845584682	6.58845584682	6.48175860097	6.58845584682	6.53019872468	6.53019872468	6.92784387973	6.53019872468	7.05216738705	6.92784387973	6.92784387973	6.92784387973	6.92784387973	7.05216738705	6.48175860097	3.27080204107	3.28244940581	3.45088501565	3.45088501565	3.2667113066	3.31598328345	3.27080204107	3.27080204107	3.26077889077	3.28244940581	3.26077889077	3.42780949019	3.28244940581	3.42780949019	3.28194727806	3.27080204107	3.2667113066	3.28194727806	3.46929315429	3.26077889077	3.2667113066	3.46929315429	3.28194727806	3.28244940581	3.2667113066	3.31598328345	3.28244940581	3.31280944413	3.2667113066	3.42780949019	3.31598328345	3.27080204107	3.26077889077	3.26077889077	6.48175860097	6.92784387973
2.9973913249	2.59992540144	2.59992540144	0.0	0.746695309079	0.0	0.697220357104	2.9973913249	2.93650268256	2.9973913249	2.59992540144	3.66608619251	3.54393337731	1.30880668769	1.22303713435	1.22303713435	1.22303713435	1.30880668769	2.42242174758	3.27267701071	3.27267701071	4.69946786165	4.30504661935	4.69946786165	4.69946786165	4.25566194886	4.3542555425	4.3542555425	4.25566194886	4.3542555425	4.30504661935	4.30504661935	4.69946786165	4.30504661935	4.82526563277	4.69946786165	4.69946786165	4.69946786165	4.69946786165	4.82526563277	4.25566194886	1.04460923029	1.05426253027	1.22580123257	1.22580123257	1.03943363265	1.08617764944	1.04460923029	1.04460923029	1.03343612927	1.05426253027	1.03343612927	1.20229674418	1.05426253027	1.20229674418	1.05461231854	1.04460923029	1.03943363265	1.05461231854	1.24368502449	1.03343612927	1.03943363265	1.24368502449	1.05461231854	1.05426253027	1.03943363265	1.08617764944	1.05426253027	1.08494973766	1.03943363265	1.20229674418	1.08617764944	1.04460923029	1.03343612927	1.03343612927	4.25566194886	4.69946786165
3.39080696453	2.94460743162	2.94460743162	0.746695309079	0.0	0.746695309079	0.277685324257	3.39080696453	3.29033553412	3.39080696453	2.94460743162	3.76016992215	3.69703589556	1.44934251949	1.36386896168	1.36386896168	1.36386896168	1.44934251949	2.4766716466	3.46168645498	3.46168645498	4.50291062766	4.09602031842	4.50291062766	4.50291062766	4.03281425859	4.13283397267	4.13283397267	4.03281425859	4.13283397267	4.09602031842	4.09602031842	4.50291062766	4.09602031842	4.64940922336	4.50291062766	4.50291062766	4.50291062766	4.50291062766	4.64940922336	4.03281425859	0.882552037538	0.900478859904	1.05783775052	1.05783775052	0.882172480531	0.938657508609	0.882552037538	0.882552037538	0.876704316231	0.900478859904	0.876704316231	1.0353068085	0.900478859904	1.0353068085	0.897274938692	0.882552037538	0.882172480531	0.897274938692	1.07667712678	0.876704316231	0.882172480531	1.07667712678	0.897274938692	0.900478859904	0.882172480531	0.938657508609	0.900478859904	0.929576020079	0.882172480531	1.0353068085	0.938657508609	0.882552037538	0.876704316231	0.876704316231	4.03281425859	4.50291062766
2.9973913249	2.59992540144	2.59992540144	0.0	0.746695309079	0.0	0.697220357104	2.9973913249	2.93650268256	2.9973913249	2.59992540144	3.66608619251	3.54393337731	1.30880668769	1.22303713435	1.22303713435	1.22303713435	1.30880668769	2.42242174758	3.27267701071	3.27267701071	4.69946786165	4.30504661935	4.69946786165	4.69946786165	4.25566194886	4.3542555425	4.3542555425	4.25566194886	4.3542555425	4.30504661935	4.30504661935	4.69946786165	4.30504661935	4.82526563277	4.69946786165	4.69946786165	4.69946786165	4.69946786165	4.82526563277	4.25566194886	1.04460923029	1.05426253027	1.22580123257	1.22580123257	1.03943363265	1.08617764944	1.04460923029	1.04460923029	1.03343612927	1.05426253027	1.03343612927	1.20229674418	1.05426253027	1.20229674418	1.05461231854	1.04460923029	1.03943363265	1.05461231854	1.24368502449	1.03343612927	1.03943363265	1.24368502449	1.05461231854	1.05426253027	1.03943363265	1.08617764944	1.05426253027	1.08494973766	1.03943363265	1.20229674418	1.08617764944	1.04460923029	1.03343612927	1.03343612927	4.25566194886	4.69946786165
3.33828727553	2.88977843127	2.88977843127	0.697220357104	0.277685324257	0.697220357104	0.0	3.33828727553	3.23658091108	3.33828727553	2.88977843127	3.71353376105	3.64888373238	1.40250946482	1.31710652714	1.31710652714	1.31710652714	1.40250946482	2.42363379531	3.4069595094	3.4069595094	4.48538983729	4.07900902272	4.48538983729	4.48538983729	4.0214397316	4.13020783146	4.13020783146	4.0214397316	4.13020783146	4.07900902272	4.07900902272	4.48538983729	4.07900902272	4.62305628832	4.48538983729	4.48538983729	4.48538983729	4.48538983729	4.62305628832	4.0214397316	0.850531547295	0.867773403691	1.02664415225	1.02664415225	0.849682868406	0.905540556769	0.850531547295	0.850531547295	0.844108688305	0.867773403691	0.844108688305	1.0042532331	0.867773403691	1.0042532331	0.864869101968	0.850531547295	0.849682868406	0.864869101968	1.04573751034	0.844108688305	0.849682868406	1.04573751034	0.864869101968	0.867773403691	0.849682868406	0.905540556769	0.867773403691	0.897060131182	0.849682868406	1.0042532331	0.905540556769	0.850531547295	0.844108688305	0.844108688305	4.0214397316	4.48538983729
0.0	5.3867829488	5.3867829488	2.9973913249	3.39080696453	2.9973913249	3.33828727553	0.0	5.6609654092	0.0	5.3867829488	6.21344807962	6.06308385803	3.84343867622	3.75800109423	3.75800109423	3.75800109423	3.84343867622	4.97666523236	5.76745269929	5.76745269929	7.33254399225	6.93554272386	7.33254399225	7.33254399225	6.89296406139	7.01079723625	7.01079723625	6.89296406139	7.01079723625	6.93554272386	6.93554272386	7.33254399225	6.93554272386	7.44403962822	7.33254399225	7.33254399225	7.33254399225	7.33254399225	7.44403962822	6.89296406139	3.65298011692	3.66073283557	3.83586562432	3.83586562432	3.64665883146	3.69125500298	3.65298011692	3.65298011692	3.64050635916	3.66073283557	3.64050635916	3.8125239585	3.66073283557	3.8125239585	3.6619103331	3.65298011692	3.64665883146	3.6619103331	3.85410465793	3.64050635916	3.64665883146	3.85410465793	3.6619103331	3.66073283557	3.64665883146	3.69125500298	3.66073283557	3.69183347287	3.64665883146	3.8125239585	3.69125500298	3.65298011692	3.64050635916	3.64050635916	6.89296406139	7.33254399225
5.6609654092	5.26373163438	5.26373163438	2.93650268256	3.29033553412	2.93650268256	3.23658091108	5.6609654092	0.0	5.6609654092	5.26373163438	6.25047105885	6.13761386814	3.90907859617	3.82399192874	3.82399192874	3.82399192874	3.90907859617	4.95112069374	5.81362566009	5.81362566009	7.25446230889	6.85680453875	7.25446230889	7.25446230889	6.8109561633	6.92274390175	6.92274390175	6.8109561633	6.92274390175	6.85680453875	6.85680453875	7.25446230889	6.85680453875	7.37384845395	7.25446230889	7.25446230889	7.25446230889	7.25446230889	7.37384845395	6.8109561633	3.58897689519	3.59972479793	3.76981133714	3.76981133714	3.58434293353	3.63261104898	3.58897689519	3.58897689519	3.57833354806	3.59972479793	3.57833354806	3.74673371032	3.59972479793	3.74673371032	3.59961179484	3.58897689519	3.58434293353	3.59961179484	3.78827081291	3.57833354806	3.58434293353	3.78827081291	3.59961179484	3.59972479793	3.58434293353	3.63261104898	3.59972479793	3.63027737495	3.58434293353	3.74673371032	3.63261104898	3.58897689519	3.57833354806	3.57833354806	6.8109561633	7.25446230889
0.0	5.3867829488	5.3867829488	2.9973913249	3.39080696453	2.9973913249	3.33828727553	0.0	5.6609654092	0.0	5.3867829488	6.21344807962	6.06308385803	3.84343867622	3.75800109423	3.75800109423	3.75800109423	3.84343867622	4.97666523236	5.76745269929	5.76745269929	7.33254399225	6.93554272386	7.33254399225	7.33254399225	6.89296406139	7.01079723625	7.01079723625	6.89296406139	7.01079723625	6.93554272386	6.93554272386	7.33254399225	6.93554272386	7.44403962822	7.33254399225	7.33254399225	7.33254399225	7.33254399225	7.44403962822	6.89296406139	3.65298011692	3.66073283557	3.83586562432	3.83586562432	3.64665883146	3.69125500298	3.65298011692	3.65298011692	3.64050635916	3.66073283557	3.64050635916	3.8125239585	3.66073283557	3.8125239585	3.6619103331	3.65298011692	3.64665883146	3.6619103331	3.85410465793	3.64050635916	3.64665883146	3.85410465793	3.6619103331	3.66073283557	3.64665883146	3.69125500298	3.66073283557	3.69183347287	3.64665883146	3.8125239585	3.69125500298	3.65298011692	3.64050635916	3.64050635916	6.89296406139	7.33254399225
5.3867829488	0.0	0.0	2.59992540144	2.94460743162	2.59992540144	2.88977843127	5.3867829488	5.26373163438	5.3867829488	0.0	5.9603835992	5.85568191104	3.61959048443	3.53411565722	3.53411565722	3.53411565722	3.61959048443	4.68738131678	5.57801435146	5.57801435146	6.92784387973	6.53019872468	6.92784387973	6.92784387973	6.48175860097	6.58845584682	6.58845584682	6.48175860097	6.58845584682	6.53019872468	6.53019872468	6.92784387973	6.53019872468	7.05216738705	6.92784387973	6.92784387973	6.92784387973	6.92784387973	7.05216738705	6.48175860097	3.27080204107	3.28244940581	3.45088501565	3.45088501565	3.2667113066	3.31598328345	3.27080204107	3.27080204107	3.26077889077	3.28244940581	3.26077889077	3.42780949019	3.28244940581	3.42780949019	3.28194727806	3.27080204107	3.2667113066	3.28194727806	3.46929315429	3.26077889077	3.2667113066	3.46929315429	3.28194727806	3.28244940581	3.2667113066	3.31598328345	3.28244940581	3.31280944413	3.2667113066	3.42780949019	3.31598328345	3.27080204107	3.26077889077	3.26077889077	6.48175860097	6.92784387973
6.21344807962	5.9603835992	5.9603835992	3.66608619251	3.76016992215	3.66608619251	3.71353376105	6.21344807962	6.25047105885	6.21344807962	5.9603835992	0.0	5.58730331645	3.14678626984	3.05859663716	3.05859663716	3.05859663716	3.14678626984	4.88213310667	6.16484724227	6.16484724227	7.53224016347	7.13734109376	7.53224016347	7.53224016347	7.12482467877	7.30496288457	7.30496288457	7.12482467877	7.30496288457	7.13734109376	7.13734109376	7.53224016347	7.13734109376	7.57311861657	7.53224016347	7.53224016347	7.53224016347	7.53224016347	7.57311861657	7.12482467877	3.72749725064	3.71244400689	3.9266502324	3.9266502324	3.70809185872	3.72543616132	3.72749725064	3.72749725064	3.70061055273	3.71244400689	3.70061055273	3.90163116633	3.71244400689	3.90163116633	3.72345369337	3.72749725064	3.70809185872	3.72345369337	3.94372356671	3.70061055273	3.70809185872	3.94372356671	3.72345369337	3.71244400689	3.70809185872	3.72543616132	3.71244400689	3.74789711842	3.70809185872	3.90163116633	3.72543616132	3.72749725064	3.70061055273	3.70061055273	7.12482467877	7.53224016347
6.06308385803	5.85568191104	5.85568191104	3.54393337731	3.69703589556	3.54393337731	3.64888373238	6.06308385803	6.13761386814	6.06308385803	5.85568191104	5.58730331645	0.0	2.90802886923	2.84540136788	2.84540136788	2.84540136788	2.90802886923	4.89399720613	5.89166698413	5.89166698413	7.50753665559	7.11227636954	7.50753665559	7.50753665559	7.0931608455	7.25965800363	7.25965800363	7.0931608455	7.25965800363	7.11227636954	7.11227636954	7.50753665559	7.11227636954	7.56350767372	7.50753665559	7.50753665559	7.50753665559	7.50753665559	7.56350767372	7.0931608455	3.72939443692	3.71848827289	3.92531405291	3.92531405291	3.71251622736	3.73434666514	3.72939443692	3.72939443692	3.70543407791	3.71848827289	3.70543407791	3.90056048346	3.71848827289	3.90056048346	3.72771167455	3.72939443692	3.71251622736	3.72771167455	3.94252807064	3.70543407791	3.71251622736	3.94252807064	3.72771167455	3.71848827289	3.71251622736	3.73434666514	3.71848827289	3.75304513032	3.71251622736	3.90056048346	3.73434666514	3.72939443692	3.70543407791	3.70543407791	7.0931608455	7.50753665559
3.84343867622	3.61959048443	3.61959048443	1.30880668769	1.44934251949	1.30880668769	1.40250946482	3.84343867622	3.90907859617	3.84343867622	3.61959048443	3.14678626984	2.90802886923	0.0	0.287047078191	0.287047078191	0.287047078191	0.0	2.67052270749	3.79177399459	3.79177399459	5.23499514242	4.84050809354	5.23499514242	5.23499514242	4.82513195073	4.99860086217	4.99860086217	4.82513195073	4.99860086217	4.84050809354	4.84050809354	5.23499514242	4.84050809354	5.28175874438	5.23499514242	5.23499514242	5.23499514242	5.23499514242	5.28175874438	4.82513195073	1.4403727893	1.42581668916	1.63875146568	1.63875146568	1.42145706091	1.4387565688	1.4403727893	1.4403727893	1.41421982246	1.42581668916	1.41421982246	1.61366794083	1.42581668916	1.61366794083	1.43661292501	1.4403727893	1.42145706091	1.43661292501	1.65568302076	1.41421982246	1.42145706091	1.65568302076	1.43661292501	1.42581668916	1.42145706091	1.4387565688	1.42581668916	1.46102855265	1.42145706091	1.61366794083	1.4387565688	1.4403727893	1.41421982246	1.41421982246	4.82513195073	5.23499514242
3.75800109423	3.53411565722	3.53411565722	1.22303713435	1.36386896168	1.22303713435	1.31710652714	3.75800109423	3.82399192874	3.75800109423	3.53411565722	3.05859663716	2.84540136788	0.287047078191	0.0	0.0	0.0	0.287047078191	2.59201148684	3.71215486221	3.71215486221	5.14841736337	4.75398067906	5.14841736337	5.14841736337	4.73875263073	4.91246996	4.91246996	4.73875263073	4.91246996	4.75398067906	4.75398067906	5.14841736337	4.75398067906	5.19479595694	5.14841736337	5.14841736337	5.14841736337	5.14841736337	5.19479595694	4.73875263073	1.35309871494	1.33835938898	1.55159444653	1.55159444653	1.334083533	1.35114692909	1.35309871494	1.35309871494	1.32684144089	1.33835938898	1.32684144089	1.52649233736	1.33835938898	1.52649233736	1.34923457746	1.35309871494	1.334083533	1.34923457746	1.56850858286	1.32684144089	1.334083533	1.56850858286	1.34923457746	1.33835938898	1.334083533	1.35114692909	1.33835938898	1.37360209744	1.334083533	1.52649233736	1.35114692909	1.35309871494	1.32684144089	1.32684144089	4.73875263073	5.14841736337
3.75800109423	3.53411565722	3.53411565722	1.22303713435	1.36386896168	1.22303713435	1.31710652714	3.75800109423	3.82399192874	3.75800109423	3.53411565722	3.05859663716	2.84540136788	0.287047078191	0.0	0.0	0.0	0.287047078191	2.59201148684	3.71215486221	3.71215486221	5.14841736337	4.75398067906	5.14841736337	5.14841736337	4.73875263073	4.91246996	4.91246996	4.73875263073	4.91246996	4.75398067906	4.75398067906	5.14841736337	4.75398067906	5.19479595694	5.14841736337	5.14841736337	5.14841736337	5.14841736337	5.19479595694	4.73875263073	1.35309871494	1.33835938898	1.55159444653	1.55159444653	1.334083533	1.35114692909	1.35309871494	1.35309871494	1.32684144089	1.33835938898	1.32684144089	1.52649233736	1.33835938898	1.52649233736	1.34923457746	1.35309871494	1.334083533	1.34923457746	1.56850858286	1.32684144089	1.334083533	1.56850858286	1.34923457746	1.33835938898	1.334083533	1.35114692909	1.33835938898	1.37360209744	1.334083533	1.52649233736	1.35114692909	1.35309871494	1.32684144089	1.32684144089	4.73875263073	5.14841736337
3.75800109423	3.53411565722	3.53411565722	1.22303713435	1.36386896168	1.22303713435	1.31710652714	3.75800109423	3.82399192874	3.75800109423	3.53411565722	3.05859663716	2.84540136788	0.287047078191	0.0	0.0	0.0	0.287047078191	2.59201148684	3.71215486221	3.71215486221	5.14841736337	4.75398067906	5.14841736337	5.14841736337	4.73875263073	4.91246996	4.91246996	4.73875263073	4.91246996	4.75398067906	4.75398067906	5.14841736337	4.75398067906	5.19479595694	5.14841736337	5.14841736337	5.14841736337	5.14841736337	5.19479595694	4.73875263073	1.35309871494	1.33835938898	1.55159444653	1.55159444653	1.334083533	1.35114692909	1.35309871494	1.35309871494	1.32684144089	1.33835938898	1.32684144089	1.52649233736	1.33835938898	1.52649233736	1.34923457746	1.35309871494	1.334083533	1.34923457746	1.56850858286	1.32684144089	1.334083533	1.56850858286	1.34923457746	1.33835938898	1.334083533	1.35114692909	1.33835938898	1.37360209744	1.334083533	1.52649233736	1.35114692909	1.35309871494	1.32684144089	1.32684144089	4.73875263073	5.14841736337
3.84343867622	3.61959048443	3.61959048443	1.30880668769	1.44934251949	1.30880668769	1.40250946482	3.84343867622	3.90907859617	3.84343867622	3.61959048443	3.14678626984	2.90802886923	0.0	0.287047078191	0.287047078191	0.287047078191	0.0	2.67052270749	3.79177399459	3.79177399459	5.23499514242	4.84050809354	5.23499514242	5.23499514242	4.82513195073	4.99860086217	4.99860086217	4.82513195073	4.99860086217	4.84050809354	4.84050809354	5.23499514242	4.84050809354	5.28175874438	5.23499514242	5.23499514242	5.23499514242	5.23499514242	5.28175874438	4.82513195073	1.4403727893	1.42581668916	1.63875146568	1.63875146568	1.42145706091	1.4387565688	1.4403727893	1.4403727893	1.41421982246	1.42581668916	1.41421982246	1.61366794083	1.42581668916	1.61366794083	1.43661292501	1.4403727893	1.42145706091	1.43661292501	1.65568302076	1.41421982246	1.42145706091	1.65568302076	1.43661292501	1.42581668916	1.42145706091	1.4387565688	1.42581668916	1.46102855265	1.42145706091	1.61366794083	1.4387565688	1.4403727893	1.41421982246	1.41421982246	4.82513195073	5.23499514242
4.97666523236	4.68738131678	4.68738131678	2.42242174758	2.4766716466	2.42242174758	2.42363379531	4.97666523236	4.95112069374	4.97666523236	4.68738131678	4.88213310667	4.89399720613	2.67052270749	2.59201148684	2.59201148684	2.59201148684	2.67052270749	0.0	4.80955437483	4.80955437483	6.34436081475	5.94501281224	6.34436081475	6.34436081475	5.92004454886	6.07974942924	6.07974942924	5.92004454886	6.07974942924	5.94501281224	5.94501281224	6.34436081475	5.94501281224	6.41756447634	6.34436081475	6.34436081475	6.34436081475	6.34436081475	6.41756447634	5.92004454886	2.59804405924	2.59800830895	2.78739303758	2.78739303758	2.58692898345	2.62316692088	2.59804405924	2.59804405924	2.5799976289	2.59800830895	2.5799976289	2.76390754847	2.59800830895	2.76390754847	2.60254925263	2.59804405924	2.58692898345	2.60254925263	2.8058980045	2.5799976289	2.58692898345	2.8058980045	2.60254925263	2.59800830895	2.58692898345	2.62316692088	2.59800830895	2.6308348079	2.58692898345	2.76390754847	2.62316692088	2.59804405924	2.5799976289	2.5799976289	5.92004454886	6.34436081475
5.76745269929	5.57801435146	5.57801435146	3.27267701071	3.46168645498	3.27267701071	3.4069595094	5.76745269929	5.81362566009	5.76745269929	5.57801435146	6.16484724227	5.89166698413	3.79177399459	3.71215486221	3.71215486221	3.71215486221	3.79177399459	4.80955437483	0.0	0.0	7.38916172891	6.99012016223	7.38916172891	7.38916172891	6.95389042185	7.08898875037	7.08898875037	6.95389042185	7.08898875037	6.99012016223	6.99012016223	7.38916172891	6.99012016223	7.48723078089	7.38916172891	7.38916172891	7.38916172891	7.38916172891	7.48723078089	6.95389042185	3.68636282222	3.69213815807	3.87098845704	3.87098845704	3.67883382905	3.72125517494	3.68636282222	3.68636282222	3.67250048135	3.69213815807	3.67250048135	3.84775528157	3.69213815807	3.84775528157	3.69417449935	3.68636282222	3.67883382905	3.69417449935	3.88950845031	3.67250048135	3.67883382905	3.88950845031	3.69417449935	3.69213815807	3.67883382905	3.72125517494	3.69213815807	3.72367708279	3.67883382905	3.84775528157	3.72125517494	3.68636282222	3.67250048135	3.67250048135	6.95389042185	7.38916172891
5.76745269929	5.57801435146	5.57801435146	3.27267701071	3.46168645498	3.27267701071	3.4069595094	5.76745269929	5.81362566009	5.76745269929	5.57801435146	6.16484724227	5.89166698413	3.79177399459	3.71215486221	3.71215486221	3.71215486221	3.79177399459	4.80955437483	0.0	0.0	7.38916172891	6.99012016223	7.38916172891	7.38916172891	6.95389042185	7.08898875037	7.08898875037	6.95389042185	7.08898875037	6.99012016223	6.99012016223	7.38916172891	6.99012016223	7.48723078089	7.38916172891	7.38916172891	7.38916172891	7.38916172891	7.48723078089	6.95389042185	3.68636282222	3.69213815807	3.87098845704	3.87098845704	3.67883382905	3.72125517494	3.68636282222	3.68636282222	3.67250048135	3.69213815807	3.67250048135	3.84775528157	3.69213815807	3.84775528157	3.69417449935	3.68636282222	3.67883382905	3.69417449935	3.88950845031	3.67250048135	3.67883382905	3.88950845031	3.69417449935	3.69213815807	3.67883382905	3.72125517494	3.69213815807	3.72367708279	3.67883382905	3.84775528157	3.72125517494	3.68636282222	3.67250048135	3.67250048135	6.95389042185	7.38916172891
7.33254399225	6.92784387973	6.92784387973	4.69946786165	4.50291062766	4.69946786165	4.48538983729	7.33254399225	7.25446230889	7.33254399225	6.92784387973	7.53224016347	7.50753665559	5.23499514242	5.14841736337	5.14841736337	5.14841736337	5.23499514242	6.34436081475	7.38916172891	7.38916172891	0.0	5.82636359012	0.0	0.0	6.16533165104	6.73911671017	6.73911671017	6.16533165104	6.73911671017	5.82636359012	5.82636359012	0.0	5.82636359012	7.11884070226	0.0	0.0	0.0	0.0	7.11884070226	6.16533165104	4.32431696718	4.36646184004	4.4287450458	4.4287450458	4.34555104813	4.4141504602	4.32431696718	4.32431696718	4.34757273043	4.36646184004	4.34757273043	4.35748913788	4.36646184004	4.35748913788	4.35133185473	4.32431696718	4.34555104813	4.35133185473	4.37453843273	4.34757273043	4.34555104813	4.37453843273	4.35133185473	4.36646184004	4.34555104813	4.4141504602	4.36646184004	4.38330128159	4.34555104813	4.35748913788	4.4141504602	4.32431696718	4.34757273043	4.34757273043	6.16533165104	0.0
6.93554272386	6.53019872468	6.53019872468	4.30504661935	4.09602031842	4.30504661935	4.07900902272	6.93554272386	6.85680453875	6.93554272386	6.53019872468	7.13734109376	7.11227636954	4.84050809354	4.75398067906	4.75398067906	4.75398067906	4.84050809354	5.94501281224	6.99012016223	6.99012016223	5.82636359012	0.0	5.82636359012	5.82636359012	5.26693500063	6.51010989018	6.51010989018	5.26693500063	6.51010989018	0.0	0.0	5.82636359012	0.0	7.17894198339	5.82636359012	5.82636359012	5.82636359012	5.82636359012	7.17894198339	5.26693500063	3.94762676283	3.98551535187	4.0719002004	4.0719002004	3.9639603323	4.03256665141	3.94762676283	3.94762676283	3.96382985908	3.98551535187	3.96382985908	4.02350277302	3.98551535187	4.02350277302	3.97284135099	3.94762676283	3.9639603323	3.97284135099	4.0519022839	3.96382985908	3.9639603323	4.0519022839	3.97284135099	3.98551535187	3.9639603323	4.03256665141	3.98551535187	4.00584142035	3.9639603323	4.02350277302	4.03256665141	3.94762676283	3.96382985908	3.96382985908	5.26693500063	5.82636359012
7.33254399225	6.92784387973	6.92784387973	4.69946786165	4.50291062766	4.69946786165	4.48538983729	7.33254399225	7.25446230889	7.33254399225	6.92784387973	7.53224016347	7.50753665559	5.23499514242	5.14841736337	5.14841736337	5.14841736337	5.23499514242	6.34436081475	7.38916172891	7.38916172891	0.0	5.82636359012	0.0	0.0	6.16533165104	6.73911671017	6.73911671017	6.16533165104	6.73911671017	5.82636359012	5.82636359012	0.0	5.82636359012	7.11884070226	0.0	0.0	0.0	0.0	7.11884070226	6.16533165104	4.32431696718	4.36646184004	4.4287450458	4.4287450458	4.34555104813	4.4141504602	4.32431696718	4.32431696718	4.34757273043	4.36646184004	4.34757273043	4.35748913788	4.36646184004	4.35748913788	4.35133185473	4.32431696718	4.34555104813	4.35133185473	4.37453843273	4.34757273043	4.34555104813	4.37453843273	4.35133185473	4.36646184004	4.34555104813	4.4141504602	4.36646184004	4.38330128159	4.34555104813	4.35748913788	4.4141504602	4.32431696718	4.34757273043	4.34757273043	6.16533165104	0.0
7.33254399225	6.92784387973	6.92784387973	4.69946786165	4.50291062766	4.69946786165	4.48538983729	7.33254399225	7.25446230889	7.33254399225	6.92784387973	7.53224016347	7.50753665559	5.23499514242	5.14841736337	5.14841736337	5.14841736337	5.23499514242	6.34436081475	7.38916172891	7.38916172891	0.0	5.82636359012	0.0	0.0	6.16533165104	6.73911671017	6.73911671017	6.16533165104	6.73911671017	5.82636359012	5.82636359012	0.0	5.82636359012	7.11884070226	0.0	0.0	0.0	0.0	7.11884070226	6.16533165104	4.32431696718	4.36646184004	4.4287450458	4.4287450458	4.34555104813	4.4141504602	4.32431696718	4.32431696718	4.34757273043	4.36646184004	4.34757273043	4.35748913788	4.36646184004	4.35748913788	4.35133185473	4.32431696718	4.34555104813	4.35133185473	4.37453843273	4.34757273043	4.34555104813	4.37453843273	4.35133185473	4.36646184004	4.34555104813	4.4141504602	4.36646184004	4.38330128159	4.34555104813	4.35748913788	4.4141504602	4.32431696718	4.34757273043	4.34757273043	6.16533165104	0.0
6.89296406139	6.48175860097	6.48175860097	4.25566194886	4.03281425859	4.25566194886	4.0214397316	6.89296406139	6.8109561633	6.89296406139	6.48175860097	7.12482467877	7.0931608455	4.82513195073	4.73875263073	4.73875263073	4.73875263073	4.82513195073	5.92004454886	6.95389042185	6.95389042185	6.16533165104	5.26693500063	6.16533165104	6.16533165104	0.0	6.00218306532	6.00218306532	0.0	6.00218306532	5.26693500063	5.26693500063	6.16533165104	5.26693500063	7.29785955357	6.16533165104	6.16533165104	6.16533165104	6.16533165104	7.29785955357	0.0	3.98707728137	4.0211773242	4.12327464807	4.12327464807	4.00007880581	4.0667344374	3.98707728137	3.98707728137	3.9988217628	4.0211773242	3.9988217628	4.07922715426	4.0211773242	4.07922715426	4.01031747808	3.98707728137	4.00007880581	4.01031747808	4.10950881313	3.9988217628	4.00007880581	4.10950881313	4.01031747808	4.0211773242	4.00007880581	4.0667344374	4.0211773242	4.04330186548	4.00007880581	4.07922715426	4.0667344374	3.98707728137	3.9988217628	3.9988217628	0.0	6.16533165104
7.01079723625	6.58845584682	6.58845584682	4.3542555425	4.13283397267	4.3542555425	4.13020783146	7.01079723625	6.92274390175	7.01079723625	6.58845584682	7.30496288457	7.25965800363	4.99860086217	4.91246996	4.91246996	4.91246996	4.99860086217	6.07974942924	7.08898875037	7.08898875037	6.73911671017	6.51010989018	6.73911671017	6.73911671017	6.00218306532	0.0	0.0	6.00218306532	0.0	6.51010989018	6.51010989018	6.73911671017	6.51010989018	7.59459083607	6.73911671017	6.73911671017	6.73911671017	6.73911671017	7.59459083607	6.00218306532	4.2601901292	4.28967309486	4.40493017072	4.40493017072	4.2698084529	4.33268489204	4.2601901292	4.2601901292	4.26768698086	4.28967309486	4.26768698086	4.36178596883	4.28967309486	4.36178596883	4.28086894749	4.2601901292	4.2698084529	4.28086894749	4.39245607171	4.26768698086	4.2698084529	4.39245607171	4.28086894749	4.28967309486	4.2698084529	4.33268489204	4.28967309486	4.31328051631	4.2698084529	4.36178596883	4.33268489204	4.2601901292	4.26768698086	4.26768698086	6.00218306532	6.73911671017
7.01079723625	6.58845584682	6.58845584682	4.3542555425	4.13283397267	4.3542555425	4.13020783146	7.01079723625	6.92274390175	7.01079723625	6.58845584682	7.30496288457	7.25965800363	4.99860086217	4.91246996	4.91246996	4.91246996	4.99860086217	6.07974942924	7.08898875037	7.08898875037	6.73911671017	6.51010989018	6.73911671017	6.73911671017	6.00218306532	0.0	0.0	6.00218306532	0.0	6.51010989018	6.51010989018	6.73911671017	6.51010989018	7.59459083607	6.73911671017	6.73911671017	6.73911671017	6.73911671017	7.59459083607	6.00218306532	4.2601901292	4.28967309486	4.40493017072	4.40493017072	4.2698084529	4.33268489204	4.2601901292	4.2601901292	4.26768698086	4.28967309486	4.26768698086	4.36178596883	4.28967309486	4.36178596883	4.28086894749	4.2601901292	4.2698084529	4.28086894749	4.39245607171	4.26768698086	4.2698084529	4.39245607171	4.28086894749	4.28967309486	4.2698084529	4.33268489204	4.28967309486	4.31328051631	4.2698084529	4.36178596883	4.33268489204	4.2601901292	4.26768698086	4.26768698086	6.00218306532	6.73911671017
6.89296406139	6.48175860097	6.48175860097	4.25566194886	4.03281425859	4.25566194886	4.0214397316	6.89296406139	6.8109561633	6.89296406139	6.48175860097	7.12482467877	7.0931608455	4.82513195073	4.73875263073	4.73875263073	4.73875263073	4.82513195073	5.92004454886	6.95389042185	6.95389042185	6.16533165104	5.26693500063	6.16533165104	6.16533165104	0.0	6.00218306532	6.00218306532	0.0	6.00218306532	5.26693500063	5.26693500063	6.16533165104	5.26693500063	7.29785955357	6.16533165104	6.16533165104	6.16533165104	6.16533165104	7.29785955357	0.0	3.98707728137	4.0211773242	4.12327464807	4.12327464807	4.00007880581	4.0667344374	3.98707728137	3.98707728137	3.9988217628	4.0211773242	3.9988217628	4.07922715426	4.0211773242	4.07922715426	4.01031747808	3.98707728137	4.00007880581	4.01031747808	4.10950881313	3.9988217628	4.00007880581	4.10950881313	4.01031747808	4.0211773242	4.00007880581	4.0667344374	4.0211773242	4.04330186548	4.00007880581	4.07922715426	4.0667344374	3.98707728137	3.9988217628	3.9988217628	0.0	6.16533165104
7.01079723625	6.58845584682	6.58845584682	4.3542555425	4.13283397267	4.3542555425	4.13020783146	7.01079723625	6.92274390175	7.01079723625	6.58845584682	7.30496288457	7.25965800363	4.99860086217	4.91246996	4.91246996	4.91246996	4.99860086217	6.07974942924	7.08898875037	7.08898875037	6.73911671017	6.51010989018	6.73911671017	6.73911671017	6.00218306532	0.0	0.0	6.00218306532	0.0	6.51010989018	6.51010989018	6.73911671017	6.51010989018	7.59459083607	6.73911671017	6.73911671017	6.73911671017	6.73911671017	7.59459083607	6.00218306532	4.2601901292	4.28967309486	4.40493017072	4.40493017072	4.2698084529	4.33268489204	4.2601901292	4.2601901292	4.26768698086	4.28967309486	4.26768698086	4.36178596883	4.28967309486	4.36178596883	4.28086894749	4.2601901292	4.2698084529	4.28086894749	4.39245607171	4.26768698086	4.2698084529	4.39245607171	4.28086894749	4.28967309486	4.2698084529	4.33268489204	4.28967309486	4.31328051631	4.2698084529	4.36178596883	4.33268489204	4.2601901292	4.26768698086	4.26768698086	6.00218306532	6.73911671017
6.93554272386	6.53019872468	6.53019872468	4.30504661935	4.09602031842	4.30504661935	4.07900902272	6.93554272386	6.85680453875	6.93554272386	6.53019872468	7.13734109376	7.11227636954	4.84050809354	4.75398067906	4.75398067906	4.75398067906	4.84050809354	5.94501281224	6.99012016223	6.99012016223	5.82636359012	0.0	5.82636359012	5.82636359012	5.26693500063	6.51010989018	6.51010989018	5.26693500063	6.51010989018	0.0	0.0	5.82636359012	0.0	7.17894198339	5.82636359012	5.82636359012	5.82636359012	5.82636359012	7.17894198339	5.26693500063	3.94762676283	3.98551535187	4.0719002004	4.0719002004	3.9639603323	4.03256665141	3.94762676283	3.94762676283	3.96382985908	3.98551535187	3.96382985908	4.02350277302	3.98551535187	4.02350277302	3.97284135099	3.94762676283	3.9639603323	3.97284135099	4.0519022839	3.96382985908	3.9639603323	4.0519022839	3.97284135099	3.98551535187	3.9639603323	4.03256665141	3.98551535187	4.00584142035	3.9639603323	4.02350277302	4.03256665141	3.94762676283	3.96382985908	3.96382985908	5.26693500063	5.82636359012
6.93554272386	6.53019872468	6.53019872468	4.30504661935	4.09602031842	4.30504661935	4.07900902272	6.93554272386	6.85680453875	6.93554272386	6.53019872468	7.13734109376	7.11227636954	4.84050809354	4.75398067906	4.75398067906	4.75398067906	4.84050809354	5.94501281224	6.99012016223	6.99012016223	5.82636359012	0.0	5.82636359012	5.82636359012	5.26693500063	6.51010989018	6.51010989018	5.26693500063	6.51010989018	0.0	0.0	5.82636359012	0.0	7.17894198339	5.82636359012	5.82636359012	5.82636359012	5.82636359012	7.17894198339	5.26693500063	3.94762676283	3.98551535187	4.0719002004	4.0719002004	3.9639603323	4.03256665141	3.94762676283	3.94762676283	3.96382985908	3.98551535187	3.96382985908	4.02350277302	3.98551535187	4.02350277302	3.97284135099	3.94762676283	3.9639603323	3.97284135099	4.0519022839	3.96382985908	3.9639603323	4.0519022839	3.97284135099	3.98551535187	3.9639603323	4.03256665141	3.98551535187	4.00584142035	3.9639603323	4.02350277302	4.03256665141	3.94762676283	3.96382985908	3.96382985908	5.26693500063	5.82636359012
7.33254399225	6.92784387973	6.92784387973	4.69946786165	4.50291062766	4.69946786165	4.48538983729	7.33254399225	7.25446230889	7.33254399225	6.92784387973	7.53224016347	7.50753665559	5.23499514242	5.14841736337	5.14841736337	5.14841736337	5.23499514242	6.34436081475	7.38916172891	7.38916172891	0.0	5.82636359012	0.0	0.0	6.16533165104	6.73911671017	6.73911671017	6.16533165104	6.73911671017	5.82636359012	5.82636359012	0.0	5.82636359012	7.11884070226	0.0	0.0	0.0	0.0	7.11884070226	6.16533165104	4.32431696718	4.36646184004	4.4287450458	4.4287450458	4.34555104813	4.4141504602	4.32431696718	4.32431696718	4.34757273043	4.36646184004	4.34757273043	4.35748913788	4.36646184004	4.35748913788	4.35133185473	4.32431696718	4.34555104813	4.35133185473	4.37453843273	4.34757273043	4.34555104813	4.37453843273	4.35133185473	4.36646184004	4.34555104813	4.4141504602	4.36646184004	4.38330128159	4.34555104813	4.35748913788	4.4141504602	4.32431696718	4.34757273043	4.34757273043	6.16533165104	0.0
6.93554272386	6.53019872468	6.53019872468	4.30504661935	4.09602031842	4.30504661935	4.07900902272	6.93554272386	6.85680453875	6.93554272386	6.53019872468	7.13734109376	7.11227636954	4.84050809354	4.75398067906	4.75398067906	4.75398067906	4.84050809354	5.94501281224	6.99012016223	6.99012016223	5.82636359012	0.0	5.82636359012	5.82636359012	5.26693500063	6.51010989018	6.51010989018	5.26693500063	6.51010989018	0.0	0.0	5.82636359012	0.0	7.17894198339	5.82636359012	5.82636359012	5.82636359012	5.82636359012	7.17894198339	5.26693500063	3.94762676283	3.98551535187	4.0719002004	4.0719002004	3.9639603323	4.03256665141	3.94762676283	3.94762676283	3.96382985908	3.98551535187	3.96382985908	4.02350277302	3.98551535187	4.02350277302	3.97284135099	3.94762676283	3.9639603323	3.97284135099	4.0519022839	3.96382985908	3.9639603323	4.0519022839	3.97284135099	3.98551535187	3.9639603323	4.03256665141	3.98551535187	4.00584142035	3.9639603323	4.02350277302	4.03256665141	3.94762676283	3.96382985908	3.96382985908	5.26693500063	5.82636359012
7.44403962822	7.05216738705	7.05216738705	4.82526563277	4.64940922336	4.82526563277	4.62305628832	7.44403962822	7.37384845395	7.44403962822	7.05216738705	7.57311861657	7.56350767372	5.28175874438	5.19479595694	5.19479595694	5.19479595694	5.28175874438	6.41756447634	7.48723078089	7.48723078089	7.11884070226	7.17894198339	7.11884070226	7.11884070226	7.29785955357	7.59459083607	7.59459083607	7.29785955357	7.59459083607	7.17894198339	7.17894198339	7.11884070226	7.17894198339	0.0	7.11884070226	7.11884070226	7.11884070226	7.11884070226	0.0	7.29785955357	4.2184018132	4.27734845364	4.26917570086	4.26917570086	4.25741898574	4.3293754898	4.2184018132	4.2184018132	4.26681527755	4.27734845364	4.26681527755	4.10576461805	4.27734845364	4.10576461805	4.25273158979	4.2184018132	4.25741898574	4.25273158979	4.06767299568	4.26681527755	4.25741898574	4.06767299568	4.25273158979	4.27734845364	4.25741898574	4.3293754898	4.27734845364	4.28180306027	4.25741898574	4.10576461805	4.3293754898	4.2184018132	4.26681527755	4.26681527755	7.29785955357	7.11884070226
7.33254399225	6.92784387973	6.92784387973	4.69946786165	4.50291062766	4.69946786165	4.48538983729	7.33254399225	7.25446230889	7.33254399225	6.92784387973	7.53224016347	7.50753665559	5.23499514242	5.14841736337	5.14841736337	5.14841736337	5.23499514242	6.34436081475	7.38916172891	7.38916172891	0.0	5.82636359012	0.0	0.0	6.16533165104	6.73911671017	6.73911671017	6.16533165104	6.73911671017	5.82636359012	5.82636359012	0.0	5.82636359012	7.11884070226	0.0	0.0	0.0	0.0	7.11884070226	6.16533165104	4.32431696718	4.36646184004	4.4287450458	4.4287450458	4.34555104813	4.4141504602	4.32431696718	4.32431696718	4.34757273043	4.36646184004	4.34757273043	4.35748913788	4.36646184004	4.35748913788	4.35133185473	4.32431696718	4.34555104813	4.35133185473	4.37453843273	4.34757273043	4.34555104813	4.37453843273	4.35133185473	4.36646184004	4.34555104813	4.4141504602	4.36646184004	4.38330128159	4.34555104813	4.35748913788	4.4141504602	4.32431696718	4.34757273043	4.34757273043	6.16533165104	0.0
7.33254399225	6.92784387973	6.92784387973	4.69946786165	4.50291062766	4.69946786165	4.48538983729	7.33254399225	7.25446230889	7.33254399225	6.92784387973	7.53224016347	7.50753665559	5.23499514242	5.14841736337	5.14841736337	5.14841736337	5.23499514242	6.34436081475	7.38916172891	7.38916172891	0.0	5.82636359012	0.0	0.0	6.16533165104	6.73911671017	6.73911671017	6.16533165104	6.73911671017	5.82636359012	5.82636359012	0.0	5.82636359012	7.11884070226	0.0	0.0	0.0	0.0	7.11884070226	6.16533165104	4.32431696718	4.36646184004	4.4287450458	4.4287450458	4.34555104813	4.4141504602	4.32431696718	4.32431696718	4.34757273043	4.36646184004	4.34757273043	4.35748913788	4.36646184004	4.35748913788	4.35133185473	4.32431696718	4.34555104813	4.35133185473	4.37453843273	4.34757273043	4.34555104813	4.37453843273	4.35133185473	4.36646184004	4.34555104813	4.4141504602	4.36646184004	4.38330128159	4.34555104813	4.35748913788	4.4141504602	4.32431696718	4.34757273043	4.34757273043	6.16533165104	0.0
7.33254399225	6.92784387973	6.92784387973	4.69946786165	4.50291062766	4.69946786165	4.48538983729	7.33254399225	7.25446230889	7.33254399225	6.92784387973	7.53224016347	7.50753665559	5.23499514242	5.14841736337	5.14841736337	5.14841736337	5.23499514242	6.34436081475	7.38916172891	7.38916172891	0.0	5.82636359012	0.0	0.0	6.16533165104	6.73911671017	6.73911671017	6.16533165104	6.73911671017	5.82636359012	5.82636359012	0.0	5.82636359012	7.11884070226	0.0	0.0	0.0	0.0	7.11884070226	6.16533165104	4.32431696718	4.36646184004	4.4287450458	4.4287450458	4.34555104813	4.4141504602	4.32431696718	4.32431696718	4.34757273043	4.36646184004	4.34757273043	4.35748913788	4.36646184004	4.35748913788	4.35133185473	4.32431696718	4.34555104813	4.35133185473	4.37453843273	4.34757273043	4.34555104813	4.37453843273	4.35133185473	4.36646184004	4.34555104813	4.4141504602	4.36646184004	4.38330128159	4.34555104813	4.35748913788	4.4141504602	4.32431696718	4.34757273043	4.34757273043	6.16533165104	0.0
