0.0	6.5340676068	6.5340676068	4.09837879188	4.68963042584	4.09837879188	4.58933516106	0.0	6.7083111866	0.0	6.5340676068	7.33847240837	7.14514297743	5.05879561647	4.85671554139	4.85671554139	4.85671554139	5.05879561647	6.04779758974	6.81416690183	6.81416690183	8.77290948052	8.34257815399	8.77290948052	8.77290948052	8.27845129782	8.37209640242	8.37209640242	8.27845129782	8.37209640242	8.34257815399	8.34257815399	8.77290948052	8.34257815399	9.19598647682	8.77290948052	8.77290948052	8.77290948052	8.77290948052	9.19598647682	8.27845129782	5.10161061267	5.10518295757	5.54513360178	5.54513360178	5.07261567408	5.17822274732	5.10161061267	5.10161061267	5.05125205407	5.10518295757	5.05125205407	5.4931196625	5.10518295757	5.4931196625	5.11720138283	5.10161061267	5.07261567408	5.11720138283	5.59195809675	5.05125205407	5.07261567408	5.59195809675	5.11720138283	5.10518295757	5.07261567408	5.17822274732	5.10518295757	5.19743032136	5.07261567408	5.4931196625	5.17822274732	5.10161061267	5.05125205407	5.05125205407	8.27845129782	8.77290948052
6.5340676068	0.0	0.0	3.90028223792	3.89150018065	3.90028223792	3.77283716761	6.5340676068	6.06694715736	6.5340676068	0.0	7.05099828659	6.98422478114	4.8585853192	4.65749806498	4.65749806498	4.65749806498	4.8585853192	5.65063838509	6.65549879022	6.65549879022	8.10327230191	7.66602911545	8.10327230191	8.10327230191	7.58885952006	7.66609789193	7.66609789193	7.58885952006	7.66609789193	7.66602911545	7.66602911545	8.10327230191	7.66602911545	8.55957147543	8.10327230191	8.10327230191	8.10327230191	8.10327230191	8.55957147543	7.58885952006	4.49979706979	4.52019267121	4.92893066308	4.92893066308	4.48101419087	4.60482969996	4.49979706979	4.49979706979	4.46120040347	4.52019267121	4.46120040347	4.87734287796	4.52019267121	4.87734287796	4.52489916093	4.49979706979	4.48101419087	4.52489916093	4.97545782667	4.46120040347	4.48101419087	4.97545782667	4.52489916093	4.52019267121	4.48101419087	4.60482969996	4.52019267121	4.60869317074	4.48101419087	4.87734287796	4.60482969996	4.49979706979	4.46120040347	4.46120040347	7.58885952006	8.10327230191
6.5340676068	0.0	0.0	3.90028223792	3.89150018065	3.90028223792	3.77283716761	6.5340676068	6.06694715736	6.5340676068	0.0	7.05099828659	6.98422478114	4.8585853192	4.65749806498	4.65749806498	4.65749806498	4.8585853192	5.65063838509	6.65549879022	6.65549879022	8.10327230191	7.66602911545	8.10327230191	8.10327230191	7.58885952006	7.66609789193	7.66609789193	7.58885952006	7.66609789193	7.66602911545	7.66602911545	8.10327230191	7.66602911545	8.55957147543	8.10327230191	8.10327230191	8.10327230191	8.10327230191	8.55957147543	7.58885952006	4.49979706979	4.52019267121	4.92893066308	4.92893066308	4.48101419087	4.60482969996	4.49979706979	4.49979706979	4.46120040347	4.52019267121	4.46120040347	4.87734287796	4.52019267121	4.87734287796	4.52489916093	4.49979706979	4.48101419087	4.52489916093	4.97545782667	4.46120040347	4.48101419087	4.97545782667	4.52489916093	4.52019267121	4.48101419087	4.60482969996	4.52019267121	4.60869317074	4.48101419087	4.87734287796	4.60482969996	4.49979706979	4.46120040347	4.46120040347	7.58885952006	8.10327230191
4.09837879188	3.90028223792	3.90028223792	0.0	2.14046985262	0.0	2.04395527228	4.09837879188	4.15569107849	4.09837879188	3.90028223792	4.93422100912	4.80066295118	2.67731609624	2.47270998958	2.47270998958	2.47270998958	2.67731609624	3.65617343882	4.54501125267	4.54501125267	6.24313366291	5.81440719807	6.24313366291	6.24313366291	5.7410225675	5.81203888045	5.81203888045	5.7410225675	5.81203888045	5.81440719807	5.81440719807	6.24313366291	5.81440719807	6.68623364296	6.24313366291	6.24313366291	6.24313366291	6.24313366291	6.68623364296	5.7410225675	2.61134259578	2.61951190788	3.0496733085	3.0496733085	2.58537665473	2.6953912545	2.61134259578	2.61134259578	2.56464088114	2.61951190788	2.56464088114	2.99683889101	2.61951190788	2.99683889101	2.62950276865	2.61134259578	2.58537665473	2.62950276865	3.09501079095	2.56464088114	2.58537665473	3.09501079095	2.62950276865	2.61951190788	2.58537665473	2.6953912545	2.61951190788	2.71052115029	2.58537665473	2.99683889101	2.6953912545	2.61134259578	2.56464088114	2.56464088114	5.7410225675	6.24313366291
4.68963042584	3.89150018065	3.89150018065	2.14046985262	0.0	2.14046985262	0.81964141361	4.68963042584	4.31654959924	4.68963042584	3.89150018065	4.9001207131	4.9111977619	2.75631998581	2.55385356479	2.55385356479	2.55385356479	2.75631998581	3.53153467153	4.6816733004	4.6816733004	5.51600860657	5.05437455477	5.51600860657	5.51600860657	4.95107409641	5.02499574649	5.02499574649	4.95107409641	5.02499574649	5.05437455477	5.05437455477	5.51600860657	5.05437455477	6.02747887144	5.51600860657	5.51600860657	5.51600860657	5.51600860657	6.02747887144	4.95107409641	2.01930112502	2.06054115922	2.42764625864	2.42764625864	2.0140084205	2.15815821918	2.01930112502	2.01930112502	1.99688795771	2.06054115922	1.99688795771	2.37614232481	2.06054115922	2.37614232481	2.05618219727	2.01930112502	2.0140084205	2.05618219727	2.47308248119	1.99688795771	2.0140084205	2.47308248119	2.05618219727	2.06054115922	2.0140084205	2.15815821918	2.06054115922	2.14380834134	2.0140084205	2.37614232481	2.15815821918	2.01930112502	1.99688795771	1.99688795771	4.95107409641	5.51600860657
4.09837879188	3.90028223792	3.90028223792	0.0	2.14046985262	0.0	2.04395527228	4.09837879188	4.15569107849	4.09837879188	3.90028223792	4.93422100912	4.80066295118	2.67731609624	2.47270998958	2.47270998958	2.47270998958	2.67731609624	3.65617343882	4.54501125267	4.54501125267	6.24313366291	5.81440719807	6.24313366291	6.24313366291	5.7410225675	5.81203888045	5.81203888045	5.7410225675	5.81203888045	5.81440719807	5.81440719807	6.24313366291	5.81440719807	6.68623364296	6.24313366291	6.24313366291	6.24313366291	6.24313366291	6.68623364296	5.7410225675	2.61134259578	2.61951190788	3.0496733085	3.0496733085	2.58537665473	2.6953912545	2.61134259578	2.61134259578	2.56464088114	2.61951190788	2.56464088114	2.99683889101	2.61951190788	2.99683889101	2.62950276865	2.61134259578	2.58537665473	2.62950276865	3.09501079095	2.56464088114	2.58537665473	3.09501079095	2.62950276865	2.61951190788	2.58537665473	2.6953912545	2.61951190788	2.71052115029	2.58537665473	2.99683889101	2.6953912545	2.61134259578	2.56464088114	2.56464088114	5.7410225675	6.24313366291
4.58933516106	3.77283716761	3.77283716761	2.04395527228	0.81964141361	2.04395527228	0.0	4.58933516106	4.20773504831	4.58933516106	3.77283716761	4.8133510616	4.81970087023	2.66781373785	2.46572997714	2.46572997714	2.46572997714	2.66781373785	3.42991615241	4.57676123518	4.57676123518	5.50943890108	5.05239631519	5.50943890108	5.50943890108	4.95879436267	5.04202607475	5.04202607475	4.95879436267	5.04202607475	5.05239631519	5.05239631519	5.50943890108	5.05239631519	6.00179565395	5.50943890108	5.50943890108	5.50943890108	5.50943890108	6.00179565395	4.95879436267	1.97658300252	2.01415002457	2.38984072551	2.38984072551	1.96866324782	2.1098294729	1.97658300252	1.97658300252	1.95085474635	2.01415002457	1.95085474635	2.33901901157	2.01415002457	2.33901901157	2.01141017135	1.97658300252	1.96866324782	2.01141017135	2.43652021652	1.95085474635	1.96866324782	2.43652021652	2.01141017135	2.01415002457	1.96866324782	2.1098294729	2.01415002457	2.0985471394	1.96866324782	2.33901901157	2.1098294729	1.97658300252	1.95085474635	1.95085474635	4.95879436267	5.50943890108
0.0	6.5340676068	6.5340676068	4.09837879188	4.68963042584	4.09837879188	4.58933516106	0.0	6.7083111866	0.0	6.5340676068	7.33847240837	7.14514297743	5.05879561647	4.85671554139	4.85671554139	4.85671554139	5.05879561647	6.04779758974	6.81416690183	6.81416690183	8.77290948052	8.34257815399	8.77290948052	8.77290948052	8.27845129782	8.37209640242	8.37209640242	8.27845129782	8.37209640242	8.34257815399	8.34257815399	8.77290948052	8.34257815399	9.19598647682	8.77290948052	8.77290948052	8.77290948052	8.77290948052	9.19598647682	8.27845129782	5.10161061267	5.10518295757	5.54513360178	5.54513360178	5.07261567408	5.17822274732	5.10161061267	5.10161061267	5.05125205407	5.10518295757	5.05125205407	5.4931196625	5.10518295757	5.4931196625	5.11720138283	5.10161061267	5.07261567408	5.11720138283	5.59195809675	5.05125205407	5.07261567408	5.59195809675	5.11720138283	5.10518295757	5.07261567408	5.17822274732	5.10518295757	5.19743032136	5.07261567408	5.4931196625	5.17822274732	5.10161061267	5.05125205407	5.05125205407	8.27845129782	8.77290948052
6.7083111866	6.06694715736	6.06694715736	4.15569107849	4.31654959924	4.15569107849	4.20773504831	6.7083111866	0.0	6.7083111866	6.06694715736	7.28395515289	7.18718139057	5.07856704293	4.87923331393	4.87923331393	4.87923331393	5.07856704293	5.83798822268	6.76410658983	6.76410658983	8.46417222555	8.02957276354	8.46417222555	8.46417222555	7.95867664561	8.04418200179	8.04418200179	7.95867664561	8.04418200179	8.02957276354	8.02957276354	8.46417222555	8.02957276354	8.90613518155	8.46417222555	8.46417222555	8.46417222555	8.46417222555	8.90613518155	7.95867664561	4.8321192995	4.84697835643	5.26652160749	5.26652160749	4.80983062863	4.92804215009	4.8321192995	4.8321192995	4.78937072324	4.84697835643	4.78937072324	5.21502196966	4.84697835643	5.21502196966	4.85409719587	4.8321192995	4.80983062863	4.85409719587	5.31349616575	4.78937072324	4.80983062863	5.31349616575	4.85409719587	4.84697835643	4.80983062863	4.92804215009	4.84697835643	4.93682378822	4.80983062863	5.21502196966	4.92804215009	4.8321192995	4.78937072324	4.78937072324	7.95867664561	8.46417222555
0.0	6.5340676068	6.5340676068	4.09837879188	4.68963042584	4.09837879188	4.58933516106	0.0	6.7083111866	0.0	6.5340676068	7.33847240837	7.14514297743	5.05879561647	4.85671554139	4.85671554139	4.85671554139	5.05879561647	6.04779758974	6.81416690183	6.81416690183	8.77290948052	8.34257815399	8.77290948052	8.77290948052	8.27845129782	8.37209640242	8.37209640242	8.27845129782	8.37209640242	8.34257815399	8.34257815399	8.77290948052	8.34257815399	9.19598647682	8.77290948052	8.77290948052	8.77290948052	8.77290948052	9.19598647682	8.27845129782	5.10161061267	5.10518295757	5.54513360178	5.54513360178	5.07261567408	5.17822274732	5.10161061267	5.10161061267	5.05125205407	5.10518295757	5.05125205407	5.4931196625	5.10518295757	5.4931196625	5.11720138283	5.10161061267	5.07261567408	5.11720138283	5.59195809675	5.05125205407	5.07261567408	5.59195809675	5.11720138283	5.10518295757	5.07261567408	5.17822274732	5.10518295757	5.19743032136	5.07261567408	5.4931196625	5.17822274732	5.10161061267	5.05125205407	5.05125205407	8.27845129782	8.77290948052
6.5340676068	0.0	0.0	3.90028223792	3.89150018065	3.90028223792	3.77283716761	6.5340676068	6.06694715736	6.5340676068	0.0	7.05099828659	6.98422478114	4.8585853192	4.65749806498	4.65749806498	4.65749806498	4.8585853192	5.65063838509	6.65549879022	6.65549879022	8.10327230191	7.66602911545	8.10327230191	8.10327230191	7.58885952006	7.66609789193	7.66609789193	7.58885952006	7.66609789193	7.66602911545	7.66602911545	8.10327230191	7.66602911545	8.55957147543	8.10327230191	8.10327230191	8.10327230191	8.10327230191	8.55957147543	7.58885952006	4.49979706979	4.52019267121	4.92893066308	4.92893066308	4.48101419087	4.60482969996	4.49979706979	4.49979706979	4.46120040347	4.52019267121	4.46120040347	4.87734287796	4.52019267121	4.87734287796	4.52489916093	4.49979706979	4.48101419087	4.52489916093	4.97545782667	4.46120040347	4.48101419087	4.97545782667	4.52489916093	4.52019267121	4.48101419087	4.60482969996	4.52019267121	4.60869317074	4.48101419087	4.87734287796	4.60482969996	4.49979706979	4.46120040347	4.46120040347	7.58885952006	8.10327230191
7.33847240837	7.05099828659	7.05099828659	4.93422100912	4.9001207131	4.93422100912	4.8133510616	7.33847240837	7.28395515289	7.33847240837	7.05099828659	0.0	6.43813149102	4.00160515583	3.78773077044	3.78773077044	3.78773077044	4.00160515583	5.65716210622	7.12785370148	7.12785370148	8.74870398242	8.32592640822	8.74870398242	8.74870398242	8.30751549576	8.48942766095	8.48942766095	8.30751549576	8.48942766095	8.32592640822	8.32592640822	8.74870398242	8.32592640822	9.06002160955	8.74870398242	8.74870398242	8.74870398242	8.74870398242	9.06002160955	8.30751549576	4.85097096101	4.80954232808	5.33571491711	5.33571491711	4.79400176075	4.85269792543	4.85097096101	4.85097096101	4.76786959505	4.80954232808	4.76786959505	5.28461667967	4.80954232808	5.28461667967	4.84118648711	4.85097096101	4.79400176075	4.84118648711	5.386427063	4.76786959505	4.79400176075	5.386427063	4.84118648711	4.80954232808	4.79400176075	4.85269792543	4.80954232808	4.91239722321	4.79400176075	5.28461667967	4.85269792543	4.85097096101	4.76786959505	4.76786959505	8.30751549576	8.74870398242
7.14514297743	6.98422478114	6.98422478114	4.80066295118	4.9111977619	4.80066295118	4.81970087023	7.14514297743	7.18718139057	7.14514297743	6.98422478114	6.43813149102	0.0	3.64517698084	3.5036035673	3.5036035673	3.5036035673	3.64517698084	5.73837919123	6.77009025248	6.77009025248	8.82621695349	8.4013282235	8.82621695349	8.82621695349	8.37072135991	8.52947200558	8.52947200558	8.37072135991	8.52947200558	8.4013282235	8.4013282235	8.82621695349	8.4013282235	9.16702564149	8.82621695349	8.82621695349	8.82621695349	8.82621695349	9.16702564149	8.37072135991	4.98802102956	4.95729841444	5.4621959356	5.4621959356	4.93806039256	5.00681268155	4.98802102956	4.98802102956	4.91343573851	4.95729841444	4.91343573851	5.41072759931	4.95729841444	5.41072759931	4.98427084571	4.98802102956	4.93806039256	4.98427084571	5.51173138632	4.91343573851	4.93806039256	5.51173138632	4.98427084571	4.95729841444	4.93806039256	5.00681268155	4.95729841444	5.05736483955	4.93806039256	5.41072759931	5.00681268155	4.98802102956	4.91343573851	4.91343573851	8.37072135991	8.82621695349
5.05879561647	4.8585853192	4.8585853192	2.67731609624	2.75631998581	2.67731609624	2.66781373785	5.05879561647	5.07856704293	5.05879561647	4.8585853192	4.00160515583	3.64517698084	0.0	0.828043295896	0.828043295896	0.828043295896	0.0	3.59834601147	4.83173573898	4.83173573898	6.6364434176	6.21328131926	6.6364434176	6.6364434176	6.18841511679	6.35721669983	6.35721669983	6.18841511679	6.35721669983	6.21328131926	6.21328131926	6.6364434176	6.21328131926	6.96230729563	6.6364434176	6.6364434176	6.6364434176	6.6364434176	6.96230729563	6.18841511679	2.76756714967	2.72943421778	3.24798500698	3.24798500698	2.71316822659	2.77371883122	2.76756714967	2.76756714967	2.68792344325	2.72943421778	2.68792344325	3.19641047224	2.72943421778	3.19641047224	2.75963143723	2.76756714967	2.71316822659	2.75963143723	3.29776716416	2.68792344325	2.71316822659	3.29776716416	2.75963143723	2.72943421778	2.71316822659	2.77371883122	2.72943421778	2.83111518086	2.71316822659	3.19641047224	2.77371883122	2.76756714967	2.68792344325	2.68792344325	6.18841511679	6.6364434176
4.85671554139	4.65749806498	4.65749806498	2.47270998958	2.55385356479	2.47270998958	2.46572997714	4.85671554139	4.87923331393	4.85671554139	4.65749806498	3.78773077044	3.5036035673	0.828043295896	0.0	0.0	0.0	0.828043295896	3.41656079323	4.64949575371	4.64949575371	6.43041991913	6.00750348338	6.43041991913	6.43041991913	5.9831306135	6.1526763844	6.1526763844	5.9831306135	6.1526763844	6.00750348338	6.00750348338	6.43041991913	6.00750348338	6.75486946907	6.43041991913	6.43041991913	6.43041991913	6.43041991913	6.75486946907	5.9831306135	2.55858446162	2.51955024945	3.03969089384	3.03969089384	2.50367004669	2.56315235456	2.55858446162	2.55858446162	2.47837420678	2.51955024945	2.47837420678	2.98807508409	2.51955024945	2.98807508409	2.55013897506	2.55858446162	2.50367004669	2.55013897506	3.08945919086	2.47837420678	2.50367004669	3.08945919086	2.55013897506	2.51955024945	2.50367004669	2.56315235456	2.51955024945	2.62140886356	2.50367004669	2.98807508409	2.56315235456	2.55858446162	2.47837420678	2.47837420678	5.9831306135	6.43041991913
4.85671554139	4.65749806498	4.65749806498	2.47270998958	2.55385356479	2.47270998958	2.46572997714	4.85671554139	4.87923331393	4.85671554139	4.65749806498	3.78773077044	3.5036035673	0.828043295896	0.0	0.0	0.0	0.828043295896	3.41656079323	4.64949575371	4.64949575371	6.43041991913	6.00750348338	6.43041991913	6.43041991913	5.9831306135	6.1526763844	6.1526763844	5.9831306135	6.1526763844	6.00750348338	6.00750348338	6.43041991913	6.00750348338	6.75486946907	6.43041991913	6.43041991913	6.43041991913	6.43041991913	6.75486946907	5.9831306135	2.55858446162	2.51955024945	3.03969089384	3.03969089384	2.50367004669	2.56315235456	2.55858446162	2.55858446162	2.47837420678	2.51955024945	2.47837420678	2.98807508409	2.51955024945	2.98807508409	2.55013897506	2.55858446162	2.50367004669	2.55013897506	3.08945919086	2.47837420678	2.50367004669	3.08945919086	2.55013897506	2.51955024945	2.50367004669	2.56315235456	2.51955024945	2.62140886356	2.50367004669	2.98807508409	2.56315235456	2.55858446162	2.47837420678	2.47837420678	5.9831306135	6.43041991913
4.85671554139	4.65749806498	4.65749806498	2.47270998958	2.55385356479	2.47270998958	2.46572997714	4.85671554139	4.87923331393	4.85671554139	4.65749806498	3.78773077044	3.5036035673	0.828043295896	0.0	0.0	0.0	0.828043295896	3.41656079323	4.64949575371	4.64949575371	6.43041991913	6.00750348338	6.43041991913	6.43041991913	5.9831306135	6.1526763844	6.1526763844	5.9831306135	6.1526763844	6.00750348338	6.00750348338	6.43041991913	6.00750348338	6.75486946907	6.43041991913	6.43041991913	6.43041991913	6.43041991913	6.75486946907	5.9831306135	2.55858446162	2.51955024945	3.03969089384	3.03969089384	2.50367004669	2.56315235456	2.55858446162	2.55858446162	2.47837420678	2.51955024945	2.47837420678	2.98807508409	2.51955024945	2.98807508409	2.55013897506	2.55858446162	2.50367004669	2.55013897506	3.08945919086	2.47837420678	2.50367004669	3.08945919086	2.55013897506	2.51955024945	2.50367004669	2.56315235456	2.51955024945	2.62140886356	2.50367004669	2.98807508409	2.56315235456	2.55858446162	2.47837420678	2.47837420678	5.9831306135	6.43041991913
5.05879561647	4.8585853192	4.8585853192	2.67731609624	2.75631998581	2.67731609624	2.66781373785	5.05879561647	5.07856704293	5.05879561647	4.8585853192	4.00160515583	3.64517698084	0.0	0.828043295896	0.828043295896	0.828043295896	0.0	3.59834601147	4.83173573898	4.83173573898	6.6364434176	6.21328131926	6.6364434176	6.6364434176	6.18841511679	6.35721669983	6.35721669983	6.18841511679	6.35721669983	6.21328131926	6.21328131926	6.6364434176	6.21328131926	6.96230729563	6.6364434176	6.6364434176	6.6364434176	6.6364434176	6.96230729563	6.18841511679	2.76756714967	2.72943421778	3.24798500698	3.24798500698	2.71316822659	2.77371883122	2.76756714967	2.76756714967	2.68792344325	2.72943421778	2.68792344325	3.19641047224	2.72943421778	3.19641047224	2.75963143723	2.76756714967	2.71316822659	2.75963143723	3.29776716416	2.68792344325	2.71316822659	3.29776716416	2.75963143723	2.72943421778	2.71316822659	2.77371883122	2.72943421778	2.83111518086	2.71316822659	3.19641047224	2.77371883122	2.76756714967	2.68792344325	2.68792344325	6.18841511679	6.6364434176
6.04779758974	5.65063838509	5.65063838509	3.65617343882	3.53153467153	3.65617343882	3.42991615241	6.04779758974	5.83798822268	6.04779758974	5.65063838509	5.65716210622	5.73837919123	3.59834601147	3.41656079323	3.41656079323	3.41656079323	3.59834601147	0.0	5.61554977646	5.61554977646	7.50865123194	7.07679306955	7.50865123194	7.50865123194	7.0414547661	7.19886926179	7.19886926179	7.0414547661	7.19886926179	7.07679306955	7.07679306955	7.50865123194	7.07679306955	7.86896860373	7.50865123194	7.50865123194	7.50865123194	7.50865123194	7.86896860373	7.0414547661	3.71352064868	3.7027400003	4.17424970588	4.17424970588	3.67445653234	3.76823559007	3.71352064868	3.71352064868	3.65047397503	3.7027400003	3.65047397503	4.12457585016	3.7027400003	4.12457585016	3.72107273832	3.71352064868	3.67445653234	3.72107273832	4.22543726059	3.65047397503	3.67445653234	4.22543726059	3.72107273832	3.7027400003	3.67445653234	3.76823559007	3.7027400003	3.799273874	3.67445653234	4.12457585016	3.76823559007	3.71352064868	3.65047397503	3.65047397503	7.0414547661	7.50865123194
6.81416690183	6.65549879022	6.65549879022	4.54501125267	4.6816733004	4.54501125267	4.57676123518	6.81416690183	6.76410658983	6.81416690183	6.65549879022	7.12785370148	6.77009025248	4.83173573898	4.64949575371	4.64949575371	4.64949575371	4.83173573898	5.61554977646	0.0	0.0	8.736511755	8.30418205662	8.736511755	8.736511755	8.25200739086	8.37442852226	8.37442852226	8.25200739086	8.37442852226	8.30418205662	8.30418205662	8.736511755	8.30418205662	9.13430489896	8.736511755	8.736511755	8.736511755	8.736511755	9.13430489896	8.25200739086	5.01561730838	5.01422989016	5.4653355578	5.4653355578	4.98317101787	5.08453914136	5.01561730838	5.01561730838	4.96095074034	5.01422989016	4.96095074034	5.41447057117	5.01422989016	5.41447057117	5.02844274025	5.01561730838	4.98317101787	5.02844274025	5.51416909065	4.96095074034	4.98317101787	5.51416909065	5.02844274025	5.01422989016	4.98317101787	5.08453914136	5.01422989016	5.10795541817	4.98317101787	5.41447057117	5.08453914136	5.01561730838	4.96095074034	4.96095074034	8.25200739086	8.736511755
6.81416690183	6.65549879022	6.65549879022	4.54501125267	4.6816733004	4.54501125267	4.57676123518	6.81416690183	6.76410658983	6.81416690183	6.65549879022	7.12785370148	6.77009025248	4.83173573898	4.64949575371	4.64949575371	4.64949575371	4.83173573898	5.61554977646	0.0	0.0	8.736511755	8.30418205662	8.736511755	8.736511755	8.25200739086	8.37442852226	8.37442852226	8.25200739086	8.37442852226	8.30418205662	8.30418205662	8.736511755	8.30418205662	9.13430489896	8.736511755	8.736511755	8.736511755	8.736511755	9.13430489896	8.25200739086	5.01561730838	5.01422989016	5.4653355578	5.4653355578	4.98317101787	5.08453914136	5.01561730838	5.01561730838	4.96095074034	5.01422989016	4.96095074034	5.41447057117	5.01422989016	5.41447057117	5.02844274025	5.01561730838	4.98317101787	5.02844274025	5.51416909065	4.96095074034	4.98317101787	5.51416909065	5.02844274025	5.01422989016	4.98317101787	5.08453914136	5.01422989016	5.10795541817	4.98317101787	5.41447057117	5.08453914136	5.01561730838	4.96095074034	4.96095074034	8.25200739086	8.736511755
8.77290948052	8.10327230191	8.10327230191	6.24313366291	5.51600860657	6.24313366291	5.50943890108	8.77290948052	8.46417222555	8.77290948052	8.10327230191	8.74870398242	8.82621695349	6.6364434176	6.43041991913	6.43041991913	6.43041991913	6.6364434176	7.50865123194	8.736511755	8.736511755	0.0	6.42649386817	0.0	0.0	6.81458788746	7.47392531813	7.47392531813	6.81458788746	7.47392531813	6.42649386817	6.42649386817	0.0	6.42649386817	8.010590078	0.0	0.0	0.0	0.0	8.010590078	6.81458788746	5.28770223134	5.39816886501	5.50357015252	5.50357015252	5.34368023812	5.5218070053	5.28770223134	5.28770223134	5.34815691793	5.39816886501	5.34815691793	5.33727339855	5.39816886501	5.33727339855	5.35982267366	5.28770223134	5.34368023812	5.35982267366	5.37636184455	5.34815691793	5.34368023812	5.37636184455	5.35982267366	5.39816886501	5.34368023812	5.5218070053	5.39816886501	5.44635038421	5.34368023812	5.33727339855	5.5218070053	5.28770223134	5.34815691793	5.34815691793	6.81458788746	0.0
8.34257815399	7.66602911545	7.66602911545	5.81440719807	5.05437455477	5.81440719807	5.05239631519	8.34257815399	8.02957276354	8.34257815399	7.66602911545	8.32592640822	8.4013282235	6.21328131926	6.00750348338	6.00750348338	6.00750348338	6.21328131926	7.07679306955	8.30418205662	8.30418205662	6.42649386817	0.0	6.42649386817	6.42649386817	5.80356590099	7.211368412	7.211368412	5.80356590099	7.211368412	0.0	0.0	6.42649386817	0.0	8.18749611902	6.42649386817	6.42649386817	6.42649386817	6.42649386817	8.18749611902	5.80356590099	4.91858313565	5.01721467787	5.18300040589	5.18300040589	4.96170396284	5.13830433389	4.91858313565	4.91858313565	4.9606912981	5.01721467787	4.9606912981	5.07023879002	5.01721467787	5.07023879002	4.98560443825	4.91858313565	4.96170396284	4.98560443825	5.13619171339	4.9606912981	4.96170396284	5.13619171339	4.98560443825	5.01721467787	4.96170396284	5.13830433389	5.01721467787	5.07457476082	4.96170396284	5.07023879002	5.13830433389	4.91858313565	4.9606912981	4.9606912981	5.80356590099	6.42649386817
8.77290948052	8.10327230191	8.10327230191	6.24313366291	5.51600860657	6.24313366291	5.50943890108	8.77290948052	8.46417222555	8.77290948052	8.10327230191	8.74870398242	8.82621695349	6.6364434176	6.43041991913	6.43041991913	6.43041991913	6.6364434176	7.50865123194	8.736511755	8.736511755	0.0	6.42649386817	0.0	0.0	6.81458788746	7.47392531813	7.47392531813	6.81458788746	7.47392531813	6.42649386817	6.42649386817	0.0	6.42649386817	8.010590078	0.0	0.0	0.0	0.0	8.010590078	6.81458788746	5.28770223134	5.39816886501	5.50357015252	5.50357015252	5.34368023812	5.5218070053	5.28770223134	5.28770223134	5.34815691793	5.39816886501	5.34815691793	5.33727339855	5.39816886501	5.33727339855	5.35982267366	5.28770223134	5.34368023812	5.35982267366	5.37636184455	5.34815691793	5.34368023812	5.37636184455	5.35982267366	5.39816886501	5.34368023812	5.5218070053	5.39816886501	5.44635038421	5.34368023812	5.33727339855	5.5218070053	5.28770223134	5.34815691793	5.34815691793	6.81458788746	0.0
8.77290948052	8.10327230191	8.10327230191	6.24313366291	5.51600860657	6.24313366291	5.50943890108	8.77290948052	8.46417222555	8.77290948052	8.10327230191	8.74870398242	8.82621695349	6.6364434176	6.43041991913	6.43041991913	6.43041991913	6.6364434176	7.50865123194	8.736511755	8.736511755	0.0	6.42649386817	0.0	0.0	6.81458788746	7.47392531813	7.47392531813	6.81458788746	7.47392531813	6.42649386817	6.42649386817	0.0	6.42649386817	8.010590078	0.0	0.0	0.0	0.0	8.010590078	6.81458788746	5.28770223134	5.39816886501	5.50357015252	5.50357015252	5.34368023812	5.5218070053	5.28770223134	5.28770223134	5.34815691793	5.39816886501	5.34815691793	5.33727339855	5.39816886501	5.33727339855	5.35982267366	5.28770223134	5.34368023812	5.35982267366	5.37636184455	5.34815691793	5.34368023812	5.37636184455	5.35982267366	5.39816886501	5.34368023812	5.5218070053	5.39816886501	5.44635038421	5.34368023812	5.33727339855	5.5218070053	5.28770223134	5.34815691793	5.34815691793	6.81458788746	0.0
8.27845129782	7.58885952006	7.58885952006	5.7410225675	4.95107409641	5.7410225675	4.95879436267	8.27845129782	7.95867664561	8.27845129782	7.58885952006	8.30751549576	8.37072135991	6.18841511679	5.9831306135	5.9831306135	5.9831306135	6.18841511679	7.0414547661	8.25200739086	8.25200739086	6.81458788746	5.80356590099	6.81458788746	6.81458788746	0.0	6.62338699139	6.62338699139	0.0	6.62338699139	5.80356590099	5.80356590099	6.81458788746	5.80356590099	8.3642474822	6.81458788746	6.81458788746	6.81458788746	6.81458788746	8.3642474822	0.0	4.99262723091	5.08048010509	5.28870024535	5.28870024535	5.02641357239	5.1974373419	4.99262723091	4.99262723091	5.02222032561	5.08048010509	5.02222032561	5.18480071132	5.08048010509	5.18480071132	5.05399417344	4.99262723091	5.02641357239	5.05399417344	5.25445829751	5.02222032561	5.02641357239	5.25445829751	5.05399417344	5.08048010509	5.02641357239	5.1974373419	5.08048010509	5.14287542607	5.02641357239	5.18480071132	5.1974373419	4.99262723091	5.02222032561	5.02222032561	0.0	6.81458788746
8.37209640242	7.66609789193	7.66609789193	5.81203888045	5.02499574649	5.81203888045	5.04202607475	8.37209640242	8.04418200179	8.37209640242	7.66609789193	8.48942766095	8.52947200558	6.35721669983	6.1526763844	6.1526763844	6.1526763844	6.35721669983	7.19886926179	8.37442852226	8.37442852226	7.47392531813	7.211368412	7.47392531813	7.47392531813	6.62338699139	0.0	0.0	6.62338699139	0.0	7.211368412	7.211368412	7.47392531813	7.211368412	8.72678756247	7.47392531813	7.47392531813	7.47392531813	7.47392531813	8.72678756247	6.62338699139	5.3170285859	5.39233077359	5.63747762145	5.63747762145	5.34131125742	5.50316140235	5.3170285859	5.3170285859	5.33442526717	5.39233077359	5.33442526717	5.53504551713	5.39233077359	5.53504551713	5.37145979974	5.3170285859	5.34131125742	5.37145979974	5.60522216214	5.33442526717	5.34131125742	5.60522216214	5.37145979974	5.39233077359	5.34131125742	5.50316140235	5.39233077359	5.45907405248	5.34131125742	5.53504551713	5.50316140235	5.3170285859	5.33442526717	5.33442526717	6.62338699139	7.47392531813
8.37209640242	7.66609789193	7.66609789193	5.81203888045	5.02499574649	5.81203888045	5.04202607475	8.37209640242	8.04418200179	8.37209640242	7.66609789193	8.48942766095	8.52947200558	6.35721669983	6.1526763844	6.1526763844	6.1526763844	6.35721669983	7.19886926179	8.37442852226	8.37442852226	7.47392531813	7.211368412	7.47392531813	7.47392531813	6.62338699139	0.0	0.0	6.62338699139	0.0	7.211368412	7.211368412	7.47392531813	7.211368412	8.72678756247	7.47392531813	7.47392531813	7.47392531813	7.47392531813	8.72678756247	6.62338699139	5.3170285859	5.39233077359	5.63747762145	5.63747762145	5.34131125742	5.50316140235	5.3170285859	5.3170285859	5.33442526717	5.39233077359	5.33442526717	5.53504551713	5.39233077359	5.53504551713	5.37145979974	5.3170285859	5.34131125742	5.37145979974	5.60522216214	5.33442526717	5.34131125742	5.60522216214	5.37145979974	5.39233077359	5.34131125742	5.50316140235	5.39233077359	5.45907405248	5.34131125742	5.53504551713	5.50316140235	5.3170285859	5.33442526717	5.33442526717	6.62338699139	7.47392531813
8.27845129782	7.58885952006	7.58885952006	5.7410225675	4.95107409641	5.7410225675	4.95879436267	8.27845129782	7.95867664561	8.27845129782	7.58885952006	8.30751549576	8.37072135991	6.18841511679	5.9831306135	5.9831306135	5.9831306135	6.18841511679	7.0414547661	8.25200739086	8.25200739086	6.81458788746	5.80356590099	6.81458788746	6.81458788746	0.0	6.62338699139	6.62338699139	0.0	6.62338699139	5.80356590099	5.80356590099	6.81458788746	5.80356590099	8.3642474822	6.81458788746	6.81458788746	6.81458788746	6.81458788746	8.3642474822	0.0	4.99262723091	5.08048010509	5.28870024535	5.28870024535	5.02641357239	5.1974373419	4.99262723091	4.99262723091	5.02222032561	5.08048010509	5.02222032561	5.18480071132	5.08048010509	5.18480071132	5.05399417344	4.99262723091	5.02641357239	5.05399417344	5.25445829751	5.02222032561	5.02641357239	5.25445829751	5.05399417344	5.08048010509	5.02641357239	5.1974373419	5.08048010509	5.14287542607	5.02641357239	5.18480071132	5.1974373419	4.99262723091	5.02222032561	5.02222032561	0.0	6.81458788746
8.37209640242	7.66609789193	7.66609789193	5.81203888045	5.02499574649	5.81203888045	5.04202607475	8.37209640242	8.04418200179	8.37209640242	7.66609789193	8.48942766095	8.52947200558	6.35721669983	6.1526763844	6.1526763844	6.1526763844	6.35721669983	7.19886926179	8.37442852226	8.37442852226	7.47392531813	7.211368412	7.47392531813	7.47392531813	6.62338699139	0.0	0.0	6.62338699139	0.0	7.211368412	7.211368412	7.47392531813	7.211368412	8.72678756247	7.47392531813	7.47392531813	7.47392531813	7.47392531813	8.72678756247	6.62338699139	5.3170285859	5.39233077359	5.63747762145	5.63747762145	5.34131125742	5.50316140235	5.3170285859	5.3170285859	5.33442526717	5.39233077359	5.33442526717	5.53504551713	5.39233077359	5.53504551713	5.37145979974	5.3170285859	5.34131125742	5.37145979974	5.60522216214	5.33442526717	5.34131125742	5.60522216214	5.37145979974	5.39233077359	5.34131125742	5.50316140235	5.39233077359	5.45907405248	5.34131125742	5.53504551713	5.50316140235	5.3170285859	5.33442526717	5.33442526717	6.62338699139	7.47392531813
8.34257815399	7.66602911545	7.66602911545	5.81440719807	5.05437455477	5.81440719807	5.05239631519	8.34257815399	8.02957276354	8.34257815399	7.66602911545	8.32592640822	8.4013282235	6.21328131926	6.00750348338	6.00750348338	6.00750348338	6.21328131926	7.07679306955	8.30418205662	8.30418205662	6.42649386817	0.0	6.42649386817	6.42649386817	5.80356590099	7.211368412	7.211368412	5.80356590099	7.211368412	0.0	0.0	6.42649386817	0.0	8.18749611902	6.42649386817	6.42649386817	6.42649386817	6.42649386817	8.18749611902	5.80356590099	4.91858313565	5.01721467787	5.18300040589	5.18300040589	4.96170396284	5.13830433389	4.91858313565	4.91858313565	4.9606912981	5.01721467787	4.9606912981	5.07023879002	5.01721467787	5.07023879002	4.98560443825	4.91858313565	4.96170396284	4.98560443825	5.13619171339	4.9606912981	4.96170396284	5.13619171339	4.98560443825	5.01721467787	4.96170396284	5.13830433389	5.01721467787	5.07457476082	4.96170396284	5.07023879002	5.13830433389	4.91858313565	4.9606912981	4.9606912981	5.80356590099	6.42649386817
8.34257815399	7.66602911545	7.66602911545	5.81440719807	5.05437455477	5.81440719807	5.05239631519	8.34257815399	8.02957276354	8.34257815399	7.66602911545	8.32592640822	8.4013282235	6.21328131926	6.00750348338	6.00750348338	6.00750348338	6.21328131926	7.07679306955	8.30418205662	8.30418205662	6.42649386817	0.0	6.42649386817	6.42649386817	5.80356590099	7.211368412	7.211368412	5.80356590099	7.211368412	0.0	0.0	6.42649386817	0.0	8.18749611902	6.42649386817	6.42649386817	6.42649386817	6.42649386817	8.18749611902	5.80356590099	4.91858313565	5.01721467787	5.18300040589	5.18300040589	4.96170396284	5.13830433389	4.91858313565	4.91858313565	4.9606912981	5.01721467787	4.9606912981	5.07023879002	5.01721467787	5.07023879002	4.98560443825	4.91858313565	4.96170396284	4.98560443825	5.13619171339	4.9606912981	4.96170396284	5.13619171339	4.98560443825	5.01721467787	4.96170396284	5.13830433389	5.01721467787	5.07457476082	4.96170396284	5.07023879002	5.13830433389	4.91858313565	4.9606912981	4.9606912981	5.80356590099	6.42649386817
8.77290948052	8.10327230191	8.10327230191	6.24313366291	5.51600860657	6.24313366291	5.50943890108	8.77290948052	8.46417222555	8.77290948052	8.10327230191	8.74870398242	8.82621695349	6.6364434176	6.43041991913	6.43041991913	6.43041991913	6.6364434176	7.50865123194	8.736511755	8.736511755	0.0	6.42649386817	0.0	0.0	6.81458788746	7.47392531813	7.47392531813	6.81458788746	7.47392531813	6.42649386817	6.42649386817	0.0	6.42649386817	8.010590078	0.0	0.0	0.0	0.0	8.010590078	6.81458788746	5.28770223134	5.39816886501	5.50357015252	5.50357015252	5.34368023812	5.5218070053	5.28770223134	5.28770223134	5.34815691793	5.39816886501	5.34815691793	5.33727339855	5.39816886501	5.33727339855	5.35982267366	5.28770223134	5.34368023812	5.35982267366	5.37636184455	5.34815691793	5.34368023812	5.37636184455	5.35982267366	5.39816886501	5.34368023812	5.5218070053	5.39816886501	5.44635038421	5.34368023812	5.33727339855	5.5218070053	5.28770223134	5.34815691793	5.34815691793	6.81458788746	0.0
8.34257815399	7.66602911545	7.66602911545	5.81440719807	5.05437455477	5.81440719807	5.05239631519	8.34257815399	8.02957276354	8.34257815399	7.66602911545	8.32592640822	8.4013282235	6.21328131926	6.00750348338	6.00750348338	6.00750348338	6.21328131926	7.07679306955	8.30418205662	8.30418205662	6.42649386817	0.0	6.42649386817	6.42649386817	5.80356590099	7.211368412	7.211368412	5.80356590099	7.211368412	0.0	0.0	6.42649386817	0.0	8.18749611902	6.42649386817	6.42649386817	6.42649386817	6.42649386817	8.18749611902	5.80356590099	4.91858313565	5.01721467787	5.18300040589	5.18300040589	4.96170396284	5.13830433389	4.91858313565	4.91858313565	4.9606912981	5.01721467787	4.9606912981	5.07023879002	5.01721467787	5.07023879002	4.98560443825	4.91858313565	4.96170396284	4.98560443825	5.13619171339	4.9606912981	4.96170396284	5.13619171339	4.98560443825	5.01721467787	4.96170396284	5.13830433389	5.01721467787	5.07457476082	4.96170396284	5.07023879002	5.13830433389	4.91858313565	4.9606912981	4.9606912981	5.80356590099	6.42649386817
9.19598647682	8.55957147543	8.55957147543	6.68623364296	6.02747887144	6.68623364296	6.00179565395	9.19598647682	8.90613518155	9.19598647682	8.55957147543	9.06002160955	9.16702564149	6.96230729563	6.75486946907	6.75486946907	6.75486946907	6.96230729563	7.86896860373	9.13430489896	9.13430489896	8.010590078	8.18749611902	8.010590078	8.010590078	8.3642474822	8.72678756247	8.72678756247	8.3642474822	8.72678756247	8.18749611902	8.18749611902	8.010590078	8.18749611902	0.0	8.010590078	8.010590078	8.010590078	8.010590078	0.0	8.3642474822	5.30326127751	5.45954132853	5.38851791777	5.38851791777	5.40603762877	5.59633795288	5.30326127751	5.30326127751	5.42973051456	5.45954132853	5.42973051456	5.00269438451	5.45954132853	5.00269438451	5.39543240034	5.30326127751	5.40603762877	5.39543240034	4.90674300591	5.42973051456	5.40603762877	4.90674300591	5.39543240034	5.45954132853	5.40603762877	5.59633795288	5.45954132853	5.47468742305	5.40603762877	5.00269438451	5.59633795288	5.30326127751	5.42973051456	5.42973051456	8.3642474822	8.010590078
8.77290948052	8.10327230191	8.10327230191	6.24313366291	5.51600860657	6.24313366291	5.50943890108	8.77290948052	8.46417222555	8.77290948052	8.10327230191	8.74870398242	8.82621695349	6.6364434176	6.43041991913	6.43041991913	6.43041991913	6.6364434176	7.50865123194	8.736511755	8.736511755	0.0	6.42649386817	0.0	0.0	6.81458788746	7.47392531813	7.47392531813	6.81458788746	7.47392531813	6.42649386817	6.42649386817	0.0	6.42649386817	8.010590078	0.0	0.0	0.0	0.0	8.010590078	6.81458788746	5.28770223134	5.39816886501	5.50357015252	5.50357015252	5.34368023812	5.5218070053	5.28770223134	5.28770223134	5.34815691793	5.39816886501	5.34815691793	5.33727339855	5.39816886501	5.33727339855	5.35982267366	5.28770223134	5.34368023812	5.35982267366	5.37636184455	5.34815691793	5.34368023812	5.37636184455	5.35982267366	5.39816886501	5.34368023812	5.5218070053	5.39816886501	5.44635038421	5.34368023812	5.33727339855	5.5218070053	5.28770223134	5.34815691793	5.34815691793	6.81458788746	0.0
8.77290948052	8.10327230191	8.10327230191	6.24313366291	5.51600860657	6.24313366291	5.50943890108	8.77290948052	8.46417222555	8.77290948052	8.10327230191	8.74870398242	8.82621695349	6.6364434176	6.43041991913	6.43041991913	6.43041991913	6.6364434176	7.50865123194	8.736511755	8.736511755	0.0	6.42649386817	0.0	0.0	6.81458788746	7.47392531813	7.47392531813	6.81458788746	7.47392531813	6.42649386817	6.42649386817	0.0	6.42649386817	8.010590078	0.0	0.0	0.0	0.0	8.010590078	6.81458788746	5.28770223134	5.39816886501	5.50357015252	5.50357015252	5.34368023812	5.5218070053	5.28770223134	5.28770223134	5.34815691793	5.39816886501	5.34815691793	5.33727339855	5.39816886501	5.33727339855	5.35982267366	5.28770223134	5.34368023812	5.35982267366	5.37636184455	5.34815691793	5.34368023812	5.37636184455	5.35982267366	5.39816886501	5.34368023812	5.5218070053	5.39816886501	5.44635038421	5.34368023812	5.33727339855	5.5218070053	5.28770223134	5.34815691793	5.34815691793	6.81458788746	0.0
8.77290948052	8.10327230191	8.10327230191	6.24313366291	5.51600860657	6.24313366291	5.50943890108	8.77290948052	8.46417222555	8.77290948052	8.10327230191	8.74870398242	8.82621695349	6.6364434176	6.43041991913	6.43041991913	6.43041991913	6.6364434176	7.50865123194	8.736511755	8.736511755	0.0	6.42649386817	0.0	0.0	6.81458788746	7.47392531813	7.47392531813	6.81458788746	7.47392531813	6.42649386817	6.42649386817	0.0	6.42649386817	8.010590078	0.0	0.0	0.0	0.0	8.010590078	6.81458788746	5.28770223134	5.39816886501	5.50357015252	5.50357015252	5.34368023812	5.5218070053	5.28770223134	5.28770223134	5.34815691793	5.39816886501	5.34815691793	5.33727339855	5.39816886501	5.33727339855	5.35982267366	5.28770223134	5.34368023812	5.35982267366	5.37636184455	5.34815691793	5.34368023812	5.37636184455	5.35982267366	5.39816886501	5.34368023812	5.5218070053	5.39816886501	5.44635038421	5.34368023812	5.33727339855	5.5218070053	5.28770223134	5.34815691793	5.34815691793	6.81458788746	0.0
