0.0	3.44411936108	3.44411936108	3.34831583141	2.10914206329	3.34831583141	2.10545041587	0.0	3.37694985881	0.0	3.44411936108	1.94607075642	1.86098262624	1.89866082392	1.90767121066	1.90767121066	1.90767121066	1.89866082392	1.93305956027	1.86488542443	1.86488542443	2.17926858199	2.14279054162	2.17926858199	2.17926858199	2.14609613621	2.20366094333	2.20366094333	2.14609613621	2.20366094333	2.14279054162	2.14279054162	2.17926858199	2.14279054162	2.96775106424	2.17926858199	2.17926858199	2.17926858199	2.17926858199	2.96775106424	2.14609613621	2.85742468817	2.84077913355	2.88939703804	2.88939703804	2.84456938637	3.29185798694	2.85742468817	2.85742468817	2.80782964935	2.84077913355	2.80782964935	2.80020638097	2.84077913355	2.80020638097	2.82203531407	2.85742468817	2.84456938637	2.82203531407	2.69161693237	2.80782964935	2.84456938637	2.69161693237	2.82203531407	2.84077913355	2.84456938637	3.29185798694	2.84077913355	2.57917442181	2.84456938637	2.80020638097	3.29185798694	2.85742468817	2.80782964935	2.80782964935	2.14609613621	2.17926858199
3.44411936108	0.0	0.0	3.40240162719	1.83464075886	3.40240162719	1.80862070352	3.44411936108	3.10313192249	3.44411936108	0.0	1.93906421141	1.91248189021	1.92722017531	1.93603624536	1.93603624536	1.93603624536	1.92722017531	1.89140193432	1.89228365804	1.89228365804	2.00168548621	1.95599291501	2.00168548621	2.00168548621	1.950606353	2.0028886718	2.0028886718	1.950606353	2.0028886718	1.95599291501	1.95599291501	2.00168548621	1.95599291501	2.84764818005	2.00168548621	2.00168548621	2.00168548621	2.00168548621	2.84764818005	1.950606353	2.74802206258	2.73844430298	2.75802816017	2.75802816017	2.73971498383	3.19177083959	2.74802206258	2.74802206258	2.70389239849	2.73844430298	2.70389239849	2.67839867609	2.73844430298	2.67839867609	2.71796000191	2.74802206258	2.73971498383	2.71796000191	2.57678286962	2.70389239849	2.73971498383	2.57678286962	2.71796000191	2.73844430298	2.73971498383	3.19177083959	2.73844430298	2.4777272187	2.73971498383	2.67839867609	3.19177083959	2.74802206258	2.70389239849	2.70389239849	1.950606353	2.00168548621
3.44411936108	0.0	0.0	3.40240162719	1.83464075886	3.40240162719	1.80862070352	3.44411936108	3.10313192249	3.44411936108	0.0	1.93906421141	1.91248189021	1.92722017531	1.93603624536	1.93603624536	1.93603624536	1.92722017531	1.89140193432	1.89228365804	1.89228365804	2.00168548621	1.95599291501	2.00168548621	2.00168548621	1.950606353	2.0028886718	2.0028886718	1.950606353	2.0028886718	1.95599291501	1.95599291501	2.00168548621	1.95599291501	2.84764818005	2.00168548621	2.00168548621	2.00168548621	2.00168548621	2.84764818005	1.950606353	2.74802206258	2.73844430298	2.75802816017	2.75802816017	2.73971498383	3.19177083959	2.74802206258	2.74802206258	2.70389239849	2.73844430298	2.70389239849	2.67839867609	2.73844430298	2.67839867609	2.71796000191	2.74802206258	2.73971498383	2.71796000191	2.57678286962	2.70389239849	2.73971498383	2.57678286962	2.71796000191	2.73844430298	2.73971498383	3.19177083959	2.73844430298	2.4777272187	2.73971498383	2.67839867609	3.19177083959	2.74802206258	2.70389239849	2.70389239849	1.950606353	2.00168548621
3.34831583141	3.40240162719	3.40240162719	0.0	2.059598006	0.0	2.05811129061	3.34831583141	3.35427418038	3.34831583141	3.40240162719	1.93455944093	1.86111194847	1.89467302768	1.90326584691	1.90326584691	1.90326584691	1.89467302768	1.92177665763	1.86482868522	1.86482868522	2.11582087198	2.08119662787	2.11582087198	2.11582087198	2.08525454955	2.1424180156	2.1424180156	2.08525454955	2.1424180156	2.08119662787	2.08119662787	2.11582087198	2.08119662787	2.89659986714	2.11582087198	2.11582087198	2.11582087198	2.11582087198	2.89659986714	2.08525454955	2.79729568312	2.78395622153	2.82441221699	2.82441221699	2.79106038281	3.22993970385	2.79729568312	2.79729568312	2.75983255305	2.78395622153	2.75983255305	2.73156245075	2.78395622153	2.73156245075	2.76137343714	2.79729568312	2.79106038281	2.76137343714	2.62129591758	2.75983255305	2.79106038281	2.62129591758	2.76137343714	2.78395622153	2.79106038281	3.22993970385	2.78395622153	2.51117622705	2.79106038281	2.73156245075	3.22993970385	2.79729568312	2.75983255305	2.75983255305	2.08525454955	2.11582087198
2.10914206329	1.83464075886	1.83464075886	2.059598006	0.0	2.059598006	0.262043524283	2.10914206329	1.94671303327	2.10914206329	1.83464075886	0.587211063926	0.571858404479	0.583675676652	0.591549198122	0.591549198122	0.591549198122	0.583675676652	0.552267436731	0.559789281421	0.559789281421	0.515126468763	0.459885100004	0.515126468763	0.515126468763	0.445793436616	0.493959148884	0.493959148884	0.445793436616	0.493959148884	0.459885100004	0.459885100004	0.515126468763	0.459885100004	1.41820207985	0.515126468763	0.515126468763	0.515126468763	0.515126468763	1.41820207985	0.445793436616	1.33414550096	1.33234031341	1.31940820266	1.31940820266	1.33305794757	1.78495749318	1.33414550096	1.33414550096	1.30065803146	1.33234031341	1.30065803146	1.247803794	1.33234031341	1.247803794	1.30869058875	1.33414550096	1.33305794757	1.30869058875	1.15265233228	1.30065803146	1.33305794757	1.15265233228	1.30869058875	1.33234031341	1.33305794757	1.78495749318	1.33234031341	1.06748927672	1.33305794757	1.247803794	1.78495749318	1.33414550096	1.30065803146	1.30065803146	0.445793436616	0.515126468763
3.34831583141	3.40240162719	3.40240162719	0.0	2.059598006	0.0	2.05811129061	3.34831583141	3.35427418038	3.34831583141	3.40240162719	1.93455944093	1.86111194847	1.89467302768	1.90326584691	1.90326584691	1.90326584691	1.89467302768	1.92177665763	1.86482868522	1.86482868522	2.11582087198	2.08119662787	2.11582087198	2.11582087198	2.08525454955	2.1424180156	2.1424180156	2.08525454955	2.1424180156	2.08119662787	2.08119662787	2.11582087198	2.08119662787	2.89659986714	2.11582087198	2.11582087198	2.11582087198	2.11582087198	2.89659986714	2.08525454955	2.79729568312	2.78395622153	2.82441221699	2.82441221699	2.79106038281	3.22993970385	2.79729568312	2.79729568312	2.75983255305	2.78395622153	2.75983255305	2.73156245075	2.78395622153	2.73156245075	2.76137343714	2.79729568312	2.79106038281	2.76137343714	2.62129591758	2.75983255305	2.79106038281	2.62129591758	2.76137343714	2.78395622153	2.79106038281	3.22993970385	2.78395622153	2.51117622705	2.79106038281	2.73156245075	3.22993970385	2.79729568312	2.75983255305	2.75983255305	2.08525454955	2.11582087198
2.10545041587	1.80862070352	1.80862070352	2.05811129061	0.262043524283	2.05811129061	0.0	2.10545041587	1.93432072603	2.10545041587	1.80862070352	0.583496004066	0.567538884277	0.579384560551	0.587400660932	0.587400660932	0.587400660932	0.579384560551	0.5457333609	0.554324081777	0.554324081777	0.53804317299	0.484578571168	0.53804317299	0.53804317299	0.472110293675	0.520897321554	0.520897321554	0.472110293675	0.520897321554	0.484578571168	0.484578571168	0.53804317299	0.484578571168	1.43055565285	0.53804317299	0.53804317299	0.53804317299	0.53804317299	1.43055565285	0.472110293675	1.34208087502	1.33853052396	1.33279897309	1.33279897309	1.33889065627	1.79196089189	1.34208087502	1.34208087502	1.30519180931	1.33853052396	1.30519180931	1.26011216114	1.33853052396	1.26011216114	1.31589331727	1.34208087502	1.33889065627	1.31589331727	1.16388927063	1.30519180931	1.33889065627	1.16388927063	1.31589331727	1.33853052396	1.33889065627	1.79196089189	1.33853052396	1.07579243803	1.33889065627	1.26011216114	1.79196089189	1.34208087502	1.30519180931	1.30519180931	0.472110293675	0.53804317299
0.0	3.44411936108	3.44411936108	3.34831583141	2.10914206329	3.34831583141	2.10545041587	0.0	3.37694985881	0.0	3.44411936108	1.94607075642	1.86098262624	1.89866082392	1.90767121066	1.90767121066	1.90767121066	1.89866082392	1.93305956027	1.86488542443	1.86488542443	2.17926858199	2.14279054162	2.17926858199	2.17926858199	2.14609613621	2.20366094333	2.20366094333	2.14609613621	2.20366094333	2.14279054162	2.14279054162	2.17926858199	2.14279054162	2.96775106424	2.17926858199	2.17926858199	2.17926858199	2.17926858199	2.96775106424	2.14609613621	2.85742468817	2.84077913355	2.88939703804	2.88939703804	2.84456938637	3.29185798694	2.85742468817	2.85742468817	2.80782964935	2.84077913355	2.80782964935	2.80020638097	2.84077913355	2.80020638097	2.82203531407	2.85742468817	2.84456938637	2.82203531407	2.69161693237	2.80782964935	2.84456938637	2.69161693237	2.82203531407	2.84077913355	2.84456938637	3.29185798694	2.84077913355	2.57917442181	2.84456938637	2.80020638097	3.29185798694	2.85742468817	2.80782964935	2.80782964935	2.14609613621	2.17926858199
3.37694985881	3.10313192249	3.10313192249	3.35427418038	1.94671303327	3.35427418038	1.93432072603	3.37694985881	0.0	3.37694985881	3.10313192249	1.8962412171	1.85292984777	1.8724555319	1.88237138193	1.88237138193	1.88237138193	1.8724555319	1.8404960955	1.81687079615	1.81687079615	2.0572901141	2.01679283598	2.0572901141	2.0572901141	2.01650507094	2.07202787037	2.07202787037	2.01650507094	2.07202787037	2.01679283598	2.01679283598	2.0572901141	2.01679283598	2.87039966952	2.0572901141	2.0572901141	2.0572901141	2.0572901141	2.87039966952	2.01650507094	2.76179971931	2.74733914884	2.78613802892	2.78613802892	2.74915951874	3.20080642176	2.76179971931	2.76179971931	2.71137130359	2.74733914884	2.71137130359	2.70170427614	2.74733914884	2.70170427614	2.72880164241	2.76179971931	2.74915951874	2.72880164241	2.59631509929	2.71137130359	2.74915951874	2.59631509929	2.72880164241	2.74733914884	2.74915951874	3.20080642176	2.74733914884	2.48893815064	2.74915951874	2.70170427614	3.20080642176	2.76179971931	2.71137130359	2.71137130359	2.01650507094	2.0572901141
0.0	3.44411936108	3.44411936108	3.34831583141	2.10914206329	3.34831583141	2.10545041587	0.0	3.37694985881	0.0	3.44411936108	1.94607075642	1.86098262624	1.89866082392	1.90767121066	1.90767121066	1.90767121066	1.89866082392	1.93305956027	1.86488542443	1.86488542443	2.17926858199	2.14279054162	2.17926858199	2.17926858199	2.14609613621	2.20366094333	2.20366094333	2.14609613621	2.20366094333	2.14279054162	2.14279054162	2.17926858199	2.14279054162	2.96775106424	2.17926858199	2.17926858199	2.17926858199	2.17926858199	2.96775106424	2.14609613621	2.85742468817	2.84077913355	2.88939703804	2.88939703804	2.84456938637	3.29185798694	2.85742468817	2.85742468817	2.80782964935	2.84077913355	2.80782964935	2.80020638097	2.84077913355	2.80020638097	2.82203531407	2.85742468817	2.84456938637	2.82203531407	2.69161693237	2.80782964935	2.84456938637	2.69161693237	2.82203531407	2.84077913355	2.84456938637	3.29185798694	2.84077913355	2.57917442181	2.84456938637	2.80020638097	3.29185798694	2.85742468817	2.80782964935	2.80782964935	2.14609613621	2.17926858199
3.44411936108	0.0	0.0	3.40240162719	1.83464075886	3.40240162719	1.80862070352	3.44411936108	3.10313192249	3.44411936108	0.0	1.93906421141	1.91248189021	1.92722017531	1.93603624536	1.93603624536	1.93603624536	1.92722017531	1.89140193432	1.89228365804	1.89228365804	2.00168548621	1.95599291501	2.00168548621	2.00168548621	1.950606353	2.0028886718	2.0028886718	1.950606353	2.0028886718	1.95599291501	1.95599291501	2.00168548621	1.95599291501	2.84764818005	2.00168548621	2.00168548621	2.00168548621	2.00168548621	2.84764818005	1.950606353	2.74802206258	2.73844430298	2.75802816017	2.75802816017	2.73971498383	3.19177083959	2.74802206258	2.74802206258	2.70389239849	2.73844430298	2.70389239849	2.67839867609	2.73844430298	2.67839867609	2.71796000191	2.74802206258	2.73971498383	2.71796000191	2.57678286962	2.70389239849	2.73971498383	2.57678286962	2.71796000191	2.73844430298	2.73971498383	3.19177083959	2.73844430298	2.4777272187	2.73971498383	2.67839867609	3.19177083959	2.74802206258	2.70389239849	2.70389239849	1.950606353	2.00168548621
1.94607075642	1.93906421141	1.93906421141	1.93455944093	0.587211063926	1.93455944093	0.583496004066	1.94607075642	1.8962412171	1.94607075642	1.93906421141	0.0	0.364362020731	0.342123957585	0.344115004925	0.344115004925	0.344115004925	0.342123957585	0.387425368687	0.384961155447	0.384961155447	0.662950700947	0.625213399288	0.662950700947	0.662950700947	0.628684904159	0.687508915922	0.687508915922	0.628684904159	0.687508915922	0.625213399288	0.625213399288	0.662950700947	0.625213399288	1.45399128712	0.662950700947	0.662950700947	0.662950700947	0.662950700947	1.45399128712	0.628684904159	1.32639819583	1.30363419941	1.36865363293	1.36865363293	1.30307958481	1.76180430589	1.32639819583	1.32639819583	1.2581264562	1.30363419941	1.2581264562	1.28319903896	1.30363419941	1.28319903896	1.29084516693	1.32639819583	1.30307958481	1.29084516693	1.17595550698	1.2581264562	1.30307958481	1.17595550698	1.29084516693	1.30363419941	1.30307958481	1.76180430589	1.30363419941	1.05825109997	1.30307958481	1.28319903896	1.76180430589	1.32639819583	1.2581264562	1.2581264562	0.628684904159	0.662950700947
1.86098262624	1.91248189021	1.91248189021	1.86111194847	0.571858404479	1.86111194847	0.567538884277	1.86098262624	1.85292984777	1.86098262624	1.91248189021	0.364362020731	0.0	0.282390819057	0.29941920782	0.29941920782	0.29941920782	0.282390819057	0.365882229514	0.309543979869	0.309543979869	0.647256153391	0.609946337628	0.647256153391	0.647256153391	0.613097304046	0.671114138838	0.671114138838	0.613097304046	0.671114138838	0.609946337628	0.609946337628	0.647256153391	0.609946337628	1.4384825531	0.647256153391	0.647256153391	0.647256153391	0.647256153391	1.4384825531	0.613097304046	1.32072891108	1.30166992782	1.35663934797	1.35663934797	1.30344101847	1.75593402261	1.32072891108	1.32072891108	1.26312634228	1.30166992782	1.26312634228	1.26941344503	1.30166992782	1.26941344503	1.28546423954	1.32072891108	1.30344101847	1.28546423954	1.16162831643	1.26312634228	1.30344101847	1.16162831643	1.28546423954	1.30166992782	1.30344101847	1.75593402261	1.30166992782	1.04720592092	1.30344101847	1.26941344503	1.75593402261	1.32072891108	1.26312634228	1.26312634228	0.613097304046	0.647256153391
1.89866082392	1.92722017531	1.92722017531	1.89467302768	0.583675676652	1.89467302768	0.579384560551	1.89866082392	1.8724555319	1.89866082392	1.92722017531	0.342123957585	0.282390819057	0.0	0.231276586653	0.231276586653	0.231276586653	0.0	0.371616172139	0.340133521795	0.340133521795	0.659960744659	0.622435734502	0.659960744659	0.659960744659	0.625625038023	0.683870832168	0.683870832168	0.625625038023	0.683870832168	0.622435734502	0.622435734502	0.659960744659	0.622435734502	1.45158390486	0.659960744659	0.659960744659	0.659960744659	0.659960744659	1.45158390486	0.625625038023	1.33073532326	1.31057708452	1.36850498275	1.36850498275	1.31157584858	1.76610287829	1.33073532326	1.33073532326	1.26979504194	1.31057708452	1.26979504194	1.28193589964	1.31057708452	1.28193589964	1.29543568353	1.33073532326	1.31157584858	1.29543568353	1.17438365324	1.26979504194	1.31157584858	1.17438365324	1.29543568353	1.31057708452	1.31157584858	1.76610287829	1.31057708452	1.0590060474	1.31157584858	1.28193589964	1.76610287829	1.33073532326	1.26979504194	1.26979504194	0.625625038023	0.659960744659
1.90767121066	1.93603624536	1.93603624536	1.90326584691	0.591549198122	1.90326584691	0.587400660932	1.90767121066	1.88237138193	1.90767121066	1.93603624536	0.344115004925	0.29941920782	0.231276586653	0.0	0.0	0.0	0.231276586653	0.384052244044	0.351273672842	0.351273672842	0.667187320695	0.629716887814	0.667187320695	0.667187320695	0.632982856336	0.691297996093	0.691297996093	0.632982856336	0.691297996093	0.629716887814	0.629716887814	0.667187320695	0.629716887814	1.45831153137	0.667187320695	0.667187320695	0.667187320695	0.667187320695	1.45831153137	0.632982856336	1.33710236826	1.31676260159	1.37523292212	1.37523292212	1.31776276968	1.7723044344	1.33710236826	1.33710236826	1.27588339023	1.31676260159	1.27588339023	1.28860846438	1.31676260159	1.28860846438	1.30172119163	1.33710236826	1.31776276968	1.30172119163	1.18100298249	1.27588339023	1.31776276968	1.18100298249	1.30172119163	1.31676260159	1.31776276968	1.7723044344	1.31676260159	1.06536390993	1.31776276968	1.28860846438	1.7723044344	1.33710236826	1.27588339023	1.27588339023	0.632982856336	0.667187320695
1.90767121066	1.93603624536	1.93603624536	1.90326584691	0.591549198122	1.90326584691	0.587400660932	1.90767121066	1.88237138193	1.90767121066	1.93603624536	0.344115004925	0.29941920782	0.231276586653	0.0	0.0	0.0	0.231276586653	0.384052244044	0.351273672842	0.351273672842	0.667187320695	0.629716887814	0.667187320695	0.667187320695	0.632982856336	0.691297996093	0.691297996093	0.632982856336	0.691297996093	0.629716887814	0.629716887814	0.667187320695	0.629716887814	1.45831153137	0.667187320695	0.667187320695	0.667187320695	0.667187320695	1.45831153137	0.632982856336	1.33710236826	1.31676260159	1.37523292212	1.37523292212	1.31776276968	1.7723044344	1.33710236826	1.33710236826	1.27588339023	1.31676260159	1.27588339023	1.28860846438	1.31676260159	1.28860846438	1.30172119163	1.33710236826	1.31776276968	1.30172119163	1.18100298249	1.27588339023	1.31776276968	1.18100298249	1.30172119163	1.31676260159	1.31776276968	1.7723044344	1.31676260159	1.06536390993	1.31776276968	1.28860846438	1.7723044344	1.33710236826	1.27588339023	1.27588339023	0.632982856336	0.667187320695
1.90767121066	1.93603624536	1.93603624536	1.90326584691	0.591549198122	1.90326584691	0.587400660932	1.90767121066	1.88237138193	1.90767121066	1.93603624536	0.344115004925	0.29941920782	0.231276586653	0.0	0.0	0.0	0.231276586653	0.384052244044	0.351273672842	0.351273672842	0.667187320695	0.629716887814	0.667187320695	0.667187320695	0.632982856336	0.691297996093	0.691297996093	0.632982856336	0.691297996093	0.629716887814	0.629716887814	0.667187320695	0.629716887814	1.45831153137	0.667187320695	0.667187320695	0.667187320695	0.667187320695	1.45831153137	0.632982856336	1.33710236826	1.31676260159	1.37523292212	1.37523292212	1.31776276968	1.7723044344	1.33710236826	1.33710236826	1.27588339023	1.31676260159	1.27588339023	1.28860846438	1.31676260159	1.28860846438	1.30172119163	1.33710236826	1.31776276968	1.30172119163	1.18100298249	1.27588339023	1.31776276968	1.18100298249	1.30172119163	1.31676260159	1.31776276968	1.7723044344	1.31676260159	1.06536390993	1.31776276968	1.28860846438	1.7723044344	1.33710236826	1.27588339023	1.27588339023	0.632982856336	0.667187320695
1.89866082392	1.92722017531	1.92722017531	1.89467302768	0.583675676652	1.89467302768	0.579384560551	1.89866082392	1.8724555319	1.89866082392	1.92722017531	0.342123957585	0.282390819057	0.0	0.231276586653	0.231276586653	0.231276586653	0.0	0.371616172139	0.340133521795	0.340133521795	0.659960744659	0.622435734502	0.659960744659	0.659960744659	0.625625038023	0.683870832168	0.683870832168	0.625625038023	0.683870832168	0.622435734502	0.622435734502	0.659960744659	0.622435734502	1.45158390486	0.659960744659	0.659960744659	0.659960744659	0.659960744659	1.45158390486	0.625625038023	1.33073532326	1.31057708452	1.36850498275	1.36850498275	1.31157584858	1.76610287829	1.33073532326	1.33073532326	1.26979504194	1.31057708452	1.26979504194	1.28193589964	1.31057708452	1.28193589964	1.29543568353	1.33073532326	1.31157584858	1.29543568353	1.17438365324	1.26979504194	1.31157584858	1.17438365324	1.29543568353	1.31057708452	1.31157584858	1.76610287829	1.31057708452	1.0590060474	1.31157584858	1.28193589964	1.76610287829	1.33073532326	1.26979504194	1.26979504194	0.625625038023	0.659960744659
1.93305956027	1.89140193432	1.89140193432	1.92177665763	0.552267436731	1.92177665763	0.5457333609	1.93305956027	1.8404960955	1.93305956027	1.89140193432	0.387425368687	0.365882229514	0.371616172139	0.384052244044	0.384052244044	0.384052244044	0.371616172139	0.0	0.347184034261	0.347184034261	0.64171852563	0.602654964548	0.64171852563	0.64171852563	0.604758567249	0.662643776472	0.662643776472	0.604758567249	0.662643776472	0.602654964548	0.602654964548	0.64171852563	0.602654964548	1.44232790647	0.64171852563	0.64171852563	0.64171852563	0.64171852563	1.44232790647	0.604758567249	1.31788382263	1.29739854262	1.35549143129	1.35549143129	1.29616572416	1.75620739989	1.31788382263	1.31788382263	1.25172973808	1.29739854262	1.25172973808	1.27173096743	1.29739854262	1.27173096743	1.28375200432	1.31788382263	1.29616572416	1.28375200432	1.16569697801	1.25172973808	1.29616572416	1.16569697801	1.28375200432	1.29739854262	1.29616572416	1.75620739989	1.29739854262	1.05142677484	1.29616572416	1.27173096743	1.75620739989	1.31788382263	1.25172973808	1.25172973808	0.604758567249	0.64171852563
1.86488542443	1.89228365804	1.89228365804	1.86482868522	0.559789281421	1.86482868522	0.554324081777	1.86488542443	1.81687079615	1.86488542443	1.89228365804	0.384961155447	0.309543979869	0.340133521795	0.351273672842	0.351273672842	0.351273672842	0.340133521795	0.347184034261	0.0	0.0	0.64048813019	0.602663214851	0.64048813019	0.64048813019	0.605324325137	0.663040222373	0.663040222373	0.605324325137	0.663040222373	0.602663214851	0.602663214851	0.64048813019	0.602663214851	1.43512521061	0.64048813019	0.64048813019	0.64048813019	0.64048813019	1.43512521061	0.605324325137	1.3180030873	1.29946372363	1.35259494196	1.35259494196	1.30095923691	1.75404878593	1.3180030873	1.3180030873	1.26062113593	1.29946372363	1.26062113593	1.26601040432	1.29946372363	1.26601040432	1.28315269416	1.3180030873	1.30095923691	1.28315269416	1.15866604411	1.26062113593	1.30095923691	1.15866604411	1.28315269416	1.29946372363	1.30095923691	1.75404878593	1.29946372363	1.0452015231	1.30095923691	1.26601040432	1.75404878593	1.3180030873	1.26062113593	1.26062113593	0.605324325137	0.64048813019
1.86488542443	1.89228365804	1.89228365804	1.86482868522	0.559789281421	1.86482868522	0.554324081777	1.86488542443	1.81687079615	1.86488542443	1.89228365804	0.384961155447	0.309543979869	0.340133521795	0.351273672842	0.351273672842	0.351273672842	0.340133521795	0.347184034261	0.0	0.0	0.64048813019	0.602663214851	0.64048813019	0.64048813019	0.605324325137	0.663040222373	0.663040222373	0.605324325137	0.663040222373	0.602663214851	0.602663214851	0.64048813019	0.602663214851	1.43512521061	0.64048813019	0.64048813019	0.64048813019	0.64048813019	1.43512521061	0.605324325137	1.3180030873	1.29946372363	1.35259494196	1.35259494196	1.30095923691	1.75404878593	1.3180030873	1.3180030873	1.26062113593	1.29946372363	1.26062113593	1.26601040432	1.29946372363	1.26601040432	1.28315269416	1.3180030873	1.30095923691	1.28315269416	1.15866604411	1.26062113593	1.30095923691	1.15866604411	1.28315269416	1.29946372363	1.30095923691	1.75404878593	1.29946372363	1.0452015231	1.30095923691	1.26601040432	1.75404878593	1.3180030873	1.26062113593	1.26062113593	0.605324325137	0.64048813019
2.17926858199	2.00168548621	2.00168548621	2.11582087198	0.515126468763	2.11582087198	0.53804317299	2.17926858199	2.0572901141	2.17926858199	2.00168548621	0.662950700947	0.647256153391	0.659960744659	0.667187320695	0.667187320695	0.667187320695	0.659960744659	0.64171852563	0.64048813019	0.64048813019	0.0	0.31142700112	0.0	0.0	0.339561666058	0.430152617946	0.430152617946	0.339561666058	0.430152617946	0.31142700112	0.31142700112	0.0	0.31142700112	1.3454900476	0.0	0.0	0.0	0.0	1.3454900476	0.339561666058	1.32736279697	1.33842446509	1.25507998776	1.25507998776	1.34727615331	1.7778511537	1.32736279697	1.32736279697	1.33025163049	1.33842446509	1.33025163049	1.18247150878	1.33842446509	1.18247150878	1.30398651619	1.32736279697	1.34727615331	1.30398651619	1.09617312567	1.33025163049	1.34727615331	1.09617312567	1.30398651619	1.33842446509	1.34727615331	1.7778511537	1.33842446509	1.04478425762	1.34727615331	1.18247150878	1.7778511537	1.32736279697	1.33025163049	1.33025163049	0.339561666058	0.0
2.14279054162	1.95599291501	1.95599291501	2.08119662787	0.459885100004	2.08119662787	0.484578571168	2.14279054162	2.01679283598	2.14279054162	1.95599291501	0.625213399288	0.609946337628	0.622435734502	0.629716887814	0.629716887814	0.629716887814	0.622435734502	0.602654964548	0.602663214851	0.602663214851	0.31142700112	0.0	0.31142700112	0.31142700112	0.268546751544	0.383755879921	0.383755879921	0.268546751544	0.383755879921	0.0	0.0	0.31142700112	0.0	1.32790746131	0.31142700112	0.31142700112	0.31142700112	0.31142700112	1.32790746131	0.268546751544	1.29736699642	1.30802500994	1.22925097133	1.22925097133	1.31520209045	1.74975985475	1.29736699642	1.29736699642	1.2961283128	1.30802500994	1.2961283128	1.16068269595	1.30802500994	1.16068269595	1.27487175164	1.29736699642	1.31520209045	1.27487175164	1.07445797531	1.2961283128	1.31520209045	1.07445797531	1.27487175164	1.30802500994	1.31520209045	1.74975985475	1.30802500994	1.01892458052	1.31520209045	1.16068269595	1.74975985475	1.29736699642	1.2961283128	1.2961283128	0.268546751544	0.31142700112
2.17926858199	2.00168548621	2.00168548621	2.11582087198	0.515126468763	2.11582087198	0.53804317299	2.17926858199	2.0572901141	2.17926858199	2.00168548621	0.662950700947	0.647256153391	0.659960744659	0.667187320695	0.667187320695	0.667187320695	0.659960744659	0.64171852563	0.64048813019	0.64048813019	0.0	0.31142700112	0.0	0.0	0.339561666058	0.430152617946	0.430152617946	0.339561666058	0.430152617946	0.31142700112	0.31142700112	0.0	0.31142700112	1.3454900476	0.0	0.0	0.0	0.0	1.3454900476	0.339561666058	1.32736279697	1.33842446509	1.25507998776	1.25507998776	1.34727615331	1.7778511537	1.32736279697	1.32736279697	1.33025163049	1.33842446509	1.33025163049	1.18247150878	1.33842446509	1.18247150878	1.30398651619	1.32736279697	1.34727615331	1.30398651619	1.09617312567	1.33025163049	1.34727615331	1.09617312567	1.30398651619	1.33842446509	1.34727615331	1.7778511537	1.33842446509	1.04478425762	1.34727615331	1.18247150878	1.7778511537	1.32736279697	1.33025163049	1.33025163049	0.339561666058	0.0
2.17926858199	2.00168548621	2.00168548621	2.11582087198	0.515126468763	2.11582087198	0.53804317299	2.17926858199	2.0572901141	2.17926858199	2.00168548621	0.662950700947	0.647256153391	0.659960744659	0.667187320695	0.667187320695	0.667187320695	0.659960744659	0.64171852563	0.64048813019	0.64048813019	0.0	0.31142700112	0.0	0.0	0.339561666058	0.430152617946	0.430152617946	0.339561666058	0.430152617946	0.31142700112	0.31142700112	0.0	0.31142700112	1.3454900476	0.0	0.0	0.0	0.0	1.3454900476	0.339561666058	1.32736279697	1.33842446509	1.25507998776	1.25507998776	1.34727615331	1.7778511537	1.32736279697	1.32736279697	1.33025163049	1.33842446509	1.33025163049	1.18247150878	1.33842446509	1.18247150878	1.30398651619	1.32736279697	1.34727615331	1.30398651619	1.09617312567	1.33025163049	1.34727615331	1.09617312567	1.30398651619	1.33842446509	1.34727615331	1.7778511537	1.33842446509	1.04478425762	1.34727615331	1.18247150878	1.7778511537	1.32736279697	1.33025163049	1.33025163049	0.339561666058	0.0
2.14609613621	1.950606353	1.950606353	2.08525454955	0.445793436616	2.08525454955	0.472110293675	2.14609613621	2.01650507094	2.14609613621	1.950606353	0.628684904159	0.613097304046	0.625625038023	0.632982856336	0.632982856336	0.632982856336	0.625625038023	0.604758567249	0.605324325137	0.605324325137	0.339561666058	0.268546751544	0.339561666058	0.339561666058	0.0	0.337392686826	0.337392686826	0.0	0.337392686826	0.268546751544	0.268546751544	0.339561666058	0.268546751544	1.35081767867	0.339561666058	0.339561666058	0.339561666058	0.339561666058	1.35081767867	0.0	1.31162678812	1.32043157386	1.2530470531	1.2530470531	1.32671312655	1.76368012081	1.31162678812	1.31162678812	1.30575437831	1.32043157386	1.30575437831	1.18368518153	1.32043157386	1.18368518153	1.28862905643	1.31162678812	1.32671312655	1.28862905643	1.09560523915	1.30575437831	1.32671312655	1.09560523915	1.28862905643	1.32043157386	1.32671312655	1.76368012081	1.32043157386	1.03472171012	1.32671312655	1.18368518153	1.76368012081	1.31162678812	1.30575437831	1.30575437831	0.0	0.339561666058
2.20366094333	2.0028886718	2.0028886718	2.1424180156	0.493959148884	2.1424180156	0.520897321554	2.20366094333	2.07202787037	2.20366094333	2.0028886718	0.687508915922	0.671114138838	0.683870832168	0.691297996093	0.691297996093	0.691297996093	0.683870832168	0.662643776472	0.663040222373	0.663040222373	0.430152617946	0.383755879921	0.430152617946	0.430152617946	0.337392686826	0.0	0.0	0.337392686826	0.0	0.383755879921	0.383755879921	0.430152617946	0.383755879921	1.4251172426	0.430152617946	0.430152617946	0.430152617946	0.430152617946	1.4251172426	0.337392686826	1.37968631774	1.38671593999	1.32948210829	1.32948210829	1.3926547221	1.83072802668	1.37968631774	1.37968631774	1.37045446696	1.38671593999	1.37045446696	1.25847712432	1.38671593999	1.25847712432	1.35587124577	1.37968631774	1.3926547221	1.35587124577	1.1684558926	1.37045446696	1.3926547221	1.1684558926	1.35587124577	1.38671593999	1.3926547221	1.83072802668	1.38671593999	1.10295274528	1.3926547221	1.25847712432	1.83072802668	1.37968631774	1.37045446696	1.37045446696	0.337392686826	0.430152617946
2.20366094333	2.0028886718	2.0028886718	2.1424180156	0.493959148884	2.1424180156	0.520897321554	2.20366094333	2.07202787037	2.20366094333	2.0028886718	0.687508915922	0.671114138838	0.683870832168	0.691297996093	0.691297996093	0.691297996093	0.683870832168	0.662643776472	0.663040222373	0.663040222373	0.430152617946	0.383755879921	0.430152617946	0.430152617946	0.337392686826	0.0	0.0	0.337392686826	0.0	0.383755879921	0.383755879921	0.430152617946	0.383755879921	1.4251172426	0.430152617946	0.430152617946	0.430152617946	0.430152617946	1.4251172426	0.337392686826	1.37968631774	1.38671593999	1.32948210829	1.32948210829	1.3926547221	1.83072802668	1.37968631774	1.37968631774	1.37045446696	1.38671593999	1.37045446696	1.25847712432	1.38671593999	1.25847712432	1.35587124577	1.37968631774	1.3926547221	1.35587124577	1.1684558926	1.37045446696	1.3926547221	1.1684558926	1.35587124577	1.38671593999	1.3926547221	1.83072802668	1.38671593999	1.10295274528	1.3926547221	1.25847712432	1.83072802668	1.37968631774	1.37045446696	1.37045446696	0.337392686826	0.430152617946
2.14609613621	1.950606353	1.950606353	2.08525454955	0.445793436616	2.08525454955	0.472110293675	2.14609613621	2.01650507094	2.14609613621	1.950606353	0.628684904159	0.613097304046	0.625625038023	0.632982856336	0.632982856336	0.632982856336	0.625625038023	0.604758567249	0.605324325137	0.605324325137	0.339561666058	0.268546751544	0.339561666058	0.339561666058	0.0	0.337392686826	0.337392686826	0.0	0.337392686826	0.268546751544	0.268546751544	0.339561666058	0.268546751544	1.35081767867	0.339561666058	0.339561666058	0.339561666058	0.339561666058	1.35081767867	0.0	1.31162678812	1.32043157386	1.2530470531	1.2530470531	1.32671312655	1.76368012081	1.31162678812	1.31162678812	1.30575437831	1.32043157386	1.30575437831	1.18368518153	1.32043157386	1.18368518153	1.28862905643	1.31162678812	1.32671312655	1.28862905643	1.09560523915	1.30575437831	1.32671312655	1.09560523915	1.28862905643	1.32043157386	1.32671312655	1.76368012081	1.32043157386	1.03472171012	1.32671312655	1.18368518153	1.76368012081	1.31162678812	1.30575437831	1.30575437831	0.0	0.339561666058
2.20366094333	2.0028886718	2.0028886718	2.1424180156	0.493959148884	2.1424180156	0.520897321554	2.20366094333	2.07202787037	2.20366094333	2.0028886718	0.687508915922	0.671114138838	0.683870832168	0.691297996093	0.691297996093	0.691297996093	0.683870832168	0.662643776472	0.663040222373	0.663040222373	0.430152617946	0.383755879921	0.430152617946	0.430152617946	0.337392686826	0.0	0.0	0.337392686826	0.0	0.383755879921	0.383755879921	0.430152617946	0.383755879921	1.4251172426	0.430152617946	0.430152617946	0.430152617946	0.430152617946	1.4251172426	0.337392686826	1.37968631774	1.38671593999	1.32948210829	1.32948210829	1.3926547221	1.83072802668	1.37968631774	1.37968631774	1.37045446696	1.38671593999	1.37045446696	1.25847712432	1.38671593999	1.25847712432	1.35587124577	1.37968631774	1.3926547221	1.35587124577	1.1684558926	1.37045446696	1.3926547221	1.1684558926	1.35587124577	1.38671593999	1.3926547221	1.83072802668	1.38671593999	1.10295274528	1.3926547221	1.25847712432	1.83072802668	1.37968631774	1.37045446696	1.37045446696	0.337392686826	0.430152617946
2.14279054162	1.95599291501	1.95599291501	2.08119662787	0.459885100004	2.08119662787	0.484578571168	2.14279054162	2.01679283598	2.14279054162	1.95599291501	0.625213399288	0.609946337628	0.622435734502	0.629716887814	0.629716887814	0.629716887814	0.622435734502	0.602654964548	0.602663214851	0.602663214851	0.31142700112	0.0	0.31142700112	0.31142700112	0.268546751544	0.383755879921	0.383755879921	0.268546751544	0.383755879921	0.0	0.0	0.31142700112	0.0	1.32790746131	0.31142700112	0.31142700112	0.31142700112	0.31142700112	1.32790746131	0.268546751544	1.29736699642	1.30802500994	1.22925097133	1.22925097133	1.31520209045	1.74975985475	1.29736699642	1.29736699642	1.2961283128	1.30802500994	1.2961283128	1.16068269595	1.30802500994	1.16068269595	1.27487175164	1.29736699642	1.31520209045	1.27487175164	1.07445797531	1.2961283128	1.31520209045	1.07445797531	1.27487175164	1.30802500994	1.31520209045	1.74975985475	1.30802500994	1.01892458052	1.31520209045	1.16068269595	1.74975985475	1.29736699642	1.2961283128	1.2961283128	0.268546751544	0.31142700112
2.14279054162	1.95599291501	1.95599291501	2.08119662787	0.459885100004	2.08119662787	0.484578571168	2.14279054162	2.01679283598	2.14279054162	1.95599291501	0.625213399288	0.609946337628	0.622435734502	0.629716887814	0.629716887814	0.629716887814	0.622435734502	0.602654964548	0.602663214851	0.602663214851	0.31142700112	0.0	0.31142700112	0.31142700112	0.268546751544	0.383755879921	0.383755879921	0.268546751544	0.383755879921	0.0	0.0	0.31142700112	0.0	1.32790746131	0.31142700112	0.31142700112	0.31142700112	0.31142700112	1.32790746131	0.268546751544	1.29736699642	1.30802500994	1.22925097133	1.22925097133	1.31520209045	1.74975985475	1.29736699642	1.29736699642	1.2961283128	1.30802500994	1.2961283128	1.16068269595	1.30802500994	1.16068269595	1.27487175164	1.29736699642	1.31520209045	1.27487175164	1.07445797531	1.2961283128	1.31520209045	1.07445797531	1.27487175164	1.30802500994	1.31520209045	1.74975985475	1.30802500994	1.01892458052	1.31520209045	1.16068269595	1.74975985475	1.29736699642	1.2961283128	1.2961283128	0.268546751544	0.31142700112
2.17926858199	2.00168548621	2.00168548621	2.11582087198	0.515126468763	2.11582087198	0.53804317299	2.17926858199	2.0572901141	2.17926858199	2.00168548621	0.662950700947	0.647256153391	0.659960744659	0.667187320695	0.667187320695	0.667187320695	0.659960744659	0.64171852563	0.64048813019	0.64048813019	0.0	0.31142700112	0.0	0.0	0.339561666058	0.430152617946	0.430152617946	0.339561666058	0.430152617946	0.31142700112	0.31142700112	0.0	0.31142700112	1.3454900476	0.0	0.0	0.0	0.0	1.3454900476	0.339561666058	1.32736279697	1.33842446509	1.25507998776	1.25507998776	1.34727615331	1.7778511537	1.32736279697	1.32736279697	1.33025163049	1.33842446509	1.33025163049	1.18247150878	1.33842446509	1.18247150878	1.30398651619	1.32736279697	1.34727615331	1.30398651619	1.09617312567	1.33025163049	1.34727615331	1.09617312567	1.30398651619	1.33842446509	1.34727615331	1.7778511537	1.33842446509	1.04478425762	1.34727615331	1.18247150878	1.7778511537	1.32736279697	1.33025163049	1.33025163049	0.339561666058	0.0
2.14279054162	1.95599291501	1.95599291501	2.08119662787	0.459885100004	2.08119662787	0.484578571168	2.14279054162	2.01679283598	2.14279054162	1.95599291501	0.625213399288	0.609946337628	0.622435734502	0.629716887814	0.629716887814	0.629716887814	0.622435734502	0.602654964548	0.602663214851	0.602663214851	0.31142700112	0.0	0.31142700112	0.31142700112	0.268546751544	0.383755879921	0.383755879921	0.268546751544	0.383755879921	0.0	0.0	0.31142700112	0.0	1.32790746131	0.31142700112	0.31142700112	0.31142700112	0.31142700112	1.32790746131	0.268546751544	1.29736699642	1.30802500994	1.22925097133	1.22925097133	1.31520209045	1.74975985475	1.29736699642	1.29736699642	1.2961283128	1.30802500994	1.2961283128	1.16068269595	1.30802500994	1.16068269595	1.27487175164	1.29736699642	1.31520209045	1.27487175164	1.07445797531	1.2961283128	1.31520209045	1.07445797531	1.27487175164	1.30802500994	1.31520209045	1.74975985475	1.30802500994	1.01892458052	1.31520209045	1.16068269595	1.74975985475	1.29736699642	1.2961283128	1.2961283128	0.268546751544	0.31142700112
2.96775106424	2.84764818005	2.84764818005	2.89659986714	1.41820207985	2.89659986714	1.43055565285	2.96775106424	2.87039966952	2.96775106424	2.84764818005	1.45399128712	1.4384825531	1.45158390486	1.45831153137	1.45831153137	1.45831153137	1.45158390486	1.44232790647	1.43512521061	1.43512521061	1.3454900476	1.32790746131	1.3454900476	1.3454900476	1.35081767867	1.4251172426	1.4251172426	1.35081767867	1.4251172426	1.32790746131	1.32790746131	1.3454900476	1.32790746131	0.0	1.3454900476	1.3454900476	1.3454900476	1.3454900476	0.0	1.35081767867	2.05651776873	2.06519160225	2.01504881123	2.01504881123	2.08899705242	2.48473540021	2.05651776873	2.05651776873	2.08788486502	2.06519160225	2.08788486502	1.89037798665	2.06519160225	1.89037798665	2.02128137776	2.05651776873	2.08899705242	2.02128137776	1.77702858737	2.08788486502	2.08899705242	1.77702858737	2.02128137776	2.06519160225	2.08899705242	2.48473540021	2.06519160225	1.73343553018	2.08899705242	1.89037798665	2.48473540021	2.05651776873	2.08788486502	2.08788486502	1.35081767867	1.3454900476
2.17926858199	2.00168548621	2.00168548621	2.11582087198	0.515126468763	2.11582087198	0.53804317299	2.17926858199	2.0572901141	2.17926858199	2.00168548621	0.662950700947	0.647256153391	0.659960744659	0.667187320695	0.667187320695	0.667187320695	0.659960744659	0.64171852563	0.64048813019	0.64048813019	0.0	0.31142700112	0.0	0.0	0.339561666058	0.430152617946	0.430152617946	0.339561666058	0.430152617946	0.31142700112	0.31142700112	0.0	0.31142700112	1.3454900476	0.0	0.0	0.0	0.0	1.3454900476	0.339561666058	1.32736279697	1.33842446509	1.25507998776	1.25507998776	1.34727615331	1.7778511537	1.32736279697	1.32736279697	1.33025163049	1.33842446509	1.33025163049	1.18247150878	1.33842446509	1.18247150878	1.30398651619	1.32736279697	1.34727615331	1.30398651619	1.09617312567	1.33025163049	1.34727615331	1.09617312567	1.30398651619	1.33842446509	1.34727615331	1.7778511537	1.33842446509	1.04478425762	1.34727615331	1.18247150878	1.7778511537	1.32736279697	1.33025163049	1.33025163049	0.339561666058	0.0
2.17926858199	2.00168548621	2.00168548621	2.11582087198	0.515126468763	2.11582087198	0.53804317299	2.17926858199	2.0572901141	2.17926858199	2.00168548621	0.662950700947	0.647256153391	0.659960744659	0.667187320695	0.667187320695	0.667187320695	0.659960744659	0.64171852563	0.64048813019	0.64048813019	0.0	0.31142700112	0.0	0.0	0.339561666058	0.430152617946	0.430152617946	0.339561666058	0.430152617946	0.31142700112	0.31142700112	0.0	0.31142700112	1.3454900476	0.0	0.0	0.0	0.0	1.3454900476	0.339561666058	1.32736279697	1.33842446509	1.25507998776	1.25507998776	1.34727615331	1.7778511537	1.32736279697	1.32736279697	1.33025163049	1.33842446509	1.33025163049	1.18247150878	1.33842446509	1.18247150878	1.30398651619	1.32736279697	1.34727615331	1.30398651619	1.09617312567	1.33025163049	1.34727615331	1.09617312567	1.30398651619	1.33842446509	1.34727615331	1.7778511537	1.33842446509	1.04478425762	1.34727615331	1.18247150878	1.7778511537	1.32736279697	1.33025163049	1.33025163049	0.339561666058	0.0
2.17926858199	2.00168548621	2.00168548621	2.11582087198	0.515126468763	2.11582087198	0.53804317299	2.17926858199	2.0572901141	2.17926858199	2.00168548621	0.662950700947	0.647256153391	0.659960744659	0.667187320695	0.667187320695	0.667187320695	0.659960744659	0.64171852563	0.64048813019	0.64048813019	0.0	0.31142700112	0.0	0.0	0.339561666058	0.430152617946	0.430152617946	0.339561666058	0.430152617946	0.31142700112	0.31142700112	0.0	0.31142700112	1.3454900476	0.0	0.0	0.0	0.0	1.3454900476	0.339561666058	1.32736279697	1.33842446509	1.25507998776	1.25507998776	1.34727615331	1.7778511537	1.32736279697	1.32736279697	1.33025163049	1.33842446509	1.33025163049	1.18247150878	1.33842446509	1.18247150878	1.30398651619	1.32736279697	1.34727615331	1.30398651619	1.09617312567	1.33025163049	1.34727615331	1.09617312567	1.30398651619	1.33842446509	1.34727615331	1.7778511537	1.33842446509	1.04478425762	1.34727615331	1.18247150878	1.7778511537	1.32736279697	1.33025163049	1.33025163049	0.339561666058	0.0
