0.0	10.9228772521	10.9228772521	8.29297650442	7.66333182079	8.29297650442	7.54076771143	0.0	10.8470737436	0.0	10.9228772521	9.87241418385	9.55661462394	7.56251262505	7.32439878977	7.32439878977	7.32439878977	7.56251262505	8.62883302693	9.37090631007	9.37090631007	12.0967443207	11.4926111989	12.0967443207	12.0967443207	11.4015452856	11.6847181115	11.6847181115	11.4015452856	11.6847181115	11.4926111989	11.4926111989	12.0967443207	11.4926111989	13.8048156049	12.0967443207	12.0967443207	12.0967443207	12.0967443207	13.8048156049	11.4015452856	9.12094952357	9.10508735365	9.96887317574	9.96887317574	9.00947093384	9.78465020335	9.12094952357	9.12094952357	8.90731065368	9.10508735365	8.90731065368	9.84660725035	9.10508735365	9.84660725035	9.14919676383	9.12094952357	9.00947093384	9.14919676383	9.95462014443	8.90731065368	9.00947093384	9.95462014443	9.14919676383	9.10508735365	9.00947093384	9.78465020335	9.10508735365	9.26661634955	9.00947093384	9.84660725035	9.78465020335	9.12094952357	8.90731065368	8.90731065368	11.4015452856	12.0967443207
10.9228772521	0.0	0.0	8.58731435288	5.93341671284	8.58731435288	5.76438541646	10.9228772521	9.48491076867	10.9228772521	0.0	9.40260171046	9.36844205714	7.29881064554	7.06696295845	7.06696295845	7.06696295845	7.29881064554	7.83126952042	8.98177486548	8.98177486548	10.6773462285	10.0498672768	10.6773462285	10.6773462285	9.93114592956	10.1934309287	10.1934309287	9.93114592956	10.1934309287	10.0498672768	10.0498672768	10.6773462285	10.0498672768	12.4714411399	10.6773462285	10.6773462285	10.6773462285	10.6773462285	12.4714411399	9.93114592956	7.88488788227	7.9149747563	8.67770880776	8.67770880776	7.80620308394	8.62295855065	7.88488788227	7.88488788227	7.71362945326	7.9149747563	7.71362945326	8.55637402039	7.9149747563	8.55637402039	7.93820008608	7.88488788227	7.80620308394	7.93820008608	8.66256436792	7.71362945326	7.80620308394	8.66256436792	7.93820008608	7.9149747563	7.80620308394	8.62295855065	7.9149747563	8.05870721426	7.80620308394	8.55637402039	8.62295855065	7.88488788227	7.71362945326	7.71362945326	9.93114592956	10.6773462285
10.9228772521	0.0	0.0	8.58731435288	5.93341671284	8.58731435288	5.76438541646	10.9228772521	9.48491076867	10.9228772521	0.0	9.40260171046	9.36844205714	7.29881064554	7.06696295845	7.06696295845	7.06696295845	7.29881064554	7.83126952042	8.98177486548	8.98177486548	10.6773462285	10.0498672768	10.6773462285	10.6773462285	9.93114592956	10.1934309287	10.1934309287	9.93114592956	10.1934309287	10.0498672768	10.0498672768	10.6773462285	10.0498672768	12.4714411399	10.6773462285	10.6773462285	10.6773462285	10.6773462285	12.4714411399	9.93114592956	7.88488788227	7.9149747563	8.67770880776	8.67770880776	7.80620308394	8.62295855065	7.88488788227	7.88488788227	7.71362945326	7.9149747563	7.71362945326	8.55637402039	7.9149747563	8.55637402039	7.93820008608	7.88488788227	7.80620308394	7.93820008608	8.66256436792	7.71362945326	7.80620308394	8.66256436792	7.93820008608	7.9149747563	7.80620308394	8.62295855065	7.9149747563	8.05870721426	7.80620308394	8.55637402039	8.62295855065	7.88488788227	7.71362945326	7.71362945326	9.93114592956	10.6773462285
8.29297650442	8.58731435288	8.58731435288	0.0	5.38303781163	0.0	5.2679598486	8.29297650442	8.62580060987	8.29297650442	8.58731435288	7.80460444464	7.59329994003	5.53502385604	5.29158423829	5.29158423829	5.29158423829	5.53502385604	6.58245538284	7.49391485973	7.49391485973	9.82728357678	9.22493371281	9.82728357678	9.82728357678	9.12060601242	9.37050390021	9.37050390021	9.12060601242	9.37050390021	9.22493371281	9.22493371281	9.82728357678	9.22493371281	11.5681152852	9.82728357678	9.82728357678	9.82728357678	9.82728357678	11.5681152852	9.12060601242	6.91883279835	6.91182390515	7.75257332091	7.75257332091	6.81445104724	7.59562493095	6.91883279835	6.91883279835	6.71484969761	6.91182390515	6.71484969761	7.62818687493	6.91182390515	7.62818687493	6.95172544303	6.91883279835	6.81445104724	6.95172544303	7.73481469083	6.71484969761	6.81445104724	7.73481469083	6.95172544303	6.91182390515	6.81445104724	7.59562493095	6.91182390515	7.06895020469	6.81445104724	7.62818687493	7.59562493095	6.91883279835	6.71484969761	6.71484969761	9.12060601242	9.82728357678
7.66333182079	5.93341671284	5.93341671284	5.38303781163	0.0	5.38303781163	1.09153731196	7.66333182079	6.57251321744	7.66333182079	5.93341671284	5.81305234722	5.87690516567	3.7689954574	3.53424861561	3.53424861561	3.53424861561	3.7689954574	4.30850780008	5.61727751733	5.61727751733	6.38948775261	5.72520361002	6.38948775261	6.38948775261	5.57020047688	5.82704998372	5.82704998372	5.57020047688	5.82704998372	5.72520361002	5.72520361002	6.38948775261	5.72520361002	8.28442703026	6.38948775261	6.38948775261	6.38948775261	6.38948775261	8.28442703026	5.57020047688	3.80527845131	3.87501925033	4.54062398885	4.54062398885	3.75759065319	4.60246272607	3.80527845131	3.80527845131	3.67583379627	3.87501925033	3.67583379627	4.4179033366	3.87501925033	4.4179033366	3.87989855228	3.80527845131	3.75759065319	3.87989855228	4.5215142536	3.67583379627	3.75759065319	4.5215142536	3.87989855228	3.87501925033	3.75759065319	4.60246272607	3.87501925033	4.00066972444	3.75759065319	4.4179033366	4.60246272607	3.80527845131	3.67583379627	3.67583379627	5.57020047688	6.38948775261
8.29297650442	8.58731435288	8.58731435288	0.0	5.38303781163	0.0	5.2679598486	8.29297650442	8.62580060987	8.29297650442	8.58731435288	7.80460444464	7.59329994003	5.53502385604	5.29158423829	5.29158423829	5.29158423829	5.53502385604	6.58245538284	7.49391485973	7.49391485973	9.82728357678	9.22493371281	9.82728357678	9.82728357678	9.12060601242	9.37050390021	9.37050390021	9.12060601242	9.37050390021	9.22493371281	9.22493371281	9.82728357678	9.22493371281	11.5681152852	9.82728357678	9.82728357678	9.82728357678	9.82728357678	11.5681152852	9.12060601242	6.91883279835	6.91182390515	7.75257332091	7.75257332091	6.81445104724	7.59562493095	6.91883279835	6.91883279835	6.71484969761	6.91182390515	6.71484969761	7.62818687493	6.91182390515	7.62818687493	6.95172544303	6.91883279835	6.81445104724	6.95172544303	7.73481469083	6.71484969761	6.81445104724	7.73481469083	6.95172544303	6.91182390515	6.81445104724	7.59562493095	6.91182390515	7.06895020469	6.81445104724	7.62818687493	7.59562493095	6.91883279835	6.71484969761	6.71484969761	9.12060601242	9.82728357678
7.54076771143	5.76438541646	5.76438541646	5.2679598486	1.09153731196	5.2679598486	0.0	7.54076771143	6.42685017131	7.54076771143	5.76438541646	5.70353850242	5.76014394924	3.65617754701	3.42204752387	3.42204752387	3.42204752387	3.65617754701	4.17870724248	5.48252929848	5.48252929848	6.41381162815	5.75763994636	6.41381162815	6.41381162815	5.61416221201	5.87895154875	5.87895154875	5.61416221201	5.87895154875	5.75763994636	5.75763994636	6.41381162815	5.75763994636	8.2791333448	6.41381162815	6.41381162815	6.41381162815	6.41381162815	8.2791333448	5.61416221201	3.76972850417	3.83138517136	4.51923135568	4.51923135568	3.71521021682	4.55564813927	3.76972850417	3.76972850417	3.6307934738	3.83138517136	3.6307934738	4.3978747772	3.83138517136	4.3978747772	3.84010652772	3.76972850417	3.71521021682	3.84010652772	4.50249342192	3.6307934738	3.71521021682	4.50249342192	3.84010652772	3.83138517136	3.71521021682	4.55564813927	3.83138517136	3.96131888588	3.71521021682	4.3978747772	4.55564813927	3.76972850417	3.6307934738	3.6307934738	5.61416221201	6.41381162815
0.0	10.9228772521	10.9228772521	8.29297650442	7.66333182079	8.29297650442	7.54076771143	0.0	10.8470737436	0.0	10.9228772521	9.87241418385	9.55661462394	7.56251262505	7.32439878977	7.32439878977	7.32439878977	7.56251262505	8.62883302693	9.37090631007	9.37090631007	12.0967443207	11.4926111989	12.0967443207	12.0967443207	11.4015452856	11.6847181115	11.6847181115	11.4015452856	11.6847181115	11.4926111989	11.4926111989	12.0967443207	11.4926111989	13.8048156049	12.0967443207	12.0967443207	12.0967443207	12.0967443207	13.8048156049	11.4015452856	9.12094952357	9.10508735365	9.96887317574	9.96887317574	9.00947093384	9.78465020335	9.12094952357	9.12094952357	8.90731065368	9.10508735365	8.90731065368	9.84660725035	9.10508735365	9.84660725035	9.14919676383	9.12094952357	9.00947093384	9.14919676383	9.95462014443	8.90731065368	9.00947093384	9.95462014443	9.14919676383	9.10508735365	9.00947093384	9.78465020335	9.10508735365	9.26661634955	9.00947093384	9.84660725035	9.78465020335	9.12094952357	8.90731065368	8.90731065368	11.4015452856	12.0967443207
10.8470737436	9.48491076867	9.48491076867	8.62580060987	6.57251321744	8.62580060987	6.42685017131	10.8470737436	0.0	10.8470737436	9.48491076867	9.50371122273	9.38498061328	7.35433185429	7.12637854907	7.12637854907	7.12637854907	7.35433185429	7.86441186721	8.80637475859	8.80637475859	11.1592070959	10.5420188974	11.1592070959	11.1592070959	10.4384222542	10.715368512	10.715368512	10.4384222542	10.715368512	10.5420188974	10.5420188974	11.1592070959	10.5420188974	12.9100728745	11.1592070959	11.1592070959	11.1592070959	11.1592070959	12.9100728745	10.4384222542	8.27590805321	8.28671867168	9.09408199731	9.09408199731	8.18280592062	8.98408734907	8.27590805321	8.27590805321	8.08556976195	8.28671867168	8.08556976195	8.97314741389	8.28671867168	8.97314741389	8.31879444971	8.27590805321	8.18280592062	8.31879444971	9.08046733804	8.08556976195	8.18280592062	9.08046733804	8.31879444971	8.28671867168	8.18280592062	8.98408734907	8.28671867168	8.43860951073	8.18280592062	8.97314741389	8.98408734907	8.27590805321	8.08556976195	8.08556976195	10.4384222542	11.1592070959
0.0	10.9228772521	10.9228772521	8.29297650442	7.66333182079	8.29297650442	7.54076771143	0.0	10.8470737436	0.0	10.9228772521	9.87241418385	9.55661462394	7.56251262505	7.32439878977	7.32439878977	7.32439878977	7.56251262505	8.62883302693	9.37090631007	9.37090631007	12.0967443207	11.4926111989	12.0967443207	12.0967443207	11.4015452856	11.6847181115	11.6847181115	11.4015452856	11.6847181115	11.4926111989	11.4926111989	12.0967443207	11.4926111989	13.8048156049	12.0967443207	12.0967443207	12.0967443207	12.0967443207	13.8048156049	11.4015452856	9.12094952357	9.10508735365	9.96887317574	9.96887317574	9.00947093384	9.78465020335	9.12094952357	9.12094952357	8.90731065368	9.10508735365	8.90731065368	9.84660725035	9.10508735365	9.84660725035	9.14919676383	9.12094952357	9.00947093384	9.14919676383	9.95462014443	8.90731065368	9.00947093384	9.95462014443	9.14919676383	9.10508735365	9.00947093384	9.78465020335	9.10508735365	9.26661634955	9.00947093384	9.84660725035	9.78465020335	9.12094952357	8.90731065368	8.90731065368	11.4015452856	12.0967443207
10.9228772521	0.0	0.0	8.58731435288	5.93341671284	8.58731435288	5.76438541646	10.9228772521	9.48491076867	10.9228772521	0.0	9.40260171046	9.36844205714	7.29881064554	7.06696295845	7.06696295845	7.06696295845	7.29881064554	7.83126952042	8.98177486548	8.98177486548	10.6773462285	10.0498672768	10.6773462285	10.6773462285	9.93114592956	10.1934309287	10.1934309287	9.93114592956	10.1934309287	10.0498672768	10.0498672768	10.6773462285	10.0498672768	12.4714411399	10.6773462285	10.6773462285	10.6773462285	10.6773462285	12.4714411399	9.93114592956	7.88488788227	7.9149747563	8.67770880776	8.67770880776	7.80620308394	8.62295855065	7.88488788227	7.88488788227	7.71362945326	7.9149747563	7.71362945326	8.55637402039	7.9149747563	8.55637402039	7.93820008608	7.88488788227	7.80620308394	7.93820008608	8.66256436792	7.71362945326	7.80620308394	8.66256436792	7.93820008608	7.9149747563	7.80620308394	8.62295855065	7.9149747563	8.05870721426	7.80620308394	8.55637402039	8.62295855065	7.88488788227	7.71362945326	7.71362945326	9.93114592956	10.6773462285
9.87241418385	9.40260171046	9.40260171046	7.80460444464	5.81305234722	7.80460444464	5.70353850242	9.87241418385	9.50371122273	9.87241418385	9.40260171046	0.0	6.90023526043	4.43969257096	4.18087971012	4.18087971012	4.18087971012	4.43969257096	6.15631762791	7.72621653581	7.72621653581	10.0143488757	9.42343279511	10.0143488757	10.0143488757	9.38281313843	9.75880373982	9.75880373982	9.38281313843	9.75880373982	9.42343279511	9.42343279511	10.0143488757	9.42343279511	11.5808214856	10.0143488757	10.0143488757	10.0143488757	10.0143488757	11.5808214856	9.38281313843	6.74070384871	6.66646086387	7.66570464328	7.66570464328	6.58573815549	7.31343351967	6.74070384871	6.74070384871	6.46963338949	6.66646086387	6.46963338949	7.54705275919	6.66646086387	7.54705275919	6.73751037269	6.74070384871	6.58573815549	6.73751037269	7.65954824095	6.46963338949	6.58573815549	7.65954824095	6.73751037269	6.66646086387	6.58573815549	7.31343351967	6.66646086387	6.85286176403	6.58573815549	7.54705275919	7.31343351967	6.74070384871	6.46963338949	6.46963338949	9.38281313843	10.0143488757
9.55661462394	9.36844205714	9.36844205714	7.59329994003	5.87690516567	7.59329994003	5.76014394924	9.55661462394	9.38498061328	9.55661462394	9.36844205714	6.90023526043	0.0	4.00240695279	3.8417255563	3.8417255563	3.8417255563	4.00240695279	6.24375233692	7.26861342844	7.26861342844	10.1621899978	9.56608051668	10.1621899978	10.1621899978	9.51008376482	9.85990925072	9.85990925072	9.51008376482	9.85990925072	9.56608051668	9.56608051668	10.1621899978	9.56608051668	11.7725219503	10.1621899978	10.1621899978	10.1621899978	10.1621899978	11.7725219503	9.51008376482	6.98115299092	6.92492665986	7.88166537012	7.88166537012	6.84009886095	7.58055843504	6.98115299092	6.98115299092	6.72884092132	6.92492665986	6.72884092132	7.76199251841	6.92492665986	7.76199251841	6.9876308382	6.98115299092	6.84009886095	6.9876308382	7.87313085171	6.72884092132	6.84009886095	7.87313085171	6.9876308382	6.92492665986	6.84009886095	7.58055843504	6.92492665986	7.10318887746	6.84009886095	7.76199251841	7.58055843504	6.98115299092	6.72884092132	6.72884092132	9.51008376482	10.1621899978
7.56251262505	7.29881064554	7.29881064554	5.53502385604	3.7689954574	5.53502385604	3.65617754701	7.56251262505	7.35433185429	7.56251262505	7.29881064554	4.43969257096	4.00240695279	0.0	1.08871892228	1.08871892228	1.08871892228	0.0	4.15072610106	5.43271566138	5.43271566138	8.01389677535	7.42077028883	8.01389677535	8.01389677535	7.37138632969	7.73147783732	7.73147783732	7.37138632969	7.73147783732	7.42077028883	7.42077028883	8.01389677535	7.42077028883	9.604189335	8.01389677535	8.01389677535	8.01389677535	8.01389677535	9.604189335	7.37138632969	4.79021680394	4.72386399422	5.70274745066	5.70274745066	4.64205439093	5.37291812505	4.79021680394	4.79021680394	4.52881130044	4.72386399422	4.52881130044	5.58314530699	4.72386399422	5.58314530699	4.79117987107	4.79021680394	4.64205439093	4.79117987107	5.69480367024	4.52881130044	4.64205439093	5.69480367024	4.79117987107	4.72386399422	4.64205439093	5.37291812505	4.72386399422	4.9059751807	4.64205439093	5.58314530699	5.37291812505	4.79021680394	4.52881130044	4.52881130044	7.37138632969	8.01389677535
7.32439878977	7.06696295845	7.06696295845	5.29158423829	3.53424861561	5.29158423829	3.42204752387	7.32439878977	7.12637854907	7.32439878977	7.06696295845	4.18087971012	3.8417255563	1.08871892228	0.0	0.0	0.0	1.08871892228	3.94244499363	5.22683312819	5.22683312819	7.77398297635	7.18131832718	7.77398297635	7.77398297635	7.13261604595	7.49355094654	7.49355094654	7.13261604595	7.49355094654	7.18131832718	7.18131832718	7.77398297635	7.18131832718	9.36199005566	7.77398297635	7.77398297635	7.77398297635	7.77398297635	9.36199005566	7.13261604595	4.54537385301	4.47758004111	5.45942350197	5.45942350197	4.39626856425	5.12554425458	4.54537385301	4.54537385301	4.28281269043	4.47758004111	4.28281269043	5.33976630718	4.47758004111	5.33976630718	4.54554383252	4.54537385301	4.39626856425	4.54554383252	5.4514679277	4.28281269043	4.39626856425	5.4514679277	4.54554383252	4.47758004111	4.39626856425	5.12554425458	4.47758004111	4.66016798609	4.39626856425	5.33976630718	5.12554425458	4.54537385301	4.28281269043	4.28281269043	7.13261604595	7.77398297635
7.32439878977	7.06696295845	7.06696295845	5.29158423829	3.53424861561	5.29158423829	3.42204752387	7.32439878977	7.12637854907	7.32439878977	7.06696295845	4.18087971012	3.8417255563	1.08871892228	0.0	0.0	0.0	1.08871892228	3.94244499363	5.22683312819	5.22683312819	7.77398297635	7.18131832718	7.77398297635	7.77398297635	7.13261604595	7.49355094654	7.49355094654	7.13261604595	7.49355094654	7.18131832718	7.18131832718	7.77398297635	7.18131832718	9.36199005566	7.77398297635	7.77398297635	7.77398297635	7.77398297635	9.36199005566	7.13261604595	4.54537385301	4.47758004111	5.45942350197	5.45942350197	4.39626856425	5.12554425458	4.54537385301	4.54537385301	4.28281269043	4.47758004111	4.28281269043	5.33976630718	4.47758004111	5.33976630718	4.54554383252	4.54537385301	4.39626856425	4.54554383252	5.4514679277	4.28281269043	4.39626856425	5.4514679277	4.54554383252	4.47758004111	4.39626856425	5.12554425458	4.47758004111	4.66016798609	4.39626856425	5.33976630718	5.12554425458	4.54537385301	4.28281269043	4.28281269043	7.13261604595	7.77398297635
7.32439878977	7.06696295845	7.06696295845	5.29158423829	3.53424861561	5.29158423829	3.42204752387	7.32439878977	7.12637854907	7.32439878977	7.06696295845	4.18087971012	3.8417255563	1.08871892228	0.0	0.0	0.0	1.08871892228	3.94244499363	5.22683312819	5.22683312819	7.77398297635	7.18131832718	7.77398297635	7.77398297635	7.13261604595	7.49355094654	7.49355094654	7.13261604595	7.49355094654	7.18131832718	7.18131832718	7.77398297635	7.18131832718	9.36199005566	7.77398297635	7.77398297635	7.77398297635	7.77398297635	9.36199005566	7.13261604595	4.54537385301	4.47758004111	5.45942350197	5.45942350197	4.39626856425	5.12554425458	4.54537385301	4.54537385301	4.28281269043	4.47758004111	4.28281269043	5.33976630718	4.47758004111	5.33976630718	4.54554383252	4.54537385301	4.39626856425	4.54554383252	5.4514679277	4.28281269043	4.39626856425	5.4514679277	4.54554383252	4.47758004111	4.39626856425	5.12554425458	4.47758004111	4.66016798609	4.39626856425	5.33976630718	5.12554425458	4.54537385301	4.28281269043	4.28281269043	7.13261604595	7.77398297635
7.56251262505	7.29881064554	7.29881064554	5.53502385604	3.7689954574	5.53502385604	3.65617754701	7.56251262505	7.35433185429	7.56251262505	7.29881064554	4.43969257096	4.00240695279	0.0	1.08871892228	1.08871892228	1.08871892228	0.0	4.15072610106	5.43271566138	5.43271566138	8.01389677535	7.42077028883	8.01389677535	8.01389677535	7.37138632969	7.73147783732	7.73147783732	7.37138632969	7.73147783732	7.42077028883	7.42077028883	8.01389677535	7.42077028883	9.604189335	8.01389677535	8.01389677535	8.01389677535	8.01389677535	9.604189335	7.37138632969	4.79021680394	4.72386399422	5.70274745066	5.70274745066	4.64205439093	5.37291812505	4.79021680394	4.79021680394	4.52881130044	4.72386399422	4.52881130044	5.58314530699	4.72386399422	5.58314530699	4.79117987107	4.79021680394	4.64205439093	4.79117987107	5.69480367024	4.52881130044	4.64205439093	5.69480367024	4.79117987107	4.72386399422	4.64205439093	5.37291812505	4.72386399422	4.9059751807	4.64205439093	5.58314530699	5.37291812505	4.79021680394	4.52881130044	4.52881130044	7.37138632969	8.01389677535
8.62883302693	7.83126952042	7.83126952042	6.58245538284	4.30850780008	6.58245538284	4.17870724248	8.62883302693	7.86441186721	8.62883302693	7.83126952042	6.15631762791	6.24375233692	4.15072610106	3.94244499363	3.94244499363	3.94244499363	4.15072610106	0.0	6.06230115168	6.06230115168	8.67116382847	8.06570715948	8.67116382847	8.67116382847	8.00479995818	8.3570291259	8.3570291259	8.00479995818	8.3570291259	8.06570715948	8.06570715948	8.67116382847	8.06570715948	10.3063420042	8.67116382847	8.67116382847	8.67116382847	8.67116382847	10.3063420042	8.00479995818	5.54613255438	5.51454298845	6.42499995922	6.42499995922	5.41986411148	6.19150651595	5.54613255438	5.54613255438	5.3109326351	5.51454298845	5.3109326351	6.30797027916	5.51454298845	6.30797027916	5.56635142044	5.54613255438	5.41986411148	5.56635142044	6.41915882593	5.3109326351	5.41986411148	6.41915882593	5.56635142044	5.51454298845	5.41986411148	6.19150651595	5.51454298845	5.68605912966	5.41986411148	6.30797027916	6.19150651595	5.54613255438	5.3109326351	5.3109326351	8.00479995818	8.67116382847
9.37090631007	8.98177486548	8.98177486548	7.49391485973	5.61727751733	7.49391485973	5.48252929848	9.37090631007	8.80637475859	9.37090631007	8.98177486548	7.72621653581	7.26861342844	5.43271566138	5.22683312819	5.22683312819	5.22683312819	5.43271566138	6.06230115168	0.0	0.0	10.0578170099	9.44954440851	10.0578170099	10.0578170099	9.3715755727	9.69099475369	9.69099475369	9.3715755727	9.69099475369	9.44954440851	9.44954440851	10.0578170099	9.44954440851	11.736861874	10.0578170099	10.0578170099	10.0578170099	10.0578170099	11.736861874	9.3715755727	7.0236525293	7.00433661213	7.88141032802	7.88141032802	6.90823068956	7.68448591362	7.0236525293	7.0236525293	6.80394123679	7.00433661213	6.80394123679	7.76206814228	7.00433661213	7.76206814228	7.05028579473	7.0236525293	6.90823068956	7.05028579473	7.87157679805	6.80394123679	6.90823068956	7.87157679805	7.05028579473	7.00433661213	6.90823068956	7.68448591362	7.00433661213	7.16889789972	6.90823068956	7.76206814228	7.68448591362	7.0236525293	6.80394123679	6.80394123679	9.3715755727	10.0578170099
9.37090631007	8.98177486548	8.98177486548	7.49391485973	5.61727751733	7.49391485973	5.48252929848	9.37090631007	8.80637475859	9.37090631007	8.98177486548	7.72621653581	7.26861342844	5.43271566138	5.22683312819	5.22683312819	5.22683312819	5.43271566138	6.06230115168	0.0	0.0	10.0578170099	9.44954440851	10.0578170099	10.0578170099	9.3715755727	9.69099475369	9.69099475369	9.3715755727	9.69099475369	9.44954440851	9.44954440851	10.0578170099	9.44954440851	11.736861874	10.0578170099	10.0578170099	10.0578170099	10.0578170099	11.736861874	9.3715755727	7.0236525293	7.00433661213	7.88141032802	7.88141032802	6.90823068956	7.68448591362	7.0236525293	7.0236525293	6.80394123679	7.00433661213	6.80394123679	7.76206814228	7.00433661213	7.76206814228	7.05028579473	7.0236525293	6.90823068956	7.05028579473	7.87157679805	6.80394123679	6.90823068956	7.87157679805	7.05028579473	7.00433661213	6.90823068956	7.68448591362	7.00433661213	7.16889789972	6.90823068956	7.76206814228	7.68448591362	7.0236525293	6.80394123679	6.80394123679	9.3715755727	10.0578170099
12.0967443207	10.6773462285	10.6773462285	9.82728357678	6.38948775261	9.82728357678	6.41381162815	12.0967443207	11.1592070959	12.0967443207	10.6773462285	10.0143488757	10.1621899978	8.01389677535	7.77398297635	7.77398297635	7.77398297635	8.01389677535	8.67116382847	10.0578170099	10.0578170099	0.0	6.80795896526	0.0	0.0	7.26122368326	8.21765414685	8.21765414685	7.26122368326	8.21765414685	6.80795896526	6.80795896526	0.0	6.80795896526	9.95077426056	0.0	0.0	0.0	0.0	9.95077426056	7.26122368326	7.02081685834	7.23705194179	7.3256816675	7.3256816675	7.12077481005	8.00219993256	7.02081685834	7.02081685834	7.10692462138	7.23705194179	7.10692462138	7.00355816218	7.23705194179	7.00355816218	7.16076867056	7.02081685834	7.12077481005	7.16076867056	7.01700725289	7.10692462138	7.12077481005	7.01700725289	7.16076867056	7.23705194179	7.12077481005	8.00219993256	7.23705194179	7.24323894794	7.12077481005	7.00355816218	8.00219993256	7.02081685834	7.10692462138	7.10692462138	7.26122368326	0.0
11.4926111989	10.0498672768	10.0498672768	9.22493371281	5.72520361002	9.22493371281	5.75763994636	11.4926111989	10.5420188974	11.4926111989	10.0498672768	9.42343279511	9.56608051668	7.42077028883	7.18131832718	7.18131832718	7.18131832718	7.42077028883	8.06570715948	9.44954440851	9.44954440851	6.80795896526	0.0	6.80795896526	6.80795896526	6.08695360665	7.78586002526	7.78586002526	6.08695360665	7.78586002526	0.0	0.0	6.80795896526	0.0	10.0768695391	6.80795896526	6.80795896526	6.80795896526	6.80795896526	10.0768695391	6.08695360665	6.55714397595	6.74886992165	6.95417372196	6.95417372196	6.62788150964	7.510586532	6.55714397595	6.55714397595	6.5987004465	6.74886992165	6.5987004465	6.72574880409	6.74886992165	6.72574880409	6.68909716232	6.55714397595	6.62788150964	6.68909716232	6.7822660774	6.5987004465	6.62788150964	6.7822660774	6.68909716232	6.74886992165	6.62788150964	7.510586532	6.74886992165	6.78454301911	6.62788150964	6.72574880409	7.510586532	6.55714397595	6.5987004465	6.5987004465	6.08695360665	6.80795896526
12.0967443207	10.6773462285	10.6773462285	9.82728357678	6.38948775261	9.82728357678	6.41381162815	12.0967443207	11.1592070959	12.0967443207	10.6773462285	10.0143488757	10.1621899978	8.01389677535	7.77398297635	7.77398297635	7.77398297635	8.01389677535	8.67116382847	10.0578170099	10.0578170099	0.0	6.80795896526	0.0	0.0	7.26122368326	8.21765414685	8.21765414685	7.26122368326	8.21765414685	6.80795896526	6.80795896526	0.0	6.80795896526	9.95077426056	0.0	0.0	0.0	0.0	9.95077426056	7.26122368326	7.02081685834	7.23705194179	7.3256816675	7.3256816675	7.12077481005	8.00219993256	7.02081685834	7.02081685834	7.10692462138	7.23705194179	7.10692462138	7.00355816218	7.23705194179	7.00355816218	7.16076867056	7.02081685834	7.12077481005	7.16076867056	7.01700725289	7.10692462138	7.12077481005	7.01700725289	7.16076867056	7.23705194179	7.12077481005	8.00219993256	7.23705194179	7.24323894794	7.12077481005	7.00355816218	8.00219993256	7.02081685834	7.10692462138	7.10692462138	7.26122368326	0.0
12.0967443207	10.6773462285	10.6773462285	9.82728357678	6.38948775261	9.82728357678	6.41381162815	12.0967443207	11.1592070959	12.0967443207	10.6773462285	10.0143488757	10.1621899978	8.01389677535	7.77398297635	7.77398297635	7.77398297635	8.01389677535	8.67116382847	10.0578170099	10.0578170099	0.0	6.80795896526	0.0	0.0	7.26122368326	8.21765414685	8.21765414685	7.26122368326	8.21765414685	6.80795896526	6.80795896526	0.0	6.80795896526	9.95077426056	0.0	0.0	0.0	0.0	9.95077426056	7.26122368326	7.02081685834	7.23705194179	7.3256816675	7.3256816675	7.12077481005	8.00219993256	7.02081685834	7.02081685834	7.10692462138	7.23705194179	7.10692462138	7.00355816218	7.23705194179	7.00355816218	7.16076867056	7.02081685834	7.12077481005	7.16076867056	7.01700725289	7.10692462138	7.12077481005	7.01700725289	7.16076867056	7.23705194179	7.12077481005	8.00219993256	7.23705194179	7.24323894794	7.12077481005	7.00355816218	8.00219993256	7.02081685834	7.10692462138	7.10692462138	7.26122368326	0.0
11.4015452856	9.93114592956	9.93114592956	9.12060601242	5.57020047688	9.12060601242	5.61416221201	11.4015452856	10.4384222542	11.4015452856	9.93114592956	9.38281313843	9.51008376482	7.37138632969	7.13261604595	7.13261604595	7.13261604595	7.37138632969	8.00479995818	9.3715755727	9.3715755727	7.26122368326	6.08695360665	7.26122368326	7.26122368326	0.0	7.08581244256	7.08581244256	0.0	7.08581244256	6.08695360665	6.08695360665	7.26122368326	6.08695360665	10.338489895	7.26122368326	7.26122368326	7.26122368326	7.26122368326	10.338489895	0.0	6.67331627218	6.84158670096	7.14437311594	7.14437311594	6.72095941711	7.59712090796	6.67331627218	6.67331627218	6.68149298944	6.84158670096	6.68149298944	6.93051484157	6.84158670096	6.93051484157	6.7942362105	6.67331627218	6.72095941711	6.7942362105	6.99164519358	6.68149298944	6.72095941711	6.99164519358	6.7942362105	6.84158670096	6.72095941711	7.59712090796	6.84158670096	6.89477450315	6.72095941711	6.93051484157	7.59712090796	6.67331627218	6.68149298944	6.68149298944	0.0	7.26122368326
11.6847181115	10.1934309287	10.1934309287	9.37050390021	5.82704998372	9.37050390021	5.87895154875	11.6847181115	10.715368512	11.6847181115	10.1934309287	9.75880373982	9.85990925072	7.73147783732	7.49355094654	7.49355094654	7.49355094654	7.73147783732	8.3570291259	9.69099475369	9.69099475369	8.21765414685	7.78586002526	8.21765414685	8.21765414685	7.08581244256	0.0	0.0	7.08581244256	0.0	7.78586002526	7.78586002526	8.21765414685	7.78586002526	10.9904879135	8.21765414685	8.21765414685	8.21765414685	8.21765414685	10.9904879135	7.08581244256	7.2482728344	7.39240560205	7.77857856738	7.77857856738	7.27423785739	8.13970296637	7.2482728344	7.2482728344	7.22590700899	7.39240560205	7.22590700899	7.56719805273	7.39240560205	7.56719805273	7.35688686376	7.2482728344	7.27423785739	7.35688686376	7.62834636516	7.22590700899	7.27423785739	7.62834636516	7.35688686376	7.39240560205	7.27423785739	8.13970296637	7.39240560205	7.46007678949	7.27423785739	7.56719805273	8.13970296637	7.2482728344	7.22590700899	7.22590700899	7.08581244256	8.21765414685
11.6847181115	10.1934309287	10.1934309287	9.37050390021	5.82704998372	9.37050390021	5.87895154875	11.6847181115	10.715368512	11.6847181115	10.1934309287	9.75880373982	9.85990925072	7.73147783732	7.49355094654	7.49355094654	7.49355094654	7.73147783732	8.3570291259	9.69099475369	9.69099475369	8.21765414685	7.78586002526	8.21765414685	8.21765414685	7.08581244256	0.0	0.0	7.08581244256	0.0	7.78586002526	7.78586002526	8.21765414685	7.78586002526	10.9904879135	8.21765414685	8.21765414685	8.21765414685	8.21765414685	10.9904879135	7.08581244256	7.2482728344	7.39240560205	7.77857856738	7.77857856738	7.27423785739	8.13970296637	7.2482728344	7.2482728344	7.22590700899	7.39240560205	7.22590700899	7.56719805273	7.39240560205	7.56719805273	7.35688686376	7.2482728344	7.27423785739	7.35688686376	7.62834636516	7.22590700899	7.27423785739	7.62834636516	7.35688686376	7.39240560205	7.27423785739	8.13970296637	7.39240560205	7.46007678949	7.27423785739	7.56719805273	8.13970296637	7.2482728344	7.22590700899	7.22590700899	7.08581244256	8.21765414685
11.4015452856	9.93114592956	9.93114592956	9.12060601242	5.57020047688	9.12060601242	5.61416221201	11.4015452856	10.4384222542	11.4015452856	9.93114592956	9.38281313843	9.51008376482	7.37138632969	7.13261604595	7.13261604595	7.13261604595	7.37138632969	8.00479995818	9.3715755727	9.3715755727	7.26122368326	6.08695360665	7.26122368326	7.26122368326	0.0	7.08581244256	7.08581244256	0.0	7.08581244256	6.08695360665	6.08695360665	7.26122368326	6.08695360665	10.338489895	7.26122368326	7.26122368326	7.26122368326	7.26122368326	10.338489895	0.0	6.67331627218	6.84158670096	7.14437311594	7.14437311594	6.72095941711	7.59712090796	6.67331627218	6.67331627218	6.68149298944	6.84158670096	6.68149298944	6.93051484157	6.84158670096	6.93051484157	6.7942362105	6.67331627218	6.72095941711	6.7942362105	6.99164519358	6.68149298944	6.72095941711	6.99164519358	6.7942362105	6.84158670096	6.72095941711	7.59712090796	6.84158670096	6.89477450315	6.72095941711	6.93051484157	7.59712090796	6.67331627218	6.68149298944	6.68149298944	0.0	7.26122368326
11.6847181115	10.1934309287	10.1934309287	9.37050390021	5.82704998372	9.37050390021	5.87895154875	11.6847181115	10.715368512	11.6847181115	10.1934309287	9.75880373982	9.85990925072	7.73147783732	7.49355094654	7.49355094654	7.49355094654	7.73147783732	8.3570291259	9.69099475369	9.69099475369	8.21765414685	7.78586002526	8.21765414685	8.21765414685	7.08581244256	0.0	0.0	7.08581244256	0.0	7.78586002526	7.78586002526	8.21765414685	7.78586002526	10.9904879135	8.21765414685	8.21765414685	8.21765414685	8.21765414685	10.9904879135	7.08581244256	7.2482728344	7.39240560205	7.77857856738	7.77857856738	7.27423785739	8.13970296637	7.2482728344	7.2482728344	7.22590700899	7.39240560205	7.22590700899	7.56719805273	7.39240560205	7.56719805273	7.35688686376	7.2482728344	7.27423785739	7.35688686376	7.62834636516	7.22590700899	7.27423785739	7.62834636516	7.35688686376	7.39240560205	7.27423785739	8.13970296637	7.39240560205	7.46007678949	7.27423785739	7.56719805273	8.13970296637	7.2482728344	7.22590700899	7.22590700899	7.08581244256	8.21765414685
11.4926111989	10.0498672768	10.0498672768	9.22493371281	5.72520361002	9.22493371281	5.75763994636	11.4926111989	10.5420188974	11.4926111989	10.0498672768	9.42343279511	9.56608051668	7.42077028883	7.18131832718	7.18131832718	7.18131832718	7.42077028883	8.06570715948	9.44954440851	9.44954440851	6.80795896526	0.0	6.80795896526	6.80795896526	6.08695360665	7.78586002526	7.78586002526	6.08695360665	7.78586002526	0.0	0.0	6.80795896526	0.0	10.0768695391	6.80795896526	6.80795896526	6.80795896526	6.80795896526	10.0768695391	6.08695360665	6.55714397595	6.74886992165	6.95417372196	6.95417372196	6.62788150964	7.510586532	6.55714397595	6.55714397595	6.5987004465	6.74886992165	6.5987004465	6.72574880409	6.74886992165	6.72574880409	6.68909716232	6.55714397595	6.62788150964	6.68909716232	6.7822660774	6.5987004465	6.62788150964	6.7822660774	6.68909716232	6.74886992165	6.62788150964	7.510586532	6.74886992165	6.78454301911	6.62788150964	6.72574880409	7.510586532	6.55714397595	6.5987004465	6.5987004465	6.08695360665	6.80795896526
11.4926111989	10.0498672768	10.0498672768	9.22493371281	5.72520361002	9.22493371281	5.75763994636	11.4926111989	10.5420188974	11.4926111989	10.0498672768	9.42343279511	9.56608051668	7.42077028883	7.18131832718	7.18131832718	7.18131832718	7.42077028883	8.06570715948	9.44954440851	9.44954440851	6.80795896526	0.0	6.80795896526	6.80795896526	6.08695360665	7.78586002526	7.78586002526	6.08695360665	7.78586002526	0.0	0.0	6.80795896526	0.0	10.0768695391	6.80795896526	6.80795896526	6.80795896526	6.80795896526	10.0768695391	6.08695360665	6.55714397595	6.74886992165	6.95417372196	6.95417372196	6.62788150964	7.510586532	6.55714397595	6.55714397595	6.5987004465	6.74886992165	6.5987004465	6.72574880409	6.74886992165	6.72574880409	6.68909716232	6.55714397595	6.62788150964	6.68909716232	6.7822660774	6.5987004465	6.62788150964	6.7822660774	6.68909716232	6.74886992165	6.62788150964	7.510586532	6.74886992165	6.78454301911	6.62788150964	6.72574880409	7.510586532	6.55714397595	6.5987004465	6.5987004465	6.08695360665	6.80795896526
12.0967443207	10.6773462285	10.6773462285	9.82728357678	6.38948775261	9.82728357678	6.41381162815	12.0967443207	11.1592070959	12.0967443207	10.6773462285	10.0143488757	10.1621899978	8.01389677535	7.77398297635	7.77398297635	7.77398297635	8.01389677535	8.67116382847	10.0578170099	10.0578170099	0.0	6.80795896526	0.0	0.0	7.26122368326	8.21765414685	8.21765414685	7.26122368326	8.21765414685	6.80795896526	6.80795896526	0.0	6.80795896526	9.95077426056	0.0	0.0	0.0	0.0	9.95077426056	7.26122368326	7.02081685834	7.23705194179	7.3256816675	7.3256816675	7.12077481005	8.00219993256	7.02081685834	7.02081685834	7.10692462138	7.23705194179	7.10692462138	7.00355816218	7.23705194179	7.00355816218	7.16076867056	7.02081685834	7.12077481005	7.16076867056	7.01700725289	7.10692462138	7.12077481005	7.01700725289	7.16076867056	7.23705194179	7.12077481005	8.00219993256	7.23705194179	7.24323894794	7.12077481005	7.00355816218	8.00219993256	7.02081685834	7.10692462138	7.10692462138	7.26122368326	0.0
11.4926111989	10.0498672768	10.0498672768	9.22493371281	5.72520361002	9.22493371281	5.75763994636	11.4926111989	10.5420188974	11.4926111989	10.0498672768	9.42343279511	9.56608051668	7.42077028883	7.18131832718	7.18131832718	7.18131832718	7.42077028883	8.06570715948	9.44954440851	9.44954440851	6.80795896526	0.0	6.80795896526	6.80795896526	6.08695360665	7.78586002526	7.78586002526	6.08695360665	7.78586002526	0.0	0.0	6.80795896526	0.0	10.0768695391	6.80795896526	6.80795896526	6.80795896526	6.80795896526	10.0768695391	6.08695360665	6.55714397595	6.74886992165	6.95417372196	6.95417372196	6.62788150964	7.510586532	6.55714397595	6.55714397595	6.5987004465	6.74886992165	6.5987004465	6.72574880409	6.74886992165	6.72574880409	6.68909716232	6.55714397595	6.62788150964	6.68909716232	6.7822660774	6.5987004465	6.62788150964	6.7822660774	6.68909716232	6.74886992165	6.62788150964	7.510586532	6.74886992165	6.78454301911	6.62788150964	6.72574880409	7.510586532	6.55714397595	6.5987004465	6.5987004465	6.08695360665	6.80795896526
13.8048156049	12.4714411399	12.4714411399	11.5681152852	8.28442703026	11.5681152852	8.2791333448	13.8048156049	12.9100728745	13.8048156049	12.4714411399	11.5808214856	11.7725219503	9.604189335	9.36199005566	9.36199005566	9.36199005566	9.604189335	10.3063420042	11.736861874	11.736861874	9.95077426056	10.0768695391	9.95077426056	9.95077426056	10.338489895	10.9904879135	10.9904879135	10.338489895	10.9904879135	10.0768695391	10.0768695391	9.95077426056	10.0768695391	0.0	9.95077426056	9.95077426056	9.95077426056	9.95077426056	0.0	10.338489895	7.9695777861	8.28479666648	8.02607886513	8.02607886513	8.18648935583	9.06730718787	7.9695777861	7.9695777861	8.23483595518	8.28479666648	8.23483595518	7.23450797328	8.28479666648	7.23450797328	8.13988120316	7.9695777861	8.18648935583	8.13988120316	6.9644061423	8.23483595518	8.18648935583	6.9644061423	8.13988120316	8.28479666648	8.18648935583	9.06730718787	8.28479666648	8.16847796172	8.18648935583	7.23450797328	9.06730718787	7.9695777861	8.23483595518	8.23483595518	10.338489895	9.95077426056
12.0967443207	10.6773462285	10.6773462285	9.82728357678	6.38948775261	9.82728357678	6.41381162815	12.0967443207	11.1592070959	12.0967443207	10.6773462285	10.0143488757	10.1621899978	8.01389677535	7.77398297635	7.77398297635	7.77398297635	8.01389677535	8.67116382847	10.0578170099	10.0578170099	0.0	6.80795896526	0.0	0.0	7.26122368326	8.21765414685	8.21765414685	7.26122368326	8.21765414685	6.80795896526	6.80795896526	0.0	6.80795896526	9.95077426056	0.0	0.0	0.0	0.0	9.95077426056	7.26122368326	7.02081685834	7.23705194179	7.3256816675	7.3256816675	7.12077481005	8.00219993256	7.02081685834	7.02081685834	7.10692462138	7.23705194179	7.10692462138	7.00355816218	7.23705194179	7.00355816218	7.16076867056	7.02081685834	7.12077481005	7.16076867056	7.01700725289	7.10692462138	7.12077481005	7.01700725289	7.16076867056	7.23705194179	7.12077481005	8.00219993256	7.23705194179	7.24323894794	7.12077481005	7.00355816218	8.00219993256	7.02081685834	7.10692462138	7.10692462138	7.26122368326	0.0
12.0967443207	10.6773462285	10.6773462285	9.82728357678	6.38948775261	9.82728357678	6.41381162815	12.0967443207	11.1592070959	12.0967443207	10.6773462285	10.0143488757	10.1621899978	8.01389677535	7.77398297635	7.77398297635	7.77398297635	8.01389677535	8.67116382847	10.0578170099	10.0578170099	0.0	6.80795896526	0.0	0.0	7.26122368326	8.21765414685	8.21765414685	7.26122368326	8.21765414685	6.80795896526	6.80795896526	0.0	6.80795896526	9.95077426056	0.0	0.0	0.0	0.0	9.95077426056	7.26122368326	7.02081685834	7.23705194179	7.3256816675	7.3256816675	7.12077481005	8.00219993256	7.02081685834	7.02081685834	7.10692462138	7.23705194179	7.10692462138	7.00355816218	7.23705194179	7.00355816218	7.16076867056	7.02081685834	7.12077481005	7.16076867056	7.01700725289	7.10692462138	7.12077481005	7.01700725289	7.16076867056	7.23705194179	7.12077481005	8.00219993256	7.23705194179	7.24323894794	7.12077481005	7.00355816218	8.00219993256	7.02081685834	7.10692462138	7.10692462138	7.26122368326	0.0
12.0967443207	10.6773462285	10.6773462285	9.82728357678	6.38948775261	9.82728357678	6.41381162815	12.0967443207	11.1592070959	12.0967443207	10.6773462285	10.0143488757	10.1621899978	8.01389677535	7.77398297635	7.77398297635	7.77398297635	8.01389677535	8.67116382847	10.0578170099	10.0578170099	0.0	6.80795896526	0.0	0.0	7.26122368326	8.21765414685	8.21765414685	7.26122368326	8.21765414685	6.80795896526	6.80795896526	0.0	6.80795896526	9.95077426056	0.0	0.0	0.0	0.0	9.95077426056	7.26122368326	7.02081685834	7.23705194179	7.3256816675	7.3256816675	7.12077481005	8.00219993256	7.02081685834	7.02081685834	7.10692462138	7.23705194179	7.10692462138	7.00355816218	7.23705194179	7.00355816218	7.16076867056	7.02081685834	7.12077481005	7.16076867056	7.01700725289	7.10692462138	7.12077481005	7.01700725289	7.16076867056	7.23705194179	7.12077481005	8.00219993256	7.23705194179	7.24323894794	7.12077481005	7.00355816218	8.00219993256	7.02081685834	7.10692462138	7.10692462138	7.26122368326	0.0
