0.0	2.15961832333	2.15961832333	1.67786875951	3.22253434726	1.67786875951	3.4264144946	0.0	2.36275684243	0.0	2.15961832333	2.30512257337	2.08447048141	2.14308691962	1.54782002804	1.54782002804	1.54782002804	2.14308691962	2.27153970429	2.18994242371	2.18994242371	2.70154572735	2.69109512126	2.70154572735	2.70154572735	2.65080916892	2.70603014324	2.70603014324	2.65080916892	2.70603014324	2.69109512126	2.69109512126	2.70154572735	2.69109512126	2.17204885759	2.70154572735	2.70154572735	2.70154572735	2.70154572735	2.17204885759	2.65080916892	1.97673975962	1.99570941985	3.21765508048	3.21765508048	2.37551536742	3.09609269749	1.97673975962	1.97673975962	1.99687976222	1.99570941985	1.99687976222	3.26111372743	1.99570941985	3.26111372743	2.46467607266	1.97673975962	2.37551536742	2.46467607266	3.27004042524	1.99687976222	2.37551536742	3.27004042524	2.46467607266	1.99570941985	2.37551536742	3.09609269749	1.99570941985	2.04489184244	2.37551536742	3.26111372743	3.09609269749	1.97673975962	1.99687976222	1.99687976222	2.65080916892	2.70154572735
2.15961832333	0.0	0.0	1.78219913541	2.61687126964	1.78219913541	2.79131170393	2.15961832333	1.50271004712	2.15961832333	0.0	2.12230292939	2.04431192924	2.0558492832	1.47429907277	1.47429907277	1.47429907277	2.0558492832	1.97407143117	2.0193549468	2.0193549468	2.19681330474	2.17863085566	2.19681330474	2.19681330474	2.1241991702	2.16932967157	2.16932967157	2.1241991702	2.16932967157	2.17863085566	2.17863085566	2.19681330474	2.17863085566	1.68683264921	2.19681330474	2.19681330474	2.19681330474	2.19681330474	1.68683264921	2.1241991702	1.55769786596	1.60007983725	2.76571196583	2.76571196583	1.97865568161	2.70874710074	1.55769786596	1.55769786596	1.6012766672	1.60007983725	1.6012766672	2.79834799629	1.60007983725	2.79834799629	2.06591777243	1.55769786596	1.97865568161	2.06591777243	2.80420967086	1.6012766672	1.97865568161	2.80420967086	2.06591777243	1.60007983725	1.97865568161	2.70874710074	1.60007983725	1.64785295142	1.97865568161	2.79834799629	2.70874710074	1.55769786596	1.6012766672	1.6012766672	2.1241991702	2.19681330474
2.15961832333	0.0	0.0	1.78219913541	2.61687126964	1.78219913541	2.79131170393	2.15961832333	1.50271004712	2.15961832333	0.0	2.12230292939	2.04431192924	2.0558492832	1.47429907277	1.47429907277	1.47429907277	2.0558492832	1.97407143117	2.0193549468	2.0193549468	2.19681330474	2.17863085566	2.19681330474	2.19681330474	2.1241991702	2.16932967157	2.16932967157	2.1241991702	2.16932967157	2.17863085566	2.17863085566	2.19681330474	2.17863085566	1.68683264921	2.19681330474	2.19681330474	2.19681330474	2.19681330474	1.68683264921	2.1241991702	1.55769786596	1.60007983725	2.76571196583	2.76571196583	1.97865568161	2.70874710074	1.55769786596	1.55769786596	1.6012766672	1.60007983725	1.6012766672	2.79834799629	1.60007983725	2.79834799629	2.06591777243	1.55769786596	1.97865568161	2.06591777243	2.80420967086	1.6012766672	1.97865568161	2.80420967086	2.06591777243	1.60007983725	1.97865568161	2.70874710074	1.60007983725	1.64785295142	1.97865568161	2.79834799629	2.70874710074	1.55769786596	1.6012766672	1.6012766672	2.1241991702	2.19681330474
1.67786875951	1.78219913541	1.78219913541	0.0	2.83862181325	0.0	3.04869464013	1.67786875951	1.98962845454	1.67786875951	1.78219913541	2.00839708302	1.82727468404	1.86930772701	1.27365771417	1.27365771417	1.27365771417	1.86930772701	1.97274024343	1.93121560294	1.93121560294	2.30251348883	2.29559829435	2.30251348883	2.30251348883	2.25343862168	2.30059299491	2.30059299491	2.25343862168	2.30059299491	2.29559829435	2.29559829435	2.30251348883	2.29559829435	1.77343874873	2.30251348883	2.30251348883	2.30251348883	2.30251348883	1.77343874873	2.25343862168	1.61796829728	1.64588911629	2.84284682726	2.84284682726	2.02534937218	2.74871953452	1.61796829728	1.61796829728	1.64720632944	1.64588911629	1.64720632944	2.87917848444	1.64588911629	2.87917848444	2.11365347949	1.61796829728	2.02534937218	2.11365347949	2.88532209229	1.64720632944	2.02534937218	2.88532209229	2.11365347949	1.64588911629	2.02534937218	2.74871953452	1.64588911629	1.6944818629	2.02534937218	2.87917848444	2.74871953452	1.61796829728	1.64720632944	1.64720632944	2.25343862168	2.30251348883
3.22253434726	2.61687126964	2.61687126964	2.83862181325	0.0	2.83862181325	2.75407419707	3.22253434726	2.92850025495	3.22253434726	2.61687126964	3.06738230404	3.05800898558	3.04614614787	2.46141941848	2.46141941848	2.46141941848	3.04614614787	2.97372363767	3.08313872919	3.08313872919	2.80491604175	2.74076267494	2.80491604175	2.80491604175	2.64582185218	2.73257808299	2.73257808299	2.64582185218	2.73257808299	2.74076267494	2.74076267494	2.80491604175	2.74076267494	2.35094533398	2.80491604175	2.80491604175	2.80491604175	2.80491604175	2.35094533398	2.64582185218	2.27856768404	2.34805153996	3.44482796759	3.44482796759	2.72531581109	3.46529561206	2.27856768404	2.27856768404	2.34941343155	2.34805153996	2.34941343155	3.46980402472	2.34805153996	3.46980402472	2.81027329075	2.27856768404	2.72531581109	2.81027329075	3.47634707979	2.34941343155	2.72531581109	3.47634707979	2.81027329075	2.34805153996	2.72531581109	3.46529561206	2.34805153996	2.39417156464	2.72531581109	3.46980402472	3.46529561206	2.27856768404	2.34941343155	2.34941343155	2.64582185218	2.80491604175
1.67786875951	1.78219913541	1.78219913541	0.0	2.83862181325	0.0	3.04869464013	1.67786875951	1.98962845454	1.67786875951	1.78219913541	2.00839708302	1.82727468404	1.86930772701	1.27365771417	1.27365771417	1.27365771417	1.86930772701	1.97274024343	1.93121560294	1.93121560294	2.30251348883	2.29559829435	2.30251348883	2.30251348883	2.25343862168	2.30059299491	2.30059299491	2.25343862168	2.30059299491	2.29559829435	2.29559829435	2.30251348883	2.29559829435	1.77343874873	2.30251348883	2.30251348883	2.30251348883	2.30251348883	1.77343874873	2.25343862168	1.61796829728	1.64588911629	2.84284682726	2.84284682726	2.02534937218	2.74871953452	1.61796829728	1.61796829728	1.64720632944	1.64588911629	1.64720632944	2.87917848444	1.64588911629	2.87917848444	2.11365347949	1.61796829728	2.02534937218	2.11365347949	2.88532209229	1.64720632944	2.02534937218	2.88532209229	2.11365347949	1.64588911629	2.02534937218	2.74871953452	1.64588911629	1.6944818629	2.02534937218	2.87917848444	2.74871953452	1.61796829728	1.64720632944	1.64720632944	2.25343862168	2.30251348883
3.4264144946	2.79131170393	2.79131170393	3.04869464013	2.75407419707	3.04869464013	0.0	3.4264144946	3.11323373306	3.4264144946	2.79131170393	3.26667946631	3.25686892675	3.24518599043	2.66112330381	2.66112330381	2.66112330381	3.24518599043	3.16402751049	3.27686728916	3.27686728916	3.11181811897	3.06078067335	3.11181811897	3.11181811897	2.98314865417	3.06360515612	3.06360515612	2.98314865417	3.06360515612	3.06078067335	3.06078067335	3.11181811897	3.06078067335	2.63744370989	3.11181811897	3.11181811897	3.11181811897	3.11181811897	2.63744370989	2.98314865417	2.51818423821	2.57614763666	3.70893018919	3.70893018919	2.95374749542	3.69097437261	2.51818423821	2.51818423821	2.57719766994	2.57614763666	2.57719766994	3.74186551606	2.57614763666	3.74186551606	3.03991413507	2.51818423821	2.95374749542	3.03991413507	3.75022434959	2.57719766994	2.95374749542	3.75022434959	3.03991413507	2.57614763666	2.95374749542	3.69097437261	2.57614763666	2.62305556742	2.95374749542	3.74186551606	3.69097437261	2.51818423821	2.57719766994	2.57719766994	2.98314865417	3.11181811897
0.0	2.15961832333	2.15961832333	1.67786875951	3.22253434726	1.67786875951	3.4264144946	0.0	2.36275684243	0.0	2.15961832333	2.30512257337	2.08447048141	2.14308691962	1.54782002804	1.54782002804	1.54782002804	2.14308691962	2.27153970429	2.18994242371	2.18994242371	2.70154572735	2.69109512126	2.70154572735	2.70154572735	2.65080916892	2.70603014324	2.70603014324	2.65080916892	2.70603014324	2.69109512126	2.69109512126	2.70154572735	2.69109512126	2.17204885759	2.70154572735	2.70154572735	2.70154572735	2.70154572735	2.17204885759	2.65080916892	1.97673975962	1.99570941985	3.21765508048	3.21765508048	2.37551536742	3.09609269749	1.97673975962	1.97673975962	1.99687976222	1.99570941985	1.99687976222	3.26111372743	1.99570941985	3.26111372743	2.46467607266	1.97673975962	2.37551536742	2.46467607266	3.27004042524	1.99687976222	2.37551536742	3.27004042524	2.46467607266	1.99570941985	2.37551536742	3.09609269749	1.99570941985	2.04489184244	2.37551536742	3.26111372743	3.09609269749	1.97673975962	1.99687976222	1.99687976222	2.65080916892	2.70154572735
2.36275684243	1.50271004712	1.50271004712	1.98962845454	2.92850025495	1.98962845454	3.11323373306	2.36275684243	0.0	2.36275684243	1.50271004712	2.36338999765	2.2670996323	2.28510037816	1.70351391607	1.70351391607	1.70351391607	2.28510037816	2.21503760483	2.23430232894	2.23430232894	2.47798342639	2.46272994586	2.47798342639	2.47798342639	2.41102511178	2.4557308848	2.4557308848	2.41102511178	2.4557308848	2.46272994586	2.46272994586	2.47798342639	2.46272994586	1.96365709191	2.47798342639	2.47798342639	2.47798342639	2.47798342639	1.96365709191	2.41102511178	1.83120743874	1.87109778433	3.04199147322	3.04199147322	2.24983039276	2.97875052689	1.83120743874	1.83120743874	1.87231973029	1.87109778433	1.87231973029	3.07499695121	1.87109778433	3.07499695121	2.33726736843	1.83120743874	2.24983039276	2.33726736843	3.0807335953	1.87231973029	2.24983039276	3.0807335953	2.33726736843	1.87109778433	2.24983039276	2.97875052689	1.87109778433	1.91901012508	2.24983039276	3.07499695121	2.97875052689	1.83120743874	1.87231973029	1.87231973029	2.41102511178	2.47798342639
0.0	2.15961832333	2.15961832333	1.67786875951	3.22253434726	1.67786875951	3.4264144946	0.0	2.36275684243	0.0	2.15961832333	2.30512257337	2.08447048141	2.14308691962	1.54782002804	1.54782002804	1.54782002804	2.14308691962	2.27153970429	2.18994242371	2.18994242371	2.70154572735	2.69109512126	2.70154572735	2.70154572735	2.65080916892	2.70603014324	2.70603014324	2.65080916892	2.70603014324	2.69109512126	2.69109512126	2.70154572735	2.69109512126	2.17204885759	2.70154572735	2.70154572735	2.70154572735	2.70154572735	2.17204885759	2.65080916892	1.97673975962	1.99570941985	3.21765508048	3.21765508048	2.37551536742	3.09609269749	1.97673975962	1.97673975962	1.99687976222	1.99570941985	1.99687976222	3.26111372743	1.99570941985	3.26111372743	2.46467607266	1.97673975962	2.37551536742	2.46467607266	3.27004042524	1.99687976222	2.37551536742	3.27004042524	2.46467607266	1.99570941985	2.37551536742	3.09609269749	1.99570941985	2.04489184244	2.37551536742	3.26111372743	3.09609269749	1.97673975962	1.99687976222	1.99687976222	2.65080916892	2.70154572735
2.15961832333	0.0	0.0	1.78219913541	2.61687126964	1.78219913541	2.79131170393	2.15961832333	1.50271004712	2.15961832333	0.0	2.12230292939	2.04431192924	2.0558492832	1.47429907277	1.47429907277	1.47429907277	2.0558492832	1.97407143117	2.0193549468	2.0193549468	2.19681330474	2.17863085566	2.19681330474	2.19681330474	2.1241991702	2.16932967157	2.16932967157	2.1241991702	2.16932967157	2.17863085566	2.17863085566	2.19681330474	2.17863085566	1.68683264921	2.19681330474	2.19681330474	2.19681330474	2.19681330474	1.68683264921	2.1241991702	1.55769786596	1.60007983725	2.76571196583	2.76571196583	1.97865568161	2.70874710074	1.55769786596	1.55769786596	1.6012766672	1.60007983725	1.6012766672	2.79834799629	1.60007983725	2.79834799629	2.06591777243	1.55769786596	1.97865568161	2.06591777243	2.80420967086	1.6012766672	1.97865568161	2.80420967086	2.06591777243	1.60007983725	1.97865568161	2.70874710074	1.60007983725	1.64785295142	1.97865568161	2.79834799629	2.70874710074	1.55769786596	1.6012766672	1.6012766672	2.1241991702	2.19681330474
2.30512257337	2.12230292939	2.12230292939	2.00839708302	3.06738230404	2.00839708302	3.26667946631	2.30512257337	2.36338999765	2.30512257337	2.12230292939	0.0	1.934678877	1.82098106157	1.23766751352	1.23766751352	1.23766751352	1.82098106157	1.93895470675	2.1094313308	2.1094313308	2.54665025587	2.5306853427	2.54665025587	2.54665025587	2.49991056667	2.57774491228	2.57774491228	2.49991056667	2.57774491228	2.5306853427	2.5306853427	2.54665025587	2.5306853427	2.00902219453	2.54665025587	2.54665025587	2.54665025587	2.54665025587	2.00902219453	2.49991056667	1.69517766765	1.68368860633	2.98619841778	2.98619841778	2.06482624124	2.77489436116	1.69517766765	1.69517766765	1.68452895806	1.68368860633	1.68452895806	3.05043909688	1.68368860633	3.05043909688	2.15674048635	1.69517766765	2.06482624124	2.15674048635	3.06705914042	1.68452895806	2.06482624124	3.06705914042	2.15674048635	1.68368860633	2.06482624124	2.77489436116	1.68368860633	1.73481721616	2.06482624124	3.05043909688	2.77489436116	1.69517766765	1.68452895806	1.68452895806	2.49991056667	2.54665025587
2.08447048141	2.04431192924	2.04431192924	1.82727468404	3.05800898558	1.82727468404	3.25686892675	2.08447048141	2.2670996323	2.08447048141	2.04431192924	1.934678877	0.0	1.57927672239	1.01320103743	1.01320103743	1.01320103743	1.57927672239	1.93617632069	1.86177998179	1.86177998179	2.54469533275	2.53051189499	2.54469533275	2.54469533275	2.49466811284	2.56229055369	2.56229055369	2.49466811284	2.56229055369	2.53051189499	2.53051189499	2.54469533275	2.53051189499	2.01195294523	2.54469533275	2.54469533275	2.54469533275	2.54469533275	2.01195294523	2.49466811284	1.75437410463	1.75834350084	3.02118045024	3.02118045024	2.13876324366	2.85444759423	1.75437410463	1.75437410463	1.75930520696	1.75834350084	1.75930520696	3.07565367148	1.75834350084	3.07565367148	2.22932336357	1.75437410463	2.13876324366	2.22932336357	3.08872257685	1.75930520696	2.13876324366	3.08872257685	2.22932336357	1.75834350084	2.13876324366	2.85444759423	1.75834350084	1.80850025461	2.13876324366	3.07565367148	2.85444759423	1.75437410463	1.75930520696	1.75930520696	2.49466811284	2.54469533275
2.14308691962	2.0558492832	2.0558492832	1.86930772701	3.04614614787	1.86930772701	3.24518599043	2.14308691962	2.28510037816	2.14308691962	2.0558492832	1.82098106157	1.57927672239	0.0	0.7697014336	0.7697014336	0.7697014336	0.0	1.91092875251	1.9430797562	1.9430797562	2.5302211248	2.51546388417	2.5302211248	2.5302211248	2.48132222555	2.55234023649	2.55234023649	2.48132222555	2.55234023649	2.51546388417	2.51546388417	2.5302211248	2.51546388417	1.9958238631	2.5302211248	2.5302211248	2.5302211248	2.5302211248	1.9958238631	2.48132222555	1.71948425018	1.71822373658	2.99437974469	2.99437974469	2.09889104036	2.81262593459	1.71948425018	1.71948425018	1.71914990623	1.71822373658	1.71914990623	3.05210434757	1.71822373658	3.05210434757	2.18990413818	1.71948425018	2.09889104036	2.18990413818	3.06635397391	1.71914990623	2.09889104036	3.06635397391	2.18990413818	1.71822373658	2.09889104036	2.81262593459	1.71822373658	1.76870702771	2.09889104036	3.05210434757	2.81262593459	1.71948425018	1.71914990623	1.71914990623	2.48132222555	2.5302211248
1.54782002804	1.47429907277	1.47429907277	1.27365771417	2.46141941848	1.27365771417	2.66112330381	1.54782002804	1.70351391607	1.54782002804	1.47429907277	1.23766751352	1.01320103743	0.7697014336	0.0	0.0	0.0	0.7697014336	1.3537421912	1.38103045347	1.38103045347	1.94343883951	1.92885601943	1.94343883951	1.94343883951	1.8949683361	1.96607036337	1.96607036337	1.8949683361	1.96607036337	1.92885601943	1.92885601943	1.94343883951	1.92885601943	1.40866493128	1.94343883951	1.94343883951	1.94343883951	1.94343883951	1.40866493128	1.8949683361	1.13090726652	1.12883295536	2.40654141302	2.40654141302	1.50955801237	2.22283772826	1.13090726652	1.13090726652	1.12977523646	1.12883295536	1.12977523646	2.46447617865	1.12883295536	2.46447617865	1.60062136835	1.13090726652	1.50955801237	1.60062136835	2.47878649709	1.12977523646	1.50955801237	2.47878649709	1.60062136835	1.12883295536	1.50955801237	2.22283772826	1.12883295536	1.17935926143	1.50955801237	2.46447617865	2.22283772826	1.13090726652	1.12977523646	1.12977523646	1.8949683361	1.94343883951
1.54782002804	1.47429907277	1.47429907277	1.27365771417	2.46141941848	1.27365771417	2.66112330381	1.54782002804	1.70351391607	1.54782002804	1.47429907277	1.23766751352	1.01320103743	0.7697014336	0.0	0.0	0.0	0.7697014336	1.3537421912	1.38103045347	1.38103045347	1.94343883951	1.92885601943	1.94343883951	1.94343883951	1.8949683361	1.96607036337	1.96607036337	1.8949683361	1.96607036337	1.92885601943	1.92885601943	1.94343883951	1.92885601943	1.40866493128	1.94343883951	1.94343883951	1.94343883951	1.94343883951	1.40866493128	1.8949683361	1.13090726652	1.12883295536	2.40654141302	2.40654141302	1.50955801237	2.22283772826	1.13090726652	1.13090726652	1.12977523646	1.12883295536	1.12977523646	2.46447617865	1.12883295536	2.46447617865	1.60062136835	1.13090726652	1.50955801237	1.60062136835	2.47878649709	1.12977523646	1.50955801237	2.47878649709	1.60062136835	1.12883295536	1.50955801237	2.22283772826	1.12883295536	1.17935926143	1.50955801237	2.46447617865	2.22283772826	1.13090726652	1.12977523646	1.12977523646	1.8949683361	1.94343883951
1.54782002804	1.47429907277	1.47429907277	1.27365771417	2.46141941848	1.27365771417	2.66112330381	1.54782002804	1.70351391607	1.54782002804	1.47429907277	1.23766751352	1.01320103743	0.7697014336	0.0	0.0	0.0	0.7697014336	1.3537421912	1.38103045347	1.38103045347	1.94343883951	1.92885601943	1.94343883951	1.94343883951	1.8949683361	1.96607036337	1.96607036337	1.8949683361	1.96607036337	1.92885601943	1.92885601943	1.94343883951	1.92885601943	1.40866493128	1.94343883951	1.94343883951	1.94343883951	1.94343883951	1.40866493128	1.8949683361	1.13090726652	1.12883295536	2.40654141302	2.40654141302	1.50955801237	2.22283772826	1.13090726652	1.13090726652	1.12977523646	1.12883295536	1.12977523646	2.46447617865	1.12883295536	2.46447617865	1.60062136835	1.13090726652	1.50955801237	1.60062136835	2.47878649709	1.12977523646	1.50955801237	2.47878649709	1.60062136835	1.12883295536	1.50955801237	2.22283772826	1.12883295536	1.17935926143	1.50955801237	2.46447617865	2.22283772826	1.13090726652	1.12977523646	1.12977523646	1.8949683361	1.94343883951
2.14308691962	2.0558492832	2.0558492832	1.86930772701	3.04614614787	1.86930772701	3.24518599043	2.14308691962	2.28510037816	2.14308691962	2.0558492832	1.82098106157	1.57927672239	0.0	0.7697014336	0.7697014336	0.7697014336	0.0	1.91092875251	1.9430797562	1.9430797562	2.5302211248	2.51546388417	2.5302211248	2.5302211248	2.48132222555	2.55234023649	2.55234023649	2.48132222555	2.55234023649	2.51546388417	2.51546388417	2.5302211248	2.51546388417	1.9958238631	2.5302211248	2.5302211248	2.5302211248	2.5302211248	1.9958238631	2.48132222555	1.71948425018	1.71822373658	2.99437974469	2.99437974469	2.09889104036	2.81262593459	1.71948425018	1.71948425018	1.71914990623	1.71822373658	1.71914990623	3.05210434757	1.71822373658	3.05210434757	2.18990413818	1.71948425018	2.09889104036	2.18990413818	3.06635397391	1.71914990623	2.09889104036	3.06635397391	2.18990413818	1.71822373658	2.09889104036	2.81262593459	1.71822373658	1.76870702771	2.09889104036	3.05210434757	2.81262593459	1.71948425018	1.71914990623	1.71914990623	2.48132222555	2.5302211248
2.27153970429	1.97407143117	1.97407143117	1.97274024343	2.97372363767	1.97274024343	3.16402751049	2.27153970429	2.21503760483	2.27153970429	1.97407143117	1.93895470675	1.93617632069	1.91092875251	1.3537421912	1.3537421912	1.3537421912	1.91092875251	0.0	1.89771894484	1.89771894484	2.48229879105	2.46465351537	2.48229879105	2.48229879105	2.42894737382	2.50247501675	2.50247501675	2.42894737382	2.50247501675	2.46465351537	2.46465351537	2.48229879105	2.46465351537	1.95112467969	2.48229879105	2.48229879105	2.48229879105	2.48229879105	1.95112467969	2.42894737382	1.67440732855	1.6786929325	2.94777356697	2.94777356697	2.058840838	2.77661802864	1.67440732855	1.67440732855	1.67936891245	1.6786929325	1.67936891245	3.00604432392	1.6786929325	3.00604432392	2.14964258646	1.67440732855	2.058840838	2.14964258646	3.02069527169	1.67936891245	2.058840838	3.02069527169	2.14964258646	1.6786929325	2.058840838	2.77661802864	1.6786929325	1.72893229638	2.058840838	3.00604432392	2.77661802864	1.67440732855	1.67936891245	1.67936891245	2.42894737382	2.48229879105
2.18994242371	2.0193549468	2.0193549468	1.93121560294	3.08313872919	1.93121560294	3.27686728916	2.18994242371	2.23430232894	2.18994242371	2.0193549468	2.1094313308	1.86177998179	1.9430797562	1.38103045347	1.38103045347	1.38103045347	1.9430797562	1.89771894484	0.0	0.0	2.58705644641	2.57188442864	2.58705644641	2.58705644641	2.53312110921	2.59803988975	2.59803988975	2.53312110921	2.59803988975	2.57188442864	2.57188442864	2.58705644641	2.57188442864	2.05810248069	2.58705644641	2.58705644641	2.58705644641	2.58705644641	2.05810248069	2.53312110921	1.82097891403	1.83277632504	3.07811552072	3.07811552072	2.21273737072	2.93199751164	1.82097891403	1.82097891403	1.83369295237	1.83277632504	1.83369295237	3.12924307049	1.83277632504	3.12924307049	2.30271173363	1.82097891403	2.21273737072	2.30271173363	3.14122249289	1.83369295237	2.21273737072	3.14122249289	2.30271173363	1.83277632504	2.21273737072	2.93199751164	1.83277632504	1.88247949064	2.21273737072	3.12924307049	2.93199751164	1.82097891403	1.83369295237	1.83369295237	2.53312110921	2.58705644641
2.18994242371	2.0193549468	2.0193549468	1.93121560294	3.08313872919	1.93121560294	3.27686728916	2.18994242371	2.23430232894	2.18994242371	2.0193549468	2.1094313308	1.86177998179	1.9430797562	1.38103045347	1.38103045347	1.38103045347	1.9430797562	1.89771894484	0.0	0.0	2.58705644641	2.57188442864	2.58705644641	2.58705644641	2.53312110921	2.59803988975	2.59803988975	2.53312110921	2.59803988975	2.57188442864	2.57188442864	2.58705644641	2.57188442864	2.05810248069	2.58705644641	2.58705644641	2.58705644641	2.58705644641	2.05810248069	2.53312110921	1.82097891403	1.83277632504	3.07811552072	3.07811552072	2.21273737072	2.93199751164	1.82097891403	1.82097891403	1.83369295237	1.83277632504	1.83369295237	3.12924307049	1.83277632504	3.12924307049	2.30271173363	1.82097891403	2.21273737072	2.30271173363	3.14122249289	1.83369295237	2.21273737072	3.14122249289	2.30271173363	1.83277632504	2.21273737072	2.93199751164	1.83277632504	1.88247949064	2.21273737072	3.12924307049	2.93199751164	1.82097891403	1.83369295237	1.83369295237	2.53312110921	2.58705644641
2.70154572735	2.19681330474	2.19681330474	2.30251348883	2.80491604175	2.30251348883	3.11181811897	2.70154572735	2.47798342639	2.70154572735	2.19681330474	2.54665025587	2.54469533275	2.5302211248	1.94343883951	1.94343883951	1.94343883951	2.5302211248	2.48229879105	2.58705644641	2.58705644641	0.0	1.6105332209	0.0	0.0	1.73520767441	1.92483847569	1.92483847569	1.73520767441	1.92483847569	1.6105332209	1.6105332209	0.0	1.6105332209	1.27713291466	0.0	0.0	0.0	0.0	1.27713291466	1.73520767441	1.55095618939	1.68612621552	2.5584291665	2.5584291665	2.06179128188	2.81606701741	1.55095618939	1.55095618939	1.6895719006	1.68612621552	1.6895719006	2.51215817142	1.68612621552	2.51215817142	2.13951621197	1.55095618939	2.06179128188	2.13951621197	2.50416914475	1.6895719006	2.06179128188	2.50416914475	2.13951621197	1.68612621552	2.06179128188	2.81606701741	1.68612621552	1.72759531091	2.06179128188	2.51215817142	2.81606701741	1.55095618939	1.6895719006	1.6895719006	1.73520767441	0.0
2.69109512126	2.17863085566	2.17863085566	2.29559829435	2.74076267494	2.29559829435	3.06078067335	2.69109512126	2.46272994586	2.69109512126	2.17863085566	2.5306853427	2.53051189499	2.51546388417	1.92885601943	1.92885601943	1.92885601943	2.51546388417	2.46465351537	2.57188442864	2.57188442864	1.6105332209	0.0	1.6105332209	1.6105332209	1.55577754552	1.89612446803	1.89612446803	1.55577754552	1.89612446803	0.0	0.0	1.6105332209	0.0	1.37922352192	1.6105332209	1.6105332209	1.6105332209	1.6105332209	1.37922352192	1.55577754552	1.55520301091	1.68119844528	2.587697595	2.587697595	2.05698892931	2.80966414936	1.55520301091	1.55520301091	1.68425380941	1.68119844528	1.68425380941	2.56536496766	1.68119844528	2.56536496766	2.13584064081	1.55520301091	2.05698892931	2.13584064081	2.56483952023	1.68425380941	2.05698892931	2.56483952023	2.13584064081	1.68119844528	2.05698892931	2.80966414936	1.68119844528	1.72338551953	2.05698892931	2.56536496766	2.80966414936	1.55520301091	1.68425380941	1.68425380941	1.55577754552	1.6105332209
2.70154572735	2.19681330474	2.19681330474	2.30251348883	2.80491604175	2.30251348883	3.11181811897	2.70154572735	2.47798342639	2.70154572735	2.19681330474	2.54665025587	2.54469533275	2.5302211248	1.94343883951	1.94343883951	1.94343883951	2.5302211248	2.48229879105	2.58705644641	2.58705644641	0.0	1.6105332209	0.0	0.0	1.73520767441	1.92483847569	1.92483847569	1.73520767441	1.92483847569	1.6105332209	1.6105332209	0.0	1.6105332209	1.27713291466	0.0	0.0	0.0	0.0	1.27713291466	1.73520767441	1.55095618939	1.68612621552	2.5584291665	2.5584291665	2.06179128188	2.81606701741	1.55095618939	1.55095618939	1.6895719006	1.68612621552	1.6895719006	2.51215817142	1.68612621552	2.51215817142	2.13951621197	1.55095618939	2.06179128188	2.13951621197	2.50416914475	1.6895719006	2.06179128188	2.50416914475	2.13951621197	1.68612621552	2.06179128188	2.81606701741	1.68612621552	1.72759531091	2.06179128188	2.51215817142	2.81606701741	1.55095618939	1.6895719006	1.6895719006	1.73520767441	0.0
2.70154572735	2.19681330474	2.19681330474	2.30251348883	2.80491604175	2.30251348883	3.11181811897	2.70154572735	2.47798342639	2.70154572735	2.19681330474	2.54665025587	2.54469533275	2.5302211248	1.94343883951	1.94343883951	1.94343883951	2.5302211248	2.48229879105	2.58705644641	2.58705644641	0.0	1.6105332209	0.0	0.0	1.73520767441	1.92483847569	1.92483847569	1.73520767441	1.92483847569	1.6105332209	1.6105332209	0.0	1.6105332209	1.27713291466	0.0	0.0	0.0	0.0	1.27713291466	1.73520767441	1.55095618939	1.68612621552	2.5584291665	2.5584291665	2.06179128188	2.81606701741	1.55095618939	1.55095618939	1.6895719006	1.68612621552	1.6895719006	2.51215817142	1.68612621552	2.51215817142	2.13951621197	1.55095618939	2.06179128188	2.13951621197	2.50416914475	1.6895719006	2.06179128188	2.50416914475	2.13951621197	1.68612621552	2.06179128188	2.81606701741	1.68612621552	1.72759531091	2.06179128188	2.51215817142	2.81606701741	1.55095618939	1.6895719006	1.6895719006	1.73520767441	0.0
2.65080916892	2.1241991702	2.1241991702	2.25343862168	2.64582185218	2.25343862168	2.98314865417	2.65080916892	2.41102511178	2.65080916892	2.1241991702	2.49991056667	2.49466811284	2.48132222555	1.8949683361	1.8949683361	1.8949683361	2.48132222555	2.42894737382	2.53312110921	2.53312110921	1.73520767441	1.55577754552	1.73520767441	1.73520767441	0.0	1.73280433065	1.73280433065	0.0	1.73280433065	1.55577754552	1.55577754552	1.73520767441	1.55577754552	1.44335795723	1.73520767441	1.73520767441	1.73520767441	1.73520767441	1.44335795723	0.0	1.57122786005	1.68391793056	2.63706460386	2.63706460386	2.06006002153	2.80971579633	1.57122786005	1.57122786005	1.68658237913	1.68391793056	1.68658237913	2.62442618493	1.68391793056	2.62442618493	2.14034020192	1.57122786005	2.06006002153	2.14034020192	2.62335646372	1.68658237913	2.06006002153	2.62335646372	2.14034020192	1.68391793056	2.06006002153	2.80971579633	1.68391793056	1.72702228164	2.06006002153	2.62442618493	2.80971579633	1.57122786005	1.68658237913	1.68658237913	0.0	1.73520767441
2.70603014324	2.16932967157	2.16932967157	2.30059299491	2.73257808299	2.30059299491	3.06360515612	2.70603014324	2.4557308848	2.70603014324	2.16932967157	2.57774491228	2.56229055369	2.55234023649	1.96607036337	1.96607036337	1.96607036337	2.55234023649	2.50247501675	2.59803988975	2.59803988975	1.92483847569	1.89612446803	1.92483847569	1.92483847569	1.73280433065	0.0	0.0	1.73280433065	0.0	1.89612446803	1.89612446803	1.92483847569	1.89612446803	1.56510116356	1.92483847569	1.92483847569	1.92483847569	1.92483847569	1.56510116356	1.73280433065	1.69045587683	1.79560456814	2.77276609604	2.77276609604	2.17203559539	2.91950069015	1.69045587683	1.69045587683	1.79814159158	1.79560456814	1.79814159158	2.76009169809	1.79560456814	2.76009169809	2.25302638059	1.69045587683	2.17203559539	2.25302638059	2.75537481442	1.79814159158	2.17203559539	2.75537481442	2.25302638059	1.79560456814	2.17203559539	2.91950069015	1.79560456814	1.83918146444	2.17203559539	2.76009169809	2.91950069015	1.69045587683	1.79814159158	1.79814159158	1.73280433065	1.92483847569
2.70603014324	2.16932967157	2.16932967157	2.30059299491	2.73257808299	2.30059299491	3.06360515612	2.70603014324	2.4557308848	2.70603014324	2.16932967157	2.57774491228	2.56229055369	2.55234023649	1.96607036337	1.96607036337	1.96607036337	2.55234023649	2.50247501675	2.59803988975	2.59803988975	1.92483847569	1.89612446803	1.92483847569	1.92483847569	1.73280433065	0.0	0.0	1.73280433065	0.0	1.89612446803	1.89612446803	1.92483847569	1.89612446803	1.56510116356	1.92483847569	1.92483847569	1.92483847569	1.92483847569	1.56510116356	1.73280433065	1.69045587683	1.79560456814	2.77276609604	2.77276609604	2.17203559539	2.91950069015	1.69045587683	1.69045587683	1.79814159158	1.79560456814	1.79814159158	2.76009169809	1.79560456814	2.76009169809	2.25302638059	1.69045587683	2.17203559539	2.25302638059	2.75537481442	1.79814159158	2.17203559539	2.75537481442	2.25302638059	1.79560456814	2.17203559539	2.91950069015	1.79560456814	1.83918146444	2.17203559539	2.76009169809	2.91950069015	1.69045587683	1.79814159158	1.79814159158	1.73280433065	1.92483847569
2.65080916892	2.1241991702	2.1241991702	2.25343862168	2.64582185218	2.25343862168	2.98314865417	2.65080916892	2.41102511178	2.65080916892	2.1241991702	2.49991056667	2.49466811284	2.48132222555	1.8949683361	1.8949683361	1.8949683361	2.48132222555	2.42894737382	2.53312110921	2.53312110921	1.73520767441	1.55577754552	1.73520767441	1.73520767441	0.0	1.73280433065	1.73280433065	0.0	1.73280433065	1.55577754552	1.55577754552	1.73520767441	1.55577754552	1.44335795723	1.73520767441	1.73520767441	1.73520767441	1.73520767441	1.44335795723	0.0	1.57122786005	1.68391793056	2.63706460386	2.63706460386	2.06006002153	2.80971579633	1.57122786005	1.57122786005	1.68658237913	1.68391793056	1.68658237913	2.62442618493	1.68391793056	2.62442618493	2.14034020192	1.57122786005	2.06006002153	2.14034020192	2.62335646372	1.68658237913	2.06006002153	2.62335646372	2.14034020192	1.68391793056	2.06006002153	2.80971579633	1.68391793056	1.72702228164	2.06006002153	2.62442618493	2.80971579633	1.57122786005	1.68658237913	1.68658237913	0.0	1.73520767441
2.70603014324	2.16932967157	2.16932967157	2.30059299491	2.73257808299	2.30059299491	3.06360515612	2.70603014324	2.4557308848	2.70603014324	2.16932967157	2.57774491228	2.56229055369	2.55234023649	1.96607036337	1.96607036337	1.96607036337	2.55234023649	2.50247501675	2.59803988975	2.59803988975	1.92483847569	1.89612446803	1.92483847569	1.92483847569	1.73280433065	0.0	0.0	1.73280433065	0.0	1.89612446803	1.89612446803	1.92483847569	1.89612446803	1.56510116356	1.92483847569	1.92483847569	1.92483847569	1.92483847569	1.56510116356	1.73280433065	1.69045587683	1.79560456814	2.77276609604	2.77276609604	2.17203559539	2.91950069015	1.69045587683	1.69045587683	1.79814159158	1.79560456814	1.79814159158	2.76009169809	1.79560456814	2.76009169809	2.25302638059	1.69045587683	2.17203559539	2.25302638059	2.75537481442	1.79814159158	2.17203559539	2.75537481442	2.25302638059	1.79560456814	2.17203559539	2.91950069015	1.79560456814	1.83918146444	2.17203559539	2.76009169809	2.91950069015	1.69045587683	1.79814159158	1.79814159158	1.73280433065	1.92483847569
2.69109512126	2.17863085566	2.17863085566	2.29559829435	2.74076267494	2.29559829435	3.06078067335	2.69109512126	2.46272994586	2.69109512126	2.17863085566	2.5306853427	2.53051189499	2.51546388417	1.92885601943	1.92885601943	1.92885601943	2.51546388417	2.46465351537	2.57188442864	2.57188442864	1.6105332209	0.0	1.6105332209	1.6105332209	1.55577754552	1.89612446803	1.89612446803	1.55577754552	1.89612446803	0.0	0.0	1.6105332209	0.0	1.37922352192	1.6105332209	1.6105332209	1.6105332209	1.6105332209	1.37922352192	1.55577754552	1.55520301091	1.68119844528	2.587697595	2.587697595	2.05698892931	2.80966414936	1.55520301091	1.55520301091	1.68425380941	1.68119844528	1.68425380941	2.56536496766	1.68119844528	2.56536496766	2.13584064081	1.55520301091	2.05698892931	2.13584064081	2.56483952023	1.68425380941	2.05698892931	2.56483952023	2.13584064081	1.68119844528	2.05698892931	2.80966414936	1.68119844528	1.72338551953	2.05698892931	2.56536496766	2.80966414936	1.55520301091	1.68425380941	1.68425380941	1.55577754552	1.6105332209
2.69109512126	2.17863085566	2.17863085566	2.29559829435	2.74076267494	2.29559829435	3.06078067335	2.69109512126	2.46272994586	2.69109512126	2.17863085566	2.5306853427	2.53051189499	2.51546388417	1.92885601943	1.92885601943	1.92885601943	2.51546388417	2.46465351537	2.57188442864	2.57188442864	1.6105332209	0.0	1.6105332209	1.6105332209	1.55577754552	1.89612446803	1.89612446803	1.55577754552	1.89612446803	0.0	0.0	1.6105332209	0.0	1.37922352192	1.6105332209	1.6105332209	1.6105332209	1.6105332209	1.37922352192	1.55577754552	1.55520301091	1.68119844528	2.587697595	2.587697595	2.05698892931	2.80966414936	1.55520301091	1.55520301091	1.68425380941	1.68119844528	1.68425380941	2.56536496766	1.68119844528	2.56536496766	2.13584064081	1.55520301091	2.05698892931	2.13584064081	2.56483952023	1.68425380941	2.05698892931	2.56483952023	2.13584064081	1.68119844528	2.05698892931	2.80966414936	1.68119844528	1.72338551953	2.05698892931	2.56536496766	2.80966414936	1.55520301091	1.68425380941	1.68425380941	1.55577754552	1.6105332209
2.70154572735	2.19681330474	2.19681330474	2.30251348883	2.80491604175	2.30251348883	3.11181811897	2.70154572735	2.47798342639	2.70154572735	2.19681330474	2.54665025587	2.54469533275	2.5302211248	1.94343883951	1.94343883951	1.94343883951	2.5302211248	2.48229879105	2.58705644641	2.58705644641	0.0	1.6105332209	0.0	0.0	1.73520767441	1.92483847569	1.92483847569	1.73520767441	1.92483847569	1.6105332209	1.6105332209	0.0	1.6105332209	1.27713291466	0.0	0.0	0.0	0.0	1.27713291466	1.73520767441	1.55095618939	1.68612621552	2.5584291665	2.5584291665	2.06179128188	2.81606701741	1.55095618939	1.55095618939	1.6895719006	1.68612621552	1.6895719006	2.51215817142	1.68612621552	2.51215817142	2.13951621197	1.55095618939	2.06179128188	2.13951621197	2.50416914475	1.6895719006	2.06179128188	2.50416914475	2.13951621197	1.68612621552	2.06179128188	2.81606701741	1.68612621552	1.72759531091	2.06179128188	2.51215817142	2.81606701741	1.55095618939	1.6895719006	1.6895719006	1.73520767441	0.0
2.69109512126	2.17863085566	2.17863085566	2.29559829435	2.74076267494	2.29559829435	3.06078067335	2.69109512126	2.46272994586	2.69109512126	2.17863085566	2.5306853427	2.53051189499	2.51546388417	1.92885601943	1.92885601943	1.92885601943	2.51546388417	2.46465351537	2.57188442864	2.57188442864	1.6105332209	0.0	1.6105332209	1.6105332209	1.55577754552	1.89612446803	1.89612446803	1.55577754552	1.89612446803	0.0	0.0	1.6105332209	0.0	1.37922352192	1.6105332209	1.6105332209	1.6105332209	1.6105332209	1.37922352192	1.55577754552	1.55520301091	1.68119844528	2.587697595	2.587697595	2.05698892931	2.80966414936	1.55520301091	1.55520301091	1.68425380941	1.68119844528	1.68425380941	2.56536496766	1.68119844528	2.56536496766	2.13584064081	1.55520301091	2.05698892931	2.13584064081	2.56483952023	1.68425380941	2.05698892931	2.56483952023	2.13584064081	1.68119844528	2.05698892931	2.80966414936	1.68119844528	1.72338551953	2.05698892931	2.56536496766	2.80966414936	1.55520301091	1.68425380941	1.68425380941	1.55577754552	1.6105332209
2.17204885759	1.68683264921	1.68683264921	1.77343874873	2.35094533398	1.77343874873	2.63744370989	2.17204885759	1.96365709191	2.17204885759	1.68683264921	2.00902219453	2.01195294523	1.9958238631	1.40866493128	1.40866493128	1.40866493128	1.9958238631	1.95112467969	2.05810248069	2.05810248069	1.27713291466	1.37922352192	1.27713291466	1.27713291466	1.44335795723	1.56510116356	1.56510116356	1.44335795723	1.56510116356	1.37922352192	1.37922352192	1.27713291466	1.37922352192	0.0	1.27713291466	1.27713291466	1.27713291466	1.27713291466	0.0	1.44335795723	0.937720722249	1.09761105106	1.90460788127	1.90460788127	1.47285886458	2.23218726712	0.937720722249	0.937720722249	1.10203969089	1.09761105106	1.10203969089	1.7885624218	1.09761105106	1.7885624218	1.54758095162	0.937720722249	1.47285886458	1.54758095162	1.72148089545	1.10203969089	1.47285886458	1.72148089545	1.54758095162	1.09761105106	1.47285886458	2.23218726712	1.09761105106	1.13709233134	1.47285886458	1.7885624218	2.23218726712	0.937720722249	1.10203969089	1.10203969089	1.44335795723	1.27713291466
2.70154572735	2.19681330474	2.19681330474	2.30251348883	2.80491604175	2.30251348883	3.11181811897	2.70154572735	2.47798342639	2.70154572735	2.19681330474	2.54665025587	2.54469533275	2.5302211248	1.94343883951	1.94343883951	1.94343883951	2.5302211248	2.48229879105	2.58705644641	2.58705644641	0.0	1.6105332209	0.0	0.0	1.73520767441	1.92483847569	1.92483847569	1.73520767441	1.92483847569	1.6105332209	1.6105332209	0.0	1.6105332209	1.27713291466	0.0	0.0	0.0	0.0	1.27713291466	1.73520767441	1.55095618939	1.68612621552	2.5584291665	2.5584291665	2.06179128188	2.81606701741	1.55095618939	1.55095618939	1.6895719006	1.68612621552	1.6895719006	2.51215817142	1.68612621552	2.51215817142	2.13951621197	1.55095618939	2.06179128188	2.13951621197	2.50416914475	1.6895719006	2.06179128188	2.50416914475	2.13951621197	1.68612621552	2.06179128188	2.81606701741	1.68612621552	1.72759531091	2.06179128188	2.51215817142	2.81606701741	1.55095618939	1.6895719006	1.6895719006	1.73520767441	0.0
2.70154572735	2.19681330474	2.19681330474	2.30251348883	2.80491604175	2.30251348883	3.11181811897	2.70154572735	2.47798342639	2.70154572735	2.19681330474	2.54665025587	2.54469533275	2.5302211248	1.94343883951	1.94343883951	1.94343883951	2.5302211248	2.48229879105	2.58705644641	2.58705644641	0.0	1.6105332209	0.0	0.0	1.73520767441	1.92483847569	1.92483847569	1.73520767441	1.92483847569	1.6105332209	1.6105332209	0.0	1.6105332209	1.27713291466	0.0	0.0	0.0	0.0	1.27713291466	1.73520767441	1.55095618939	1.68612621552	2.5584291665	2.5584291665	2.06179128188	2.81606701741	1.55095618939	1.55095618939	1.6895719006	1.68612621552	1.6895719006	2.51215817142	1.68612621552	2.51215817142	2.13951621197	1.55095618939	2.06179128188	2.13951621197	2.50416914475	1.6895719006	2.06179128188	2.50416914475	2.13951621197	1.68612621552	2.06179128188	2.81606701741	1.68612621552	1.72759531091	2.06179128188	2.51215817142	2.81606701741	1.55095618939	1.6895719006	1.6895719006	1.73520767441	0.0
2.70154572735	2.19681330474	2.19681330474	2.30251348883	2.80491604175	2.30251348883	3.11181811897	2.70154572735	2.47798342639	2.70154572735	2.19681330474	2.54665025587	2.54469533275	2.5302211248	1.94343883951	1.94343883951	1.94343883951	2.5302211248	2.48229879105	2.58705644641	2.58705644641	0.0	1.6105332209	0.0	0.0	1.73520767441	1.92483847569	1.92483847569	1.73520767441	1.92483847569	1.6105332209	1.6105332209	0.0	1.6105332209	1.27713291466	0.0	0.0	0.0	0.0	1.27713291466	1.73520767441	1.55095618939	1.68612621552	2.5584291665	2.5584291665	2.06179128188	2.81606701741	1.55095618939	1.55095618939	1.6895719006	1.68612621552	1.6895719006	2.51215817142	1.68612621552	2.51215817142	2.13951621197	1.55095618939	2.06179128188	2.13951621197	2.50416914475	1.6895719006	2.06179128188	2.50416914475	2.13951621197	1.68612621552	2.06179128188	2.81606701741	1.68612621552	1.72759531091	2.06179128188	2.51215817142	2.81606701741	1.55095618939	1.6895719006	1.6895719006	1.73520767441	0.0
