0.000000000000000000e+00 1.000000000000000000e+00 2.000000000000000000e+00 3.000000000000000000e+00 4.000000000000000000e+00 5.000000000000000000e+00 6.000000000000000000e+00 7.000000000000000000e+00 8.000000000000000000e+00 9.000000000000000000e+00 1.000000000000000000e+01
1.000000000000000000e+00 0.000000000000000000e+00 5.899027146530249066e-01 1.031679704329717451e+00 1.043337430617066852e+00 1.090679764634473470e+00 1.126860384824349692e+00 1.113258221811585402e+00 1.555855535313117599e+00 1.566620403777404524e+00 1.580323548111434828e+00
2.000000000000000000e+00 5.899027146530249066e-01 0.000000000000000000e+00 1.031148247723642664e+00 1.042256850750555630e+00 1.088336955708486320e+00 1.124886032066211294e+00 1.110111388587011527e+00 1.554701939405947364e+00 1.565455856271652957e+00 1.579160995002311108e+00
3.000000000000000000e+00 1.031679704329717451e+00 1.031148247723642664e+00 0.000000000000000000e+00 6.264404302758161958e-01 8.381735906978986517e-01 8.869888905938150270e-01 8.981507279098617236e-01 1.340507976025981485e+00 1.351328803118981847e+00 1.365028160925812362e+00
4.000000000000000000e+00 1.043337430617066852e+00 1.042256850750555630e+00 6.264404302758161958e-01 0.000000000000000000e+00 8.060714680490028705e-01 8.652126050382864531e-01 8.766342213999156474e-01 1.331457098105510717e+00 1.342238704463525112e+00 1.355946449883517424e+00
5.000000000000000000e+00 1.090679764634473470e+00 1.088336955708486320e+00 8.381735906978986517e-01 8.060714680490028705e-01 0.000000000000000000e+00 7.533756449371040720e-01 7.565308032765358792e-01 1.299100048521243167e+00 1.309681542334792725e+00 1.323429873337850005e+00
6.000000000000000000e+00 1.126860384824349692e+00 1.124886032066211294e+00 8.869888905938150270e-01 8.652126050382864531e-01 7.533756449371040720e-01 0.000000000000000000e+00 7.842655829326174999e-01 1.262039988098484944e+00 1.272588708281542802e+00 1.286352414432725411e+00
7.000000000000000000e+00 1.113258221811585402e+00 1.110111388587011527e+00 8.981507279098617236e-01 8.766342213999156474e-01 7.565308032765358792e-01 7.842655829326174999e-01 0.000000000000000000e+00 1.297680975713292550e+00 1.308055136840683419e+00 1.321837028132323066e+00
8.000000000000000000e+00 1.555855535313117599e+00 1.554701939405947364e+00 1.340507976025981485e+00 1.331457098105510717e+00 1.299100048521243167e+00 1.262039988098484944e+00 1.297680975713292550e+00 0.000000000000000000e+00 6.115699200782913625e-01 6.693404139079421888e-01
9.000000000000000000e+00 1.566620403777404524e+00 1.565455856271652957e+00 1.351328803118981847e+00 1.342238704463525112e+00 1.309681542334792725e+00 1.272588708281542802e+00 1.308055136840683419e+00 6.115699200782913625e-01 0.000000000000000000e+00 5.732282086187261427e-01
1.000000000000000000e+01 1.580323548111434828e+00 1.579160995002311108e+00 1.365028160925812362e+00 1.355946449883517424e+00 1.323429873337850005e+00 1.286352414432725411e+00 1.321837028132323066e+00 6.693404139079421888e-01 5.732282086187261427e-01 0.000000000000000000e+00
