0.000000000000000000e+00 1.000000000000000000e+00 2.000000000000000000e+00 3.000000000000000000e+00 4.000000000000000000e+00 5.000000000000000000e+00 6.000000000000000000e+00 7.000000000000000000e+00 8.000000000000000000e+00 9.000000000000000000e+00 1.000000000000000000e+01
1.000000000000000000e+00 0.000000000000000000e+00 5.899206145287247960e-01 1.055919609730416431e+00 1.099568743460105802e+00 1.102698652527264622e+00 1.138323619738339953e+00 1.123499991431208711e+00 1.571879944783002969e+00 1.582755769730953777e+00 1.596638161692621072e+00
2.000000000000000000e+00 5.899206145287247960e-01 0.000000000000000000e+00 1.055588201529099601e+00 1.098501533876640179e+00 1.100489103253788015e+00 1.136507687741689754e+00 1.120521100003405879e+00 1.570897138122688830e+00 1.581762463243144179e+00 1.595646738232969764e+00
3.000000000000000000e+00 1.055919609730416431e+00 1.055588201529099601e+00 0.000000000000000000e+00 6.865579283110823106e-01 8.742696601597481632e-01 9.225119322532635557e-01 9.304910088143396596e-01 1.378278257788249306e+00 1.389207795920070598e+00 1.403086168122844146e+00
4.000000000000000000e+00 1.099568743460105802e+00 1.098501533876640179e+00 6.865579283110823106e-01 0.000000000000000000e+00 8.636309619439572760e-01 9.257578515445250567e-01 9.329712445906699347e-01 1.397745448563227910e+00 1.408621861226242000e+00 1.422511184063373957e+00
5.000000000000000000e+00 1.102698652527264622e+00 1.100489103253788015e+00 8.742696601597481632e-01 8.636309619439572760e-01 0.000000000000000000e+00 7.543045635006153660e-01 7.576064303553446955e-01 1.306778631810488811e+00 1.317468159536961725e+00 1.331395562241932229e+00
6.000000000000000000e+00 1.138323619738339953e+00 1.136507687741689754e+00 9.225119322532635557e-01 9.257578515445250567e-01 7.543045635006153660e-01 0.000000000000000000e+00 7.854040453897872531e-01 1.267278701854816170e+00 1.277937820240143463e+00 1.291879628872753205e+00
7.000000000000000000e+00 1.123499991431208711e+00 1.120521100003405879e+00 9.304910088143396596e-01 9.329712445906699347e-01 7.576064303553446955e-01 7.854040453897872531e-01 0.000000000000000000e+00 1.305026574198791423e+00 1.315513090748346325e+00 1.329472764022611830e+00
8.000000000000000000e+00 1.571879944783002969e+00 1.570897138122688830e+00 1.378278257788249306e+00 1.397745448563227910e+00 1.306778631810488811e+00 1.267278701854816170e+00 1.305026574198791423e+00 0.000000000000000000e+00 6.115774091837264947e-01 6.693649425651968521e-01
9.000000000000000000e+00 1.582755769730953777e+00 1.581762463243144179e+00 1.389207795920070598e+00 1.408621861226242000e+00 1.317468159536961725e+00 1.277937820240143463e+00 1.315513090748346325e+00 6.115774091837264947e-01 0.000000000000000000e+00 5.732370895929568277e-01
1.000000000000000000e+01 1.596638161692621072e+00 1.595646738232969764e+00 1.403086168122844146e+00 1.422511184063373957e+00 1.331395562241932229e+00 1.291879628872753205e+00 1.329472764022611830e+00 6.693649425651968521e-01 5.732370895929568277e-01 0.000000000000000000e+00
