0.000000000000000000e+00 1.000000000000000000e+00 2.000000000000000000e+00 3.000000000000000000e+00 4.000000000000000000e+00 5.000000000000000000e+00 6.000000000000000000e+00 7.000000000000000000e+00 8.000000000000000000e+00 9.000000000000000000e+00 1.000000000000000000e+01
1.000000000000000000e+00 0.000000000000000000e+00 5.899000345057080485e-01 1.030443241613129945e+00 1.042010220299582679e+00 1.088715904660299216e+00 1.123103427084207073e+00 1.111093119086927539e+00 1.551026666815467969e+00 1.561801633372726039e+00 1.575504800084817747e+00
2.000000000000000000e+00 5.899000345057080485e-01 0.000000000000000000e+00 1.030047244764207726e+00 1.041069931921126068e+00 1.086532825099314703e+00 1.121307275399022085e+00 1.108111520387868199e+00 1.550063927293794386e+00 1.560827896917682311e+00 1.574533061762870778e+00
3.000000000000000000e+00 1.030443241613129945e+00 1.030047244764207726e+00 0.000000000000000000e+00 6.264151050122805930e-01 8.375853774517567629e-01 8.848755343508445392e-01 8.970868878177735706e-01 1.337152887004721791e+00 1.347980186572527606e+00 1.361680136356096638e+00
4.000000000000000000e+00 1.042010220299582679e+00 1.041069931921126068e+00 6.264151050122805930e-01 0.000000000000000000e+00 8.056802328863772455e-01 8.634441332300013539e-01 8.757833567865878077e-01 1.328359119906188823e+00 1.339146877461709684e+00 1.352855256327221367e+00
5.000000000000000000e+00 1.088715904660299216e+00 1.086532825099314703e+00 8.375853774517567629e-01 8.056802328863772455e-01 0.000000000000000000e+00 7.527617941922122302e-01 7.563025066704540667e-01 1.296573088295452258e+00 1.307160750839289731e+00 1.320909625724060232e+00
6.000000000000000000e+00 1.123103427084207073e+00 1.121307275399022085e+00 8.848755343508445392e-01 8.634441332300013539e-01 7.527617941922122302e-01 0.000000000000000000e+00 7.833913755957160330e-01 1.258547810872178374e+00 1.269100895607760071e+00 1.282865249674011165e+00
7.000000000000000000e+00 1.111093119086927539e+00 1.108111520387868199e+00 8.970868878177735706e-01 8.757833567865878077e-01 7.563025066704540667e-01 7.833913755957160330e-01 0.000000000000000000e+00 1.295403564132950436e+00 1.305786390359944038e+00 1.319568451281702304e+00
8.000000000000000000e+00 1.551026666815467969e+00 1.550063927293794386e+00 1.337152887004721791e+00 1.328359119906188823e+00 1.296573088295452258e+00 1.258547810872178374e+00 1.295403564132950436e+00 0.000000000000000000e+00 6.115698909849636156e-01 6.693403989205612969e-01
9.000000000000000000e+00 1.561801633372726039e+00 1.560827896917682311e+00 1.347980186572527606e+00 1.339146877461709684e+00 1.307160750839289731e+00 1.269100895607760071e+00 1.305786390359944038e+00 6.115698909849636156e-01 0.000000000000000000e+00 5.732282775832333588e-01
1.000000000000000000e+01 1.575504800084817747e+00 1.574533061762870778e+00 1.361680136356096638e+00 1.352855256327221367e+00 1.320909625724060232e+00 1.282865249674011165e+00 1.319568451281702304e+00 6.693403989205612969e-01 5.732282775832333588e-01 0.000000000000000000e+00
