0.000000000000000000e+00 1.000000000000000000e+00 2.000000000000000000e+00 3.000000000000000000e+00 4.000000000000000000e+00 5.000000000000000000e+00 6.000000000000000000e+00 7.000000000000000000e+00 8.000000000000000000e+00 9.000000000000000000e+00 1.000000000000000000e+01
1.000000000000000000e+00 0.000000000000000000e+00 5.889808795448911560e+00 1.026787728072668138e+01 1.038262152244924508e+01 1.083742811327121736e+01 1.116025775986240909e+01 1.104072130883284686e+01 1.463888688497019963e+01 1.474295772709846553e+01 1.482753919525921660e+01
2.000000000000000000e+00 5.889808795448911560e+00 0.000000000000000000e+00 1.026466311732290926e+01 1.037504829002082829e+01 1.082028809090147980e+01 1.114632797621544746e+01 1.101772662973277761e+01 1.463148761876612092e+01 1.473548379573789369e+01 1.482009526607042460e+01
3.000000000000000000e+00 1.026787728072668138e+01 1.026466311732290926e+01 0.000000000000000000e+00 6.263954215358520372e+00 8.366142184833227802e+00 8.824084040554476260e+00 8.937968988971544348e+00 1.252986594135325582e+01 1.263435429731939585e+01 1.271882988333132047e+01
4.000000000000000000e+00 1.038262152244924508e+01 1.037504829002082829e+01 6.263954215358520372e+00 0.000000000000000000e+00 8.049764820596392312e+00 8.613904988437800725e+00 8.729831665993419421e+00 1.243883105355014074e+01 1.254298159109345612e+01 1.262760456436567580e+01
5.000000000000000000e+00 1.083742811327121736e+01 1.082028809090147980e+01 8.366142184833227802e+00 8.049764820596392312e+00 0.000000000000000000e+00 7.521111884286151295e+00 7.554624950214847701e+00 1.209240526372975388e+01 1.219484422483527020e+01 1.228019316506405900e+01
6.000000000000000000e+00 1.116025775986240909e+01 1.114632797621544746e+01 8.824084040554476260e+00 8.613904988437800725e+00 7.521111884286151295e+00 0.000000000000000000e+00 7.816952398413061331e+00 1.165913263506924658e+01 1.176119411302200923e+01 1.184678262186923803e+01
7.000000000000000000e+00 1.104072130883284686e+01 1.101772662973277761e+01 8.937968988971544348e+00 8.729831665993419421e+00 7.554624950214847701e+00 7.816952398413061331e+00 0.000000000000000000e+00 1.206188207552375324e+01 1.216262756494317010e+01 1.224861669505759565e+01
8.000000000000000000e+00 1.463888688497019963e+01 1.463148761876612092e+01 1.252986594135325582e+01 1.243883105355014074e+01 1.209240526372975388e+01 1.165913263506924658e+01 1.206188207552375324e+01 0.000000000000000000e+00 6.108918903002580336e+00 6.675766028981470868e+00
9.000000000000000000e+00 1.474295772709846553e+01 1.473548379573789369e+01 1.263435429731939585e+01 1.254298159109345612e+01 1.219484422483527020e+01 1.176119411302200923e+01 1.216262756494317010e+01 6.108918903002580336e+00 0.000000000000000000e+00 5.728093615945851980e+00
1.000000000000000000e+01 1.482753919525921660e+01 1.482009526607042460e+01 1.271882988333132047e+01 1.262760456436567580e+01 1.228019316506405900e+01 1.184678262186923803e+01 1.224861669505759565e+01 6.675766028981470868e+00 5.728093615945851980e+00 0.000000000000000000e+00
