0.000000000000000000e+00 1.000000000000000000e+00 2.000000000000000000e+00 3.000000000000000000e+00 4.000000000000000000e+00 5.000000000000000000e+00 6.000000000000000000e+00 7.000000000000000000e+00 8.000000000000000000e+00 9.000000000000000000e+00 1.000000000000000000e+01
1.000000000000000000e+00 0.000000000000000000e+00 5.899020446466045620e-01 1.030823801213458735e+00 1.041974842803093493e+00 1.078392755963415217e+00 1.123633705229621471e+00 1.109704981158190273e+00 1.549597804048004068e+00 1.560339507787606772e+00 1.574012772584757469e+00
2.000000000000000000e+00 5.899020446466045620e-01 0.000000000000000000e+00 1.030249398432063090e+00 1.040843300461270937e+00 1.075977268922865493e+00 1.121596553949397501e+00 1.106521313077155844e+00 1.548364135973268940e+00 1.559094745734754595e+00 1.572769975533626630e+00
3.000000000000000000e+00 1.030823801213458735e+00 1.030249398432063090e+00 0.000000000000000000e+00 6.263594617285141997e-01 8.260360411123159885e-01 8.841096422160072965e-01 8.937780830540515975e-01 1.335242113327046898e+00 1.346041995488900467e+00 1.359711579153991545e+00
4.000000000000000000e+00 1.041974842803093493e+00 1.040843300461270937e+00 6.263594617285141997e-01 0.000000000000000000e+00 7.932538143266543162e-01 8.617797229809529558e-01 8.713160594521967006e-01 1.325738709254955072e+00 1.336498918739364106e+00 1.350176883219208479e+00
5.000000000000000000e+00 1.078392755963415217e+00 1.075977268922865493e+00 8.260360411123159885e-01 7.932538143266543162e-01 0.000000000000000000e+00 7.485017912183427047e-01 7.491139425447819189e-01 1.288191687659363982e+00 1.298759200936733693e+00 1.312475672930095927e+00
6.000000000000000000e+00 1.123633705229621471e+00 1.121596553949397501e+00 8.841096422160072965e-01 8.617797229809529558e-01 7.485017912183427047e-01 0.000000000000000000e+00 7.833936047457035201e-01 1.258591868459105978e+00 1.269129331918975145e+00 1.282861183734628652e+00
7.000000000000000000e+00 1.109704981158190273e+00 1.106521313077155844e+00 8.937780830540515975e-01 8.713160594521967006e-01 7.491139425447819189e-01 7.833936047457035201e-01 0.000000000000000000e+00 1.293347250469623066e+00 1.303711612417387533e+00 1.317460470237601600e+00
8.000000000000000000e+00 1.549597804048004068e+00 1.548364135973268940e+00 1.335242113327046898e+00 1.325738709254955072e+00 1.288191687659363982e+00 1.258591868459105978e+00 1.293347250469623066e+00 0.000000000000000000e+00 6.115659721323314368e-01 6.693291953893190094e-01
9.000000000000000000e+00 1.560339507787606772e+00 1.559094745734754595e+00 1.346041995488900467e+00 1.336498918739364106e+00 1.298759200936733693e+00 1.269129331918975145e+00 1.303711612417387533e+00 6.115659721323314368e-01 0.000000000000000000e+00 5.732238353631633476e-01
1.000000000000000000e+01 1.574012772584757469e+00 1.572769975533626630e+00 1.359711579153991545e+00 1.350176883219208479e+00 1.312475672930095927e+00 1.282861183734628652e+00 1.317460470237601600e+00 6.693291953893190094e-01 5.732238353631633476e-01 0.000000000000000000e+00
