0.000000000000000000e+00 1.000000000000000000e+00 2.000000000000000000e+00 3.000000000000000000e+00 4.000000000000000000e+00 5.000000000000000000e+00 6.000000000000000000e+00 7.000000000000000000e+00 8.000000000000000000e+00 9.000000000000000000e+00 1.000000000000000000e+01
1.000000000000000000e+00 0.000000000000000000e+00 6.356663253209532405e-02 5.951276709746924354e-01 5.275694359778282383e-01 6.626830603148567977e-01 7.060257857654502756e-01 6.744516883467264190e-01 6.966094978470431798e-01 6.987533178779482546e-01 7.052172132566815188e-01
2.000000000000000000e+00 6.356663253209532405e-02 0.000000000000000000e+00 5.906195839696357641e-01 5.230357664834246467e-01 6.578748126235511862e-01 7.013204901796988855e-01 6.695050217513656143e-01 6.920992484201466954e-01 6.942430193113485748e-01 7.007073862628984129e-01
3.000000000000000000e+00 5.951276709746924354e-01 5.906195839696357641e-01 0.000000000000000000e+00 5.021867783061604307e-01 7.810715828342635891e-01 8.294320624430510103e-01 8.284209146628935816e-01 8.373775019679110532e-01 8.395245963778693588e-01 8.459754742111987857e-01
4.000000000000000000e+00 5.275694359778282383e-01 5.230357664834246467e-01 5.021867783061604307e-01 0.000000000000000000e+00 6.886582946898707203e-01 7.406760744463457558e-01 7.431273871828871780e-01 7.548403772918073074e-01 7.569875047163409088e-01 7.634408509199154258e-01
5.000000000000000000e+00 6.626830603148567977e-01 6.578748126235511862e-01 7.810715828342635891e-01 6.886582946898707203e-01 0.000000000000000000e+00 7.504394255592111707e-01 7.472564313395892999e-01 8.415811749889847704e-01 8.437248634021489169e-01 8.502213986843741855e-01
6.000000000000000000e+00 7.060257857654502756e-01 7.013204901796988855e-01 8.294320624430510103e-01 7.406760744463457558e-01 7.504394255592111707e-01 0.000000000000000000e+00 7.783395825129286738e-01 8.117674685053251071e-01 8.139130840477283302e-01 8.204234790168770663e-01
7.000000000000000000e+00 6.744516883467264190e-01 6.695050217513656143e-01 8.284209146628935816e-01 7.431273871828871780e-01 7.472564313395892999e-01 7.783395825129286738e-01 0.000000000000000000e+00 8.385093063549020620e-01 8.406483243868249078e-01 8.471777020013259163e-01
8.000000000000000000e+00 6.966094978470431798e-01 6.920992484201466954e-01 8.373775019679110532e-01 7.548403772918073074e-01 8.415811749889847704e-01 8.117674685053251071e-01 8.385093063549020620e-01 0.000000000000000000e+00 6.470249874306654991e-02 7.672963918198705269e-02
9.000000000000000000e+00 6.987533178779482546e-01 6.942430193113485748e-01 8.395245963778693588e-01 7.569875047163409088e-01 8.437248634021489169e-01 8.139130840477283302e-01 8.406483243868249078e-01 6.470249874306654991e-02 0.000000000000000000e+00 6.096347535269019957e-02
1.000000000000000000e+01 7.052172132566815188e-01 7.007073862628984129e-01 8.459754742111987857e-01 7.634408509199154258e-01 8.502213986843741855e-01 8.204234790168770663e-01 8.471777020013259163e-01 7.672963918198705269e-02 6.096347535269019957e-02 0.000000000000000000e+00
