0.000000000000000000e+00 1.000000000000000000e+00 2.000000000000000000e+00 3.000000000000000000e+00 4.000000000000000000e+00 5.000000000000000000e+00 6.000000000000000000e+00 7.000000000000000000e+00 8.000000000000000000e+00 9.000000000000000000e+00 1.000000000000000000e+01
1.000000000000000000e+00 0.000000000000000000e+00 5.899031742321803051e-01 1.031740151563810715e+00 1.043405667903871903e+00 1.090810073479840936e+00 1.127055557967642008e+00 1.113460881498332000e+00 1.589037720333313031e+00 1.599873407203755038e+00 1.618482809028770841e+00
2.000000000000000000e+00 5.899031742321803051e-01 0.000000000000000000e+00 1.031214877262175866e+00 1.042331404435856923e+00 1.088474390207422760e+00 1.125089852278009284e+00 1.110321220109644180e+00 1.587854190575238578e+00 1.598679176932297219e+00 1.617289285850695979e+00
3.000000000000000000e+00 1.031740151563810715e+00 1.031214877262175866e+00 0.000000000000000000e+00 6.264410987805226760e-01 8.381989618144320975e-01 8.870434017649950764e-01 8.982274914441306102e-01 1.373579772986283087e+00 1.384470601330823447e+00 1.403080330350641169e+00
4.000000000000000000e+00 1.043405667903871903e+00 1.042331404435856923e+00 6.264410987805226760e-01 0.000000000000000000e+00 8.060891818039646051e-01 8.652567098553023417e-01 8.766972912328014900e-01 1.364342019429687136e+00 1.375194542753184423e+00 1.393807706405387759e+00
5.000000000000000000e+00 1.090810073479840936e+00 1.088474390207422760e+00 8.381989618144320975e-01 8.060891818039646051e-01 0.000000000000000000e+00 7.533861185250396719e-01 7.565458727927891758e-01 1.331080868794740413e+00 1.341737454162625687e+00 1.360366790217574895e+00
6.000000000000000000e+00 1.127055557967642008e+00 1.125089852278009284e+00 8.870434017649950764e-01 8.652567098553023417e-01 7.533861185250396719e-01 0.000000000000000000e+00 7.842847438443314445e-01 1.293668034487061691e+00 1.304293317448724343e+00 1.322930964991457348e+00
7.000000000000000000e+00 1.113460881498332000e+00 1.110321220109644180e+00 8.982274914441306102e-01 8.766972912328014900e-01 7.565458727927891758e-01 7.842847438443314445e-01 0.000000000000000000e+00 1.328937879138569089e+00 1.339390382241186783e+00 1.358031037584707779e+00
8.000000000000000000e+00 1.589037720333313031e+00 1.587854190575238578e+00 1.373579772986283087e+00 1.364342019429687136e+00 1.331080868794740413e+00 1.293668034487061691e+00 1.328937879138569089e+00 0.000000000000000000e+00 6.120136855701134859e-01 6.707560344223395532e-01
9.000000000000000000e+00 1.599873407203755038e+00 1.598679176932297219e+00 1.384470601330823447e+00 1.375194542753184423e+00 1.341737454162625687e+00 1.304293317448724343e+00 1.339390382241186783e+00 6.120136855701134859e-01 0.000000000000000000e+00 5.737179619830867772e-01
1.000000000000000000e+01 1.618482809028770841e+00 1.617289285850695979e+00 1.403080330350641169e+00 1.393807706405387759e+00 1.360366790217574895e+00 1.322930964991457348e+00 1.358031037584707779e+00 6.707560344223395532e-01 5.737179619830867772e-01 0.000000000000000000e+00
