0.000000000000000000e+00 1.000000000000000000e+00 2.000000000000000000e+00 3.000000000000000000e+00 4.000000000000000000e+00 5.000000000000000000e+00 6.000000000000000000e+00 7.000000000000000000e+00 8.000000000000000000e+00 9.000000000000000000e+00 1.000000000000000000e+01
1.000000000000000000e+00 0.000000000000000000e+00 5.884983739455337259e-01 1.006586872429988455e+00 1.015488218206401339e+00 1.038453475406908577e+00 1.049269567304947248e+00 9.532700438597896397e-01 1.370226773294939360e+00 1.379060545415807360e+00 1.390454168334105844e+00
2.000000000000000000e+00 5.884983739455337259e-01 0.000000000000000000e+00 1.005472032864082932e+00 1.013790672027854001e+00 1.035189808788202992e+00 1.045889968839551099e+00 9.490112298126225365e-01 1.367101189552711649e+00 1.375925119786861606e+00 1.387318882762737182e+00
3.000000000000000000e+00 1.006586872429988455e+00 1.005472032864082932e+00 0.000000000000000000e+00 6.262424152261405474e-01 8.278109057216780364e-01 8.615153362575753704e-01 7.938572992502439529e-01 1.204658453211321589e+00 1.213588082521878997e+00 1.224985939625775622e+00
4.000000000000000000e+00 1.015488218206401339e+00 1.013790672027854001e+00 6.262424152261405474e-01 0.000000000000000000e+00 7.982158813743249759e-01 8.425179302999568076e-01 7.783988985094063562e-01 1.194585148220823623e+00 1.203489555725837379e+00 1.214888717041366029e+00
5.000000000000000000e+00 1.038453475406908577e+00 1.035189808788202992e+00 8.278109057216780364e-01 7.982158813743249759e-01 0.000000000000000000e+00 7.414176287485294559e-01 6.954045973851639140e-01 1.150137859204994228e+00 1.158915969114165501e+00 1.170319909445658002e+00
6.000000000000000000e+00 1.049269567304947248e+00 1.045889968839551099e+00 8.615153362575753704e-01 8.425179302999568076e-01 7.414176287485294559e-01 0.000000000000000000e+00 6.938155909028596025e-01 1.121076886480127488e+00 1.129872521974444100e+00 1.141281992587244609e+00
7.000000000000000000e+00 9.532700438597896397e-01 9.490112298126225365e-01 7.938572992502439529e-01 7.783988985094063562e-01 6.954045973851639140e-01 6.938155909028596025e-01 0.000000000000000000e+00 1.036664838164067071e+00 1.045280696030450818e+00 1.056684233526757666e+00
8.000000000000000000e+00 1.370226773294939360e+00 1.367101189552711649e+00 1.204658453211321589e+00 1.194585148220823623e+00 1.150137859204994228e+00 1.121076886480127488e+00 1.036664838164067071e+00 0.000000000000000000e+00 6.114468992462434027e-01 6.689591810512349745e-01
9.000000000000000000e+00 1.379060545415807360e+00 1.375925119786861606e+00 1.213588082521878997e+00 1.203489555725837379e+00 1.158915969114165501e+00 1.129872521974444100e+00 1.045280696030450818e+00 6.114468992462434027e-01 0.000000000000000000e+00 5.731136585551031004e-01
1.000000000000000000e+01 1.390454168334105844e+00 1.387318882762737182e+00 1.224985939625775622e+00 1.214888717041366029e+00 1.170319909445658002e+00 1.141281992587244609e+00 1.056684233526757666e+00 6.689591810512349745e-01 5.731136585551031004e-01 0.000000000000000000e+00
