0.000000000000000000e+00 1.000000000000000000e+00 2.000000000000000000e+00 3.000000000000000000e+00 4.000000000000000000e+00 5.000000000000000000e+00 6.000000000000000000e+00 7.000000000000000000e+00 8.000000000000000000e+00 9.000000000000000000e+00 1.000000000000000000e+01
1.000000000000000000e+00 0.000000000000000000e+00 5.899189751516396019e-01 1.031759175961519892e+00 1.043419423151296321e+00 1.090768805307318345e+00 1.126948421045797843e+00 1.113352048463089439e+00 1.556228968555809722e+00 1.566971084852266216e+00 1.580681860001352357e+00
2.000000000000000000e+00 5.899189751516396019e-01 0.000000000000000000e+00 1.031221919518740870e+00 1.042331442680414444e+00 1.088414748209886262e+00 1.124963826327672223e+00 1.110191478400227361e+00 1.555067135190717487e+00 1.565798284098716131e+00 1.579511063658221692e+00
3.000000000000000000e+00 1.031759175961519892e+00 1.031221919518740870e+00 0.000000000000000000e+00 6.264404800545992913e-01 8.381742421249644970e-01 8.869894234037980496e-01 8.981521945063213330e-01 1.340797935417861186e+00 1.351595897381868472e+00 1.365302894402727452e+00
4.000000000000000000e+00 1.043419423151296321e+00 1.042331442680414444e+00 6.264404800545992913e-01 0.000000000000000000e+00 8.060718147653795906e-01 8.652128789708741774e-01 8.766352129763903545e-01 1.331745603826020030e+00 1.342504408771443725e+00 1.356219811992210422e+00
5.000000000000000000e+00 1.090768805307318345e+00 1.088414748209886262e+00 8.381742421249644970e-01 8.060718147653795906e-01 0.000000000000000000e+00 7.533756674434175515e-01 7.565309733035410211e-01 1.299381956279993311e+00 1.309940972099345124e+00 1.323697046827645663e+00
6.000000000000000000e+00 1.126948421045797843e+00 1.124963826327672223e+00 8.869894234037980496e-01 8.652128789708741774e-01 7.533756674434175515e-01 0.000000000000000000e+00 7.842658253123326872e-01 1.262320291793745497e+00 1.272846616081470650e+00 1.286618106288165420e+00
7.000000000000000000e+00 1.113352048463089439e+00 1.110191478400227361e+00 8.981521945063213330e-01 8.766352129763903545e-01 7.565309733035410211e-01 7.842658253123326872e-01 0.000000000000000000e+00 1.297956800202702432e+00 1.308308793867949404e+00 1.322098490663122794e+00
8.000000000000000000e+00 1.556228968555809722e+00 1.555067135190717487e+00 1.340797935417861186e+00 1.331745603826020030e+00 1.299381956279993311e+00 1.262320291793745497e+00 1.297956800202702432e+00 0.000000000000000000e+00 6.115704873662108909e-01 6.693414864866003011e-01
9.000000000000000000e+00 1.566971084852266216e+00 1.565798284098716131e+00 1.351595897381868472e+00 1.342504408771443725e+00 1.309940972099345124e+00 1.272846616081470650e+00 1.308308793867949404e+00 6.115704873662108909e-01 0.000000000000000000e+00 5.732286662535399646e-01
1.000000000000000000e+01 1.580681860001352357e+00 1.579511063658221692e+00 1.365302894402727452e+00 1.356219811992210422e+00 1.323697046827645663e+00 1.286618106288165420e+00 1.322098490663122794e+00 6.693414864866003011e-01 5.732286662535399646e-01 0.000000000000000000e+00
