0.000000000000000000e+00 1.000000000000000000e+00 2.000000000000000000e+00 3.000000000000000000e+00 4.000000000000000000e+00 5.000000000000000000e+00 6.000000000000000000e+00 7.000000000000000000e+00 8.000000000000000000e+00 9.000000000000000000e+00 1.000000000000000000e+01
1.000000000000000000e+00 0.000000000000000000e+00 5.883463275542898385e-01 1.024214409265559844e+00 1.035548967929293962e+00 1.081297382266868112e+00 1.115147739933718851e+00 1.103000405265481154e+00 1.526499786692939509e+00 1.537172057099590372e+00 1.550849374428653560e+00
2.000000000000000000e+00 5.883463275542898385e-01 0.000000000000000000e+00 1.024655733990640805e+00 1.035523626168360689e+00 1.080220920662092077e+00 1.114421794323385173e+00 1.101248835099816636e+00 1.526474059710184239e+00 1.537136877771412724e+00 1.550815934333769741e+00
3.000000000000000000e+00 1.024214409265559844e+00 1.024655733990640805e+00 0.000000000000000000e+00 6.263802762083741094e-01 8.370324891605591677e-01 8.842930157842980865e-01 8.957344148053101307e-01 1.319794458504998769e+00 1.330515583469056740e+00 1.344189520576742014e+00
4.000000000000000000e+00 1.035548967929293962e+00 1.035523626168360689e+00 6.263802762083741094e-01 0.000000000000000000e+00 8.053693700045760906e-01 8.631880785135170875e-01 8.747784233216657768e-01 1.311259179993046864e+00 1.321939725957161915e+00 1.335622330717703088e+00
5.000000000000000000e+00 1.081297382266868112e+00 1.080220920662092077e+00 8.370324891605591677e-01 8.053693700045760906e-01 0.000000000000000000e+00 7.528508830031068744e-01 7.560588271150858741e-01 1.279214778444716316e+00 1.289691022222083649e+00 1.303415467962193430e+00
6.000000000000000000e+00 1.115147739933718851e+00 1.114421794323385173e+00 8.842930157842980865e-01 8.631880785135170875e-01 7.528508830031068744e-01 0.000000000000000000e+00 7.831321233811980864e-01 1.241570741819506996e+00 1.252000921552705481e+00 1.265742916518376893e+00
7.000000000000000000e+00 1.103000405265481154e+00 1.101248835099816636e+00 8.957344148053101307e-01 8.747784233216657768e-01 7.560588271150858741e-01 7.831321233811980864e-01 0.000000000000000000e+00 1.276186304063950061e+00 1.286463405797510617e+00 1.300220881182644783e+00
8.000000000000000000e+00 1.526499786692939509e+00 1.526474059710184239e+00 1.319794458504998769e+00 1.311259179993046864e+00 1.279214778444716316e+00 1.241570741819506996e+00 1.276186304063950061e+00 0.000000000000000000e+00 6.115668447245572459e-01 6.693323469774330459e-01
9.000000000000000000e+00 1.537172057099590372e+00 1.537136877771412724e+00 1.330515583469056740e+00 1.321939725957161915e+00 1.289691022222083649e+00 1.252000921552705481e+00 1.286463405797510617e+00 6.115668447245572459e-01 0.000000000000000000e+00 5.732257965453142479e-01
1.000000000000000000e+01 1.550849374428653560e+00 1.550815934333769741e+00 1.344189520576742014e+00 1.335622330717703088e+00 1.303415467962193430e+00 1.265742916518376893e+00 1.300220881182644783e+00 6.693323469774330459e-01 5.732257965453142479e-01 0.000000000000000000e+00
