0.000000000000000000e+00 1.000000000000000000e+00 2.000000000000000000e+00 3.000000000000000000e+00 4.000000000000000000e+00 5.000000000000000000e+00 6.000000000000000000e+00 7.000000000000000000e+00 8.000000000000000000e+00 9.000000000000000000e+00 1.000000000000000000e+01
1.000000000000000000e+00 0.000000000000000000e+00 5.899031435540802448e-01 1.031739929359017482e+00 1.043405631403653944e+00 1.090800130335747076e+00 1.127039069460133769e+00 1.113426728119033315e+00 1.557218620480279814e+00 1.568076499079543051e+00 1.581846137415811038e+00
2.000000000000000000e+00 5.899031435540802448e-01 0.000000000000000000e+00 1.031214480058996186e+00 1.042331378143716014e+00 1.088465377606940843e+00 1.125074574141618156e+00 1.110288825856594164e+00 1.556082686208938970e+00 1.566929758119100402e+00 1.580701430018269571e+00
3.000000000000000000e+00 1.031739929359017482e+00 1.031214480058996186e+00 0.000000000000000000e+00 6.264407224455319501e-01 8.381859281834087572e-01 8.870230034577912814e-01 8.981877361642951474e-01 1.341612538382642938e+00 1.352524822036655028e+00 1.366290541769217937e+00
4.000000000000000000e+00 1.043405631403653944e+00 1.042331378143716014e+00 6.264407224455319501e-01 0.000000000000000000e+00 8.060801823532741661e-01 8.652414594227011424e-01 8.766648694276537590e-01 1.332563737399659498e+00 1.343437094079019456e+00 1.357211372152497431e+00
5.000000000000000000e+00 1.090800130335747076e+00 1.088465377606940843e+00 8.381859281834087572e-01 8.060801823532741661e-01 0.000000000000000000e+00 7.533852746067017936e-01 7.565385968365700986e-01 1.300221105165507485e+00 1.310895846052291258e+00 1.324711588258311368e+00
6.000000000000000000e+00 1.127039069460133769e+00 1.125074574141618156e+00 8.870230034577912814e-01 8.652414594227011424e-01 7.533852746067017936e-01 0.000000000000000000e+00 7.842814876155308479e-01 1.263075741782146988e+00 1.273717090040763278e+00 1.287548388405947764e+00
7.000000000000000000e+00 1.113426728119033315e+00 1.110288825856594164e+00 8.981877361642951474e-01 8.766648694276537590e-01 7.565385968365700986e-01 7.842814876155308479e-01 0.000000000000000000e+00 1.298894280408800395e+00 1.309363834508299629e+00 1.323214033204864526e+00
8.000000000000000000e+00 1.557218620480279814e+00 1.556082686208938970e+00 1.341612538382642938e+00 1.332563737399659498e+00 1.300221105165507485e+00 1.263075741782146988e+00 1.298894280408800395e+00 0.000000000000000000e+00 6.115734083234967144e-01 6.693525440005825278e-01
9.000000000000000000e+00 1.568076499079543051e+00 1.566929758119100402e+00 1.352524822036655028e+00 1.343437094079019456e+00 1.310895846052291258e+00 1.273717090040763278e+00 1.309363834508299629e+00 6.115734083234967144e-01 0.000000000000000000e+00 5.732322930212558898e-01
1.000000000000000000e+01 1.581846137415811038e+00 1.580701430018269571e+00 1.366290541769217937e+00 1.357211372152497431e+00 1.324711588258311368e+00 1.287548388405947764e+00 1.323214033204864526e+00 6.693525440005825278e-01 5.732322930212558898e-01 0.000000000000000000e+00
