0.000000000000000000e+00 1.000000000000000000e+00 2.000000000000000000e+00 3.000000000000000000e+00 4.000000000000000000e+00 5.000000000000000000e+00 6.000000000000000000e+00 7.000000000000000000e+00 8.000000000000000000e+00 9.000000000000000000e+00 1.000000000000000000e+01
1.000000000000000000e+00 0.000000000000000000e+00 5.992680388323942120e-01 1.195364073655678760e+00 1.207345901130304711e+00 1.258539937728513358e+00 1.500849217922606726e+00 3.508190498208740848e+00 4.470974606072599222e+00 3.134686379724188843e+00 3.156708615536534257e+00
2.000000000000000000e+00 5.992680388323942120e-01 0.000000000000000000e+00 1.187708748790684554e+00 1.198511252688461592e+00 1.246685014794120416e+00 1.489148510556983940e+00 3.494403287543944359e+00 4.460922859380217709e+00 3.124606544568917510e+00 3.146630393293182504e+00
3.000000000000000000e+00 1.195364073655678760e+00 1.187708748790684554e+00 0.000000000000000000e+00 6.519011454599197286e-01 9.000515018247132737e-01 1.145507973798797430e+00 3.215185465745307170e+00 4.175489622061637540e+00 2.839387040065446843e+00 2.861401497288636353e+00
4.000000000000000000e+00 1.207345901130304711e+00 1.198511252688461592e+00 6.519011454599197286e-01 0.000000000000000000e+00 8.496535504086621948e-01 1.100267318916395176e+00 3.177964069677603476e+00 4.160481922772770069e+00 2.824291697772113974e+00 2.846311668097939229e+00
5.000000000000000000e+00 1.258539937728513358e+00 1.246685014794120416e+00 9.000515018247132737e-01 8.496535504086621948e-01 0.000000000000000000e+00 8.958744408884502519e-01 3.013225429344969619e+00 4.124126471741035083e+00 2.787545201875324619e+00 2.809589095636010558e+00
6.000000000000000000e+00 1.500849217922606726e+00 1.489148510556983940e+00 1.145507973798797430e+00 1.100267318916395176e+00 8.958744408884502519e-01 0.000000000000000000e+00 3.230556359791536103e+00 4.275421249734452367e+00 2.938862225846565313e+00 2.960910101385891391e+00
7.000000000000000000e+00 3.508190498208740848e+00 3.494403287543944359e+00 3.215185465745307170e+00 3.177964069677603476e+00 3.013225429344969619e+00 3.230556359791536103e+00 0.000000000000000000e+00 6.327727342309954928e+00 4.990693455031889769e+00 5.012761160970267582e+00
8.000000000000000000e+00 4.470974606072599222e+00 4.460922859380217709e+00 4.175489622061637540e+00 4.160481922772770069e+00 4.124126471741035083e+00 4.275421249734452367e+00 6.327727342309954928e+00 0.000000000000000000e+00 2.429453431526417351e+00 2.483307275377190759e+00
9.000000000000000000e+00 3.134686379724188843e+00 3.124606544568917510e+00 2.839387040065446843e+00 2.824291697772113974e+00 2.787545201875324619e+00 2.938862225846565313e+00 4.990693455031889769e+00 2.429453431526417351e+00 0.000000000000000000e+00 7.276527492275373099e-01
1.000000000000000000e+01 3.156708615536534257e+00 3.146630393293182504e+00 2.861401497288636353e+00 2.846311668097939229e+00 2.809589095636010558e+00 2.960910101385891391e+00 5.012761160970267582e+00 2.483307275377190759e+00 7.276527492275373099e-01 0.000000000000000000e+00
