0.000000000000000000e+00 1.000000000000000000e+00 2.000000000000000000e+00 3.000000000000000000e+00 4.000000000000000000e+00 5.000000000000000000e+00 6.000000000000000000e+00 7.000000000000000000e+00 8.000000000000000000e+00 9.000000000000000000e+00 1.000000000000000000e+01
1.000000000000000000e+00 0.000000000000000000e+00 6.529148040782577489e-01 2.347583757650514524e+00 2.373703309647918758e+00 2.855829137655087280e+00 1.663676635362198564e+00 1.736808065181338900e+00 2.322796399657860444e+00 2.420178914208793941e+00 2.363536153817934249e+00
2.000000000000000000e+00 6.529148040782577489e-01 0.000000000000000000e+00 2.429274749680166767e+00 2.455003173651013171e+00 2.935696683106920446e+00 1.744171691626408283e+00 1.815841839153544246e+00 2.403966052577180879e+00 2.501341666780705353e+00 2.444697617172629123e+00
3.000000000000000000e+00 2.347583757650514524e+00 2.429274749680166767e+00 0.000000000000000000e+00 2.486935580556144387e+00 3.296935526470508471e+00 2.151273861385446740e+00 2.249985304921947815e+00 2.841263481604949792e+00 2.938679839623983270e+00 2.882044791304171127e+00
4.000000000000000000e+00 2.373703309647918758e+00 2.455003173651013171e+00 2.486935580556144387e+00 0.000000000000000000e+00 3.229140415423337629e+00 2.103402867019947831e+00 2.205378575060938484e+00 2.805997234463583734e+00 2.903393388059363645e+00 2.846756435897826343e+00
5.000000000000000000e+00 2.855829137655087280e+00 2.935696683106920446e+00 3.296935526470508471e+00 3.229140415423337629e+00 0.000000000000000000e+00 2.176744661382870483e+00 2.185592649870664150e+00 3.013335853776315520e+00 3.110437296660649054e+00 3.053762480377889332e+00
6.000000000000000000e+00 1.663676635362198564e+00 1.744171691626408283e+00 2.151273861385446740e+00 2.103402867019947831e+00 2.176744661382870483e+00 0.000000000000000000e+00 9.988664272754688156e-01 1.642377972192891722e+00 1.739426166117649331e+00 1.682749312502993533e+00
7.000000000000000000e+00 1.736808065181338900e+00 1.815841839153544246e+00 2.249985304921947815e+00 2.205378575060938484e+00 2.185592649870664150e+00 9.988664272754688156e-01 0.000000000000000000e+00 1.821995020288645240e+00 1.918839938200172845e+00 1.862126978910367825e+00
8.000000000000000000e+00 2.322796399657860444e+00 2.403966052577180879e+00 2.841263481604949792e+00 2.805997234463583734e+00 3.013335853776315520e+00 1.642377972192891722e+00 1.821995020288645240e+00 0.000000000000000000e+00 6.952296151512262767e-01 6.922597846312728009e-01
9.000000000000000000e+00 2.420178914208793941e+00 2.501341666780705353e+00 2.938679839623983270e+00 2.903393388059363645e+00 3.110437296660649054e+00 1.739426166117649331e+00 1.918839938200172845e+00 6.952296151512262767e-01 0.000000000000000000e+00 6.295444837139987371e-01
1.000000000000000000e+01 2.363536153817934249e+00 2.444697617172629123e+00 2.882044791304171127e+00 2.846756435897826343e+00 3.053762480377889332e+00 1.682749312502993533e+00 1.862126978910367825e+00 6.922597846312728009e-01 6.295444837139987371e-01 0.000000000000000000e+00
