0.000000000000000000e+00 1.000000000000000000e+00 2.000000000000000000e+00 3.000000000000000000e+00 4.000000000000000000e+00 5.000000000000000000e+00 6.000000000000000000e+00 7.000000000000000000e+00 8.000000000000000000e+00 9.000000000000000000e+00 1.000000000000000000e+01
1.000000000000000000e+00 0.000000000000000000e+00 5.861177973483692183e-01 1.009058340094741713e+00 1.019464251256804177e+00 1.061150672845683651e+00 1.089913037863608158e+00 1.080825898200460156e+00 1.475556582788153825e+00 1.485900128280812194e+00 1.499359274985983648e+00
2.000000000000000000e+00 5.861177973483692183e-01 0.000000000000000000e+00 1.011815841708671559e+00 1.021884520183300227e+00 1.062849861092762804e+00 1.091941159149570462e+00 1.082046727212464976e+00 1.478149750325081779e+00 1.488486274197534875e+00 1.501946714199043464e+00
3.000000000000000000e+00 1.009058340094741713e+00 1.011815841708671559e+00 0.000000000000000000e+00 6.262351938656265382e-01 8.346112706019654937e-01 8.788796290839475667e-01 8.906499042610231953e-01 1.289302507530029729e+00 1.299671931507901501e+00 1.313129640609435933e+00
4.000000000000000000e+00 1.019464251256804177e+00 1.021884520183300227e+00 6.262351938656265382e-01 0.000000000000000000e+00 8.039396500729405481e-01 8.592565626701003101e-01 8.709472710517229821e-01 1.282181779168399594e+00 1.292509556678486771e+00 1.305975703709068236e+00
5.000000000000000000e+00 1.061150672845683651e+00 1.062849861092762804e+00 8.346112706019654937e-01 8.039396500729405481e-01 0.000000000000000000e+00 7.518302164077719230e-01 7.550435373286279450e-01 1.251739700397253685e+00 1.261864670878166006e+00 1.275371021057332355e+00
6.000000000000000000e+00 1.089913037863608158e+00 1.091941159149570462e+00 8.788796290839475667e-01 8.592565626701003101e-01 7.518302164077719230e-01 0.000000000000000000e+00 7.806622018100104476e-01 1.214072483258369139e+00 1.224122204358904842e+00 1.237648455502256217e+00
7.000000000000000000e+00 1.080825898200460156e+00 1.082046727212464976e+00 8.906499042610231953e-01 8.709472710517229821e-01 7.550435373286279450e-01 7.806622018100104476e-01 0.000000000000000000e+00 1.245767288852675403e+00 1.255723212852627224e+00 1.269258380242841211e+00
8.000000000000000000e+00 1.475556582788153825e+00 1.478149750325081779e+00 1.289302507530029729e+00 1.282181779168399594e+00 1.251739700397253685e+00 1.214072483258369139e+00 1.245767288852675403e+00 0.000000000000000000e+00 6.115531481056026841e-01 6.692895106390130966e-01
9.000000000000000000e+00 1.485900128280812194e+00 1.488486274197534875e+00 1.299671931507901501e+00 1.292509556678486771e+00 1.261864670878166006e+00 1.224122204358904842e+00 1.255723212852627224e+00 6.115531481056026841e-01 0.000000000000000000e+00 5.732119865124996050e-01
1.000000000000000000e+01 1.499359274985983648e+00 1.501946714199043464e+00 1.313129640609435933e+00 1.305975703709068236e+00 1.275371021057332355e+00 1.237648455502256217e+00 1.269258380242841211e+00 6.692895106390130966e-01 5.732119865124996050e-01 0.000000000000000000e+00
