0.000000000000000000e+00 1.000000000000000000e+00 2.000000000000000000e+00 3.000000000000000000e+00 4.000000000000000000e+00 5.000000000000000000e+00 6.000000000000000000e+00 7.000000000000000000e+00 8.000000000000000000e+00 9.000000000000000000e+00 1.000000000000000000e+01
1.000000000000000000e+00 0.000000000000000000e+00 5.899052992708743171e-01 1.033830891832112409e+00 1.046884637264761331e+00 1.112702583611469898e+00 1.133200505958464444e+00 1.119890370564707638e+00 1.568064756079723399e+00 1.578778871539832762e+00 1.592448838703943714e+00
2.000000000000000000e+00 5.899052992708743171e-01 0.000000000000000000e+00 1.033404557000076940e+00 1.045932734031076450e+00 1.110555437052191952e+00 1.131374642211884662e+00 1.116819102145494291e+00 1.567075879696050666e+00 1.577779220278749728e+00 1.591451151280280030e+00
3.000000000000000000e+00 1.033830891832112409e+00 1.033404557000076940e+00 0.000000000000000000e+00 6.266655556387479287e-01 8.571052611757692397e-01 8.914625037764931648e-01 9.062431516547579946e-01 1.350096201115508432e+00 1.360864482193413716e+00 1.374530530380652316e+00
4.000000000000000000e+00 1.046884637264761331e+00 1.045932734031076450e+00 6.266655556387479287e-01 0.000000000000000000e+00 8.255097311851398167e-01 8.706079199643608213e-01 8.868343426541551722e-01 1.341954342178364623e+00 1.352684415718268029e+00 1.366358623296728858e+00
5.000000000000000000e+00 1.112702583611469898e+00 1.110555437052191952e+00 8.571052611757692397e-01 8.255097311851398167e-01 0.000000000000000000e+00 7.621019941874158654e-01 7.726831354161531884e-01 1.318436539869020763e+00 1.328953602505895892e+00 1.342670817352431101e+00
6.000000000000000000e+00 1.133200505958464444e+00 1.131374642211884662e+00 8.914625037764931648e-01 8.706079199643608213e-01 7.621019941874158654e-01 0.000000000000000000e+00 7.867286603103831322e-01 1.268248498300180938e+00 1.278724221886394341e+00 1.292457337770381187e+00
7.000000000000000000e+00 1.119890370564707638e+00 1.116819102145494291e+00 9.062431516547579946e-01 8.868343426541551722e-01 7.726831354161531884e-01 7.867286603103831322e-01 0.000000000000000000e+00 1.305746789226919891e+00 1.316039249187172855e+00 1.329792597435619506e+00
8.000000000000000000e+00 1.568064756079723399e+00 1.567075879696050666e+00 1.350096201115508432e+00 1.341954342178364623e+00 1.318436539869020763e+00 1.268248498300180938e+00 1.305746789226919891e+00 0.000000000000000000e+00 6.115740247504166671e-01 6.693478757637807419e-01
9.000000000000000000e+00 1.578778871539832762e+00 1.577779220278749728e+00 1.360864482193413716e+00 1.352684415718268029e+00 1.328953602505895892e+00 1.278724221886394341e+00 1.316039249187172855e+00 6.115740247504166671e-01 0.000000000000000000e+00 5.732320073020082951e-01
1.000000000000000000e+01 1.592448838703943714e+00 1.591451151280280030e+00 1.374530530380652316e+00 1.366358623296728858e+00 1.342670817352431101e+00 1.292457337770381187e+00 1.329792597435619506e+00 6.693478757637807419e-01 5.732320073020082951e-01 0.000000000000000000e+00
