0.000000000000000000e+00 1.000000000000000000e+00 2.000000000000000000e+00 3.000000000000000000e+00 4.000000000000000000e+00 5.000000000000000000e+00 6.000000000000000000e+00 7.000000000000000000e+00 8.000000000000000000e+00 9.000000000000000000e+00 1.000000000000000000e+01
1.000000000000000000e+00 0.000000000000000000e+00 5.899097159814017388e-01 1.033843864396703838e+00 1.045562744492563922e+00 1.093351922368812179e+00 1.131095400517297511e+00 1.116002157606104106e+00 1.564195337020338084e+00 1.574938673978626635e+00 1.588650506885789015e+00
2.000000000000000000e+00 5.899097159814017388e-01 0.000000000000000000e+00 1.033122361277627688e+00 1.044288455761089640e+00 1.090800352188108668e+00 1.128893051918269608e+00 1.112644901812097409e+00 1.562803453202912696e+00 1.573536203145594392e+00 1.587249951411910720e+00
3.000000000000000000e+00 1.033843864396703838e+00 1.033122361277627688e+00 0.000000000000000000e+00 6.264582066700916663e-01 8.386083076859791596e-01 8.886529222877828094e-01 8.989687299046211777e-01 1.346205435664252992e+00 1.357007692056984016e+00 1.370715055142111671e+00
4.000000000000000000e+00 1.045562744492563922e+00 1.044288455761089640e+00 6.264582066700916663e-01 0.000000000000000000e+00 8.063668660339304850e-01 8.666270267861453380e-01 8.773054090092469171e-01 1.337052971879458596e+00 1.347816818066385647e+00 1.361532331330990386e+00
5.000000000000000000e+00 1.093351922368812179e+00 1.090800352188108668e+00 8.386083076859791596e-01 8.063668660339304850e-01 0.000000000000000000e+00 7.538901532332167310e-01 7.567255355529114436e-01 1.304568150042115793e+00 1.315135488364459260e+00 1.328890547056905680e+00
6.000000000000000000e+00 1.131095400517297511e+00 1.128893051918269608e+00 8.886529222877828094e-01 8.666270267861453380e-01 7.538901532332167310e-01 0.000000000000000000e+00 7.850165535128033056e-01 1.268468648846460045e+00 1.279004284880171038e+00 1.292774181888398877e+00
7.000000000000000000e+00 1.116002157606104106e+00 1.112644901812097409e+00 8.989687299046211777e-01 8.773054090092469171e-01 7.567255355529114436e-01 7.850165535128033056e-01 0.000000000000000000e+00 1.303116822663106245e+00 1.313479870891997248e+00 1.327267813676807018e+00
8.000000000000000000e+00 1.564195337020338084e+00 1.562803453202912696e+00 1.346205435664252992e+00 1.337052971879458596e+00 1.304568150042115793e+00 1.268468648846460045e+00 1.303116822663106245e+00 0.000000000000000000e+00 6.115700999664039905e-01 6.693405262484308782e-01
9.000000000000000000e+00 1.574938673978626635e+00 1.573536203145594392e+00 1.357007692056984016e+00 1.347816818066385647e+00 1.315135488364459260e+00 1.279004284880171038e+00 1.313479870891997248e+00 6.115700999664039905e-01 0.000000000000000000e+00 5.732283443118058042e-01
1.000000000000000000e+01 1.588650506885789015e+00 1.587249951411910720e+00 1.370715055142111671e+00 1.361532331330990386e+00 1.328890547056905680e+00 1.292774181888398877e+00 1.327267813676807018e+00 6.693405262484308782e-01 5.732283443118058042e-01 0.000000000000000000e+00
