0.000000000000000000e+00 1.000000000000000000e+00 2.000000000000000000e+00 3.000000000000000000e+00 4.000000000000000000e+00 5.000000000000000000e+00 6.000000000000000000e+00 7.000000000000000000e+00 8.000000000000000000e+00 9.000000000000000000e+00 1.000000000000000000e+01
1.000000000000000000e+00 0.000000000000000000e+00 5.886249875530336073e-01 1.025484486193591227e+00 1.036827375130981999e+00 1.080469127014912933e+00 1.110264923781072000e+00 1.098444997920721367e+00 1.452900266155509490e+00 1.465672028003079275e+00 1.478214476000593081e+00
2.000000000000000000e+00 5.886249875530336073e-01 0.000000000000000000e+00 1.025319755821130219e+00 1.036279303247155781e+00 1.079114156829307669e+00 1.109261884325310810e+00 1.096580468658129082e+00 1.452212855649127166e+00 1.464978756939358862e+00 1.477522457710570336e+00
3.000000000000000000e+00 1.025484486193591227e+00 1.025319755821130219e+00 0.000000000000000000e+00 6.263590623297692339e-01 8.350331517207072451e-01 8.780031781431554272e-01 8.903090590183644348e-01 1.241540981706968916e+00 1.254398530791756228e+00 1.266927610820510974e+00
4.000000000000000000e+00 1.036827375130981999e+00 1.036279303247155781e+00 6.263590623297692339e-01 0.000000000000000000e+00 8.038252569760684363e-01 8.577592256416062266e-01 8.701408577982761017e-01 1.230787764758783931e+00 1.243627989091143471e+00 1.256161802226776647e+00
5.000000000000000000e+00 1.080469127014912933e+00 1.079114156829307669e+00 8.350331517207072451e-01 8.038252569760684363e-01 0.000000000000000000e+00 7.516163084013562923e-01 7.551815235849070884e-01 1.186120958104062817e+00 1.198870862905542678e+00 1.211428303629698888e+00
6.000000000000000000e+00 1.110264923781072000e+00 1.109261884325310810e+00 8.780031781431554272e-01 8.577592256416062266e-01 7.516163084013562923e-01 0.000000000000000000e+00 7.826675634621016453e-01 1.131459262492940931e+00 1.144291144111318603e+00 1.156839813482188450e+00
7.000000000000000000e+00 1.098444997920721367e+00 1.096580468658129082e+00 8.903090590183644348e-01 8.701408577982761017e-01 7.551815235849070884e-01 7.826675634621016453e-01 0.000000000000000000e+00 1.177749883504769501e+00 1.190329674909550883e+00 1.202921073010849717e+00
8.000000000000000000e+00 1.452900266155509490e+00 1.452212855649127166e+00 1.241540981706968916e+00 1.230787764758783931e+00 1.186120958104062817e+00 1.131459262492940931e+00 1.177749883504769501e+00 0.000000000000000000e+00 6.115491609874539325e-01 6.692863063805920554e-01
9.000000000000000000e+00 1.465672028003079275e+00 1.464978756939358862e+00 1.254398530791756228e+00 1.243627989091143471e+00 1.198870862905542678e+00 1.144291144111318603e+00 1.190329674909550883e+00 6.115491609874539325e-01 0.000000000000000000e+00 5.732011089805291171e-01
1.000000000000000000e+01 1.478214476000593081e+00 1.477522457710570336e+00 1.266927610820510974e+00 1.256161802226776647e+00 1.211428303629698888e+00 1.156839813482188450e+00 1.202921073010849717e+00 6.692863063805920554e-01 5.732011089805291171e-01 0.000000000000000000e+00
