0.000000000000000000e+00 1.000000000000000000e+00 2.000000000000000000e+00 3.000000000000000000e+00 4.000000000000000000e+00 5.000000000000000000e+00 6.000000000000000000e+00 7.000000000000000000e+00 8.000000000000000000e+00 9.000000000000000000e+00 1.000000000000000000e+01
1.000000000000000000e+00 0.000000000000000000e+00 5.870687554186231338e-01 9.114285644869080105e-01 9.591793023698031995e-01 9.925190664466304602e-01 6.864022751020024682e-01 7.045658392929216030e-01 1.229145011935610876e+00 1.239043014727545522e+00 1.243128233851914510e+00
2.000000000000000000e+00 5.870687554186231338e-01 0.000000000000000000e+00 9.083380540407570702e-01 9.560100631904377977e-01 9.891708880809292337e-01 6.833979851181624099e-01 7.011166365750355345e-01 1.226369369925276009e+00 1.236259480277800638e+00 1.240345287047947442e+00
3.000000000000000000e+00 9.114285644869080105e-01 9.083380540407570702e-01 0.000000000000000000e+00 5.901717996746511652e-01 7.351814170367944046e-01 4.417580086820811491e-01 4.646836296180399950e-01 9.917575785170613667e-01 1.001711218185868280e+00 1.005794443408438932e+00
4.000000000000000000e+00 9.591793023698031995e-01 9.560100631904377977e-01 5.901717996746511652e-01 0.000000000000000000e+00 7.565766778469428244e-01 4.678583609245512420e-01 4.919974809781243463e-01 1.020232094223316066e+00 1.030182398247533104e+00 1.034266311084141021e+00
5.000000000000000000e+00 9.925190664466304602e-01 9.891708880809292337e-01 7.351814170367944046e-01 7.565766778469428244e-01 0.000000000000000000e+00 4.187089736377598292e-01 4.297828371262343294e-01 9.898336506674982882e-01 9.996953701556017258e-01 1.003787206259695308e+00
6.000000000000000000e+00 6.864022751020024682e-01 6.833979851181624099e-01 4.417580086820811491e-01 4.678583609245512420e-01 4.187089736377598292e-01 0.000000000000000000e+00 1.098162372961163369e-01 6.484358871404829472e-01 6.582998718386170456e-01 6.623928069862718981e-01
7.000000000000000000e+00 7.045658392929216030e-01 7.011166365750355345e-01 4.646836296180399950e-01 4.919974809781243463e-01 4.297828371262343294e-01 1.098162372961163369e-01 0.000000000000000000e+00 6.842502057648587321e-01 6.940115440782146372e-01 6.981106563961680944e-01
8.000000000000000000e+00 1.229145011935610876e+00 1.226369369925276009e+00 9.917575785170613667e-01 1.020232094223316066e+00 9.898336506674982882e-01 6.484358871404829472e-01 6.842502057648587321e-01 0.000000000000000000e+00 6.093934715946043301e-01 6.625342346878404509e-01
9.000000000000000000e+00 1.239043014727545522e+00 1.236259480277800638e+00 1.001711218185868280e+00 1.030182398247533104e+00 9.996953701556017258e-01 6.582998718386170456e-01 6.940115440782146372e-01 6.093934715946043301e-01 0.000000000000000000e+00 5.714947401366474722e-01
1.000000000000000000e+01 1.243128233851914510e+00 1.240345287047947442e+00 1.005794443408438932e+00 1.034266311084141021e+00 1.003787206259695308e+00 6.623928069862718981e-01 6.981106563961680944e-01 6.625342346878404509e-01 5.714947401366474722e-01 0.000000000000000000e+00
