0.000000000000000000e+00 1.000000000000000000e+00 2.000000000000000000e+00 3.000000000000000000e+00 4.000000000000000000e+00 5.000000000000000000e+00 6.000000000000000000e+00 7.000000000000000000e+00 8.000000000000000000e+00 9.000000000000000000e+00 1.000000000000000000e+01
1.000000000000000000e+00 0.000000000000000000e+00 5.889455108477333889e-01 9.903875440001153052e-01 1.014038766320363161e+00 1.056560973201242870e+00 9.094534046141423689e-01 9.226190339867610390e-01 1.425992246803646335e+00 1.436345814642141727e+00 1.446649008945898762e+00
2.000000000000000000e+00 5.889455108477333889e-01 0.000000000000000000e+00 9.887657839504995216e-01 1.012026496466296388e+00 1.053671501696338719e+00 9.069586214838091243e-01 9.191594505977218610e-01 1.424121268547299479e+00 1.434463701836050875e+00 1.444768388275407434e+00
3.000000000000000000e+00 9.903875440001153052e-01 9.887657839504995216e-01 0.000000000000000000e+00 6.136046274934578992e-01 8.000525009739756221e-01 6.646592325346992736e-01 6.943955867680506877e-01 1.198002170242091324e+00 1.208416647601454619e+00 1.218717081537905811e+00
4.000000000000000000e+00 1.014038766320363161e+00 1.012026496466296388e+00 6.136046274934578992e-01 0.000000000000000000e+00 7.870111153357495226e-01 6.604150568100134455e-01 6.905312302757973253e-01 1.202093272039869820e+00 1.212476992693179545e+00 1.222782677006107876e+00
5.000000000000000000e+00 1.056560973201242870e+00 1.053671501696338719e+00 8.000525009739756221e-01 7.870111153357495226e-01 0.000000000000000000e+00 5.741904690105411602e-01 5.882334632261763119e-01 1.170516862394929358e+00 1.180711481778104366e+00 1.191046147615290041e+00
6.000000000000000000e+00 9.094534046141423689e-01 9.069586214838091243e-01 6.646592325346992736e-01 6.604150568100134455e-01 5.741904690105411602e-01 0.000000000000000000e+00 4.340091095890061812e-01 9.658816167823087717e-01 9.760555621692537098e-01 9.863991319512626088e-01
7.000000000000000000e+00 9.226190339867610390e-01 9.191594505977218610e-01 6.943955867680506877e-01 6.905312302757973253e-01 5.882334632261763119e-01 4.340091095890061812e-01 0.000000000000000000e+00 1.018599541006165676e+00 1.028600065552286003e+00 1.038958145859544713e+00
8.000000000000000000e+00 1.425992246803646335e+00 1.424121268547299479e+00 1.198002170242091324e+00 1.202093272039869820e+00 1.170516862394929358e+00 9.658816167823087717e-01 1.018599541006165676e+00 0.000000000000000000e+00 6.108996265211186216e-01 6.670431623806709620e-01
9.000000000000000000e+00 1.436345814642141727e+00 1.434463701836050875e+00 1.208416647601454619e+00 1.212476992693179545e+00 1.180711481778104366e+00 9.760555621692537098e-01 1.028600065552286003e+00 6.108996265211186216e-01 0.000000000000000000e+00 5.726002750846943545e-01
1.000000000000000000e+01 1.446649008945898762e+00 1.444768388275407434e+00 1.218717081537905811e+00 1.222782677006107876e+00 1.191046147615290041e+00 9.863991319512626088e-01 1.038958145859544713e+00 6.670431623806709620e-01 5.726002750846943545e-01 0.000000000000000000e+00
