0.000000000000000000e+00 1.000000000000000000e+00 2.000000000000000000e+00 3.000000000000000000e+00 4.000000000000000000e+00 5.000000000000000000e+00 6.000000000000000000e+00 7.000000000000000000e+00 8.000000000000000000e+00 9.000000000000000000e+00 1.000000000000000000e+01
1.000000000000000000e+00 0.000000000000000000e+00 5.937987597845523213e-01 1.045258424881372994e+00 1.057340498109136329e+00 1.107315060163352349e+00 1.148121974833006709e+00 1.131699738899497598e+00 1.639620993731329524e+00 1.650615503394816219e+00 1.664257979539152554e+00
2.000000000000000000e+00 5.937987597845523213e-01 0.000000000000000000e+00 1.043822543474229869e+00 1.055136041998247842e+00 1.103283820881345800e+00 1.144512914539248749e+00 1.126510050979093736e+00 1.637354554494180103e+00 1.648335088131537063e+00 1.661980002086536068e+00
3.000000000000000000e+00 1.045258424881372994e+00 1.043822543474229869e+00 0.000000000000000000e+00 6.265519658080040966e-01 8.406297638848059250e-01 8.929556765308712674e-01 9.034413815290152083e-01 1.411523905412537250e+00 1.422573790237452673e+00 1.436214010825083154e+00
4.000000000000000000e+00 1.057340498109136329e+00 1.055136041998247842e+00 6.265519658080040966e-01 0.000000000000000000e+00 8.076407270328342936e-01 8.698080904360374621e-01 8.807568986671270306e-01 1.401681072552446228e+00 1.412698690202060181e+00 1.426345655499418275e+00
5.000000000000000000e+00 1.107315060163352349e+00 1.103283820881345800e+00 8.406297638848059250e-01 8.076407270328342936e-01 0.000000000000000000e+00 7.545405089986101377e-01 7.575169390100604527e-01 1.370190650219969886e+00 1.381039942732438686e+00 1.394719290899593123e+00
6.000000000000000000e+00 1.148121974833006709e+00 1.144512914539248749e+00 8.929556765308712674e-01 8.698080904360374621e-01 7.545405089986101377e-01 0.000000000000000000e+00 7.865298932870541382e-01 1.335113198452276162e+00 1.345958420129731437e+00 1.359646727915672759e+00
7.000000000000000000e+00 1.131699738899497598e+00 1.126510050979093736e+00 9.034413815290152083e-01 8.807568986671270306e-01 7.575169390100604527e-01 7.865298932870541382e-01 0.000000000000000000e+00 1.374384567619460373e+00 1.385036236926658670e+00 1.398745207752976061e+00
8.000000000000000000e+00 1.639620993731329524e+00 1.637354554494180103e+00 1.411523905412537250e+00 1.401681072552446228e+00 1.370190650219969886e+00 1.335113198452276162e+00 1.374384567619460373e+00 0.000000000000000000e+00 6.115722804434176041e-01 6.693421310589946494e-01
9.000000000000000000e+00 1.650615503394816219e+00 1.648335088131537063e+00 1.422573790237452673e+00 1.412698690202060181e+00 1.381039942732438686e+00 1.345958420129731437e+00 1.385036236926658670e+00 6.115722804434176041e-01 0.000000000000000000e+00 5.732282320590273983e-01
1.000000000000000000e+01 1.664257979539152554e+00 1.661980002086536068e+00 1.436214010825083154e+00 1.426345655499418275e+00 1.394719290899593123e+00 1.359646727915672759e+00 1.398745207752976061e+00 6.693421310589946494e-01 5.732282320590273983e-01 0.000000000000000000e+00
