0.000000000000000000e+00 1.000000000000000000e+00 2.000000000000000000e+00 3.000000000000000000e+00 4.000000000000000000e+00 5.000000000000000000e+00 6.000000000000000000e+00 7.000000000000000000e+00 8.000000000000000000e+00 9.000000000000000000e+00 1.000000000000000000e+01
1.000000000000000000e+00 0.000000000000000000e+00 6.310075179248603172e-01 4.965682326488527920e+00 4.605495494442522819e+00 5.560012701138882463e+00 2.738994901473003285e+00 2.764180651300047753e+00 4.103432067710645725e+00 4.112129313501752037e+00 4.150902051989254993e+00
2.000000000000000000e+00 6.310075179248603172e-01 0.000000000000000000e+00 4.922922681371051823e+00 4.562950130569041640e+00 5.517063387320176204e+00 2.696831901094682404e+00 2.721255878141798146e+00 4.061667847637259854e+00 4.070364786202921081e+00 4.109139303932065168e+00
3.000000000000000000e+00 4.965682326488527920e+00 4.922922681371051823e+00 0.000000000000000000e+00 4.792777721291400006e+00 6.630353887875656937e+00 3.887929240171839940e+00 3.983743143001145182e+00 5.283364262804823852e+00 5.292083655146607057e+00 5.330792575042925030e+00
4.000000000000000000e+00 4.605495494442522819e+00 4.562950130569041640e+00 4.792777721291400006e+00 0.000000000000000000e+00 6.097002294352583007e+00 3.351605184679195215e+00 3.478583587383486719e+00 4.755708864008614256e+00 4.764432482703140792e+00 4.803131386220678145e+00
5.000000000000000000e+00 5.560012701138882463e+00 5.517063387320176204e+00 6.630353887875656937e+00 6.097002294352583007e+00 0.000000000000000000e+00 3.955548733716284904e+00 3.985398368256229507e+00 5.486374498566393143e+00 5.495071856235773211e+00 5.533958413234757678e+00
6.000000000000000000e+00 2.738994901473003285e+00 2.696831901094682404e+00 3.887929240171839940e+00 3.351605184679195215e+00 3.955548733716284904e+00 0.000000000000000000e+00 9.993125307619705744e-01 2.305639651140562130e+00 2.314342733469626268e+00 2.353265361556255542e+00
7.000000000000000000e+00 2.764180651300047753e+00 2.721255878141798146e+00 3.983743143001145182e+00 3.478583587383486719e+00 3.985398368256229507e+00 9.993125307619705744e-01 0.000000000000000000e+00 2.538061760333748751e+00 2.546733941590010097e+00 2.585764555497964245e+00
8.000000000000000000e+00 4.103432067710645725e+00 4.061667847637259854e+00 5.283364262804823852e+00 4.755708864008614256e+00 5.486374498566393143e+00 2.305639651140562130e+00 2.538061760333748751e+00 0.000000000000000000e+00 6.459574047512486317e-01 7.610975621646174361e-01
9.000000000000000000e+00 4.112129313501752037e+00 4.070364786202921081e+00 5.292083655146607057e+00 4.764432482703140792e+00 5.495071856235773211e+00 2.314342733469626268e+00 2.546733941590010097e+00 6.459574047512486317e-01 0.000000000000000000e+00 6.074188682575645259e-01
1.000000000000000000e+01 4.150902051989254993e+00 4.109139303932065168e+00 5.330792575042925030e+00 4.803131386220678145e+00 5.533958413234757678e+00 2.353265361556255542e+00 2.585764555497964245e+00 7.610975621646174361e-01 6.074188682575645259e-01 0.000000000000000000e+00
