0.000000000000000000e+00 1.000000000000000000e+00 2.000000000000000000e+00 3.000000000000000000e+00 4.000000000000000000e+00 5.000000000000000000e+00 6.000000000000000000e+00 7.000000000000000000e+00 8.000000000000000000e+00 9.000000000000000000e+00 1.000000000000000000e+01
1.000000000000000000e+00 0.000000000000000000e+00 5.896002027781217514e-01 1.030055063068951782e+00 1.041674676186787218e+00 1.088703956406443796e+00 1.124254692756434526e+00 1.110957526393602013e+00 1.546971862118341035e+00 1.557953180984605224e+00 1.571608872541765844e+00
2.000000000000000000e+00 5.896002027781217514e-01 0.000000000000000000e+00 1.029561051373096170e+00 1.040664284673371798e+00 1.086516253737494386e+00 1.122423700222966225e+00 1.108021510481650651e+00 1.545938959993870432e+00 1.556910082790072147e+00 1.570567692582863994e+00
3.000000000000000000e+00 1.030055063068951782e+00 1.029561051373096170e+00 0.000000000000000000e+00 6.264323159430869037e-01 8.379260218056376885e-01 8.862061966222936071e-01 8.975240611412256264e-01 1.333012257045862237e+00 1.344048114299256858e+00 1.357699809711987005e+00
4.000000000000000000e+00 1.041674676186787218e+00 1.040664284673371798e+00 6.264323159430869037e-01 0.000000000000000000e+00 8.059005340998841582e-01 8.645595223928519424e-01 8.761149571713349182e-01 1.324037022884054116e+00 1.335034234791082186e+00 1.348694416567957077e+00
5.000000000000000000e+00 1.088703956406443796e+00 1.086516253737494386e+00 8.379260218056376885e-01 8.059005340998841582e-01 0.000000000000000000e+00 7.531499144992894745e-01 7.563810177647618538e-01 1.291733964246728705e+00 1.302534224696759724e+00 1.316235503509249671e+00
6.000000000000000000e+00 1.124254692756434526e+00 1.122423700222966225e+00 8.862061966222936071e-01 8.645595223928519424e-01 7.531499144992894745e-01 0.000000000000000000e+00 7.838399861509728339e-01 1.253560559651187178e+00 1.264328727187436607e+00 1.278045179941801113e+00
7.000000000000000000e+00 1.110957526393602013e+00 1.108021510481650651e+00 8.975240611412256264e-01 8.761149571713349182e-01 7.563810177647618538e-01 7.838399861509728339e-01 0.000000000000000000e+00 1.290648120722837744e+00 1.301244151343416311e+00 1.314979791630852990e+00
8.000000000000000000e+00 1.546971862118341035e+00 1.545938959993870432e+00 1.333012257045862237e+00 1.324037022884054116e+00 1.291733964246728705e+00 1.253560559651187178e+00 1.290648120722837744e+00 0.000000000000000000e+00 6.115699139258221617e-01 6.693416983531719211e-01
9.000000000000000000e+00 1.557953180984605224e+00 1.556910082790072147e+00 1.344048114299256858e+00 1.335034234791082186e+00 1.302534224696759724e+00 1.264328727187436607e+00 1.301244151343416311e+00 6.115699139258221617e-01 0.000000000000000000e+00 5.732277222194381849e-01
1.000000000000000000e+01 1.571608872541765844e+00 1.570567692582863994e+00 1.357699809711987005e+00 1.348694416567957077e+00 1.316235503509249671e+00 1.278045179941801113e+00 1.314979791630852990e+00 6.693416983531719211e-01 5.732277222194381849e-01 0.000000000000000000e+00
