0.000000000000000000e+00 1.000000000000000000e+00 2.000000000000000000e+00 3.000000000000000000e+00 4.000000000000000000e+00 5.000000000000000000e+00 6.000000000000000000e+00 7.000000000000000000e+00 8.000000000000000000e+00 9.000000000000000000e+00 1.000000000000000000e+01
1.000000000000000000e+00 0.000000000000000000e+00 5.917142100731166421e-01 1.102134881568697100e+00 1.097539076587635831e+00 1.152476005422018446e+00 1.874632710625008691e+00 1.747617813408100851e+00 1.871690627175232935e+00 1.883256211581779027e+00 1.902676060883540687e+00
2.000000000000000000e+00 5.917142100731166421e-01 0.000000000000000000e+00 1.103858689553390171e+00 1.098469211834694148e+00 1.151499145847757255e+00 1.873935283089071202e+00 1.745404444739588889e+00 1.872067160007697018e+00 1.883623617250986371e+00 1.903046101017232372e+00
3.000000000000000000e+00 1.102134881568697100e+00 1.103858689553390171e+00 0.000000000000000000e+00 6.455176989806357124e-01 9.015092067478378546e-01 1.640496510821729093e+00 1.556020942138033103e+00 1.684778870758243619e+00 1.696379559343300869e+00 1.715795256383168654e+00
4.000000000000000000e+00 1.097539076587635831e+00 1.098469211834694148e+00 6.455176989806357124e-01 0.000000000000000000e+00 8.400245789829066112e-01 1.590665991105135291e+00 1.508297410961850993e+00 1.656458132315788090e+00 1.668019628984668934e+00 1.687447631577603913e+00
5.000000000000000000e+00 1.152476005422018446e+00 1.151499145847757255e+00 9.015092067478378546e-01 8.400245789829066112e-01 0.000000000000000000e+00 1.431524370474015040e+00 1.366975235365766927e+00 1.624304732467835910e+00 1.635700265669139508e+00 1.655179657839528362e+00
6.000000000000000000e+00 1.874632710625008691e+00 1.873935283089071202e+00 1.640496510821729093e+00 1.590665991105135291e+00 1.431524370474015040e+00 0.000000000000000000e+00 2.072452613184620596e+00 2.235202308265044735e+00 2.246554501897445100e+00 2.266060019492260658e+00
7.000000000000000000e+00 1.747617813408100851e+00 1.745404444739588889e+00 1.556020942138033103e+00 1.508297410961850993e+00 1.366975235365766927e+00 2.072452613184620596e+00 0.000000000000000000e+00 2.170182126079379437e+00 2.181387471484569573e+00 2.200916759708845483e+00
8.000000000000000000e+00 1.871690627175232935e+00 1.872067160007697018e+00 1.684778870758243619e+00 1.656458132315788090e+00 1.624304732467835910e+00 2.235202308265044735e+00 2.170182126079379437e+00 0.000000000000000000e+00 6.124923782080147205e-01 6.728424156591066296e-01
9.000000000000000000e+00 1.883256211581779027e+00 1.883623617250986371e+00 1.696379559343300869e+00 1.668019628984668934e+00 1.635700265669139508e+00 2.246554501897445100e+00 2.181387471484569573e+00 6.124923782080147205e-01 0.000000000000000000e+00 5.742776458634140102e-01
1.000000000000000000e+01 1.902676060883540687e+00 1.903046101017232372e+00 1.715795256383168654e+00 1.687447631577603913e+00 1.655179657839528362e+00 2.266060019492260658e+00 2.200916759708845483e+00 6.728424156591066296e-01 5.742776458634140102e-01 0.000000000000000000e+00
