0.000000000000000000e+00 1.000000000000000000e+00 2.000000000000000000e+00 3.000000000000000000e+00 4.000000000000000000e+00 5.000000000000000000e+00 6.000000000000000000e+00 7.000000000000000000e+00 8.000000000000000000e+00 9.000000000000000000e+00 1.000000000000000000e+01
1.000000000000000000e+00 0.000000000000000000e+00 5.899039743532129565e-01 1.031763600341087717e+00 1.043407180202113427e+00 1.090650183445459387e+00 1.126493318064499372e+00 1.113183544012559034e+00 1.555749187032625880e+00 1.566505312165376473e+00 1.580213821345344272e+00
2.000000000000000000e+00 5.899039743532129565e-01 0.000000000000000000e+00 1.031239215034816414e+00 1.042334021598503746e+00 1.088316768770102083e+00 1.124529904320186402e+00 1.110047195528515607e+00 1.554598158192984414e+00 1.565343377205657305e+00 1.579053864187266676e+00
3.000000000000000000e+00 1.031763600341087717e+00 1.031239215034816414e+00 0.000000000000000000e+00 6.264360399791275569e-01 8.380612901533268655e-01 8.865442615376355473e-01 8.979405215150475517e-01 1.340116245353526914e+00 1.350928951906013253e+00 1.364633520273683231e+00
4.000000000000000000e+00 1.043407180202113427e+00 1.042334021598503746e+00 6.264360399791275569e-01 0.000000000000000000e+00 8.059942060433042954e-01 8.648316682751939766e-01 8.764597462529752914e-01 1.331071971700347412e+00 1.341845566369060716e+00 1.355558466407625229e+00
5.000000000000000000e+00 1.090650183445459387e+00 1.088316768770102083e+00 8.380612901533268655e-01 8.059942060433042954e-01 0.000000000000000000e+00 7.532344321546806665e-01 7.564784063359970556e-01 1.298682018682337347e+00 1.309256046937659956e+00 1.323009273281920972e+00
6.000000000000000000e+00 1.126493318064499372e+00 1.124529904320186402e+00 8.865442615376355473e-01 8.648316682751939766e-01 7.532344321546806665e-01 0.000000000000000000e+00 7.840590974497088084e-01 1.261298480616515949e+00 1.271839927197834896e+00 1.285608408001152725e+00
7.000000000000000000e+00 1.113183544012559034e+00 1.110047195528515607e+00 8.979405215150475517e-01 8.764597462529752914e-01 7.564784063359970556e-01 7.840590974497088084e-01 0.000000000000000000e+00 1.297259745304029988e+00 1.307626941532069154e+00 1.321413534535004430e+00
8.000000000000000000e+00 1.555749187032625880e+00 1.554598158192984414e+00 1.340116245353526914e+00 1.331071971700347412e+00 1.298682018682337347e+00 1.261298480616515949e+00 1.297259745304029988e+00 0.000000000000000000e+00 6.115699439613893063e-01 6.693404046631488136e-01
9.000000000000000000e+00 1.566505312165376473e+00 1.565343377205657305e+00 1.350928951906013253e+00 1.341845566369060716e+00 1.309256046937659956e+00 1.271839927197834896e+00 1.307626941532069154e+00 6.115699439613893063e-01 0.000000000000000000e+00 5.732282309026239808e-01
1.000000000000000000e+01 1.580213821345344272e+00 1.579053864187266676e+00 1.364633520273683231e+00 1.355558466407625229e+00 1.323009273281920972e+00 1.285608408001152725e+00 1.321413534535004430e+00 6.693404046631488136e-01 5.732282309026239808e-01 0.000000000000000000e+00
