0.000000000000000000e+00 1.000000000000000000e+00 2.000000000000000000e+00 3.000000000000000000e+00 4.000000000000000000e+00 5.000000000000000000e+00 6.000000000000000000e+00 7.000000000000000000e+00 8.000000000000000000e+00 9.000000000000000000e+00 1.000000000000000000e+01
1.000000000000000000e+00 0.000000000000000000e+00 5.899384246719253655e-01 1.077877285585389311e+00 1.153681142830105477e+00 1.115516118694082959e+00 1.151657797046539589e+00 1.134589064811573511e+00 1.589180558993697590e+00 1.600070373299586679e+00 1.614075371238302248e+00
2.000000000000000000e+00 5.899384246719253655e-01 0.000000000000000000e+00 1.077760878380081389e+00 1.152667489959034564e+00 1.113421127119551102e+00 1.149962954471422716e+00 1.131753602941480530e+00 1.588301647316901155e+00 1.599181406673425565e+00 1.613188108846319802e+00
3.000000000000000000e+00 1.077877285585389311e+00 1.077760878380081389e+00 0.000000000000000000e+00 7.410301780105696956e-01 9.094355268947942328e-01 9.582258524530842259e-01 9.618695324333419450e-01 1.414919543751507414e+00 1.425865932649965862e+00 1.439866098215015766e+00
4.000000000000000000e+00 1.153681142830105477e+00 1.152667489959034564e+00 7.410301780105696956e-01 0.000000000000000000e+00 9.230921006909613702e-01 9.887096846664014116e-01 9.905081763952523488e-01 1.464261304349128823e+00 1.475142941526605744e+00 1.489155637124535358e+00
5.000000000000000000e+00 1.115516118694082959e+00 1.113421127119551102e+00 9.094355268947942328e-01 9.230921006909613702e-01 0.000000000000000000e+00 7.550736151836141552e-01 7.585024210428121805e-01 1.312895859751506356e+00 1.323602055583688264e+00 1.337649773063583458e+00
6.000000000000000000e+00 1.151657797046539589e+00 1.149962954471422716e+00 9.582258524530842259e-01 9.887096846664014116e-01 7.550736151836141552e-01 0.000000000000000000e+00 7.865763064010877770e-01 1.271456263163096567e+00 1.282134793901674952e+00 1.296195839358243118e+00
7.000000000000000000e+00 1.134589064811573511e+00 1.131753602941480530e+00 9.618695324333419450e-01 9.905081763952523488e-01 7.585024210428121805e-01 7.865763064010877770e-01 0.000000000000000000e+00 1.311001931048899172e+00 1.321506486692861637e+00 1.335584391775087587e+00
8.000000000000000000e+00 1.589180558993697590e+00 1.588301647316901155e+00 1.414919543751507414e+00 1.464261304349128823e+00 1.312895859751506356e+00 1.271456263163096567e+00 1.311001931048899172e+00 0.000000000000000000e+00 6.115806909217871290e-01 6.693754327543175453e-01
9.000000000000000000e+00 1.600070373299586679e+00 1.599181406673425565e+00 1.425865932649965862e+00 1.475142941526605744e+00 1.323602055583688264e+00 1.282134793901674952e+00 1.321506486692861637e+00 6.115806909217871290e-01 0.000000000000000000e+00 5.732416496434453723e-01
1.000000000000000000e+01 1.614075371238302248e+00 1.613188108846319802e+00 1.439866098215015766e+00 1.489155637124535358e+00 1.337649773063583458e+00 1.296195839358243118e+00 1.335584391775087587e+00 6.693754327543175453e-01 5.732416496434453723e-01 0.000000000000000000e+00
