0.000000000000000000e+00 1.000000000000000000e+00 2.000000000000000000e+00 3.000000000000000000e+00 4.000000000000000000e+00 5.000000000000000000e+00 6.000000000000000000e+00 7.000000000000000000e+00 8.000000000000000000e+00 9.000000000000000000e+00 1.000000000000000000e+01
1.000000000000000000e+00 0.000000000000000000e+00 5.912541323857827165e-03 1.039438155746008445e-02 1.051272794452095920e-02 1.101253211189715323e-02 1.145387332630456306e-02 1.130051207765807655e-02 2.310231803288130548e-02 2.323330107925009741e-02 2.345081157304056141e-02
2.000000000000000000e+00 5.912541323857827165e-03 0.000000000000000000e+00 1.038919817874660485e-02 1.050005796729950973e-02 1.098109457964275421e-02 1.142787099155935862e-02 1.125507889576678883e-02 2.309750394667524354e-02 2.322841537319464411e-02 2.344592912598435219e-02
3.000000000000000000e+00 1.039438155746008445e-02 1.038919817874660485e-02 0.000000000000000000e+00 6.265199530755620819e-03 8.411847011482221498e-03 8.953243557337856040e-03 9.103220781941898793e-03 2.086438157574473790e-02 2.099557906895514747e-02 2.121308870810075659e-02
4.000000000000000000e+00 1.051272794452095920e-02 1.050005796729950973e-02 6.265199530755620819e-03 0.000000000000000000e+00 8.082142954275454289e-03 8.723154801213425791e-03 8.873014578065288593e-03 2.080637187940285321e-02 2.093735690225326240e-02 2.115487792801044875e-02
5.000000000000000000e+00 1.101253211189715323e-02 1.098109457964275421e-02 8.411847011482221498e-03 8.082142954275454289e-03 0.000000000000000000e+00 7.569205758518732924e-03 7.608692640035791960e-03 2.066494012397153412e-02 2.079485660135892838e-02 2.101243126755925061e-02
6.000000000000000000e+00 1.145387332630456306e-02 1.142787099155935862e-02 8.953243557337856040e-03 8.723154801213425791e-03 7.569205758518732924e-03 0.000000000000000000e+00 7.961437553668734152e-03 2.044750363521943837e-02 2.057724451251243675e-02 2.079484035591080970e-02
7.000000000000000000e+00 1.130051207765807655e-02 1.125507889576678883e-02 9.103220781941898793e-03 8.873014578065288593e-03 7.608692640035791960e-03 7.961437553668734152e-03 0.000000000000000000e+00 2.083586365999191836e-02 2.096468884512599912e-02 2.118230572409521284e-02
8.000000000000000000e+00 2.310231803288130548e-02 2.309750394667524354e-02 2.086438157574473790e-02 2.080637187940285321e-02 2.066494012397153412e-02 2.044750363521943837e-02 2.083586365999191836e-02 0.000000000000000000e+00 6.121976195086517580e-03 6.713676258639375560e-03
9.000000000000000000e+00 2.323330107925009741e-02 2.322841537319464411e-02 2.099557906895514747e-02 2.093735690225326240e-02 2.079485660135892838e-02 2.057724451251243675e-02 2.096468884512599912e-02 6.121976195086517580e-03 0.000000000000000000e+00 5.740016817217988288e-03
1.000000000000000000e+01 2.345081157304056141e-02 2.344592912598435219e-02 2.121308870810075659e-02 2.115487792801044875e-02 2.101243126755925061e-02 2.079484035591080970e-02 2.118230572409521284e-02 6.713676258639375560e-03 5.740016817217988288e-03 0.000000000000000000e+00
