0.000000000000000000e+00 1.000000000000000000e+00 2.000000000000000000e+00 3.000000000000000000e+00 4.000000000000000000e+00 5.000000000000000000e+00 6.000000000000000000e+00 7.000000000000000000e+00 8.000000000000000000e+00 9.000000000000000000e+00 1.000000000000000000e+01
1.000000000000000000e+00 0.000000000000000000e+00 5.899031491959625395e-01 1.031739850169631545e+00 1.043405622335185967e+00 1.090797112733902896e+00 1.127034113992312570e+00 1.113416110491606714e+00 1.545558733699627485e+00 1.556297670554530166e+00 1.568439990278594376e+00
2.000000000000000000e+00 5.899031491959625395e-01 0.000000000000000000e+00 1.031214359092445410e+00 1.042331385554531309e+00 1.088462664140970038e+00 1.125070005718779242e+00 1.110278773931357543e+00 1.544439611350236330e+00 1.555167788951680619e+00 1.567312773262855341e+00
3.000000000000000000e+00 1.031739850169631545e+00 1.031214359092445410e+00 0.000000000000000000e+00 6.264406070775683233e-01 8.381818863022281185e-01 8.870167660879468841e-01 8.981752508943638968e-01 1.329896252314278993e+00 1.340689044577933808e+00 1.352825075626735707e+00
4.000000000000000000e+00 1.043405622335185967e+00 1.042331385554531309e+00 6.264406070775683233e-01 0.000000000000000000e+00 8.060773905121974003e-01 8.652368017333678107e-01 8.766546661198957313e-01 1.320913376973416486e+00 1.331667345073005881e+00 1.343814367364737805e+00
5.000000000000000000e+00 1.090797112733902896e+00 1.088462664140970038e+00 8.381818863022281185e-01 8.060773905121974003e-01 0.000000000000000000e+00 7.533850377373079166e-01 7.565362797441965714e-01 1.288893205027014321e+00 1.299449203395658392e+00 1.311649806719154210e+00
6.000000000000000000e+00 1.127034113992312570e+00 1.125070005718779242e+00 8.870167660879468841e-01 8.652368017333678107e-01 7.533850377373079166e-01 0.000000000000000000e+00 7.842803934194042537e-01 1.251837320413947907e+00 1.262359629591994326e+00 1.274578900110590940e+00
7.000000000000000000e+00 1.113416110491606714e+00 1.110278773931357543e+00 8.981752508943638968e-01 8.766546661198957313e-01 7.565362797441965714e-01 7.842803934194042537e-01 0.000000000000000000e+00 1.287858268519449734e+00 1.298210157709937862e+00 1.310456668312420359e+00
8.000000000000000000e+00 1.545558733699627485e+00 1.544439611350236330e+00 1.329896252314278993e+00 1.320913376973416486e+00 1.288893205027014321e+00 1.251837320413947907e+00 1.287858268519449734e+00 0.000000000000000000e+00 6.113726425647072471e-01 6.687856365369690970e-01
9.000000000000000000e+00 1.556297670554530166e+00 1.555167788951680619e+00 1.340689044577933808e+00 1.331667345073005881e+00 1.299449203395658392e+00 1.262359629591994326e+00 1.298210157709937862e+00 6.113726425647072471e-01 0.000000000000000000e+00 5.730840917044597305e-01
1.000000000000000000e+01 1.568439990278594376e+00 1.567312773262855341e+00 1.352825075626735707e+00 1.343814367364737805e+00 1.311649806719154210e+00 1.274578900110590940e+00 1.310456668312420359e+00 6.687856365369690970e-01 5.730840917044597305e-01 0.000000000000000000e+00
