0.000000000000000000e+00 1.000000000000000000e+00 2.000000000000000000e+00 3.000000000000000000e+00 4.000000000000000000e+00 5.000000000000000000e+00 6.000000000000000000e+00 7.000000000000000000e+00 8.000000000000000000e+00 9.000000000000000000e+00 1.000000000000000000e+01
1.000000000000000000e+00 0.000000000000000000e+00 5.866051126567792817e-01 9.878120769101083054e-01 9.999140611443031457e-01 1.043716444109875630e+00 1.032578035093570490e+00 9.315881617964588690e-01 1.292047563776251407e+00 1.365031843173814874e+00 1.389347670615132868e+00
2.000000000000000000e+00 5.866051126567792817e-01 0.000000000000000000e+00 9.903920272793421686e-01 1.002108411111467534e+00 1.045112213804492596e+00 1.034386392619591755e+00 9.324385272580363315e-01 1.294394786613019876e+00 1.367373072112510801e+00 1.391689992871659287e+00
3.000000000000000000e+00 9.878120769101083054e-01 9.903920272793421686e-01 0.000000000000000000e+00 6.177759641215074815e-01 8.185215083940728942e-01 8.211549995871318952e-01 7.376970804286092642e-01 1.096797012244783653e+00 1.169812367069302361e+00 1.194127459382245737e+00
4.000000000000000000e+00 9.999140611443031457e-01 1.002108411111467534e+00 6.177759641215074815e-01 0.000000000000000000e+00 7.930704492308433551e-01 8.065185860275978502e-01 7.221558891693989901e-01 1.090693924042181573e+00 1.163686442762671636e+00 1.188006727227111314e+00
5.000000000000000000e+00 1.043716444109875630e+00 1.045112213804492596e+00 8.185215083940728942e-01 7.930704492308433551e-01 0.000000000000000000e+00 7.185656387675500856e-01 6.183874884694257057e-01 1.060316527955442512e+00 1.133185999446575831e+00 1.157532332630574645e+00
6.000000000000000000e+00 1.032578035093570490e+00 1.034386392619591755e+00 8.211549995871318952e-01 8.065185860275978502e-01 7.185656387675500856e-01 0.000000000000000000e+00 6.045121774067211406e-01 9.848523897801817473e-01 1.057696295636560091e+00 1.082053980904544188e+00
7.000000000000000000e+00 9.315881617964588690e-01 9.324385272580363315e-01 7.376970804286092642e-01 7.221558891693989901e-01 6.183874884694257057e-01 6.045121774067211406e-01 0.000000000000000000e+00 9.292577374554349401e-01 1.001999311713452467e+00 1.026366009608566499e+00
8.000000000000000000e+00 1.292047563776251407e+00 1.294394786613019876e+00 1.096797012244783653e+00 1.090693924042181573e+00 1.060316527955442512e+00 9.848523897801817473e-01 9.292577374554349401e-01 0.000000000000000000e+00 4.541209278746407563e-01 5.177880517565409679e-01
9.000000000000000000e+00 1.365031843173814874e+00 1.367373072112510801e+00 1.169812367069302361e+00 1.163686442762671636e+00 1.133185999446575831e+00 1.057696295636560091e+00 1.001999311713452467e+00 4.541209278746407563e-01 0.000000000000000000e+00 5.227329995758054348e-01
1.000000000000000000e+01 1.389347670615132868e+00 1.391689992871659287e+00 1.194127459382245737e+00 1.188006727227111314e+00 1.157532332630574645e+00 1.082053980904544188e+00 1.026366009608566499e+00 5.177880517565409679e-01 5.227329995758054348e-01 0.000000000000000000e+00
