0.000000000000000000e+00 1.000000000000000000e+00 2.000000000000000000e+00 3.000000000000000000e+00 4.000000000000000000e+00 5.000000000000000000e+00 6.000000000000000000e+00 7.000000000000000000e+00 8.000000000000000000e+00 9.000000000000000000e+00 1.000000000000000000e+01 1.100000000000000000e+01 1.200000000000000000e+01 1.300000000000000000e+01 1.400000000000000000e+01 1.500000000000000000e+01 1.600000000000000000e+01 1.700000000000000000e+01 1.800000000000000000e+01 1.900000000000000000e+01 2.000000000000000000e+01 2.100000000000000000e+01 2.200000000000000000e+01 2.300000000000000000e+01 2.400000000000000000e+01 2.500000000000000000e+01 2.600000000000000000e+01 2.700000000000000000e+01 2.800000000000000000e+01 2.900000000000000000e+01 3.000000000000000000e+01 3.100000000000000000e+01 3.200000000000000000e+01
1.000000000000000000e+00 0.000000000000000000e+00 8.676477403216823481e-01 9.786769746885307653e-01 9.603874749766564412e-01 9.755276848485657792e-01 9.853526144377159346e-01 9.789114158239189400e-01 1.005108524180435170e+00 9.487322905345985102e-01 9.954222031183959096e-01 9.703169786430704269e-01 9.840273385859082955e-01 9.641338228420881507e-01 1.192239822925386328e+00 9.953588079556949797e-01 1.130650472642208859e+00 1.157760901889867799e+00 1.141798647933732980e+00 1.197462938232413565e+00 1.161722310540444170e+00 1.028119237102773864e+00 1.149450980469083339e+00 1.038729683435178242e+00 1.048110239939002986e+00 1.151564265871759307e+00 1.178931008947849968e+00 1.199564669094177916e+00 1.115330311838550248e+00 1.107889619961805572e+00 1.101731177051809230e+00 1.132716634141780476e+00 1.198194362346966191e+00
2.000000000000000000e+00 8.676477403216823481e-01 0.000000000000000000e+00 8.359261257795070899e-01 8.063513260006490713e-01 8.305291887712834553e-01 8.444519562095608167e-01 8.349504913713543530e-01 8.713101623963377396e-01 7.860088285688098253e-01 8.585525142863967840e-01 8.254281217506233004e-01 8.448870605331683104e-01 8.400253660838234993e-01 1.079283498236395022e+00 8.852924321829320764e-01 1.018705722811441783e+00 1.045991841353702156e+00 1.030612003187792780e+00 1.086922016448080397e+00 1.051305994906951202e+00 9.200876659138355063e-01 1.040572217536724020e+00 9.337542157607257032e-01 9.444171986103426786e-01 1.048127230438738788e+00 1.076838960507742637e+00 1.098406446090254729e+00 1.016920152149810352e+00 1.010422513518724585e+00 1.006987743099236887e+00 1.035990045124528747e+00 1.101220229626808322e+00
3.000000000000000000e+00 9.786769746885307653e-01 8.359261257795070899e-01 0.000000000000000000e+00 5.995043399865728206e-01 4.613908892140411444e-01 5.761174932291358575e-01 6.281483381104617791e-01 6.628760530255815020e-01 7.325130952255971550e-01 6.519006300410814525e-01 7.397116021249249274e-01 7.251092618580622373e-01 8.434737327811092644e-01 9.901222698473826078e-01 8.721477275422213626e-01 9.356141861569808871e-01 9.622607155639850696e-01 9.498186981838792065e-01 1.007119897221715243e+00 9.726251383963804287e-01 8.846400132823861728e-01 9.679355017276856099e-01 8.999762473916304018e-01 9.094112164073766547e-01 9.930416367046346338e-01 1.024554032473502740e+00 1.048254720991691258e+00 9.788562113974683676e-01 9.755979739260980388e-01 9.790413283257533017e-01 1.000312924909951606e+00 1.061896909209635975e+00
4.000000000000000000e+00 9.603874749766564412e-01 8.063513260006490713e-01 5.995043399865728206e-01 0.000000000000000000e+00 5.682931278213477766e-01 6.411629412115310567e-01 6.349411152594439667e-01 7.155111830068368040e-01 6.840785734912973037e-01 6.929333604102296817e-01 7.175532100655758194e-01 7.192396206704213535e-01 8.257970009264670175e-01 1.003096826826738841e+00 8.612098858389141132e-01 9.464435462844431601e-01 9.735038766804340327e-01 9.600967359484253727e-01 1.017359464976162142e+00 9.824354718407266596e-01 8.798521434215422765e-01 9.759894250420255712e-01 8.957586250716138565e-01 9.059838281265999438e-01 9.965727029621631594e-01 1.027560291362636047e+00 1.050817872581062851e+00 9.780871646041662260e-01 9.740453814071621252e-01 9.760599458180188037e-01 9.992548720310108212e-01 1.061994225854471008e+00
5.000000000000000000e+00 9.755276848485657792e-01 8.305291887712834553e-01 4.613908892140411444e-01 5.682931278213477766e-01 0.000000000000000000e+00 5.467271546462068033e-01 5.901923429091904261e-01 6.627307854004975685e-01 7.138482440143965047e-01 6.390900089126354544e-01 7.214019414670146402e-01 7.071497331373136630e-01 8.333225882468866530e-01 9.875844564673577075e-01 8.632933090450889413e-01 9.322301952194569363e-01 9.591214968121888340e-01 9.463379446383637372e-01 1.003758094208602403e+00 9.690831878607002459e-01 8.767927698676853954e-01 9.638810976397464980e-01 8.925277727039346853e-01 9.022475507839191611e-01 9.879336421462170392e-01 1.019402439021462214e+00 1.043040944006695447e+00 9.728170434803460331e-01 9.694082740043787894e-01 9.726591120683512059e-01 9.943184431111136146e-01 1.056231177100331653e+00
6.000000000000000000e+00 9.853526144377159346e-01 8.444519562095608167e-01 5.761174932291358575e-01 6.411629412115310567e-01 5.467271546462068033e-01 0.000000000000000000e+00 5.318617752404941612e-01 6.005277539705857759e-01 7.206236948313964330e-01 5.467397487523468769e-01 7.078054507863572598e-01 6.774342328945129887e-01 8.279799028416234830e-01 9.695003350415447585e-01 8.542623029565206139e-01 9.142306639709965044e-01 9.413054824113635810e-01 9.286595223809390731e-01 9.864094110491972156e-01 9.517264576630468653e-01 8.640014123334680551e-01 9.470429541852734001e-01 8.800085862552591287e-01 8.895676427949410492e-01 9.730637845297276378e-01 1.004937364859273874e+00 1.028859928352571451e+00 9.599924642242103623e-01 9.570007938322633301e-01 9.611863433449738814e-01 9.818615172908293776e-01 1.043393599041970266e+00
7.000000000000000000e+00 9.789114158239189400e-01 8.349504913713543530e-01 6.281483381104617791e-01 6.349411152594439667e-01 5.901923429091904261e-01 5.318617752404941612e-01 0.000000000000000000e+00 6.463238682157805837e-01 6.866834428272559077e-01 5.810278365491601260e-01 6.661726508352693310e-01 6.338167763889838158e-01 8.095623022066769092e-01 9.703969596747112902e-01 8.391317831332627541e-01 9.133386576980095928e-01 9.408730680480119624e-01 9.274693270730525185e-01 9.853756245805278535e-01 9.503164729491389018e-01 8.517962004746306715e-01 9.444056291034288453e-01 8.687340026139596105e-01 8.790053138824571732e-01 9.676797684924678400e-01 9.993750872099922411e-01 1.023103030186579776e+00 9.521059398455062883e-01 9.486920875819713217e-01 9.522684021740244198e-01 9.740124886613761301e-01 1.036365255038425914e+00
8.000000000000000000e+00 1.005108524180435170e+00 8.713101623963377396e-01 6.628760530255815020e-01 7.155111830068368040e-01 6.627307854004975685e-01 6.005277539705857759e-01 6.463238682157805837e-01 0.000000000000000000e+00 7.629585551124986598e-01 5.333528483177354396e-01 7.387091370143236135e-01 6.994700187549393045e-01 8.421271421229483689e-01 9.447702637984680685e-01 8.604406553684265102e-01 8.917422627116378120e-01 9.185110708214776487e-01 9.069591490304347303e-01 9.649581242133009606e-01 9.307158238459334321e-01 8.622394654995122476e-01 9.281968413109853433e-01 8.773731721021580388e-01 8.858340000336444309e-01 9.600851008947937082e-01 9.926769142006093283e-01 1.017190668117021524e+00 9.526650382680847962e-01 9.507121190513307951e-01 9.567948849190215377e-01 9.749293397432834407e-01 1.034961157927369424e+00
9.000000000000000000e+00 9.487322905345985102e-01 7.860088285688098253e-01 7.325130952255971550e-01 6.840785734912973037e-01 7.138482440143965047e-01 7.206236948313964330e-01 6.866834428272559077e-01 7.629585551124986598e-01 0.000000000000000000e+00 7.356724495731561397e-01 6.289778984449873045e-01 6.863533924595627278e-01 7.623641382212134054e-01 1.000248660938799716e+00 8.147925997204836790e-01 9.397819220983973931e-01 9.677124404784427369e-01 9.526450387908740325e-01 1.010067262836111146e+00 9.743555468107949480e-01 8.451042448971861631e-01 9.650637083483706302e-01 8.631464643691908467e-01 8.752512746652230113e-01 9.788189931803490396e-01 1.009230425093103900e+00 1.031938518373624714e+00 9.538516227900539768e-01 9.486509532923301791e-01 9.488530208247660802e-01 9.749719582674660767e-01 1.039755143900308543e+00
1.000000000000000000e+01 9.954222031183959096e-01 8.585525142863967840e-01 6.519006300410814525e-01 6.929333604102296817e-01 6.390900089126354544e-01 5.467397487523468769e-01 5.810278365491601260e-01 5.333528483177354396e-01 7.356724495731561397e-01 0.000000000000000000e+00 7.051467589853418483e-01 6.568057609198080238e-01 8.249991281972426371e-01 9.505441991546370595e-01 8.464475699528095642e-01 8.952047158941065508e-01 9.225595434871625145e-01 9.100194656569522422e-01 9.682039228603411818e-01 9.334763655119413528e-01 8.514483264318759570e-01 9.293446872428179351e-01 8.676122199123608159e-01 8.768927143403819624e-01 9.576017675252050942e-01 9.899408619686829169e-01 1.014187242575121495e+00 9.469004561750256066e-01 9.443973079179945884e-01 9.496551668930974799e-01 9.691732963141606039e-01 1.030247088777296316e+00
1.100000000000000000e+01 9.703169786430704269e-01 8.254281217506233004e-01 7.397116021249249274e-01 7.175532100655758194e-01 7.214019414670146402e-01 7.078054507863572598e-01 6.661726508352693310e-01 7.387091370143236135e-01 6.289778984449873045e-01 7.051467589853418483e-01 0.000000000000000000e+00 5.758944480998348103e-01 7.470826197351114750e-01 9.720886257002701036e-01 7.899046864963403802e-01 9.106103702110794895e-01 9.391647897653983001e-01 9.238178298828452206e-01 9.819307070588811914e-01 9.459464099662966419e-01 8.140973832276550137e-01 9.367127750145407550e-01 8.344832201743395128e-01 8.472993255728977768e-01 9.521813089590649426e-01 9.833366077129448435e-01 1.006502263227857519e+00 9.292539192835418405e-01 9.245596044117094792e-01 9.263281269154290953e-01 9.513230121502520564e-01 1.016134838559143549e+00
1.200000000000000000e+01 9.840273385859082955e-01 8.448870605331683104e-01 7.251092618580622373e-01 7.192396206704213535e-01 7.071497331373136630e-01 6.774342328945129887e-01 6.338167763889838158e-01 6.994700187549393045e-01 6.863533924595627278e-01 6.568057609198080238e-01 5.758944480998348103e-01 0.000000000000000000e+00 7.731571406735198160e-01 9.537908596906503611e-01 8.009654335141556114e-01 8.932388635165600110e-01 9.219158655642241129e-01 9.071303876559699830e-01 9.657462265556746583e-01 9.299119190994766804e-01 8.133062865314655276e-01 9.221068948881196992e-01 8.330749037733162776e-01 8.448220594657391835e-01 9.422132803207046159e-01 9.741234892032011317e-01 9.978495026614244701e-01 9.241046723075112546e-01 9.203769548376650178e-01 9.240453159138306560e-01 9.466868558045227200e-01 1.010322714944729583e+00
1.300000000000000000e+01 9.641338228420881507e-01 8.400253660838234993e-01 8.434737327811092644e-01 8.257970009264670175e-01 8.333225882468866530e-01 8.279799028416234830e-01 8.095623022066769092e-01 8.421271421229483689e-01 7.623641382212134054e-01 8.249991281972426371e-01 7.470826197351114750e-01 7.731571406735198160e-01 0.000000000000000000e+00 9.989573130837134940e-01 6.826866754738547538e-01 9.326857768582403896e-01 9.614981813711112046e-01 9.436932404093720805e-01 1.000653093697955631e+00 9.637896959998313307e-01 7.744394725629684118e-01 9.491788390551587629e-01 7.969037538818661837e-01 8.142398337218852422e-01 9.485626379214093795e-01 9.774380132389723919e-01 9.988464953569113902e-01 9.087826720200733455e-01 9.006617212811223183e-01 8.960944045404262148e-01 9.296610612007547569e-01 9.991597561710685582e-01
1.400000000000000000e+01 1.192239822925386328e+00 1.079283498236395022e+00 9.901222698473826078e-01 1.003096826826738841e+00 9.875844564673577075e-01 9.695003350415447585e-01 9.703969596747112902e-01 9.447702637984680685e-01 1.000248660938799716e+00 9.505441991546370595e-01 9.720886257002701036e-01 9.537908596906503611e-01 9.989573130837134940e-01 0.000000000000000000e+00 9.803203342004853660e-01 6.552073080186715526e-01 5.730095126698731001e-01 6.452572877796138862e-01 6.077211717772943445e-01 6.370283549433515269e-01 9.420728617744014155e-01 7.150098939581186475e-01 9.419436517352595128e-01 9.375272468487136912e-01 8.559509598556269694e-01 8.885646025941578152e-01 9.182598456403230358e-01 9.354823694027070147e-01 9.458606262325561786e-01 9.688002836748021984e-01 9.546696583644072032e-01 9.838205664165902142e-01
1.500000000000000000e+01 9.953588079556949797e-01 8.852924321829320764e-01 8.721477275422213626e-01 8.612098858389141132e-01 8.632933090450889413e-01 8.542623029565206139e-01 8.391317831332627541e-01 8.604406553684265102e-01 8.147925997204836790e-01 8.464475699528095642e-01 7.899046864963403802e-01 8.009654335141556114e-01 6.826866754738547538e-01 9.803203342004853660e-01 0.000000000000000000e+00 9.108710492068852194e-01 9.402643668027592661e-01 9.209660041261304997e-01 9.778695497652056812e-01 9.403278520869582380e-01 6.924756683555397530e-01 9.229186210031989912e-01 7.237627233192496234e-01 7.496525996475711384e-01 9.152936099193058617e-01 9.440389418599792748e-01 9.651864967399266249e-01 8.673098517993782508e-01 8.574673875792657718e-01 8.514201152417362195e-01 8.896439171311747440e-01 9.629901724346612291e-01
1.600000000000000000e+01 1.130650472642208859e+00 1.018705722811441783e+00 9.356141861569808871e-01 9.464435462844431601e-01 9.322301952194569363e-01 9.142306639709965044e-01 9.133386576980095928e-01 8.917422627116378120e-01 9.397819220983973931e-01 8.952047158941065508e-01 9.106103702110794895e-01 8.932388635165600110e-01 9.326857768582403896e-01 6.552073080186715526e-01 9.108710492068852194e-01 0.000000000000000000e+00 5.481517902618064930e-01 4.618826723586417771e-01 6.507717990166057564e-01 5.787641307920166067e-01 8.684705633672418212e-01 6.185181035063551658e-01 8.670864544651188943e-01 8.615011809597958869e-01 7.760626127715815059e-01 8.145490569228321931e-01 8.460466121643634985e-01 8.566901996788547358e-01 8.678169833411204515e-01 8.924066438877149565e-01 8.772623861122690325e-01 9.090974054003826410e-01
1.700000000000000000e+01 1.157760901889867799e+00 1.045991841353702156e+00 9.622607155639850696e-01 9.735038766804340327e-01 9.591214968121888340e-01 9.413054824113635810e-01 9.408730680480119624e-01 9.185110708214776487e-01 9.677124404784427369e-01 9.225595434871625145e-01 9.391647897653983001e-01 9.219158655642241129e-01 9.614981813711112046e-01 5.730095126698731001e-01 9.402643668027592661e-01 5.481517902618064930e-01 0.000000000000000000e+00 5.052298536581543154e-01 5.623238186039480890e-01 5.100209543796796474e-01 8.992288402623971333e-01 6.273490102934431434e-01 8.976581997282182535e-01 8.920600835672907181e-01 7.946867420488774592e-01 8.287804910200686770e-01 8.594881190605749843e-01 8.830872675916225933e-01 8.946723660170454728e-01 9.192058024647105086e-01 9.020606946060094611e-01 9.288145528538502838e-01
1.800000000000000000e+01 1.141798647933732980e+00 1.030612003187792780e+00 9.498186981838792065e-01 9.600967359484253727e-01 9.463379446383637372e-01 9.286595223809390731e-01 9.274693270730525185e-01 9.069591490304347303e-01 9.526450387908740325e-01 9.100194656569522422e-01 9.238178298828452206e-01 9.071303876559699830e-01 9.436932404093720805e-01 6.452572877796138862e-01 9.209660041261304997e-01 4.618826723586417771e-01 5.052298536581543154e-01 0.000000000000000000e+00 6.115500749036153483e-01 5.051751040984169272e-01 8.781150120822787120e-01 5.785839774637673294e-01 8.757825351732864139e-01 8.695225012450535917e-01 7.666511354644440779e-01 8.037923656956365015e-01 8.355771215034364374e-01 8.578366166021387240e-01 8.699801181700377306e-01 8.954559578199643433e-01 8.772667319763509663e-01 9.045992688305850571e-01
1.900000000000000000e+01 1.197462938232413565e+00 1.086922016448080397e+00 1.007119897221715243e+00 1.017359464976162142e+00 1.003758094208602403e+00 9.864094110491972156e-01 9.853756245805278535e-01 9.649581242133009606e-01 1.010067262836111146e+00 9.682039228603411818e-01 9.819307070588811914e-01 9.657462265556746583e-01 1.000653093697955631e+00 6.077211717772943445e-01 9.778695497652056812e-01 6.507717990166057564e-01 5.623238186039480890e-01 6.115500749036153483e-01 0.000000000000000000e+00 5.342800789344359647e-01 9.360241682776553329e-01 6.377559074834886488e-01 9.330253524301233004e-01 9.264234819001468946e-01 8.033047112558846514e-01 8.317028238822170572e-01 8.615842421286443731e-01 9.069637064033369001e-01 9.200329084636362786e-01 9.457540111969597874e-01 9.237717300273378118e-01 9.420431690520842949e-01
2.000000000000000000e+01 1.161722310540444170e+00 1.051305994906951202e+00 9.726251383963804287e-01 9.824354718407266596e-01 9.690831878607002459e-01 9.517264576630468653e-01 9.503164729491389018e-01 9.307158238459334321e-01 9.743555468107949480e-01 9.334763655119413528e-01 9.459464099662966419e-01 9.299119190994766804e-01 9.637896959998313307e-01 6.370283549433515269e-01 9.403278520869582380e-01 5.787641307920166067e-01 5.100209543796796474e-01 5.051751040984169272e-01 5.342800789344359647e-01 0.000000000000000000e+00 8.974150533963698440e-01 5.582985516214342692e-01 8.941902769690059927e-01 8.873378357798131777e-01 7.650396331259106120e-01 7.981114882356936668e-01 8.295015235935094822e-01 8.681820802436517326e-01 8.813566083875794543e-01 9.075365344362986697e-01 8.858797035358756400e-01 9.068294390862599030e-01
2.100000000000000000e+01 1.028119237102773864e+00 9.200876659138355063e-01 8.846400132823861728e-01 8.798521434215422765e-01 8.767927698676853954e-01 8.640014123334680551e-01 8.517962004746306715e-01 8.622394654995122476e-01 8.451042448971861631e-01 8.514483264318759570e-01 8.140973832276550137e-01 8.133062865314655276e-01 7.744394725629684118e-01 9.420728617744014155e-01 6.924756683555397530e-01 8.684705633672418212e-01 8.992288402623971333e-01 8.781150120822787120e-01 9.360241682776553329e-01 8.974150533963698440e-01 0.000000000000000000e+00 8.773440169840915903e-01 5.497148989389624152e-01 6.227718027461037753e-01 8.662032433674116128e-01 8.971850609685878553e-01 9.194923831975003736e-01 8.143197800882262527e-01 8.044707695034132300e-01 8.042611902931953161e-01 8.422818936504818943e-01 9.201675938956408451e-01
2.200000000000000000e+01 1.149450980469083339e+00 1.040572217536724020e+00 9.679355017276856099e-01 9.759894250420255712e-01 9.638810976397464980e-01 9.470429541852734001e-01 9.444056291034288453e-01 9.281968413109853433e-01 9.650637083483706302e-01 9.293446872428179351e-01 9.367127750145407550e-01 9.221068948881196992e-01 9.491788390551587629e-01 7.150098939581186475e-01 9.229186210031989912e-01 6.185181035063551658e-01 6.273490102934431434e-01 5.785839774637673294e-01 6.377559074834886488e-01 5.582985516214342692e-01 8.773440169840915903e-01 0.000000000000000000e+00 8.721151221496128425e-01 8.636847090439501162e-01 7.120188838772412154e-01 7.507602198915614977e-01 7.852086050867359557e-01 8.331559632821305961e-01 8.482712531468967754e-01 8.767452818168059991e-01 8.503126351161616192e-01 8.677971858705770813e-01
2.300000000000000000e+01 1.038729683435178242e+00 9.337542157607257032e-01 8.999762473916304018e-01 8.957586250716138565e-01 8.925277727039346853e-01 8.800085862552591287e-01 8.687340026139596105e-01 8.773731721021580388e-01 8.631464643691908467e-01 8.676122199123608159e-01 8.344832201743395128e-01 8.330749037733162776e-01 7.969037538818661837e-01 9.419436517352595128e-01 7.237627233192496234e-01 8.670864544651188943e-01 8.976581997282182535e-01 8.757825351732864139e-01 9.330253524301233004e-01 8.941902769690059927e-01 5.497148989389624152e-01 8.721151221496128425e-01 0.000000000000000000e+00 5.160244489687870750e-01 8.543054870339594764e-01 8.849072711050345319e-01 9.068682745790268562e-01 7.928408201277745704e-01 7.808356086371248672e-01 7.797559318714255561e-01 8.227509062391742400e-01 9.048840852571120585e-01
2.400000000000000000e+01 1.048110239939002986e+00 9.444171986103426786e-01 9.094112164073766547e-01 9.059838281265999438e-01 9.022475507839191611e-01 8.895676427949410492e-01 8.790053138824571732e-01 8.858340000336444309e-01 8.752512746652230113e-01 8.768927143403819624e-01 8.472993255728977768e-01 8.448220594657391835e-01 8.142398337218852422e-01 9.375272468487136912e-01 7.496525996475711384e-01 8.615011809597958869e-01 8.920600835672907181e-01 8.695225012450535917e-01 9.264234819001468946e-01 8.873378357798131777e-01 6.227718027461037753e-01 8.636847090439501162e-01 5.160244489687870750e-01 0.000000000000000000e+00 8.411159199101270190e-01 8.719353891407273238e-01 8.939341391364652445e-01 7.723855517183693120e-01 7.590275802436750041e-01 7.597344578692357686e-01 8.051396775617611912e-01 8.909833023753050973e-01
2.500000000000000000e+01 1.151564265871759307e+00 1.048127230438738788e+00 9.930416367046346338e-01 9.965727029621631594e-01 9.879336421462170392e-01 9.730637845297276378e-01 9.676797684924678400e-01 9.600851008947937082e-01 9.788189931803490396e-01 9.576017675252050942e-01 9.521813089590649426e-01 9.422132803207046159e-01 9.485626379214093795e-01 8.559509598556269694e-01 9.152936099193058617e-01 7.760626127715815059e-01 7.946867420488774592e-01 7.666511354644440779e-01 8.033047112558846514e-01 7.650396331259106120e-01 8.662032433674116128e-01 7.120188838772412154e-01 8.543054870339594764e-01 8.411159199101270190e-01 0.000000000000000000e+00 5.853410096806348495e-01 6.579910327194848918e-01 7.536591210826157905e-01 7.787066133959261727e-01 8.157709041331324684e-01 7.624752429159380451e-01 7.586266779639374569e-01
2.600000000000000000e+01 1.178931008947849968e+00 1.076838960507742637e+00 1.024554032473502740e+00 1.027560291362636047e+00 1.019402439021462214e+00 1.004937364859273874e+00 9.993750872099922411e-01 9.926769142006093283e-01 1.009230425093103900e+00 9.899408619686829169e-01 9.833366077129448435e-01 9.741234892032011317e-01 9.774380132389723919e-01 8.885646025941578152e-01 9.440389418599792748e-01 8.145490569228321931e-01 8.287804910200686770e-01 8.037923656956365015e-01 8.317028238822170572e-01 7.981114882356936668e-01 8.971850609685878553e-01 7.507602198915614977e-01 8.849072711050345319e-01 8.719353891407273238e-01 5.853410096806348495e-01 0.000000000000000000e+00 5.306840501826073364e-01 7.781550550589351190e-01 8.018710793275161119e-01 8.352228311579898978e-01 7.760324534565203880e-01 7.281472851060097895e-01
2.700000000000000000e+01 1.199564669094177916e+00 1.098406446090254729e+00 1.048254720991691258e+00 1.050817872581062851e+00 1.043040944006695447e+00 1.028859928352571451e+00 1.023103030186579776e+00 1.017190668117021524e+00 1.031938518373624714e+00 1.014187242575121495e+00 1.006502263227857519e+00 9.978495026614244701e-01 9.988464953569113902e-01 9.182598456403230358e-01 9.651864967399266249e-01 8.460466121643634985e-01 8.594881190605749843e-01 8.355771215034364374e-01 8.615842421286443731e-01 8.295015235935094822e-01 9.194923831975003736e-01 7.852086050867359557e-01 9.068682745790268562e-01 8.939341391364652445e-01 6.579910327194848918e-01 5.306840501826073364e-01 0.000000000000000000e+00 7.975278830638261596e-01 8.199402044805812473e-01 8.506805940097268426e-01 7.897053525745942881e-01 7.113651632586668327e-01
2.800000000000000000e+01 1.115330311838550248e+00 1.016920152149810352e+00 9.788562113974683676e-01 9.780871646041662260e-01 9.728170434803460331e-01 9.599924642242103623e-01 9.521059398455062883e-01 9.526650382680847962e-01 9.538516227900539768e-01 9.469004561750256066e-01 9.292539192835418405e-01 9.241046723075112546e-01 9.087826720200733455e-01 9.354823694027070147e-01 8.673098517993782508e-01 8.566901996788547358e-01 8.830872675916225933e-01 8.578366166021387240e-01 9.069637064033369001e-01 8.681820802436517326e-01 8.143197800882262527e-01 8.331559632821305961e-01 7.928408201277745704e-01 7.723855517183693120e-01 7.536591210826157905e-01 7.781550550589351190e-01 7.975278830638261596e-01 0.000000000000000000e+00 5.294874841737264859e-01 6.620126921231204165e-01 5.853030933134584224e-01 7.721330253389742104e-01
2.900000000000000000e+01 1.107889619961805572e+00 1.010422513518724585e+00 9.755979739260980388e-01 9.740453814071621252e-01 9.694082740043787894e-01 9.570007938322633301e-01 9.486920875819713217e-01 9.507121190513307951e-01 9.486509532923301791e-01 9.443973079179945884e-01 9.245596044117094792e-01 9.203769548376650178e-01 9.006617212811223183e-01 9.458606262325561786e-01 8.574673875792657718e-01 8.678169833411204515e-01 8.946723660170454728e-01 8.699801181700377306e-01 9.200329084636362786e-01 8.813566083875794543e-01 8.044707695034132300e-01 8.482712531468967754e-01 7.808356086371248672e-01 7.590275802436750041e-01 7.787066133959261727e-01 8.018710793275161119e-01 8.199402044805812473e-01 5.294874841737264859e-01 0.000000000000000000e+00 6.044952787899942059e-01 6.221286921471185227e-01 7.919493390617922124e-01
3.000000000000000000e+01 1.101731177051809230e+00 1.006987743099236887e+00 9.790413283257533017e-01 9.760599458180188037e-01 9.726591120683512059e-01 9.611863433449738814e-01 9.522684021740244198e-01 9.567948849190215377e-01 9.488530208247660802e-01 9.496551668930974799e-01 9.263281269154290953e-01 9.240453159138306560e-01 8.960944045404262148e-01 9.688002836748021984e-01 8.514201152417362195e-01 8.924066438877149565e-01 9.192058024647105086e-01 8.954559578199643433e-01 9.457540111969597874e-01 9.075365344362986697e-01 8.042611902931953161e-01 8.767452818168059991e-01 7.797559318714255561e-01 7.597344578692357686e-01 8.157709041331324684e-01 8.352228311579898978e-01 8.506805940097268426e-01 6.620126921231204165e-01 6.044952787899942059e-01 0.000000000000000000e+00 6.809012060258869958e-01 8.157394234009758271e-01
3.100000000000000000e+01 1.132716634141780476e+00 1.035990045124528747e+00 1.000312924909951606e+00 9.992548720310108212e-01 9.943184431111136146e-01 9.818615172908293776e-01 9.740124886613761301e-01 9.749293397432834407e-01 9.749719582674660767e-01 9.691732963141606039e-01 9.513230121502520564e-01 9.466868558045227200e-01 9.296610612007547569e-01 9.546696583644072032e-01 8.896439171311747440e-01 8.772623861122690325e-01 9.020606946060094611e-01 8.772667319763509663e-01 9.237717300273378118e-01 8.858797035358756400e-01 8.422818936504818943e-01 8.503126351161616192e-01 8.227509062391742400e-01 8.051396775617611912e-01 7.624752429159380451e-01 7.760324534565203880e-01 7.897053525745942881e-01 5.853030933134584224e-01 6.221286921471185227e-01 6.809012060258869958e-01 0.000000000000000000e+00 7.394112519348459145e-01
3.200000000000000000e+01 1.198194362346966191e+00 1.101220229626808322e+00 1.061896909209635975e+00 1.061994225854471008e+00 1.056231177100331653e+00 1.043393599041970266e+00 1.036365255038425914e+00 1.034961157927369424e+00 1.039755143900308543e+00 1.030247088777296316e+00 1.016134838559143549e+00 1.010322714944729583e+00 9.991597561710685582e-01 9.838205664165902142e-01 9.629901724346612291e-01 9.090974054003826410e-01 9.288145528538502838e-01 9.045992688305850571e-01 9.420431690520842949e-01 9.068294390862599030e-01 9.201675938956408451e-01 8.677971858705770813e-01 9.048840852571120585e-01 8.909833023753050973e-01 7.586266779639374569e-01 7.281472851060097895e-01 7.113651632586668327e-01 7.721330253389742104e-01 7.919493390617922124e-01 8.157394234009758271e-01 7.394112519348459145e-01 0.000000000000000000e+00
