0.000000000000000000e+00 1.000000000000000000e+00 2.000000000000000000e+00 3.000000000000000000e+00 4.000000000000000000e+00 5.000000000000000000e+00 6.000000000000000000e+00 7.000000000000000000e+00 8.000000000000000000e+00 9.000000000000000000e+00 1.000000000000000000e+01 1.100000000000000000e+01 1.200000000000000000e+01 1.300000000000000000e+01 1.400000000000000000e+01 1.500000000000000000e+01 1.600000000000000000e+01 1.700000000000000000e+01 1.800000000000000000e+01 1.900000000000000000e+01 2.000000000000000000e+01 2.100000000000000000e+01 2.200000000000000000e+01 2.300000000000000000e+01 2.400000000000000000e+01 2.500000000000000000e+01 2.600000000000000000e+01 2.700000000000000000e+01 2.800000000000000000e+01 2.900000000000000000e+01 3.000000000000000000e+01 3.100000000000000000e+01 3.200000000000000000e+01
1.000000000000000000e+00 0.000000000000000000e+00 8.499511433216010436e-01 9.497236351977912383e-01 9.325558965723482752e-01 9.459716406294560453e-01 9.533089644586124622e-01 9.460579648715909951e-01 9.706047578606378234e-01 9.168924723489709772e-01 9.608002860720592508e-01 9.331939691832784600e-01 9.460044677150902803e-01 9.125908014517203348e-01 1.133808312464235302e+00 9.280408040450657259e-01 1.069782998976957167e+00 1.096689559397574509e+00 1.079401419894663317e+00 1.133770498974768781e+00 1.097705149712105532e+00 9.579195511561796605e-01 1.081935193148062746e+00 9.619705821228775600e-01 9.681893966574752763e-01 1.070065723443973882e+00 1.092585068644676749e+00 1.109492800708100635e+00 1.017745063720047360e+00 1.005121944882441998e+00 9.727200930152724023e-01 1.026627765598131514e+00 1.090137037872658921e+00
2.000000000000000000e+00 8.499511433216010436e-01 0.000000000000000000e+00 8.318424309454631738e-01 8.031131850795533156e-01 8.263418994339526424e-01 8.391274579813333689e-01 8.295402962467710584e-01 8.644519345873871163e-01 7.821232073563010312e-01 8.519136232990811575e-01 8.187826377569058511e-01 8.372444460318970716e-01 8.266482064531222029e-01 1.055141153269567811e+00 8.593634644103228526e-01 9.928177213960687197e-01 1.019801929054978462e+00 1.003419763734446413e+00 1.058501095556320326e+00 1.022694455130584990e+00 8.900054784063456959e-01 1.009099991934732321e+00 8.977258993040172497e-01 9.052171956517984786e-01 1.004466395871973061e+00 1.028531543701603379e+00 1.046532884004555353e+00 9.592838163091050863e-01 9.481024938570659089e-01 9.194313432128728980e-01 9.699047598851202601e-01 1.032315114207598805e+00
3.000000000000000000e+00 9.497236351977912383e-01 8.318424309454631738e-01 0.000000000000000000e+00 5.994367878923186899e-01 4.613857355723640641e-01 5.760209392716973964e-01 6.280048510317415289e-01 6.624927648623308851e-01 7.320643529151088513e-01 6.515630065223638745e-01 7.390128291736843824e-01 7.243726127347545063e-01 8.373419616563468892e-01 9.805772641067795892e-01 8.595538306119286931e-01 9.249866388356804414e-01 9.513457620013294758e-01 9.382460639365484134e-01 9.945690272301459522e-01 9.599870908739818187e-01 8.714177946729929625e-01 9.532496108090049436e-01 8.825670050917181486e-01 8.897654166548747412e-01 9.688757609033691320e-01 9.962863937995951602e-01 1.016799873279670585e+00 9.437180600969214961e-01 9.364654091739226249e-01 9.165671042317964368e-01 9.573855783410416542e-01 1.015288281725085229e+00
4.000000000000000000e+00 9.325558965723482752e-01 8.031131850795533156e-01 5.994367878923186899e-01 0.000000000000000000e+00 5.682246749276804731e-01 6.408878392798847967e-01 6.346459370625900931e-01 7.147773811335309535e-01 6.837931670449267640e-01 6.922928407978292675e-01 7.167411764495508208e-01 7.182217351972324249e-01 8.198288616303941456e-01 9.919898819690395886e-01 8.480623876601184330e-01 9.341676604443525100e-01 9.609257037556266923e-01 9.468124563492157364e-01 1.003041442523084026e+00 9.680203558871107727e-01 8.652331641897031966e-01 9.593981167314626912e-01 8.766461001961939337e-01 8.844154913887687375e-01 9.700335690960708579e-01 9.967967629169014465e-01 1.016784326403833649e+00 9.401167253781561595e-01 9.319876323853235611e-01 9.103372711006285645e-01 9.533093373919352409e-01 1.012429853207266861e+00
5.000000000000000000e+00 9.459716406294560453e-01 8.263418994339526424e-01 4.613857355723640641e-01 5.682246749276804731e-01 0.000000000000000000e+00 5.466542282439451617e-01 5.900900585790955777e-01 6.623748741883286328e-01 7.134729154869027257e-01 6.387917751898695151e-01 7.208144607555035943e-01 7.065083821246809226e-01 8.275165242133124543e-01 9.780626963612648606e-01 8.510902848869487114e-01 9.216317985930686518e-01 9.482296618251839782e-01 9.347898249689445827e-01 9.912231132001747547e-01 9.564636433335469423e-01 8.638227446517224850e-01 9.492103057830718615e-01 8.753514480747764948e-01 8.827995629948788281e-01 9.637526281333739231e-01 9.910998744050982801e-01 1.011538553656573747e+00 9.376604504181123012e-01 9.302629489077145486e-01 9.101558992456053598e-01 9.513309458410996733e-01 1.009528728634657702e+00
6.000000000000000000e+00 9.533089644586124622e-01 8.391274579813333689e-01 5.760209392716973964e-01 6.408878392798847967e-01 5.466542282439451617e-01 0.000000000000000000e+00 5.318452066224195196e-01 6.004121869526886091e-01 7.201131055502550948e-01 5.466633982292830041e-01 7.074173666469121269e-01 6.771133978891434868e-01 8.225673606267063231e-01 9.613383140235958191e-01 8.432432038312743794e-01 9.050848911643760708e-01 9.318675770442812478e-01 9.186133960002784704e-01 9.754102185642050671e-01 9.406573915286731147e-01 8.527106307993453926e-01 9.340352238657445572e-01 8.647562863360510610e-01 8.721754579616907144e-01 9.509191471215567848e-01 9.787443953926842077e-01 9.995181115921183412e-01 9.272934978420046548e-01 9.204115901013705248e-01 9.015076159646444598e-01 9.414185345713357300e-01 9.991071147772803140e-01
7.000000000000000000e+00 9.460579648715909951e-01 8.295402962467710584e-01 6.280048510317415289e-01 6.346459370625900931e-01 5.900900585790955777e-01 5.318452066224195196e-01 0.000000000000000000e+00 6.461711627925545987e-01 6.862880929493430093e-01 5.809416427995368615e-01 6.659246294316212289e-01 6.335840782608286315e-01 8.047014210376919330e-01 9.619837298205629050e-01 8.286951920852728692e-01 9.039375050139937251e-01 9.311661149223442457e-01 9.171483446937052086e-01 9.740760309897882330e-01 9.389501298451061739e-01 8.407081170528530878e-01 9.310721854396912800e-01 8.536021511655377259e-01 8.616327679310800125e-01 9.450727723574867678e-01 9.726612504236595846e-01 9.932022130665791870e-01 9.188629262251144514e-01 9.115550591858061491e-01 8.919585853805092057e-01 9.329139313584458026e-01 9.913676506363995333e-01
8.000000000000000000e+00 9.706047578606378234e-01 8.644519345873871163e-01 6.624927648623308851e-01 7.147773811335309535e-01 6.623748741883286328e-01 6.004121869526886091e-01 6.461711627925545987e-01 0.000000000000000000e+00 7.619310439502687826e-01 5.333381282928704170e-01 7.381894826205666060e-01 6.992249358634474721e-01 8.363638968291118303e-01 9.383686617773079330e-01 8.499903887566754301e-01 8.844773620284791527e-01 9.109720555618898707e-01 8.988785665186078688e-01 9.559971868159578001e-01 9.216994653507903923e-01 8.525615329646450968e-01 9.174157152570672213e-01 8.641289793428782451e-01 8.707312034734482342e-01 9.407946158687801042e-01 9.695003392761614158e-01 9.909750828980539161e-01 9.234357032526461229e-01 9.177166690178326647e-01 9.011381116957433157e-01 9.382007324121730552e-01 9.943027199419807172e-01
9.000000000000000000e+00 9.168924723489709772e-01 7.821232073563010312e-01 7.320643529151088513e-01 6.837931670449267640e-01 7.134729154869027257e-01 7.201131055502550948e-01 6.862880929493430093e-01 7.619310439502687826e-01 0.000000000000000000e+00 7.348442866908670990e-01 6.285746240380596372e-01 6.855457228973660389e-01 7.584773790389995884e-01 9.882650274808872926e-01 8.037128883687459924e-01 9.266262074786713043e-01 9.542109944020524814e-01 9.384237448279435512e-01 9.947350745555034734e-01 9.589372982098491871e-01 8.311100917529202770e-01 9.473894564448326339e-01 8.443462292893605392e-01 8.536491065843569981e-01 9.507980187209563727e-01 9.768170391115913453e-01 9.961464925637839585e-01 9.141203033893179342e-01 9.048012018309945503e-01 8.810432797002989425e-01 9.269480854791236624e-01 9.879939542696625221e-01
1.000000000000000000e+01 9.608002860720592508e-01 8.519136232990811575e-01 6.515630065223638745e-01 6.922928407978292675e-01 6.387917751898695151e-01 5.466633982292830041e-01 5.809416427995368615e-01 5.333381282928704170e-01 7.348442866908670990e-01 0.000000000000000000e+00 7.047831617084592271e-01 6.566452084661646982e-01 8.197291467488088124e-01 9.436814028276498956e-01 8.363900433431782355e-01 8.874554635936875435e-01 9.145216320419957690e-01 9.014242736908844034e-01 9.586947369841691824e-01 9.239121448513787360e-01 8.417132924433646801e-01 9.179634527281972378e-01 8.541882910048125277e-01 8.614854087844106001e-01 9.374935944074944683e-01 9.658687690791487590e-01 9.870246429152307321e-01 9.166947689328914795e-01 9.104071233196773250e-01 8.928738363343098339e-01 9.313293571128093973e-01 9.884276973275423206e-01
1.100000000000000000e+01 9.331939691832784600e-01 8.187826377569058511e-01 7.390128291736843824e-01 7.167411764495508208e-01 7.208144607555035943e-01 7.074173666469121269e-01 6.659246294316212289e-01 7.381894826205666060e-01 6.285746240380596372e-01 7.047831617084592271e-01 0.000000000000000000e+00 5.757813407998362276e-01 7.440815132522238251e-01 9.630374372205652289e-01 7.818610038157342013e-01 9.005969722060789273e-01 9.287971564319712492e-01 9.128362947809680605e-01 9.698939262030426001e-01 9.338603799404678885e-01 8.041826742631209557e-01 9.226066504620147324e-01 8.203194537780921225e-01 8.305720999639565338e-01 9.284734582362070832e-01 9.553471988989072905e-01 9.752137720323559300e-01 8.947768170628622730e-01 8.862066514406663487e-01 8.645913341575182098e-01 9.086345159927005088e-01 9.693208908485184683e-01
1.200000000000000000e+01 9.460044677150902803e-01 8.372444460318970716e-01 7.243726127347545063e-01 7.182217351972324249e-01 7.065083821246809226e-01 6.771133978891434868e-01 6.335840782608286315e-01 6.992249358634474721e-01 6.855457228973660389e-01 6.566452084661646982e-01 5.757813407998362276e-01 0.000000000000000000e+00 7.694017088011686489e-01 9.465078277894269920e-01 7.929899906701575185e-01 8.850960532041414197e-01 9.134411092169121282e-01 8.981006361978314256e-01 9.557348768394544614e-01 9.198620930533649709e-01 8.047556901231281978e-01 9.101979305337817294e-01 8.207071950114265269e-01 8.302150478453633742e-01 9.213011256068874832e-01 9.490875613205074224e-01 9.696202060154224256e-01 8.930342659625145618e-01 8.855616085502138191e-01 8.663016975330617431e-01 9.076463886721504171e-01 9.670518422545477666e-01
1.300000000000000000e+01 9.125908014517203348e-01 8.266482064531222029e-01 8.373419616563468892e-01 8.198288616303941456e-01 8.275165242133124543e-01 8.225673606267063231e-01 8.047014210376919330e-01 8.363638968291118303e-01 7.584773790389995884e-01 8.197291467488088124e-01 7.440815132522238251e-01 7.694017088011686489e-01 0.000000000000000000e+00 9.821958295316484122e-01 6.782173626266617683e-01 9.148987629522082887e-01 9.432134209474161146e-01 9.247211787248921233e-01 9.803544507631856142e-01 9.434684671527440170e-01 7.620271236649306390e-01 9.265080652261910021e-01 7.788438547747226215e-01 7.921938985330025940e-01 9.147522008682933414e-01 9.387789967350550491e-01 9.565224034177748358e-01 8.628314456760188822e-01 8.505736144355922068e-01 8.212538490349772236e-01 8.744748340239494322e-01 9.397707067320013596e-01
1.400000000000000000e+01 1.133808312464235302e+00 1.055141153269567811e+00 9.805772641067795892e-01 9.919898819690395886e-01 9.780626963612648606e-01 9.613383140235958191e-01 9.619837298205629050e-01 9.383686617773079330e-01 9.882650274808872926e-01 9.436814028276498956e-01 9.630374372205652289e-01 9.465078277894269920e-01 9.821958295316484122e-01 0.000000000000000000e+00 9.635377358236217882e-01 6.551731367943973705e-01 5.729628900388625823e-01 6.451589649020497141e-01 6.074944176398784368e-01 6.368002250417175159e-01 9.338156265616860408e-01 7.144321202463626008e-01 9.327366738409738067e-01 9.287795261532019175e-01 8.523279713032974048e-01 8.828773260347844154e-01 9.107603160753501292e-01 9.257670779839224373e-01 9.327713296152255751e-01 9.356372340478917859e-01 9.405341019454336315e-01 9.669986656607287845e-01
1.500000000000000000e+01 9.280408040450657259e-01 8.593634644103228526e-01 8.595538306119286931e-01 8.480623876601184330e-01 8.510902848869487114e-01 8.432432038312743794e-01 8.286951920852728692e-01 8.499903887566754301e-01 8.037128883687459924e-01 8.363900433431782355e-01 7.818610038157342013e-01 7.929899906701575185e-01 6.782173626266617683e-01 9.635377358236217882e-01 0.000000000000000000e+00 8.935412008722218857e-01 9.223239083588765652e-01 9.025572183025412087e-01 9.580935352763360058e-01 9.206414057606810974e-01 6.867054591665088248e-01 9.012661766261633733e-01 7.136388066801967467e-01 7.353896511990349882e-01 8.833742384999496711e-01 9.071097471548337232e-01 9.245079475818247516e-01 8.250072263016672292e-01 8.116028306223270761e-01 7.814499783625341589e-01 8.374023289176504292e-01 9.052189761022984005e-01
1.600000000000000000e+01 1.069782998976957167e+00 9.928177213960687197e-01 9.249866388356804414e-01 9.341676604443525100e-01 9.216317985930686518e-01 9.050848911643760708e-01 9.039375050139937251e-01 8.844773620284791527e-01 9.266262074786713043e-01 8.874554635936875435e-01 9.005969722060789273e-01 8.850960532041414197e-01 9.148987629522082887e-01 6.551731367943973705e-01 8.935412008722218857e-01 0.000000000000000000e+00 5.481410036242093664e-01 4.618563198395571057e-01 6.506420996553254898e-01 5.786445073144228513e-01 8.602330025069441222e-01 6.181348001327546804e-01 8.581287134248917203e-01 8.531653065195945462e-01 7.729263354525566232e-01 8.093875486454198409e-01 8.390977406200126332e-01 8.479217402101053569e-01 8.558035502300382902e-01 8.606864772190192525e-01 8.641365341925415500e-01 8.929983726349166595e-01
1.700000000000000000e+01 1.096689559397574509e+00 1.019801929054978462e+00 9.513457620013294758e-01 9.609257037556266923e-01 9.482296618251839782e-01 9.318675770442812478e-01 9.311661149223442457e-01 9.109720555618898707e-01 9.542109944020524814e-01 9.145216320419957690e-01 9.287971564319712492e-01 9.134411092169121282e-01 9.432134209474161146e-01 5.729628900388625823e-01 9.223239083588765652e-01 5.481410036242093664e-01 0.000000000000000000e+00 5.052197748167528424e-01 5.622506761553305310e-01 5.099506765915304829e-01 8.904626000979672940e-01 6.270503825778062090e-01 8.881588837696833272e-01 8.832195896730912210e-01 7.918140515246239186e-01 8.240017276147091341e-01 8.530032542825947139e-01 8.744547229858938842e-01 8.826979682940625516e-01 8.873841508157958025e-01 8.892827393308124773e-01 9.134521734643514801e-01
1.800000000000000000e+01 1.079401419894663317e+00 1.003419763734446413e+00 9.382460639365484134e-01 9.468124563492157364e-01 9.347898249689445827e-01 9.186133960002784704e-01 9.171483446937052086e-01 8.988785665186078688e-01 9.384237448279435512e-01 9.014242736908844034e-01 9.128362947809680605e-01 8.981006361978314256e-01 9.247211787248921233e-01 6.451589649020497141e-01 9.025572183025412087e-01 4.618563198395571057e-01 5.052197748167528424e-01 0.000000000000000000e+00 6.115087494893729492e-01 5.051412019185421709e-01 8.692025124465733166e-01 5.783743873841575844e-01 8.662558912310925896e-01 8.607510590621985092e-01 7.640600186817136930e-01 7.993401245089799545e-01 8.294482853448408299e-01 8.497096067594898106e-01 8.585614172826616652e-01 8.643630176698529066e-01 8.650741284946197318e-01 8.897407319379204704e-01
1.900000000000000000e+01 1.133770498974768781e+00 1.058501095556320326e+00 9.945690272301459522e-01 1.003041442523084026e+00 9.912231132001747547e-01 9.754102185642050671e-01 9.740760309897882330e-01 9.559971868159578001e-01 9.947350745555034734e-01 9.586947369841691824e-01 9.698939262030426001e-01 9.557348768394544614e-01 9.803544507631856142e-01 6.074944176398784368e-01 9.580935352763360058e-01 6.506420996553254898e-01 5.622506761553305310e-01 6.115087494893729492e-01 0.000000000000000000e+00 5.342777416618482711e-01 9.260683699524264734e-01 6.376704389453575761e-01 9.225040126429003839e-01 9.167727221956509798e-01 8.012606987061208219e-01 8.280325792809113405e-01 8.563975546339155365e-01 8.992759468143034507e-01 9.089100832462282398e-01 9.147957747404520390e-01 9.124262408231196275e-01 9.286875008709476464e-01
2.000000000000000000e+01 1.097705149712105532e+00 1.022694455130584990e+00 9.599870908739818187e-01 9.680203558871107727e-01 9.564636433335469423e-01 9.406573915286731147e-01 9.389501298451061739e-01 9.216994653507903923e-01 9.589372982098491871e-01 9.239121448513787360e-01 9.338603799404678885e-01 9.198620930533649709e-01 9.434684671527440170e-01 6.368002250417175159e-01 9.206414057606810974e-01 5.786445073144228513e-01 5.099506765915304829e-01 5.051412019185421709e-01 5.342777416618482711e-01 0.000000000000000000e+00 8.876288970933373657e-01 5.582186438927949634e-01 8.838848531825073129e-01 8.779232104446370588e-01 7.629918688378687364e-01 7.944011531433332607e-01 8.242492201672588781e-01 8.606327854568271984e-01 8.704335866690013912e-01 8.769079364018088629e-01 8.746134204019631042e-01 8.933424677075105791e-01
2.100000000000000000e+01 9.579195511561796605e-01 8.900054784063456959e-01 8.714177946729929625e-01 8.652331641897031966e-01 8.638227446517224850e-01 8.527106307993453926e-01 8.407081170528530878e-01 8.525615329646450968e-01 8.311100917529202770e-01 8.417132924433646801e-01 8.041826742631209557e-01 8.047556901231281978e-01 7.620271236649306390e-01 9.338156265616860408e-01 6.867054591665088248e-01 8.602330025069441222e-01 8.904626000979672940e-01 8.692025124465733166e-01 9.260683699524264734e-01 8.876288970933373657e-01 0.000000000000000000e+00 8.664344429537400583e-01 5.490368792314755941e-01 6.206692147527210768e-01 8.480526202054925466e-01 8.745448308884959943e-01 8.934474421145193190e-01 7.902543862804947139e-01 7.781976136481065787e-01 7.575046396025493234e-01 8.087252795848045572e-01 8.789428015821763029e-01
2.200000000000000000e+01 1.081935193148062746e+00 1.009099991934732321e+00 9.532496108090049436e-01 9.593981167314626912e-01 9.492103057830718615e-01 9.340352238657445572e-01 9.310721854396912800e-01 9.174157152570672213e-01 9.473894564448326339e-01 9.179634527281972378e-01 9.226066504620147324e-01 9.101979305337817294e-01 9.265080652261910021e-01 7.144321202463626008e-01 9.012661766261633733e-01 6.181348001327546804e-01 6.270503825778062090e-01 5.783743873841575844e-01 6.376704389453575761e-01 5.582186438927949634e-01 8.664344429537400583e-01 0.000000000000000000e+00 8.609509999226719890e-01 8.536784021355299235e-01 7.106884416142054128e-01 7.479940357495014069e-01 7.810520166075813897e-01 8.267312633059840099e-01 8.384937031320744971e-01 8.475351223444971271e-01 8.405822256589368102e-01 8.560334623304075574e-01
2.300000000000000000e+01 9.619705821228775600e-01 8.977258993040172497e-01 8.825670050917181486e-01 8.766461001961939337e-01 8.753514480747764948e-01 8.647562863360510610e-01 8.536021511655377259e-01 8.641289793428782451e-01 8.443462292893605392e-01 8.541882910048125277e-01 8.203194537780921225e-01 8.207071950114265269e-01 7.788438547747226215e-01 9.327366738409738067e-01 7.136388066801967467e-01 8.581287134248917203e-01 8.881588837696833272e-01 8.662558912310925896e-01 9.225040126429003839e-01 8.838848531825073129e-01 5.490368792314755941e-01 8.609509999226719890e-01 0.000000000000000000e+00 5.155180716302534272e-01 8.367271233753479365e-01 8.628418218444453558e-01 8.814020275113101377e-01 7.710872954463876550e-01 7.575054963624094917e-01 7.373291331733582421e-01 7.912356995701941287e-01 8.644937345626184655e-01
2.400000000000000000e+01 9.681893966574752763e-01 9.052171956517984786e-01 8.897654166548747412e-01 8.844154913887687375e-01 8.827995629948788281e-01 8.721754579616907144e-01 8.616327679310800125e-01 8.707312034734482342e-01 8.536491065843569981e-01 8.614854087844106001e-01 8.305720999639565338e-01 8.302150478453633742e-01 7.921938985330025940e-01 9.287795261532019175e-01 7.353896511990349882e-01 8.531653065195945462e-01 8.832195896730912210e-01 8.607510590621985092e-01 9.167727221956509798e-01 8.779232104446370588e-01 6.206692147527210768e-01 8.536784021355299235e-01 5.155180716302534272e-01 0.000000000000000000e+00 8.257047093100930990e-01 8.522128507251296448e-01 8.709213093707557363e-01 7.544784127487351721e-01 7.401023904483394755e-01 7.234108684189279881e-01 7.776661891646541314e-01 8.536897823139695252e-01
2.500000000000000000e+01 1.070065723443973882e+00 1.004466395871973061e+00 9.688757609033691320e-01 9.700335690960708579e-01 9.637526281333739231e-01 9.509191471215567848e-01 9.450727723574867678e-01 9.407946158687801042e-01 9.507980187209563727e-01 9.374935944074944683e-01 9.284734582362070832e-01 9.213011256068874832e-01 9.147522008682933414e-01 8.523279713032974048e-01 8.833742384999496711e-01 7.729263354525566232e-01 7.918140515246239186e-01 7.640600186817136930e-01 8.012606987061208219e-01 7.629918688378687364e-01 8.480526202054925466e-01 7.106884416142054128e-01 8.367271233753479365e-01 8.257047093100930990e-01 0.000000000000000000e+00 5.849816124860010014e-01 6.569574964472681966e-01 7.497403175832804134e-01 7.712504675709535018e-01 7.894794711729613557e-01 7.573284255477572557e-01 7.528658441274509450e-01
2.600000000000000000e+01 1.092585068644676749e+00 1.028531543701603379e+00 9.962863937995951602e-01 9.967967629169014465e-01 9.910998744050982801e-01 9.787443953926842077e-01 9.726612504236595846e-01 9.695003392761614158e-01 9.768170391115913453e-01 9.658687690791487590e-01 9.553471988989072905e-01 9.490875613205074224e-01 9.387789967350550491e-01 8.828773260347844154e-01 9.071097471548337232e-01 8.093875486454198409e-01 8.240017276147091341e-01 7.993401245089799545e-01 8.280325792809113405e-01 7.944011531433332607e-01 8.745448308884959943e-01 7.479940357495014069e-01 8.628418218444453558e-01 8.522128507251296448e-01 5.849816124860010014e-01 0.000000000000000000e+00 5.305091379998394530e-01 7.729667798708814708e-01 7.925434825023338625e-01 8.060352778694801490e-01 7.707400837127196258e-01 7.248632474276064386e-01
2.700000000000000000e+01 1.109492800708100635e+00 1.046532884004555353e+00 1.016799873279670585e+00 1.016784326403833649e+00 1.011538553656573747e+00 9.995181115921183412e-01 9.932022130665791870e-01 9.909750828980539161e-01 9.961464925637839585e-01 9.870246429152307321e-01 9.752137720323559300e-01 9.696202060154224256e-01 9.565224034177748358e-01 9.107603160753501292e-01 9.245079475818247516e-01 8.390977406200126332e-01 8.530032542825947139e-01 8.294482853448408299e-01 8.563975546339155365e-01 8.242492201672588781e-01 8.934474421145193190e-01 7.810520166075813897e-01 8.814020275113101377e-01 8.709213093707557363e-01 6.569574964472681966e-01 5.305091379998394530e-01 0.000000000000000000e+00 7.909552876307588409e-01 8.088099424792019043e-01 8.189627718148315694e-01 7.837413380829088005e-01 7.093484583054516790e-01
2.800000000000000000e+01 1.017745063720047360e+00 9.592838163091050863e-01 9.437180600969214961e-01 9.401167253781561595e-01 9.376604504181123012e-01 9.272934978420046548e-01 9.188629262251144514e-01 9.234357032526461229e-01 9.141203033893179342e-01 9.166947689328914795e-01 8.947768170628622730e-01 8.930342659625145618e-01 8.628314456760188822e-01 9.257670779839224373e-01 8.250072263016672292e-01 8.479217402101053569e-01 8.744547229858938842e-01 8.497096067594898106e-01 8.992759468143034507e-01 8.606327854568271984e-01 7.902543862804947139e-01 8.267312633059840099e-01 7.710872954463876550e-01 7.544784127487351721e-01 7.497403175832804134e-01 7.729667798708814708e-01 7.909552876307588409e-01 0.000000000000000000e+00 5.287635225674662820e-01 6.503650613851574835e-01 5.836420758203346715e-01 7.597645046570871141e-01
2.900000000000000000e+01 1.005121944882441998e+00 9.481024938570659089e-01 9.364654091739226249e-01 9.319876323853235611e-01 9.302629489077145486e-01 9.204115901013705248e-01 9.115550591858061491e-01 9.177166690178326647e-01 9.048012018309945503e-01 9.104071233196773250e-01 8.862066514406663487e-01 8.855616085502138191e-01 8.505736144355922068e-01 9.327713296152255751e-01 8.116028306223270761e-01 8.558035502300382902e-01 8.826979682940625516e-01 8.585614172826616652e-01 9.089100832462282398e-01 8.704335866690013912e-01 7.781976136481065787e-01 8.384937031320744971e-01 7.575054963624094917e-01 7.401023904483394755e-01 7.712504675709535018e-01 7.925434825023338625e-01 8.088099424792019043e-01 5.287635225674662820e-01 0.000000000000000000e+00 5.976208477375857253e-01 6.184831053933919076e-01 7.737900436188780429e-01
3.000000000000000000e+01 9.727200930152724023e-01 9.194313432128728980e-01 9.165671042317964368e-01 9.103372711006285645e-01 9.101558992456053598e-01 9.015076159646444598e-01 8.919585853805092057e-01 9.011381116957433157e-01 8.810432797002989425e-01 8.928738363343098339e-01 8.645913341575182098e-01 8.663016975330617431e-01 8.212538490349772236e-01 9.356372340478917859e-01 7.814499783625341589e-01 8.606864772190192525e-01 8.873841508157958025e-01 8.643630176698529066e-01 9.147957747404520390e-01 8.769079364018088629e-01 7.575046396025493234e-01 8.475351223444971271e-01 7.373291331733582421e-01 7.234108684189279881e-01 7.894794711729613557e-01 8.060352778694801490e-01 8.189627718148315694e-01 6.503650613851574835e-01 5.976208477375857253e-01 0.000000000000000000e+00 6.638031773020540705e-01 7.750851127484181813e-01
3.100000000000000000e+01 1.026627765598131514e+00 9.699047598851202601e-01 9.573855783410416542e-01 9.533093373919352409e-01 9.513309458410996733e-01 9.414185345713357300e-01 9.329139313584458026e-01 9.382007324121730552e-01 9.269480854791236624e-01 9.313293571128093973e-01 9.086345159927005088e-01 9.076463886721504171e-01 8.744748340239494322e-01 9.405341019454336315e-01 8.374023289176504292e-01 8.641365341925415500e-01 8.892827393308124773e-01 8.650741284946197318e-01 9.124262408231196275e-01 8.746134204019631042e-01 8.087252795848045572e-01 8.405822256589368102e-01 7.912356995701941287e-01 7.776661891646541314e-01 7.573284255477572557e-01 7.707400837127196258e-01 7.837413380829088005e-01 5.836420758203346715e-01 6.184831053933919076e-01 6.638031773020540705e-01 0.000000000000000000e+00 7.306551596926655900e-01
3.200000000000000000e+01 1.090137037872658921e+00 1.032315114207598805e+00 1.015288281725085229e+00 1.012429853207266861e+00 1.009528728634657702e+00 9.991071147772803140e-01 9.913676506363995333e-01 9.943027199419807172e-01 9.879939542696625221e-01 9.884276973275423206e-01 9.693208908485184683e-01 9.670518422545477666e-01 9.397707067320013596e-01 9.669986656607287845e-01 9.052189761022984005e-01 8.929983726349166595e-01 9.134521734643514801e-01 8.897407319379204704e-01 9.286875008709476464e-01 8.933424677075105791e-01 8.789428015821763029e-01 8.560334623304075574e-01 8.644937345626184655e-01 8.536897823139695252e-01 7.528658441274509450e-01 7.248632474276064386e-01 7.093484583054516790e-01 7.597645046570871141e-01 7.737900436188780429e-01 7.750851127484181813e-01 7.306551596926655900e-01 0.000000000000000000e+00
