0.000000000000000000e+00 1.000000000000000000e+00 2.000000000000000000e+00 3.000000000000000000e+00 4.000000000000000000e+00 5.000000000000000000e+00 6.000000000000000000e+00 7.000000000000000000e+00 8.000000000000000000e+00 9.000000000000000000e+00 1.000000000000000000e+01 1.100000000000000000e+01 1.200000000000000000e+01 1.300000000000000000e+01 1.400000000000000000e+01 1.500000000000000000e+01 1.600000000000000000e+01 1.700000000000000000e+01 1.800000000000000000e+01 1.900000000000000000e+01 2.000000000000000000e+01 2.100000000000000000e+01 2.200000000000000000e+01 2.300000000000000000e+01 2.400000000000000000e+01 2.500000000000000000e+01 2.600000000000000000e+01 2.700000000000000000e+01 2.800000000000000000e+01 2.900000000000000000e+01 3.000000000000000000e+01 3.100000000000000000e+01 3.200000000000000000e+01
1.000000000000000000e+00 0.000000000000000000e+00 6.529910914826546620e-01 7.956384483472991320e-01 7.781246543326055809e-01 7.897912036207079822e-01 7.920156133600935178e-01 7.798810487917677836e-01 8.061803957446764812e-01 7.181586356220663880e-01 7.951350416564213486e-01 7.275509432125214504e-01 7.604253366588229479e-01 7.100750172565192253e-01 8.730005229824092661e-01 7.270481881409024405e-01 8.756856472231041577e-01 8.831843681576990734e-01 8.825337430566687624e-01 8.662801054265932832e-01 8.884708544161540322e-01 6.474756188038909288e-01 8.915315429710541917e-01 5.445355960780517979e-01 6.976628343223746365e-01 8.935418948684236140e-01 9.043209435248212857e-01 9.017739428055899786e-01 8.433497001554580708e-01 8.278768316222003820e-01 8.077545098085530118e-01 8.637823890180571507e-01 9.157657112644902453e-01
2.000000000000000000e+00 6.529910914826546620e-01 0.000000000000000000e+00 7.446654032086976738e-01 7.224261512599133850e-01 7.375840764959094020e-01 7.408131746990156419e-01 7.269556533160217437e-01 7.574804404769830413e-01 6.595623027129597915e-01 7.447229131960761972e-01 6.725116250663351058e-01 7.071281474067747652e-01 6.583471829970454214e-01 8.268932362395841063e-01 6.766190800182488863e-01 8.289631522227368654e-01 8.367989866928967624e-01 8.359312814262579439e-01 8.201332096474208688e-01 8.420652151120909812e-01 5.951035249960837659e-01 8.449344484365783892e-01 4.923685200949854401e-01 6.461434565992808521e-01 8.470019735561770124e-01 8.581435707751922104e-01 8.557628590608958863e-01 7.964211102048591728e-01 7.807250901488148598e-01 7.608469478972395006e-01 8.177974224180686313e-01 8.705840483826025045e-01
3.000000000000000000e+00 7.956384483472991320e-01 7.446654032086976738e-01 0.000000000000000000e+00 5.981184333442527423e-01 4.612468961294324821e-01 5.752171661935538971e-01 6.261006239297504106e-01 6.594546381745738373e-01 7.113075922802052364e-01 6.490584614359349303e-01 7.184270868010457223e-01 7.139418727295059330e-01 7.796566617765178231e-01 8.755779856713522546e-01 7.924664060193445936e-01 8.780922838411086007e-01 8.874818303852193280e-01 8.876006145282459014e-01 8.766345672253575971e-01 8.964681697926729642e-01 7.037246437663108312e-01 9.021860550321811889e-01 6.020891879886891562e-01 7.507988025815078847e-01 9.140178385303298070e-01 9.238807833543679626e-01 9.203296632051041204e-01 8.822101072799676258e-01 8.705889408520931516e-01 8.571435036645203009e-01 9.030264290404956817e-01 9.454675524973182865e-01
4.000000000000000000e+00 7.781246543326055809e-01 7.224261512599133850e-01 5.981184333442527423e-01 0.000000000000000000e+00 5.673266076250245149e-01 6.381803046751333142e-01 6.319291979661667558e-01 7.075037011315616908e-01 6.696031367583297200e-01 6.866857281153770920e-01 6.975206905327037132e-01 7.061094376220788948e-01 7.601731470955169767e-01 8.758844376027877798e-01 7.741153399066685870e-01 8.780776078927828854e-01 8.871363066566430033e-01 8.869120350825409060e-01 8.747158924174712746e-01 8.950693665351977524e-01 6.867045271186563715e-01 8.999389369326300514e-01 5.848459186142302979e-01 7.349525980497942923e-01 9.090796118490930278e-01 9.193744229492714082e-01 9.161830622667652690e-01 8.720782780686925362e-01 8.593276364015286495e-01 8.441910460422623608e-01 8.931876398502380798e-01 9.385885565620438742e-01
5.000000000000000000e+00 7.897912036207079822e-01 7.375840764959094020e-01 4.612468961294324821e-01 5.673266076250245149e-01 0.000000000000000000e+00 5.460670697565146448e-01 5.889197931797871544e-01 6.591503796875193277e-01 6.953903778825951676e-01 6.365137491314696305e-01 7.028868381316663028e-01 6.975809854609584804e-01 7.707381989591061133e-01 8.714298510943762066e-01 7.836770660163202562e-01 8.736170488461448835e-01 8.830395283871724788e-01 8.829930176210861736e-01 8.718259323982763265e-01 8.917312699177505353e-01 6.950250682314934592e-01 8.971772721844397669e-01 5.933860968080379994e-01 7.423753715767690275e-01 9.083451438006339140e-01 9.183752840408690998e-01 9.149425963961417274e-01 8.752663415791658297e-01 8.633814165440248933e-01 8.495786071753126389e-01 8.962110060177572723e-01 9.394324646285193703e-01
6.000000000000000000e+00 7.920156133600935178e-01 7.408131746990156419e-01 5.752171661935538971e-01 6.381803046751333142e-01 5.460670697565146448e-01 0.000000000000000000e+00 5.313150871088117011e-01 5.990913076997885778e-01 6.999281785694848601e-01 5.460896312515091111e-01 6.917463431438072297e-01 6.710822019885784862e-01 7.681046704481481191e-01 8.602688132879013905e-01 7.802483352469126165e-01 8.619439594341496980e-01 8.718037675041759860e-01 8.716928426972149202e-01 8.613074059730315701e-01 8.808489486547338432e-01 6.905055912341849789e-01 8.864920941168190627e-01 5.890814110891995359e-01 7.373157894294556369e-01 8.987924007427935402e-01 9.087926412097943052e-01 9.052833138722928830e-01 8.679236197061589442e-01 8.565528959505798179e-01 8.436068657388000602e-01 8.888752008807199179e-01 9.309736093009369773e-01
7.000000000000000000e+00 7.798810487917677836e-01 7.269556533160217437e-01 6.261006239297504106e-01 6.319291979661667558e-01 5.889197931797871544e-01 5.313150871088117011e-01 0.000000000000000000e+00 6.432991698227574773e-01 6.705031633188967000e-01 5.797322593874423280e-01 6.550027669890098325e-01 6.296758812063070199e-01 7.508538509285783702e-01 8.552650881229267865e-01 7.633881166536916618e-01 8.564551204415357111e-01 8.662340279888033345e-01 8.658070535770722165e-01 8.547539595580809779e-01 8.745604203923141862e-01 6.740550013554008624e-01 8.795795779631687683e-01 5.725817677847728771e-01 7.216044263630686517e-01 8.901557786386468107e-01 9.005144186928283334e-01 8.972744128868206381e-01 8.559941691779465733e-01 8.439251715860177638e-01 8.299944426130332342e-01 8.772207720983691281e-01 9.212753436492359116e-01
8.000000000000000000e+00 8.061803957446764812e-01 7.574804404769830413e-01 6.594546381745738373e-01 7.075037011315616908e-01 6.591503796875193277e-01 5.990913076997885778e-01 6.432991698227574773e-01 0.000000000000000000e+00 7.324984470752702315e-01 5.328775477242184699e-01 7.175008542158008984e-01 6.916848261681172172e-01 7.814817066137759172e-01 8.481393038199239731e-01 7.922330581097186686e-01 8.496817479462054346e-01 8.602302180564479483e-01 8.604085683839545196e-01 8.518651344824447191e-01 8.706055579269277311e-01 7.006794021140442252e-01 8.772604866266655588e-01 5.995597107304393436e-01 7.459150103650450392e-01 8.931165140298619187e-01 9.026424761031067723e-01 8.987085013256039812e-01 8.690534172691019021e-01 8.591781892264144238e-01 8.485035458190248736e-01 8.896771636016154172e-01 9.279751756160613541e-01
9.000000000000000000e+00 7.181586356220663880e-01 6.595623027129597915e-01 7.113075922802052364e-01 6.696031367583297200e-01 6.953903778825951676e-01 6.999281785694848601e-01 6.705031633188967000e-01 7.324984470752702315e-01 0.000000000000000000e+00 7.103272963070046409e-01 6.121833269326665272e-01 6.628563226577794953e-01 6.780038531038389271e-01 8.321709922826431294e-01 6.940265413837999331e-01 8.335553911202907562e-01 8.420823703276002492e-01 8.411443551806364605e-01 8.267220406463934301e-01 8.480016142085949893e-01 6.085086973518974984e-01 8.512101018168323208e-01 5.062466705952932688e-01 6.591914971031146431e-01 8.552316166327859071e-01 8.664270802933707882e-01 8.639585145937054289e-01 8.082136563801290974e-01 7.932531794874736475e-01 7.749247580895517462e-01 8.300736250574567432e-01 8.813011749122391381e-01
1.000000000000000000e+01 7.951350416564213486e-01 7.447229131960761972e-01 6.490584614359349303e-01 6.866857281153770920e-01 6.365137491314696305e-01 5.460896312515091111e-01 5.797322593874423280e-01 5.328775477242184699e-01 7.103272963070046409e-01 0.000000000000000000e+00 6.891059071811497239e-01 6.519843234398476906e-01 7.669218469326758436e-01 8.482863637902321452e-01 7.781046361278572965e-01 8.492197546480030335e-01 8.596755536402395093e-01 8.594539424466646205e-01 8.500906257774368813e-01 8.691544638347267204e-01 6.870445437501583319e-01 8.750273605786043074e-01 5.858935157015248141e-01 7.331318475712150784e-01 8.887636067381065041e-01 8.987384759719082572e-01 8.951386415331812341e-01 8.607120588112989745e-01 8.500054601644592145e-01 8.381570184157303149e-01 8.816613031492355201e-01 9.223305281788193311e-01
1.100000000000000000e+01 7.275509432125214504e-01 6.725116250663351058e-01 7.184270868010457223e-01 6.975206905327037132e-01 7.028868381316663028e-01 6.917463431438072297e-01 6.550027669890098325e-01 7.175008542158008984e-01 6.121833269326665272e-01 6.891059071811497239e-01 0.000000000000000000e+00 5.704736463167214833e-01 6.791536145145965486e-01 8.236145583731390163e-01 6.931059870990067262e-01 8.241879173344616172e-01 8.332761270339034132e-01 8.321487210647663391e-01 8.185914072276038178e-01 8.394486365695549290e-01 6.054894848780393302e-01 8.427127424341926965e-01 5.036468521931145581e-01 6.556720361481577219e-01 8.477539243632273847e-01 8.590531799845412264e-01 8.565754869613022571e-01 8.028317036367113024e-01 7.883915362761285683e-01 7.710357636935964987e-01 8.248539301739288288e-01 8.751418095517965456e-01
1.200000000000000000e+01 7.604253366588229479e-01 7.071281474067747652e-01 7.139418727295059330e-01 7.061094376220788948e-01 6.975809854609584804e-01 6.710822019885784862e-01 6.296758812063070199e-01 6.916848261681172172e-01 6.628563226577794953e-01 6.519843234398476906e-01 5.704736463167214833e-01 0.000000000000000000e+00 7.171739629259156201e-01 8.338497648976991306e-01 7.289215351096699491e-01 8.336235413501579261e-01 8.437090888595687455e-01 8.426204451897304493e-01 8.311617850237827954e-01 8.510665614921663069e-01 6.386594875923280457e-01 8.551144210562264814e-01 5.374660199127985205e-01 6.869777797475357106e-01 8.636998458107748577e-01 8.747226672073865616e-01 8.719119954424245922e-01 8.258915194831052409e-01 8.131182402455626734e-01 7.983806282722367698e-01 8.476813855314655477e-01 8.941408497089294860e-01
1.300000000000000000e+01 7.100750172565192253e-01 6.583471829970454214e-01 7.796566617765178231e-01 7.601731470955169767e-01 7.707381989591061133e-01 7.681046704481481191e-01 7.508538509285783702e-01 7.814817066137759172e-01 6.780038531038389271e-01 7.669218469326758436e-01 6.791536145145965486e-01 7.171739629259156201e-01 0.000000000000000000e+00 8.287724434748610092e-01 6.280459611725975888e-01 8.303774415158639011e-01 8.379653821464522201e-01 8.367225100102134716e-01 8.198114880757391143e-01 8.422048912110723373e-01 5.795493331872759724e-01 8.442232024262581458e-01 4.763193832323755483e-01 6.315346364551720493e-01 8.436635723719364544e-01 8.552744322825741596e-01 8.532708300107758603e-01 7.878015902353262545e-01 7.709044319293997249e-01 7.492197479559179474e-01 8.095848195576509365e-01 8.655049954870298601e-01
1.400000000000000000e+01 8.730005229824092661e-01 8.268932362395841063e-01 8.755779856713522546e-01 8.758844376027877798e-01 8.714298510943762066e-01 8.602688132879013905e-01 8.552650881229267865e-01 8.481393038199239731e-01 8.321709922826431294e-01 8.482863637902321452e-01 8.236145583731390163e-01 8.338497648976991306e-01 8.287724434748610092e-01 0.000000000000000000e+00 8.306600692349771498e-01 6.171236112863002221e-01 5.512782003684176813e-01 6.061449549323397745e-01 5.473476417471020428e-01 5.919058781646114875e-01 7.307966516499838638e-01 6.391407642361068842e-01 6.285476310669957378e-01 7.615274572154987487e-01 6.983179439230288166e-01 6.793928065020878870e-01 6.578252925216814262e-01 7.809840024435038552e-01 7.903740541134286479e-01 8.041371769643201883e-01 7.876405684714906652e-01 7.499484235192120929e-01
1.500000000000000000e+01 7.270481881409024405e-01 6.766190800182488863e-01 7.924664060193445936e-01 7.741153399066685870e-01 7.836770660163202562e-01 7.802483352469126165e-01 7.633881166536916618e-01 7.922330581097186686e-01 6.940265413837999331e-01 7.781046361278572965e-01 6.931059870990067262e-01 7.289215351096699491e-01 6.280459611725975888e-01 8.306600692349771498e-01 0.000000000000000000e+00 8.323340171258349907e-01 8.396908203936964687e-01 8.383807813947531384e-01 8.208793719859800442e-01 8.435350162450646616e-01 5.747132532038800035e-01 8.452679626588197603e-01 4.704974991551198471e-01 6.264761387982121787e-01 8.435656775604566393e-01 8.553042476639926006e-01 8.534303363831057254e-01 7.852355604892279350e-01 7.677178429175731678e-01 7.450012004996404702e-01 8.071511757671656628e-01 8.645057313872431815e-01
1.600000000000000000e+01 8.756856472231041577e-01 8.289631522227368654e-01 8.780922838411086007e-01 8.780776078927828854e-01 8.736170488461448835e-01 8.619439594341496980e-01 8.564551204415357111e-01 8.496817479462054346e-01 8.335553911202907562e-01 8.492197546480030335e-01 8.241879173344616172e-01 8.336235413501579261e-01 8.303774415158639011e-01 6.171236112863002221e-01 8.323340171258349907e-01 0.000000000000000000e+00 5.429311782287319366e-01 4.610973380825370560e-01 6.113652554147125384e-01 5.727598140872057764e-01 7.312669840191222681e-01 6.087456151432728557e-01 6.295289124802905256e-01 7.613748608591074385e-01 7.197068556969906661e-01 7.219573949809255931e-01 7.124069212858361588e-01 7.915462526676239063e-01 7.994931249770828030e-01 8.131310961896305312e-01 8.043446509638170205e-01 7.895040753594410043e-01
1.700000000000000000e+01 8.831843681576990734e-01 8.367989866928967624e-01 8.874818303852193280e-01 8.871363066566430033e-01 8.830395283871724788e-01 8.718037675041759860e-01 8.662340279888033345e-01 8.602302180564479483e-01 8.420823703276002492e-01 8.596755536402395093e-01 8.332761270339034132e-01 8.437090888595687455e-01 8.379653821464522201e-01 5.512782003684176813e-01 8.396908203936964687e-01 5.429311782287319366e-01 0.000000000000000000e+00 5.013393486253517883e-01 5.397244159955124632e-01 5.050582129925286212e-01 7.392285197803757368e-01 6.061178578886734503e-01 6.371157821793642650e-01 7.693766199391011140e-01 7.068801211414371677e-01 6.968622349749050704e-01 6.805004291072425104e-01 7.900328027463306979e-01 7.994460551777765600e-01 8.138748942615656734e-01 7.987778021559546193e-01 7.684339688213160935e-01
1.800000000000000000e+01 8.825337430566687624e-01 8.359312814262579439e-01 8.876006145282459014e-01 8.869120350825409060e-01 8.829930176210861736e-01 8.716928426972149202e-01 8.658070535770722165e-01 8.604085683839545196e-01 8.411443551806364605e-01 8.594539424466646205e-01 8.321487210647663391e-01 8.426204451897304493e-01 8.367225100102134716e-01 6.061449549323397745e-01 8.383807813947531384e-01 4.610973380825370560e-01 5.013393486253517883e-01 0.000000000000000000e+00 5.796313429819451857e-01 5.025754295273922034e-01 7.374269469306132807e-01 5.709049559126164741e-01 6.354508526239661670e-01 7.671297310769914501e-01 7.076781346156276742e-01 7.066574427903266065e-01 6.954118267809281662e-01 7.899090456969480867e-01 7.991660287017380293e-01 8.140303612954753465e-01 8.008619831522520993e-01 7.784994937341062071e-01
1.900000000000000000e+01 8.662801054265932832e-01 8.201332096474208688e-01 8.766345672253575971e-01 8.747158924174712746e-01 8.718259323982763265e-01 8.613074059730315701e-01 8.547539595580809779e-01 8.518651344824447191e-01 8.267220406463934301e-01 8.500906257774368813e-01 8.185914072276038178e-01 8.311617850237827954e-01 8.198114880757391143e-01 5.473476417471020428e-01 8.208793719859800442e-01 6.113652554147125384e-01 5.397244159955124632e-01 5.796313429819451857e-01 0.000000000000000000e+00 5.146558979491487884e-01 7.206965004431095112e-01 5.864127313891593918e-01 6.181035989698711042e-01 7.501661270883207555e-01 6.566041166032717813e-01 6.314198721833533812e-01 6.063533337657132094e-01 7.556844932131728809e-01 7.675676464081514494e-01 7.840127683845661277e-01 7.594399780835636715e-01 7.087533476926975995e-01
2.000000000000000000e+01 8.884708544161540322e-01 8.420652151120909812e-01 8.964681697926729642e-01 8.950693665351977524e-01 8.917312699177505353e-01 8.808489486547338432e-01 8.745604203923141862e-01 8.706055579269277311e-01 8.480016142085949893e-01 8.691544638347267204e-01 8.394486365695549290e-01 8.510665614921663069e-01 8.422048912110723373e-01 5.919058781646114875e-01 8.435350162450646616e-01 5.727598140872057764e-01 5.050582129925286212e-01 5.025754295273922034e-01 5.146558979491487884e-01 0.000000000000000000e+00 7.428753765100289952e-01 5.489161610510047140e-01 6.405917551151081302e-01 7.723119097216927242e-01 6.922790547195704081e-01 6.828647163740421133e-01 6.671531981614355900e-01 7.860336455455060323e-01 7.967818638972715695e-01 8.127734940437567612e-01 7.938790353742393169e-01 7.592703314238743451e-01
2.100000000000000000e+01 6.474756188038909288e-01 5.951035249960837659e-01 7.037246437663108312e-01 6.867045271186563715e-01 6.950250682314934592e-01 6.905055912341849789e-01 6.740550013554008624e-01 7.006794021140442252e-01 6.085086973518974984e-01 6.870445437501583319e-01 6.054894848780393302e-01 6.386594875923280457e-01 5.795493331872759724e-01 7.307966516499838638e-01 5.747132532038800035e-01 7.312669840191222681e-01 7.392285197803757368e-01 7.374269469306132807e-01 7.206965004431095112e-01 7.428753765100289952e-01 0.000000000000000000e+00 7.440497848049367757e-01 3.575525736513140984e-01 5.120106888001360046e-01 7.421410758127792162e-01 7.547720960964444670e-01 7.533076368613764728e-01 6.832926978967709397e-01 6.656902276482526970e-01 6.445590282377031688e-01 7.072943252020749139e-01 7.659953619597651420e-01
2.200000000000000000e+01 8.915315429710541917e-01 8.449344484365783892e-01 9.021860550321811889e-01 8.999389369326300514e-01 8.971772721844397669e-01 8.864920941168190627e-01 8.795795779631687683e-01 8.772604866266655588e-01 8.512101018168323208e-01 8.750273605786043074e-01 8.427127424341926965e-01 8.551144210562264814e-01 8.442232024262581458e-01 6.391407642361068842e-01 8.452679626588197603e-01 6.087456151432728557e-01 6.061178578886734503e-01 5.709049559126164741e-01 5.864127313891593918e-01 5.489161610510047140e-01 7.440497848049367757e-01 0.000000000000000000e+00 6.417555377882191436e-01 7.725589276344345668e-01 6.764443853001790297e-01 6.825904655447375680e-01 6.763506202457048033e-01 7.830701700513346131e-01 7.948344313128384853e-01 8.126688788055977941e-01 7.929967609495600644e-01 7.658900796392812405e-01
2.300000000000000000e+01 5.445355960780517979e-01 4.923685200949854401e-01 6.020891879886891562e-01 5.848459186142302979e-01 5.933860968080379994e-01 5.890814110891995359e-01 5.725817677847728771e-01 5.995597107304393436e-01 5.062466705952932688e-01 5.858935157015248141e-01 5.036468521931145581e-01 5.374660199127985205e-01 4.763193832323755483e-01 6.285476310669957378e-01 4.704974991551198471e-01 6.295289124802905256e-01 6.371157821793642650e-01 6.354508526239661670e-01 6.181035989698711042e-01 6.405917551151081302e-01 3.575525736513140984e-01 6.417555377882191436e-01 0.000000000000000000e+00 3.941893252086491328e-01 6.390359799704764532e-01 6.515699299974052616e-01 6.501173698152309388e-01 5.778555777885635569e-01 5.595251930100747506e-01 5.372577202376287442e-01 6.019255831531393763e-01 6.618153450179170560e-01
2.400000000000000000e+01 6.976628343223746365e-01 6.461434565992808521e-01 7.507988025815078847e-01 7.349525980497942923e-01 7.423753715767690275e-01 7.373157894294556369e-01 7.216044263630686517e-01 7.459150103650450392e-01 6.591914971031146431e-01 7.331318475712150784e-01 6.556720361481577219e-01 6.869777797475357106e-01 6.315346364551720493e-01 7.615274572154987487e-01 6.264761387982121787e-01 7.613748608591074385e-01 7.693766199391011140e-01 7.671297310769914501e-01 7.501661270883207555e-01 7.723119097216927242e-01 5.120106888001360046e-01 7.725589276344345668e-01 3.941893252086491328e-01 0.000000000000000000e+00 7.685911972857658592e-01 7.824458083984194845e-01 7.816206663341109806e-01 7.066669660246888141e-01 6.895106801633968940e-01 6.734826876832487041e-01 7.337656817509949914e-01 7.947353057961562550e-01
2.500000000000000000e+01 8.935418948684236140e-01 8.470019735561770124e-01 9.140178385303298070e-01 9.090796118490930278e-01 9.083451438006339140e-01 8.987924007427935402e-01 8.901557786386468107e-01 8.931165140298619187e-01 8.552316166327859071e-01 8.887636067381065041e-01 8.477539243632273847e-01 8.636998458107748577e-01 8.436635723719364544e-01 6.983179439230288166e-01 8.435656775604566393e-01 7.197068556969906661e-01 7.068801211414371677e-01 7.076781346156276742e-01 6.566041166032717813e-01 6.922790547195704081e-01 7.421410758127792162e-01 6.764443853001790297e-01 6.390359799704764532e-01 7.685911972857658592e-01 0.000000000000000000e+00 5.792003073312818051e-01 6.340933666574783967e-01 7.426527893089346355e-01 7.634951299193953878e-01 7.910166029703689095e-01 7.509511244199795765e-01 7.309076834319642169e-01
2.600000000000000000e+01 9.043209435248212857e-01 8.581435707751922104e-01 9.238807833543679626e-01 9.193744229492714082e-01 9.183752840408690998e-01 9.087926412097943052e-01 9.005144186928283334e-01 9.026424761031067723e-01 8.664270802933707882e-01 8.987384759719082572e-01 8.590531799845412264e-01 8.747226672073865616e-01 8.552744322825741596e-01 6.793928065020878870e-01 8.553042476639926006e-01 7.219573949809255931e-01 6.968622349749050704e-01 7.066574427903266065e-01 6.314198721833533812e-01 6.828647163740421133e-01 7.547720960964444670e-01 6.825904655447375680e-01 6.515699299974052616e-01 7.824458083984194845e-01 5.792003073312818051e-01 0.000000000000000000e+00 5.238789437973361274e-01 7.591769886490243868e-01 7.779503098390957438e-01 8.017272675809217208e-01 7.594029194312181819e-01 7.067402551567342206e-01
2.700000000000000000e+01 9.017739428055899786e-01 8.557628590608958863e-01 9.203296632051041204e-01 9.161830622667652690e-01 9.149425963961417274e-01 9.052833138722928830e-01 8.972744128868206381e-01 8.987085013256039812e-01 8.639585145937054289e-01 8.951386415331812341e-01 8.565754869613022571e-01 8.719119954424245922e-01 8.532708300107758603e-01 6.578252925216814262e-01 8.534303363831057254e-01 7.124069212858361588e-01 6.805004291072425104e-01 6.954118267809281662e-01 6.063533337657132094e-01 6.671531981614355900e-01 7.533076368613764728e-01 6.763506202457048033e-01 6.501173698152309388e-01 7.816206663341109806e-01 6.340933666574783967e-01 5.238789437973361274e-01 0.000000000000000000e+00 7.631133355008333785e-01 7.799545753772222367e-01 8.011153007493392320e-01 7.606236206370955433e-01 6.899827894849862586e-01
2.800000000000000000e+01 8.433497001554580708e-01 7.964211102048591728e-01 8.822101072799676258e-01 8.720782780686925362e-01 8.752663415791658297e-01 8.679236197061589442e-01 8.559941691779465733e-01 8.690534172691019021e-01 8.082136563801290974e-01 8.607120588112989745e-01 8.028317036367113024e-01 8.258915194831052409e-01 7.878015902353262545e-01 7.809840024435038552e-01 7.852355604892279350e-01 7.915462526676239063e-01 7.900328027463306979e-01 7.899090456969480867e-01 7.556844932131728809e-01 7.860336455455060323e-01 6.832926978967709397e-01 7.830701700513346131e-01 5.778555777885635569e-01 7.066669660246888141e-01 7.426527893089346355e-01 7.591769886490243868e-01 7.631133355008333785e-01 0.000000000000000000e+00 5.289013178382119262e-01 6.574935967286814620e-01 5.846176108450686915e-01 7.546060893036822259e-01
2.900000000000000000e+01 8.278768316222003820e-01 7.807250901488148598e-01 8.705889408520931516e-01 8.593276364015286495e-01 8.633814165440248933e-01 8.565528959505798179e-01 8.439251715860177638e-01 8.591781892264144238e-01 7.932531794874736475e-01 8.500054601644592145e-01 7.883915362761285683e-01 8.131182402455626734e-01 7.709044319293997249e-01 7.903740541134286479e-01 7.677178429175731678e-01 7.994931249770828030e-01 7.994460551777765600e-01 7.991660287017380293e-01 7.675676464081514494e-01 7.967818638972715695e-01 6.656902276482526970e-01 7.948344313128384853e-01 5.595251930100747506e-01 6.895106801633968940e-01 7.634951299193953878e-01 7.779503098390957438e-01 7.799545753772222367e-01 5.289013178382119262e-01 0.000000000000000000e+00 6.024701428546694881e-01 6.205384689007444887e-01 7.710832031908224637e-01
3.000000000000000000e+01 8.077545098085530118e-01 7.608469478972395006e-01 8.571435036645203009e-01 8.441910460422623608e-01 8.495786071753126389e-01 8.436068657388000602e-01 8.299944426130332342e-01 8.485035458190248736e-01 7.749247580895517462e-01 8.381570184157303149e-01 7.710357636935964987e-01 7.983806282722367698e-01 7.492197479559179474e-01 8.041371769643201883e-01 7.450012004996404702e-01 8.131310961896305312e-01 8.138748942615656734e-01 8.140303612954753465e-01 7.840127683845661277e-01 8.127734940437567612e-01 6.445590282377031688e-01 8.126688788055977941e-01 5.372577202376287442e-01 6.734826876832487041e-01 7.910166029703689095e-01 8.017272675809217208e-01 8.011153007493392320e-01 6.574935967286814620e-01 6.024701428546694881e-01 0.000000000000000000e+00 6.758427384678666883e-01 7.890485636953795678e-01
3.100000000000000000e+01 8.637823890180571507e-01 8.177974224180686313e-01 9.030264290404956817e-01 8.931876398502380798e-01 8.962110060177572723e-01 8.888752008807199179e-01 8.772207720983691281e-01 8.896771636016154172e-01 8.300736250574567432e-01 8.816613031492355201e-01 8.248539301739288288e-01 8.476813855314655477e-01 8.095848195576509365e-01 7.876405684714906652e-01 8.071511757671656628e-01 8.043446509638170205e-01 7.987778021559546193e-01 8.008619831522520993e-01 7.594399780835636715e-01 7.938790353742393169e-01 7.072943252020749139e-01 7.929967609495600644e-01 6.019255831531393763e-01 7.337656817509949914e-01 7.509511244199795765e-01 7.594029194312181819e-01 7.606236206370955433e-01 5.846176108450686915e-01 6.205384689007444887e-01 6.758427384678666883e-01 0.000000000000000000e+00 7.279647996011210376e-01
3.200000000000000000e+01 9.157657112644902453e-01 8.705840483826025045e-01 9.454675524973182865e-01 9.385885565620438742e-01 9.394324646285193703e-01 9.309736093009369773e-01 9.212753436492359116e-01 9.279751756160613541e-01 8.813011749122391381e-01 9.223305281788193311e-01 8.751418095517965456e-01 8.941408497089294860e-01 8.655049954870298601e-01 7.499484235192120929e-01 8.645057313872431815e-01 7.895040753594410043e-01 7.684339688213160935e-01 7.784994937341062071e-01 7.087533476926975995e-01 7.592703314238743451e-01 7.659953619597651420e-01 7.658900796392812405e-01 6.618153450179170560e-01 7.947353057961562550e-01 7.309076834319642169e-01 7.067402551567342206e-01 6.899827894849862586e-01 7.546060893036822259e-01 7.710832031908224637e-01 7.890485636953795678e-01 7.279647996011210376e-01 0.000000000000000000e+00
