0.000000000000000000e+00 1.000000000000000000e+00 2.000000000000000000e+00 3.000000000000000000e+00 4.000000000000000000e+00 5.000000000000000000e+00 6.000000000000000000e+00 7.000000000000000000e+00 8.000000000000000000e+00 9.000000000000000000e+00 1.000000000000000000e+01 1.100000000000000000e+01 1.200000000000000000e+01 1.300000000000000000e+01 1.400000000000000000e+01 1.500000000000000000e+01 1.600000000000000000e+01 1.700000000000000000e+01 1.800000000000000000e+01 1.900000000000000000e+01 2.000000000000000000e+01 2.100000000000000000e+01 2.200000000000000000e+01 2.300000000000000000e+01 2.400000000000000000e+01 2.500000000000000000e+01 2.600000000000000000e+01 2.700000000000000000e+01 2.800000000000000000e+01 2.900000000000000000e+01 3.000000000000000000e+01 3.100000000000000000e+01 3.200000000000000000e+01
1.000000000000000000e+00 0.000000000000000000e+00 2.499415914299365049e+00 2.637523745706621625e+00 2.616879079920121143e+00 2.636091516401901202e+00 2.652238851801036024e+00 2.648327687823936571e+00 2.677869856633313894e+00 2.618446010576436667e+00 2.668782569858413556e+00 2.653276138390912475e+00 2.667648889124945466e+00 2.727885746698044844e+00 2.923517138549553973e+00 2.814718014479434594e+00 2.866109634581839760e+00 2.894429632427316879e+00 2.881080774602472250e+00 2.941440587991785982e+00 2.905321853207464944e+00 2.790174403406312731e+00 2.900828548518286532e+00 2.808232340733166854e+00 2.818799807828292536e+00 2.935071622727859708e+00 2.978148510935449522e+00 3.012080181131394863e+00 2.914326374634735650e+00 2.908387012798170801e+00 2.915977165310337238e+00 2.952163459984455507e+00 3.055876533358163449e+00
2.000000000000000000e+00 2.499415914299365049e+00 0.000000000000000000e+00 8.515523438154541935e-01 8.190496959575854774e-01 8.465160607040367324e-01 8.642987041337977239e-01 8.552202715860017790e-01 8.961136553713409114e-01 8.016417049112143367e-01 8.827497486442470453e-01 8.511703744707550534e-01 8.732914784952421350e-01 9.259118339645202589e-01 1.153127284934427177e+00 1.033177277449515152e+00 1.095745998736956661e+00 1.124320241192551695e+00 1.111093513366073982e+00 1.171867719112063888e+00 1.135724890118989361e+00 1.018244248693712439e+00 1.131810653383108267e+00 1.040286588955369407e+00 1.052726754845641821e+00 1.168594469523801305e+00 1.212115637095167564e+00 1.246319157791367704e+00 1.151979372849146088e+00 1.147271207594044995e+00 1.158025035482619369e+00 1.190230391920397146e+00 1.291847009930521040e+00
3.000000000000000000e+00 2.637523745706621625e+00 8.515523438154541935e-01 0.000000000000000000e+00 5.997558738551074242e-01 4.614096999141432676e-01 5.764272172497899582e-01 6.286236773739526384e-01 6.641072229782025715e-01 7.344778984860451665e-01 6.529759667385115485e-01 7.423173738716832837e-01 7.276015005947127356e-01 8.921695623855838697e-01 1.017120465457539868e+00 9.595697021362905588e-01 9.640304380798361272e-01 9.918749570051041964e-01 9.806749711611044695e-01 1.041625279786157598e+00 1.006394424279912325e+00 9.259344730811602808e-01 1.006354112168700965e+00 9.476826636885538058e-01 9.585386338811998641e-01 1.053429710948569298e+00 1.097621797957291534e+00 1.132425626277271835e+00 1.049535381262904465e+00 1.047792226608976307e+00 1.064224427663809092e+00 1.087529195063046572e+00 1.182961559106660232e+00
4.000000000000000000e+00 2.616879079920121143e+00 8.190496959575854774e-01 5.997558738551074242e-01 0.000000000000000000e+00 5.685334459810995611e-01 6.420872026802215693e-01 6.359201090745889573e-01 7.179527187254546305e-01 6.853165268631937757e-01 6.950460557369937398e-01 7.205155825918549972e-01 7.227026327588901289e-01 8.741351131565227028e-01 1.034786150912575753e+00 9.531884992153303315e-01 9.797839987015177776e-01 1.008086961924699931e+00 9.960475138309718979e-01 1.057129197622113992e+00 1.021480776306659788e+00 9.264915654981904503e-01 1.020015399982545645e+00 9.493342796153751983e-01 9.611727076537812664e-01 1.063762020458398627e+00 1.107840116215793813e+00 1.142494382902399241e+00 1.056141842681572740e+00 1.053621442205793457e+00 1.068784544720319918e+00 1.094357168925490065e+00 1.191581953884104372e+00
5.000000000000000000e+00 2.636091516401901202e+00 8.465160607040367324e-01 4.614096999141432676e-01 5.685334459810995611e-01 0.000000000000000000e+00 5.469640966284168293e-01 5.905291775766374762e-01 6.638919112928798327e-01 7.155113650016748927e-01 6.400497631714876512e-01 7.236091985710095820e-01 7.093302613722767269e-01 8.806262189958262709e-01 1.014528236042390841e+00 9.497841191935352256e-01 9.605867843205815326e-01 9.886884074325830163e-01 9.771456550719155310e-01 1.038237514636591641e+00 1.002818561879660120e+00 9.176953605183810758e-01 1.002274746169807607e+00 9.399369533102919227e-01 9.511369060538266140e-01 1.048361461385239668e+00 1.092557118652382364e+00 1.127332195940722759e+00 1.043505195982628919e+00 1.041593404838363490e+00 1.057819566204879269e+00 1.081600928832291864e+00 1.177494013085201630e+00
6.000000000000000000e+00 2.652238851801036024e+00 8.642987041337977239e-01 5.764272172497899582e-01 6.420872026802215693e-01 5.469640966284168293e-01 0.000000000000000000e+00 5.319245656542492817e-01 6.009099966201554288e-01 7.227886421600584477e-01 5.469843526457243144e-01 7.093328183674985077e-01 6.785531298921108068e-01 8.732812075717810707e-01 9.924687661209907752e-01 9.351771835068953820e-01 9.383892989003679297e-01 9.666572150464465274e-01 9.551344458548918226e-01 1.016444601105182866e+00 9.809910232137144526e-01 8.996601386384535104e-01 9.806788782188036180e-01 9.218787840351327922e-01 9.328582687784603422e-01 1.027763838432013355e+00 1.072080445370194646e+00 1.106936429971849822e+00 1.024360812369277784e+00 1.022823882902899051e+00 1.039809631847807392e+00 1.062467385460184488e+00 1.157659266996488689e+00
7.000000000000000000e+00 2.648327687823936571e+00 8.552202715860017790e-01 6.286236773739526384e-01 6.359201090745889573e-01 5.905291775766374762e-01 5.319245656542492817e-01 0.000000000000000000e+00 6.468581710159631015e-01 6.883659607118004509e-01 5.813208405906933329e-01 6.671657126980279351e-01 6.346304222591174771e-01 8.523507453950478485e-01 9.940904686644729260e-01 9.189260048570053740e-01 9.382402367387334685e-01 9.670008455346974507e-01 9.547343749618897313e-01 1.016272395849902921e+00 9.804273428040493066e-01 8.875575102506565450e-01 9.789520516750984669e-01 9.109668051330657157e-01 9.228066196938273791e-01 1.023590715823986752e+00 1.067885842129469687e+00 1.102658485114714093e+00 1.017693631400635290e+00 1.015694167200327236e+00 1.032058355074210620e+00 1.056032159221116373e+00 1.152416469617202566e+00
8.000000000000000000e+00 2.677869856633313894e+00 8.961136553713409114e-01 6.641072229782025715e-01 7.179527187254546305e-01 6.638919112928798327e-01 6.009099966201554288e-01 6.468581710159631015e-01 0.000000000000000000e+00 7.669815158782027353e-01 5.334070977509033362e-01 7.407249692531832075e-01 7.003636721325592340e-01 8.885430872279527215e-01 9.627442480214143394e-01 9.366991992092952302e-01 9.106180524665865583e-01 9.385168408716029198e-01 9.279293244506399141e-01 9.892636145053099739e-01 9.542384645578469993e-01 8.921591986177328515e-01 9.556652387713304719e-01 9.128391601425387414e-01 9.224671356688576296e-01 1.007073398114712415e+00 1.051567438216500783e+00 1.086628642427042823e+00 1.008611413626501196e+00 1.008118267027017012e+00 1.026816356530729113e+00 1.046435676375399026e+00 1.139259371551373690e+00
9.000000000000000000e+00 2.618446010576436667e+00 8.016417049112143367e-01 7.344778984860451665e-01 6.853165268631937757e-01 7.155113650016748927e-01 7.227886421600584477e-01 6.883659607118004509e-01 7.669815158782027353e-01 0.000000000000000000e+00 7.389526956431353710e-01 6.306248377294356722e-01 6.895296693973929081e-01 8.012771619560270508e-01 1.035610890801374140e+00 9.051777030189511741e-01 9.768749573864856650e-01 1.006146714845396861e+00 9.925067250161241361e-01 1.053964140077362277e+00 1.017493913780605386e+00 8.939594836066357963e-01 1.013418314365628792e+00 9.198961711204911573e-01 9.340807093031160413e-01 1.051372635846139492e+00 1.095338788764615323e+00 1.129770777773240642e+00 1.037577435165976336e+00 1.033857049172324682e+00 1.047334710635328570e+00 1.076316668668199306e+00 1.176486872525787319e+00
1.000000000000000000e+01 2.668782569858413556e+00 8.827497486442470453e-01 6.529759667385115485e-01 6.950460557369937398e-01 6.400497631714876512e-01 5.469843526457243144e-01 5.813208405906933329e-01 5.334070977509033362e-01 7.389526956431353710e-01 0.000000000000000000e+00 7.065835873472274820e-01 6.573911722818941428e-01 8.693129195779358831e-01 9.697508218741544006e-01 9.222706889098262195e-01 9.153686059893444416e-01 9.438928725284529975e-01 9.323510175238660658e-01 9.939689389343753234e-01 9.584445427207000101e-01 8.821118674338372934e-01 9.583736336659738342e-01 9.041240794165186223e-01 9.147354129994971217e-01 1.006631910275455066e+00 1.051095941365135289e+00 1.086048643042972994e+00 1.004960498394153579e+00 1.003868276555527572e+00 1.021732795460713827e+00 1.043069956616275995e+00 1.137432003396559921e+00
1.100000000000000000e+01 2.653276138390912475e+00 8.511703744707550534e-01 7.423173738716832837e-01 7.205155825918549972e-01 7.236091985710095820e-01 7.093328183674985077e-01 6.671657126980279351e-01 7.407249692531832075e-01 6.306248377294356722e-01 7.065835873472274820e-01 0.000000000000000000e+00 5.763477748896548292e-01 7.799244462595242844e-01 9.978266108025648506e-01 8.635566004522159389e-01 9.374962955663552755e-01 9.673942595434654734e-01 9.531760288100357137e-01 1.015125815958994426e+00 9.782895058974281355e-01 8.489087474150647239e-01 9.735878460682636515e-01 8.766620290472846300e-01 8.915950653266682124e-01 1.011058884363092769e+00 1.055240564794631908e+00 1.089750178209140774e+00 9.976267990224019222e-01 9.942019516528532996e-01 1.008682788203020930e+00 1.036667156291310565e+00 1.136630628935491494e+00
1.200000000000000000e+01 2.667648889124945466e+00 8.732914784952421350e-01 7.276015005947127356e-01 7.227026327588901289e-01 7.093302613722767269e-01 6.785531298921108068e-01 6.346304222591174771e-01 7.003636721325592340e-01 6.895296693973929081e-01 6.573911722818941428e-01 5.763477748896548292e-01 0.000000000000000000e+00 8.099279677572090996e-01 9.739966095254470879e-01 8.704668865618514495e-01 9.143225168639594891e-01 9.442746750112092080e-01 9.304637889807243489e-01 9.926937008157814546e-01 9.559933731288157155e-01 8.420121924508134903e-01 9.522966114534203719e-01 8.682927707703398390e-01 8.818369125455420843e-01 9.928523193870861796e-01 1.037264654675519537e+00 1.071963520154798122e+00 9.833989947376466922e-01 9.808977632248465639e-01 9.969873356232028527e-01 1.022291730223102491e+00 1.120356782289244180e+00
1.300000000000000000e+01 2.727885746698044844e+00 9.259118339645202589e-01 8.921695623855838697e-01 8.741351131565227028e-01 8.806262189958262709e-01 8.732812075717810707e-01 8.523507453950478485e-01 8.885430872279527215e-01 8.012771619560270508e-01 8.693129195779358831e-01 7.799244462595242844e-01 8.099279677572090996e-01 0.000000000000000000e+00 1.076410004432794221e+00 7.817682262035940965e-01 1.011449979628657125e+00 1.042015375530705779e+00 1.025532890690943777e+00 1.087127805429104477e+00 1.049298546434146218e+00 8.546598945789716240e-01 1.040098531337512622e+00 8.893842060912571235e-01 9.109372817942347211e-01 1.065456746088286888e+00 1.108977208955463034e+00 1.142846148349850655e+00 1.037265386053620730e+00 1.030583919699836759e+00 1.039914236126926905e+00 1.077169636741952097e+00 1.184147470765751997e+00
1.400000000000000000e+01 2.923517138549553973e+00 1.153127284934427177e+00 1.017120465457539868e+00 1.034786150912575753e+00 1.014528236042390841e+00 9.924687661209907752e-01 9.940904686644729260e-01 9.627442480214143394e-01 1.035610890801374140e+00 9.697508218741544006e-01 9.978266108025648506e-01 9.739966095254470879e-01 1.076410004432794221e+00 0.000000000000000000e+00 1.058737615387126851e+00 6.557045684446967115e-01 5.732578453680066133e-01 6.458407459931327921e-01 6.084209814426198015e-01 6.378277467816797497e-01 9.605204610968569590e-01 7.171480529674592042e-01 9.609509527587460909e-01 9.550471414347780907e-01 8.659869492865088780e-01 9.050668711067948458e-01 9.413693551363042644e-01 9.532883856934315503e-01 9.665202649102844212e-01 1.002996691183148936e+00 9.815660779494042032e-01 1.030732092948614564e+00
1.500000000000000000e+01 2.814718014479434594e+00 1.033177277449515152e+00 9.595697021362905588e-01 9.531884992153303315e-01 9.497841191935352256e-01 9.351771835068953820e-01 9.189260048570053740e-01 9.366991992092952302e-01 9.051777030189511741e-01 9.222706889098262195e-01 8.635566004522159389e-01 8.704668865618514495e-01 7.817682262035940965e-01 1.058737615387126851e+00 0.000000000000000000e+00 9.881534202903332620e-01 1.019619566908551267e+00 1.000445382581425680e+00 1.061756036835964423e+00 1.022715813216715564e+00 7.388365710016828736e-01 1.008281184624735261e+00 7.827530192720959512e-01 8.160538211776966477e-01 1.019759575786257866e+00 1.062630062477340154e+00 1.095817394134257494e+00 9.747528172930755019e-01 9.644570274018429146e-01 9.690299321535529309e-01 1.016101313186692501e+00 1.130951839230492695e+00
1.600000000000000000e+01 2.866109634581839760e+00 1.095745998736956661e+00 9.640304380798361272e-01 9.797839987015177776e-01 9.605867843205815326e-01 9.383892989003679297e-01 9.382402367387334685e-01 9.106180524665865583e-01 9.768749573864856650e-01 9.153686059893444416e-01 9.374962955663552755e-01 9.143225168639594891e-01 1.011449979628657125e+00 6.557045684446967115e-01 9.881534202903332620e-01 0.000000000000000000e+00 5.482698608974230225e-01 4.619532252281155493e-01 6.516522981165260298e-01 5.791193535213503552e-01 8.850977493831946319e-01 6.195399514648118888e-01 8.838989263817866870e-01 8.766887087044268334e-01 7.837416620759714014e-01 8.284581934478567611e-01 8.664371804505441865e-01 8.713592593290231392e-01 8.852379623162089928e-01 9.230607042691141295e-01 9.006810711196857611e-01 9.526313157165997580e-01
1.700000000000000000e+01 2.894429632427316879e+00 1.124320241192551695e+00 9.918749570051041964e-01 1.008086961924699931e+00 9.886884074325830163e-01 9.666572150464465274e-01 9.670008455346974507e-01 9.385168408716029198e-01 1.006146714845396861e+00 9.438928725284529975e-01 9.673942595434654734e-01 9.442746750112092080e-01 1.042015375530705779e+00 5.732578453680066133e-01 1.019619566908551267e+00 5.482698608974230225e-01 0.000000000000000000e+00 5.053121651134819814e-01 5.627173621997654251e-01 5.102163456559285493e-01 9.174586230147259158e-01 6.283643911128984350e-01 9.160360769808870707e-01 9.087226081920807275e-01 8.022852501921544643e-01 8.423190617373776945e-01 8.792721143815880325e-01 8.983478728638312205e-01 9.129113384464346836e-01 9.510650755308063253e-01 9.258267486827032045e-01 9.714578306337218194e-01
1.800000000000000000e+01 2.881080774602472250e+00 1.111093513366073982e+00 9.806749711611044695e-01 9.960475138309718979e-01 9.771456550719155310e-01 9.551344458548918226e-01 9.547343749618897313e-01 9.279293244506399141e-01 9.925067250161241361e-01 9.323510175238660658e-01 9.531760288100357137e-01 9.304637889807243489e-01 1.025532890690943777e+00 6.458407459931327921e-01 1.000445382581425680e+00 4.619532252281155493e-01 5.053121651134819814e-01 0.000000000000000000e+00 6.121300701786309695e-01 5.052878905478088711e-01 8.959625229096608301e-01 5.791925556103239003e-01 8.935629317703703833e-01 8.854873179379030290e-01 7.731634833579401622e-01 8.160551297166120932e-01 8.539706827175677084e-01 8.717412837697446903e-01 8.868583027522083384e-01 9.258732813487831059e-01 8.994338101411836206e-01 9.454420919915920152e-01
1.900000000000000000e+01 2.941440587991785982e+00 1.171867719112063888e+00 1.041625279786157598e+00 1.057129197622113992e+00 1.038237514636591641e+00 1.016444601105182866e+00 1.016272395849902921e+00 9.892636145053099739e-01 1.053964140077362277e+00 9.939689389343753234e-01 1.015125815958994426e+00 9.926937008157814546e-01 1.087127805429104477e+00 6.084209814426198015e-01 1.061756036835964423e+00 6.516522981165260298e-01 5.627173621997654251e-01 6.121300701786309695e-01 0.000000000000000000e+00 5.345943233902494818e-01 9.572631255004400153e-01 6.389194548412859831e-01 9.540330952547466659e-01 9.454242239119832192e-01 8.101637388277755925e-01 8.437830563484558510e-01 8.793454722045379590e-01 9.221700703635793417e-01 9.385907188118380873e-01 9.784727935085051342e-01 9.467289218212346924e-01 9.814745847412353896e-01
2.000000000000000000e+01 2.905321853207464944e+00 1.135724890118989361e+00 1.006394424279912325e+00 1.021480776306659788e+00 1.002818561879660120e+00 9.809910232137144526e-01 9.804273428040493066e-01 9.542384645578469993e-01 1.017493913780605386e+00 9.584445427207000101e-01 9.782895058974281355e-01 9.559933731288157155e-01 1.049298546434146218e+00 6.378277467816797497e-01 1.022715813216715564e+00 5.791193535213503552e-01 5.102163456559285493e-01 5.052878905478088711e-01 5.345943233902494818e-01 0.000000000000000000e+00 9.171250749262798152e-01 5.586699889601942637e-01 9.135883514093694480e-01 9.047147711497958156e-01 7.705689406328657398e-01 8.088251242207773473e-01 8.459237269090169598e-01 8.817575030914919232e-01 8.981990898335370233e-01 9.383540548436695161e-01 9.071799756740226428e-01 9.449698392844032568e-01
2.100000000000000000e+01 2.790174403406312731e+00 1.018244248693712439e+00 9.259344730811602808e-01 9.264915654981904503e-01 9.176953605183810758e-01 8.996601386384535104e-01 8.875575102506565450e-01 8.921591986177328515e-01 8.939594836066357963e-01 8.821118674338372934e-01 8.489087474150647239e-01 8.420121924508134903e-01 8.546598945789716240e-01 9.605204610968569590e-01 7.388365710016828736e-01 8.850977493831946319e-01 9.174586230147259158e-01 8.959625229096608301e-01 9.572631255004400153e-01 9.171250749262798152e-01 0.000000000000000000e+00 8.983164759480031236e-01 5.510239422889759986e-01 6.259655699985104960e-01 8.992501586115460022e-01 9.422471139285972797e-01 9.752047748611665234e-01 8.436687962686524322e-01 8.320799141220542872e-01 8.382010518695346413e-01 8.874913943685749373e-01 1.006897391981095957e+00
2.200000000000000000e+01 2.900828548518286532e+00 1.131810653383108267e+00 1.006354112168700965e+00 1.020015399982545645e+00 1.002274746169807607e+00 9.806788782188036180e-01 9.789520516750984669e-01 9.556652387713304719e-01 1.013418314365628792e+00 9.583736336659738342e-01 9.735878460682636515e-01 9.522966114534203719e-01 1.040098531337512622e+00 7.171480529674592042e-01 1.008281184624735261e+00 6.195399514648118888e-01 6.283643911128984350e-01 5.791925556103239003e-01 6.389194548412859831e-01 5.586699889601942637e-01 8.983164759480031236e-01 0.000000000000000000e+00 8.922191005122326324e-01 8.814271240579607536e-01 7.153112218025707847e-01 7.584495639528063826e-01 7.980780741866042582e-01 8.445388918502017006e-01 8.631466951910251595e-01 9.058005374286675071e-01 8.685605699822316339e-01 9.011161123571698184e-01
2.300000000000000000e+01 2.808232340733166854e+00 1.040286588955369407e+00 9.476826636885538058e-01 9.493342796153751983e-01 9.399369533102919227e-01 9.218787840351327922e-01 9.109668051330657157e-01 9.128391601425387414e-01 9.198961711204911573e-01 9.041240794165186223e-01 8.766620290472846300e-01 8.682927707703398390e-01 8.893842060912571235e-01 9.609509527587460909e-01 7.827530192720959512e-01 8.838989263817866870e-01 9.160360769808870707e-01 8.935629317703703833e-01 9.540330952547466659e-01 9.135883514093694480e-01 5.510239422889759986e-01 8.922191005122326324e-01 0.000000000000000000e+00 5.165752343172309580e-01 8.845006302774520712e-01 9.268078975166940126e-01 9.592330938611079993e-01 8.165251899814602865e-01 8.021088549691559599e-01 8.055952427545802763e-01 8.617206617671202551e-01 9.867257898524215420e-01
2.400000000000000000e+01 2.818799807828292536e+00 1.052726754845641821e+00 9.585386338811998641e-01 9.611727076537812664e-01 9.511369060538266140e-01 9.328582687784603422e-01 9.228066196938273791e-01 9.224671356688576296e-01 9.340807093031160413e-01 9.147354129994971217e-01 8.915950653266682124e-01 8.818369125455420843e-01 9.109372817942347211e-01 9.550471414347780907e-01 8.160538211776966477e-01 8.766887087044268334e-01 9.087226081920807275e-01 8.854873179379030290e-01 9.454242239119832192e-01 9.047147711497958156e-01 6.259655699985104960e-01 8.814271240579607536e-01 5.165752343172309580e-01 0.000000000000000000e+00 8.675221811115219062e-01 9.095724593575580386e-01 9.417330958928897822e-01 7.911341357167742672e-01 7.752542333199592406e-01 7.798265458543647277e-01 8.382236296992591207e-01 9.667405781341820159e-01
2.500000000000000000e+01 2.935071622727859708e+00 1.168594469523801305e+00 1.053429710948569298e+00 1.063762020458398627e+00 1.048361461385239668e+00 1.027763838432013355e+00 1.023590715823986752e+00 1.007073398114712415e+00 1.051372635846139492e+00 1.006631910275455066e+00 1.011058884363092769e+00 9.928523193870861796e-01 1.065456746088286888e+00 8.659869492865088780e-01 1.019759575786257866e+00 7.837416620759714014e-01 8.022852501921544643e-01 7.731634833579401622e-01 8.101637388277755925e-01 7.705689406328657398e-01 8.992501586115460022e-01 7.153112218025707847e-01 8.845006302774520712e-01 8.675221811115219062e-01 0.000000000000000000e+00 5.866734308515879626e-01 6.622983665939536913e-01 7.621849542158449786e-01 7.920127114162345272e-01 8.448474047534539899e-01 7.739016080567204803e-01 7.766095740143499349e-01
2.600000000000000000e+01 2.978148510935449522e+00 1.212115637095167564e+00 1.097621797957291534e+00 1.107840116215793813e+00 1.092557118652382364e+00 1.072080445370194646e+00 1.067885842129469687e+00 1.051567438216500783e+00 1.095338788764615323e+00 1.051095941365135289e+00 1.055240564794631908e+00 1.037264654675519537e+00 1.108977208955463034e+00 9.050668711067948458e-01 1.062630062477340154e+00 8.284581934478567611e-01 8.423190617373776945e-01 8.160551297166120932e-01 8.437830563484558510e-01 8.088251242207773473e-01 9.422471139285972797e-01 7.584495639528063826e-01 9.268078975166940126e-01 9.095724593575580386e-01 5.866734308515879626e-01 0.000000000000000000e+00 5.315584269527406924e-01 7.925604928359319956e-01 8.225105204562996875e-01 8.740575307045204134e-01 7.917793653870148773e-01 7.409970953310596187e-01
2.700000000000000000e+01 3.012080181131394863e+00 1.246319157791367704e+00 1.132425626277271835e+00 1.142494382902399241e+00 1.127332195940722759e+00 1.106936429971849822e+00 1.102658485114714093e+00 1.086628642427042823e+00 1.129770777773240642e+00 1.086048643042972994e+00 1.089750178209140774e+00 1.071963520154798122e+00 1.142846148349850655e+00 9.413693551363042644e-01 1.095817394134257494e+00 8.664371804505441865e-01 8.792721143815880325e-01 8.539706827175677084e-01 8.793454722045379590e-01 8.459237269090169598e-01 9.752047748611665234e-01 7.980780741866042582e-01 9.592330938611079993e-01 9.417330958928897822e-01 6.622983665939536913e-01 5.315584269527406924e-01 0.000000000000000000e+00 8.186480366586694757e-01 8.483459675499767094e-01 8.990320091531631697e-01 8.112771497855066904e-01 7.227070588882567037e-01
2.800000000000000000e+01 2.914326374634735650e+00 1.151979372849146088e+00 1.049535381262904465e+00 1.056141842681572740e+00 1.043505195982628919e+00 1.024360812369277784e+00 1.017693631400635290e+00 1.008611413626501196e+00 1.037577435165976336e+00 1.004960498394153579e+00 9.976267990224019222e-01 9.833989947376466922e-01 1.037265386053620730e+00 9.532883856934315503e-01 9.747528172930755019e-01 8.713592593290231392e-01 8.983478728638312205e-01 8.717412837697446903e-01 9.221700703635793417e-01 8.817575030914919232e-01 8.436687962686524322e-01 8.445388918502017006e-01 8.165251899814602865e-01 7.911341357167742672e-01 7.621849542158449786e-01 7.925604928359319956e-01 8.186480366586694757e-01 0.000000000000000000e+00 5.303382321712124536e-01 6.705045704591809930e-01 5.877664677854887998e-01 8.048161158140625382e-01
2.900000000000000000e+01 2.908387012798170801e+00 1.147271207594044995e+00 1.047792226608976307e+00 1.053621442205793457e+00 1.041593404838363490e+00 1.022823882902899051e+00 1.015694167200327236e+00 1.008118267027017012e+00 1.033857049172324682e+00 1.003868276555527572e+00 9.942019516528532996e-01 9.808977632248465639e-01 1.030583919699836759e+00 9.665202649102844212e-01 9.644570274018429146e-01 8.852379623162089928e-01 9.129113384464346836e-01 8.868583027522083384e-01 9.385907188118380873e-01 8.981990898335370233e-01 8.320799141220542872e-01 8.631466951910251595e-01 8.021088549691559599e-01 7.752542333199592406e-01 7.920127114162345272e-01 8.225105204562996875e-01 8.483459675499767094e-01 5.303382321712124536e-01 0.000000000000000000e+00 6.086032478143521551e-01 6.271770548165722658e-01 8.345287764879172343e-01
3.000000000000000000e+01 2.915977165310337238e+00 1.158025035482619369e+00 1.064224427663809092e+00 1.068784544720319918e+00 1.057819566204879269e+00 1.039809631847807392e+00 1.032058355074210620e+00 1.026816356530729113e+00 1.047334710635328570e+00 1.021732795460713827e+00 1.008682788203020930e+00 9.969873356232028527e-01 1.039914236126926905e+00 1.002996691183148936e+00 9.690299321535529309e-01 9.230607042691141295e-01 9.510650755308063253e-01 9.258732813487831059e-01 9.784727935085051342e-01 9.383540548436695161e-01 8.382010518695346413e-01 9.058005374286675071e-01 8.055952427545802763e-01 7.798265458543647277e-01 8.448474047534539899e-01 8.740575307045204134e-01 8.990320091531631697e-01 6.705045704591809930e-01 6.086032478143521551e-01 0.000000000000000000e+00 6.966916182424713888e-01 8.825186775501068226e-01
3.100000000000000000e+01 2.952163459984455507e+00 1.190230391920397146e+00 1.087529195063046572e+00 1.094357168925490065e+00 1.081600928832291864e+00 1.062467385460184488e+00 1.056032159221116373e+00 1.046435676375399026e+00 1.076316668668199306e+00 1.043069956616275995e+00 1.036667156291310565e+00 1.022291730223102491e+00 1.077169636741952097e+00 9.815660779494042032e-01 1.016101313186692501e+00 9.006810711196857611e-01 9.258267486827032045e-01 8.994338101411836206e-01 9.467289218212346924e-01 9.071799756740226428e-01 8.874913943685749373e-01 8.685605699822316339e-01 8.617206617671202551e-01 8.382236296992591207e-01 7.739016080567204803e-01 7.917793653870148773e-01 8.112771497855066904e-01 5.877664677854887998e-01 6.271770548165722658e-01 6.966916182424713888e-01 0.000000000000000000e+00 7.654443724260788784e-01
3.200000000000000000e+01 3.055876533358163449e+00 1.291847009930521040e+00 1.182961559106660232e+00 1.191581953884104372e+00 1.177494013085201630e+00 1.157659266996488689e+00 1.152416469617202566e+00 1.139259371551373690e+00 1.176486872525787319e+00 1.137432003396559921e+00 1.136630628935491494e+00 1.120356782289244180e+00 1.184147470765751997e+00 1.030732092948614564e+00 1.130951839230492695e+00 9.526313157165997580e-01 9.714578306337218194e-01 9.454420919915920152e-01 9.814745847412353896e-01 9.449698392844032568e-01 1.006897391981095957e+00 9.011161123571698184e-01 9.867257898524215420e-01 9.667405781341820159e-01 7.766095740143499349e-01 7.409970953310596187e-01 7.227070588882567037e-01 8.048161158140625382e-01 8.345287764879172343e-01 8.825186775501068226e-01 7.654443724260788784e-01 0.000000000000000000e+00
