0.000000000000000000e+00 1.000000000000000000e+00 2.000000000000000000e+00 3.000000000000000000e+00 4.000000000000000000e+00 5.000000000000000000e+00 6.000000000000000000e+00 7.000000000000000000e+00 8.000000000000000000e+00 9.000000000000000000e+00 1.000000000000000000e+01 1.100000000000000000e+01 1.200000000000000000e+01 1.300000000000000000e+01 1.400000000000000000e+01 1.500000000000000000e+01 1.600000000000000000e+01 1.700000000000000000e+01 1.800000000000000000e+01 1.900000000000000000e+01 2.000000000000000000e+01 2.100000000000000000e+01 2.200000000000000000e+01 2.300000000000000000e+01 2.400000000000000000e+01 2.500000000000000000e+01 2.600000000000000000e+01 2.700000000000000000e+01 2.800000000000000000e+01 2.900000000000000000e+01 3.000000000000000000e+01 3.100000000000000000e+01 3.200000000000000000e+01
1.000000000000000000e+00 0.000000000000000000e+00 1.464512850934249766e+00 2.686909859564936109e+00 1.568908369997936258e+00 2.157267600935437901e+00 1.650963071290372453e+00 1.592692440406641596e+00 1.664940548369828965e+00 1.568066529540099285e+00 1.628634520329373947e+00 1.603435584622501908e+00 1.602365093068752966e+00 1.562373843223076930e+00 3.325059688231279953e+00 1.600640018433598266e+00 3.219401680018306067e+00 3.299304892881043116e+00 3.270583760785264804e+00 3.368834080958801991e+00 3.330219495089048465e+00 2.878401014427448779e+00 3.310071835076028979e+00 2.853178350433339450e+00 2.795727075363060088e+00 2.535509947218685500e+00 3.043138277066069541e+00 3.199925926760045058e+00 1.868048257487062269e+00 1.838487026918074863e+00 1.800330450319854947e+00 1.900226455902487954e+00 2.065623124376831932e+00
2.000000000000000000e+00 1.464512850934249766e+00 0.000000000000000000e+00 2.093356457497986600e+00 9.555226965760343916e-01 1.561873062617090469e+00 1.070253523871288026e+00 1.008970274583155691e+00 1.102667388379727553e+00 9.599575475250499146e-01 1.059965558243076922e+00 1.029497569884053165e+00 1.035531121514996045e+00 1.111093460769248198e+00 2.813184495859622825e+00 1.158897125541320738e+00 2.710364727938726404e+00 2.791800934219777375e+00 2.765455294325974034e+00 2.867416962084236687e+00 2.828949121523770316e+00 2.416814207161060324e+00 2.815947654091059515e+00 2.394673303330481229e+00 2.334634845376518442e+00 2.068671146368029401e+00 2.576146218739194360e+00 2.732984481612767524e+00 1.412329162806655880e+00 1.385709416256387660e+00 1.354138004093721204e+00 1.444801501586078674e+00 1.604635410596118028e+00
3.000000000000000000e+00 2.686909859564936109e+00 2.093356457497986600e+00 0.000000000000000000e+00 1.731461207637581712e+00 1.994462021171155452e+00 1.729798611383980722e+00 1.742868341563979628e+00 1.851936811330861632e+00 1.879678751220788868e+00 1.801360259756295656e+00 1.888561246952394468e+00 1.861535398127454055e+00 2.180557190868128714e+00 3.704315567345719540e+00 2.215306826349659808e+00 3.607127202953414269e+00 3.691204111400812948e+00 3.669432819564938608e+00 3.778063252599574540e+00 3.739990014252983386e+00 3.416893022151707981e+00 3.740391196118181494e+00 3.395457454958410448e+00 3.327450719493145748e+00 3.043415507331725944e+00 3.550466174129259578e+00 3.707322702312001894e+00 2.407360175101044053e+00 2.386032035046876665e+00 2.365727966693311757e+00 2.440064805113968838e+00 2.589774417480765756e+00
4.000000000000000000e+00 1.568908369997936258e+00 9.555226965760343916e-01 1.731461207637581712e+00 0.000000000000000000e+00 1.145037479307719597e+00 7.389791961050991009e-01 6.782450037163780809e-01 8.445265236123951080e-01 7.287009152086412200e-01 7.791743886984001666e-01 7.827003410897630520e-01 7.801730092617149559e-01 1.074875128775039324e+00 2.650338160780010721e+00 1.115159635659437098e+00 2.550174217602048543e+00 2.634238952426887437e+00 2.610793143942687689e+00 2.718399107567050166e+00 2.679793502181007980e+00 2.330041871416329791e+00 2.676297413482966459e+00 2.309512902269551748e+00 2.243714230418984990e+00 1.966243601483574022e+00 2.473534385841703376e+00 2.630453034048423788e+00 1.325144730467937126e+00 1.302555128699008913e+00 1.279746154636762778e+00 1.357906121285382683e+00 1.510164829276249954e+00
5.000000000000000000e+00 2.157267600935437901e+00 1.561873062617090469e+00 1.994462021171155452e+00 1.145037479307719597e+00 0.000000000000000000e+00 1.141237634174975701e+00 1.143117160717254555e+00 1.321801154831568459e+00 1.314331199886118462e+00 1.246662479245733257e+00 1.322436348679335572e+00 1.297537154784127456e+00 1.638403408600369149e+00 3.173459282131895431e+00 1.674280970661041090e+00 3.074276761995630380e+00 3.158976030270666868e+00 3.136437989221890543e+00 3.245529905127410686e+00 3.206953589379853753e+00 2.876670748843809022e+00 3.206226248269343326e+00 2.855934937729406098e+00 2.788314840174320075e+00 2.506657980613298253e+00 3.013860550844349007e+00 3.170783111894467154e+00 1.869781287313150742e+00 1.848289242883413452e+00 1.827785518545660182e+00 1.902576402105937481e+00 2.052733516159151783e+00
6.000000000000000000e+00 1.650963071290372453e+00 1.070253523871288026e+00 1.729798611383980722e+00 7.389791961050991009e-01 1.141237634174975701e+00 0.000000000000000000e+00 5.551082124196813350e-01 6.877546539866290498e-01 8.110718439412427649e-01 5.856528540766630098e-01 7.786203119442365317e-01 7.282310510339118359e-01 1.108697333535505924e+00 2.604210295944120457e+00 1.140088755840125367e+00 2.505595763158277478e+00 2.591079037892759729e+00 2.569312284013311132e+00 2.680028759232421898e+00 2.641373429255033045e+00 2.330029840371688366e+00 2.643249179823048411e+00 2.309017964696762792e+00 2.239570966061703139e+00 1.953840427553124481e+00 2.460976484941021170e+00 2.617912622195889938e+00 1.321080181589969538e+00 1.300662771712341792e+00 1.282419871823485824e+00 1.353914267204654687e+00 1.502031094295587454e+00
7.000000000000000000e+00 1.592692440406641596e+00 1.008970274583155691e+00 1.742868341563979628e+00 6.782450037163780809e-01 1.143117160717254555e+00 5.551082124196813350e-01 0.000000000000000000e+00 6.989891787082640473e-01 7.276050207829722893e-01 5.979253603821155227e-01 6.923408991081767550e-01 6.465410442844783390e-01 1.047096627487442477e+00 2.564384500345800344e+00 1.080680945564232109e+00 2.464103553829018800e+00 2.549779855456337785e+00 2.527169102263211453e+00 2.637665059818707469e+00 2.598664334421801669e+00 2.274995656567043056e+00 2.598792965248667652e+00 2.254789834451208730e+00 2.186268507815099404e+00 1.903994509180240602e+00 2.411276973415527713e+00 2.568263078141875155e+00 1.269249507751586403e+00 1.248358678945966416e+00 1.229256099676562020e+00 1.302153596227171528e+00 1.451284288335720873e+00
8.000000000000000000e+00 1.664940548369828965e+00 1.102667388379727553e+00 1.851936811330861632e+00 8.445265236123951080e-01 1.321801154831568459e+00 6.877546539866290498e-01 6.989891787082640473e-01 0.000000000000000000e+00 8.704055827154899561e-01 5.491283697641808903e-01 8.110566308764253218e-01 7.408207220834079898e-01 1.108616885547985875e+00 2.522629375468989021e+00 1.132030684416641231e+00 2.428756100472482693e+00 2.514252315729089027e+00 2.495217188183568080e+00 2.607595663906794314e+00 2.569791324468417848e+00 2.302804196008914950e+00 2.577984246655300016e+00 2.279706610269029543e+00 2.206732776155016396e+00 1.909440201954506033e+00 2.416147444337908290e+00 2.572961266793404533e+00 1.284602985708821699e+00 1.266136991796247946e+00 1.251655207496015443e+00 1.317284716271755807e+00 1.461393303825630152e+00
9.000000000000000000e+00 1.568066529540099285e+00 9.599575475250499146e-01 1.879678751220788868e+00 7.287009152086412200e-01 1.314331199886118462e+00 8.110718439412427649e-01 7.276050207829722893e-01 8.704055827154899561e-01 0.000000000000000000e+00 8.077552091648889654e-01 6.777276900481570276e-01 7.391113338078079131e-01 1.028247354510103628e+00 2.645077602855594900e+00 1.076957852436888574e+00 2.542286741123330529e+00 2.626733385858273095e+00 2.602020130364083084e+00 2.709435116096669205e+00 2.670265446940687681e+00 2.301080146514107305e+00 2.664232091426888882e+00 2.282332605594243002e+00 2.218261834017911660e+00 1.946475809532173695e+00 2.453992077752782386e+00 2.610990862074745067e+00 1.302549105303723476e+00 1.279291208425464399e+00 1.255325890940971689e+00 1.335438947396897502e+00 1.489142206364362231e+00
1.000000000000000000e+01 1.628634520329373947e+00 1.059965558243076922e+00 1.801360259756295656e+00 7.791743886984001666e-01 1.246662479245733257e+00 5.856528540766630098e-01 5.979253603821155227e-01 5.491283697641808903e-01 8.077552091648889654e-01 0.000000000000000000e+00 7.471038033917618559e-01 6.738920208850407434e-01 1.071061354087770257e+00 2.526359490528242713e+00 1.097773529257800584e+00 2.428533384797634476e+00 2.514696047462663842e+00 2.493775172114266692e+00 2.606004152593775380e+00 2.567334960360802221e+00 2.275814423328993641e+00 2.571872891786686655e+00 2.254190890123216828e+00 2.182877438219639643e+00 1.892566407988458987e+00 2.399609584454988287e+00 2.556545456068167965e+00 1.263847005634286536e+00 1.244471290688822007e+00 1.228369819599670620e+00 1.296690038099497899e+00 1.442799739940060277e+00
1.100000000000000000e+01 1.603435584622501908e+00 1.029497569884053165e+00 1.888561246952394468e+00 7.827003410897630520e-01 1.322436348679335572e+00 7.786203119442365317e-01 6.923408991081767550e-01 8.110566308764253218e-01 6.777276900481570276e-01 7.471038033917618559e-01 0.000000000000000000e+00 5.878749293475098447e-01 1.015461010732278124e+00 2.588822923277932286e+00 1.056181318616546738e+00 2.484493157716542555e+00 2.570731226176377504e+00 2.546105873057807667e+00 2.656234096160692282e+00 2.616367416874674667e+00 2.260913947157904502e+00 2.612437628458688987e+00 2.244025965583813065e+00 2.178062108981907663e+00 1.905458641045013390e+00 2.413125563273433194e+00 2.570252471548530870e+00 1.266327926187692299e+00 1.244424861551242101e+00 1.223658132015212896e+00 1.299475296591207973e+00 1.450847591477613552e+00
1.200000000000000000e+01 1.602365093068752966e+00 1.035531121514996045e+00 1.861535398127454055e+00 7.801730092617149559e-01 1.297537154784127456e+00 7.282310510339118359e-01 6.465410442844783390e-01 7.408207220834079898e-01 7.391113338078079131e-01 6.738920208850407434e-01 5.878749293475098447e-01 0.000000000000000000e+00 1.017526474303900530e+00 2.536264643865631552e+00 1.048692039986809155e+00 2.432228890090206264e+00 2.519520554707447957e+00 2.495638861808051612e+00 2.607769832593552550e+00 2.567714212373934046e+00 2.235136349387345511e+00 2.566619274191948019e+00 2.217327287652602674e+00 2.148770106598983709e+00 1.871200763941377243e+00 2.378825047620714450e+00 2.535983963879647973e+00 1.236838289692276938e+00 1.216192957731243807e+00 1.198067957007317386e+00 1.270037725146259122e+00 1.419061574539624893e+00
1.300000000000000000e+01 1.562373843223076930e+00 1.111093460769248198e+00 2.180557190868128714e+00 1.074875128775039324e+00 1.638403408600369149e+00 1.108697333535505924e+00 1.047096627487442477e+00 1.108616885547985875e+00 1.028247354510103628e+00 1.071061354087770257e+00 1.015461010732278124e+00 1.017526474303900530e+00 0.000000000000000000e+00 2.713099715873652062e+00 7.240007217665336281e-01 2.599881062419481026e+00 2.679979546778331390e+00 2.647118476779029006e+00 2.743233842186843852e+00 2.703178695196808867e+00 2.135681657050310100e+00 2.673613964348351413e+00 2.130483407762534309e+00 2.090594362540469042e+00 1.868134015491554667e+00 2.376591975870497642e+00 2.533669154301564141e+00 1.188939545881426252e+00 1.156592689650557615e+00 1.114540439668350036e+00 1.222046176263816841e+00 1.393257180752901725e+00
1.400000000000000000e+01 3.325059688231279953e+00 2.813184495859622825e+00 3.704315567345719540e+00 2.650338160780010721e+00 3.173459282131895431e+00 2.604210295944120457e+00 2.564384500345800344e+00 2.522629375468989021e+00 2.645077602855594900e+00 2.526359490528242713e+00 2.588822923277932286e+00 2.536264643865631552e+00 2.713099715873652062e+00 0.000000000000000000e+00 2.702257066241400274e+00 3.141903890994594661e+00 2.794338795700924472e+00 3.097841550467284488e+00 2.863466984961469564e+00 3.042656183990089858e+00 3.815108589221511970e+00 3.335625718776495052e+00 3.762494180032644575e+00 3.663128743520522868e+00 3.084289132238101860e+00 3.554111472898375368e+00 3.693809164320403404e+00 2.585799409381419611e+00 2.591540113918438415e+00 2.611347897188803557e+00 2.604551829041626299e+00 2.671919002640947838e+00
1.500000000000000000e+01 1.600640018433598266e+00 1.158897125541320738e+00 2.215306826349659808e+00 1.115159635659437098e+00 1.674280970661041090e+00 1.140088755840125367e+00 1.080680945564232109e+00 1.132030684416641231e+00 1.076957852436888574e+00 1.097773529257800584e+00 1.056181318616546738e+00 1.048692039986809155e+00 7.240007217665336281e-01 2.702257066241400274e+00 0.000000000000000000e+00 2.586349979573741464e+00 2.665707864176993347e+00 2.630918358872098128e+00 2.724821882006073892e+00 2.684429461750519330e+00 2.032832760788492621e+00 2.649601464697074693e+00 2.044541880864761740e+00 2.020524621183315439e+00 1.825226496271015630e+00 2.334078407924794263e+00 2.491275854433865788e+00 1.138616206069884562e+00 1.104474194718168212e+00 1.059965810579400092e+00 1.172304101483924166e+00 1.347123372390121254e+00
1.600000000000000000e+01 3.219401680018306067e+00 2.710364727938726404e+00 3.607127202953414269e+00 2.550174217602048543e+00 3.074276761995630380e+00 2.505595763158277478e+00 2.464103553829018800e+00 2.428756100472482693e+00 2.542286741123330529e+00 2.428533384797634476e+00 2.484493157716542555e+00 2.432228890090206264e+00 2.599881062419481026e+00 3.141903890994594661e+00 2.586349979573741464e+00 0.000000000000000000e+00 2.719313355875042859e+00 2.303994905230760448e+00 3.133766573772163611e+00 2.861954894224110646e+00 3.690763639409205155e+00 3.041631318258473993e+00 3.636056974640780037e+00 3.534361879206602275e+00 2.951502507016410259e+00 3.443625501927154886e+00 3.596470468196171666e+00 2.456851464592776590e+00 2.463705718599774386e+00 2.485990406865040470e+00 2.478812556520861854e+00 2.557855199107950561e+00
1.700000000000000000e+01 3.299304892881043116e+00 2.791800934219777375e+00 3.691204111400812948e+00 2.634238952426887437e+00 3.158976030270666868e+00 2.591079037892759729e+00 2.549779855456337785e+00 2.514252315729089027e+00 2.626733385858273095e+00 2.514696047462663842e+00 2.570731226176377504e+00 2.519520554707447957e+00 2.679979546778331390e+00 2.794338795700924472e+00 2.665707864176993347e+00 2.719313355875042859e+00 0.000000000000000000e+00 2.513512539197221951e+00 2.751060661689781028e+00 2.532593222196824811e+00 3.772990195589287943e+00 3.067946173691449285e+00 3.716895787856030697e+00 3.614478817370691210e+00 3.000496061504309697e+00 3.475628542583989677e+00 3.619663509202652563e+00 2.518896005595893772e+00 2.527588084982334671e+00 2.551629840243738734e+00 2.537232638710199772e+00 2.601050741737055638e+00
1.800000000000000000e+01 3.270583760785264804e+00 2.765455294325974034e+00 3.669432819564938608e+00 2.610793143942687689e+00 3.136437989221890543e+00 2.569312284013311132e+00 2.527169102263211453e+00 2.495217188183568080e+00 2.602020130364083084e+00 2.493775172114266692e+00 2.546105873057807667e+00 2.495638861808051612e+00 2.647118476779029006e+00 3.097841550467284488e+00 2.630918358872098128e+00 2.303994905230760448e+00 2.513512539197221951e+00 0.000000000000000000e+00 2.974037128182596135e+00 2.514256648351023138e+00 3.734351985228875570e+00 2.862240311376256674e+00 3.676298049464781226e+00 3.572086889002676457e+00 2.941836489141457900e+00 3.426754795500499995e+00 3.576945810786344992e+00 2.468570445771641086e+00 2.478796619495726716e+00 2.505235977790219337e+00 2.487750065617076345e+00 2.554022257747859292e+00
1.900000000000000000e+01 3.368834080958801991e+00 2.867416962084236687e+00 3.778063252599574540e+00 2.718399107567050166e+00 3.245529905127410686e+00 2.680028759232421898e+00 2.637665059818707469e+00 2.607595663906794314e+00 2.709435116096669205e+00 2.606004152593775380e+00 2.656234096160692282e+00 2.607769832593552550e+00 2.743233842186843852e+00 2.863466984961469564e+00 2.724821882006073892e+00 3.133766573772163611e+00 2.751060661689781028e+00 2.974037128182596135e+00 0.000000000000000000e+00 2.630170308877299412e+00 3.830795181977720176e+00 3.073837846843549659e+00 3.769641386800413496e+00 3.663471864750074580e+00 2.980492179003988884e+00 3.431762816077913669e+00 3.562988331201768055e+00 2.527393122101187384e+00 2.541075270559102428e+00 2.571115857515114733e+00 2.539958377496065012e+00 2.577368354531215822e+00
2.000000000000000000e+01 3.330219495089048465e+00 2.828949121523770316e+00 3.739990014252983386e+00 2.679793502181007980e+00 3.206953589379853753e+00 2.641373429255033045e+00 2.598664334421801669e+00 2.569791324468417848e+00 2.670265446940687681e+00 2.567334960360802221e+00 2.616367416874674667e+00 2.567714212373934046e+00 2.703178695196808867e+00 3.042656183990089858e+00 2.684429461750519330e+00 2.861954894224110646e+00 2.532593222196824811e+00 2.514256648351023138e+00 2.630170308877299412e+00 0.000000000000000000e+00 3.787859640436010089e+00 2.765043809076701553e+00 3.726569707545490662e+00 3.620031748039035158e+00 2.940104989182644513e+00 3.409187857011422018e+00 3.552048549518199039e+00 2.488648281386920846e+00 2.502255177028268385e+00 2.532646402284601805e+00 2.503788889892150316e+00 2.552121574057742315e+00
2.100000000000000000e+01 2.878401014427448779e+00 2.416814207161060324e+00 3.416893022151707981e+00 2.330041871416329791e+00 2.876670748843809022e+00 2.330029840371688366e+00 2.274995656567043056e+00 2.302804196008914950e+00 2.301080146514107305e+00 2.275814423328993641e+00 2.260913947157904502e+00 2.235136349387345511e+00 2.135681657050310100e+00 3.815108589221511970e+00 2.032832760788492621e+00 3.690763639409205155e+00 3.772990195589287943e+00 3.734351985228875570e+00 3.830795181977720176e+00 3.787859640436010089e+00 0.000000000000000000e+00 3.747237720522590632e+00 2.683889403194304801e+00 2.876293938636561798e+00 2.914560211232801290e+00 3.426508112549668361e+00 3.585303638783137181e+00 2.229500953121059670e+00 2.198300669094573223e+00 2.173946959204789309e+00 2.269952203093967391e+00 2.443242845543386110e+00
2.200000000000000000e+01 3.310071835076028979e+00 2.815947654091059515e+00 3.740391196118181494e+00 2.676297413482966459e+00 3.206226248269343326e+00 2.643249179823048411e+00 2.598792965248667652e+00 2.577984246655300016e+00 2.664232091426888882e+00 2.571872891786686655e+00 2.612437628458688987e+00 2.566619274191948019e+00 2.673613964348351413e+00 3.335625718776495052e+00 2.649601464697074693e+00 3.041631318258473993e+00 3.067946173691449285e+00 2.862240311376256674e+00 3.073837846843549659e+00 2.765043809076701553e+00 3.747237720522590632e+00 0.000000000000000000e+00 3.679875207301230855e+00 3.568353251784298408e+00 2.809147549591558768e+00 3.292990119404623606e+00 3.448626727345365239e+00 2.398499722286276725e+00 2.417915501012764423e+00 2.456129962149493196e+00 2.412568188777243883e+00 2.454710253191648484e+00
2.300000000000000000e+01 2.853178350433339450e+00 2.394673303330481229e+00 3.395457454958410448e+00 2.309512902269551748e+00 2.855934937729406098e+00 2.309017964696762792e+00 2.254789834451208730e+00 2.279706610269029543e+00 2.282332605594243002e+00 2.254190890123216828e+00 2.244025965583813065e+00 2.217327287652602674e+00 2.130483407762534309e+00 3.762494180032644575e+00 2.044541880864761740e+00 3.636056974640780037e+00 3.716895787856030697e+00 3.676298049464781226e+00 3.769641386800413496e+00 3.726569707545490662e+00 2.683889403194304801e+00 3.679875207301230855e+00 0.000000000000000000e+00 2.485127922870010941e+00 2.824410774333745433e+00 3.337297684100829720e+00 3.496505574629519941e+00 2.130184052361595359e+00 2.097340218173398441e+00 2.076686406103536164e+00 2.173614815528623012e+00 2.350825213585985729e+00
2.400000000000000000e+01 2.795727075363060088e+00 2.334634845376518442e+00 3.327450719493145748e+00 2.243714230418984990e+00 2.788314840174320075e+00 2.239570966061703139e+00 2.186268507815099404e+00 2.206732776155016396e+00 2.218261834017911660e+00 2.182877438219639643e+00 2.178062108981907663e+00 2.148770106598983709e+00 2.090594362540469042e+00 3.663128743520522868e+00 2.020524621183315439e+00 3.534361879206602275e+00 3.614478817370691210e+00 3.572086889002676457e+00 3.663471864750074580e+00 3.620031748039035158e+00 2.876293938636561798e+00 3.568353251784298408e+00 2.485127922870010941e+00 0.000000000000000000e+00 2.695464393654228186e+00 3.209641221866680105e+00 3.369482181305120783e+00 1.994421224578400764e+00 1.960961373432953403e+00 1.949467371606008470e+00 2.042202798091022231e+00 2.221898426361442525e+00
2.500000000000000000e+01 2.535509947218685500e+00 2.068671146368029401e+00 3.043415507331725944e+00 1.966243601483574022e+00 2.506657980613298253e+00 1.953840427553124481e+00 1.903994509180240602e+00 1.909440201954506033e+00 1.946475809532173695e+00 1.892566407988458987e+00 1.905458641045013390e+00 1.871200763941377243e+00 1.868134015491554667e+00 3.084289132238101860e+00 1.825226496271015630e+00 2.951502507016410259e+00 3.000496061504309697e+00 2.941836489141457900e+00 2.980492179003988884e+00 2.940104989182644513e+00 2.914560211232801290e+00 2.809147549591558768e+00 2.824410774333745433e+00 2.695464393654228186e+00 0.000000000000000000e+00 2.115893121875394911e+00 2.376582903454027118e+00 1.338335710596815442e+00 1.385071252057366253e+00 1.456160044137978726e+00 1.340124548861627796e+00 1.354267851656470345e+00
2.600000000000000000e+01 3.043138277066069541e+00 2.576146218739194360e+00 3.550466174129259578e+00 2.473534385841703376e+00 3.013860550844349007e+00 2.460976484941021170e+00 2.411276973415527713e+00 2.416147444337908290e+00 2.453992077752782386e+00 2.399609584454988287e+00 2.413125563273433194e+00 2.378825047620714450e+00 2.376591975870497642e+00 3.554111472898375368e+00 2.334078407924794263e+00 3.443625501927154886e+00 3.475628542583989677e+00 3.426754795500499995e+00 3.431762816077913669e+00 3.409187857011422018e+00 3.426508112549668361e+00 3.292990119404623606e+00 3.337297684100829720e+00 3.209641221866680105e+00 2.115893121875394911e+00 0.000000000000000000e+00 2.503739141874875784e+00 1.853751608629856662e+00 1.897013219466546330e+00 1.962754242984559472e+00 1.839539040497169653e+00 1.783087437315015844e+00
2.700000000000000000e+01 3.199925926760045058e+00 2.732984481612767524e+00 3.707322702312001894e+00 2.630453034048423788e+00 3.170783111894467154e+00 2.617912622195889938e+00 2.568263078141875155e+00 2.572961266793404533e+00 2.610990862074745067e+00 2.556545456068167965e+00 2.570252471548530870e+00 2.535983963879647973e+00 2.533669154301564141e+00 3.693809164320403404e+00 2.491275854433865788e+00 3.596470468196171666e+00 3.619663509202652563e+00 3.576945810786344992e+00 3.562988331201768055e+00 3.552048549518199039e+00 3.585303638783137181e+00 3.448626727345365239e+00 3.496505574629519941e+00 3.369482181305120783e+00 2.376582903454027118e+00 2.503739141874875784e+00 0.000000000000000000e+00 2.015082768330491714e+00 2.055764296495602217e+00 2.118050058233392097e+00 1.991923807360334253e+00 1.878790606231691473e+00
2.800000000000000000e+01 1.868048257487062269e+00 1.412329162806655880e+00 2.407360175101044053e+00 1.325144730467937126e+00 1.869781287313150742e+00 1.321080181589969538e+00 1.269249507751586403e+00 1.284602985708821699e+00 1.302549105303723476e+00 1.263847005634286536e+00 1.266327926187692299e+00 1.236838289692276938e+00 1.188939545881426252e+00 2.585799409381419611e+00 1.138616206069884562e+00 2.456851464592776590e+00 2.518896005595893772e+00 2.468570445771641086e+00 2.527393122101187384e+00 2.488648281386920846e+00 2.229500953121059670e+00 2.398499722286276725e+00 2.130184052361595359e+00 1.994421224578400764e+00 1.338335710596815442e+00 1.853751608629856662e+00 2.015082768330491714e+00 0.000000000000000000e+00 5.329011586165803838e-01 6.839583027489197775e-01 5.899471278483388037e-01 8.360560630291011819e-01
2.900000000000000000e+01 1.838487026918074863e+00 1.385709416256387660e+00 2.386032035046876665e+00 1.302555128699008913e+00 1.848289242883413452e+00 1.300662771712341792e+00 1.248358678945966416e+00 1.266136991796247946e+00 1.279291208425464399e+00 1.244471290688822007e+00 1.244424861551242101e+00 1.216192957731243807e+00 1.156592689650557615e+00 2.591540113918438415e+00 1.104474194718168212e+00 2.463705718599774386e+00 2.527588084982334671e+00 2.478796619495726716e+00 2.541075270559102428e+00 2.502255177028268385e+00 2.198300669094573223e+00 2.417915501012764423e+00 2.097340218173398441e+00 1.960961373432953403e+00 1.385071252057366253e+00 1.897013219466546330e+00 2.055764296495602217e+00 5.329011586165803838e-01 0.000000000000000000e+00 6.144078291733077180e-01 6.324338481417097757e-01 8.738509622592318671e-01
3.000000000000000000e+01 1.800330450319854947e+00 1.354138004093721204e+00 2.365727966693311757e+00 1.279746154636762778e+00 1.827785518545660182e+00 1.282419871823485824e+00 1.229256099676562020e+00 1.251655207496015443e+00 1.255325890940971689e+00 1.228369819599670620e+00 1.223658132015212896e+00 1.198067957007317386e+00 1.114540439668350036e+00 2.611347897188803557e+00 1.059965810579400092e+00 2.485990406865040470e+00 2.551629840243738734e+00 2.505235977790219337e+00 2.571115857515114733e+00 2.532646402284601805e+00 2.173946959204789309e+00 2.456129962149493196e+00 2.076686406103536164e+00 1.949467371606008470e+00 1.456160044137978726e+00 1.962754242984559472e+00 2.118050058233392097e+00 6.839583027489197775e-01 6.144078291733077180e-01 0.000000000000000000e+00 7.099076625169165045e-01 9.320923639853848641e-01
3.100000000000000000e+01 1.900226455902487954e+00 1.444801501586078674e+00 2.440064805113968838e+00 1.357906121285382683e+00 1.902576402105937481e+00 1.353914267204654687e+00 1.302153596227171528e+00 1.317284716271755807e+00 1.335438947396897502e+00 1.296690038099497899e+00 1.299475296591207973e+00 1.270037725146259122e+00 1.222046176263816841e+00 2.604551829041626299e+00 1.172304101483924166e+00 2.478812556520861854e+00 2.537232638710199772e+00 2.487750065617076345e+00 2.539958377496065012e+00 2.503788889892150316e+00 2.269952203093967391e+00 2.412568188777243883e+00 2.173614815528623012e+00 2.042202798091022231e+00 1.340124548861627796e+00 1.839539040497169653e+00 1.991923807360334253e+00 5.899471278483388037e-01 6.324338481417097757e-01 7.099076625169165045e-01 0.000000000000000000e+00 7.846871318676522655e-01
3.200000000000000000e+01 2.065623124376831932e+00 1.604635410596118028e+00 2.589774417480765756e+00 1.510164829276249954e+00 2.052733516159151783e+00 1.502031094295587454e+00 1.451284288335720873e+00 1.461393303825630152e+00 1.489142206364362231e+00 1.442799739940060277e+00 1.450847591477613552e+00 1.419061574539624893e+00 1.393257180752901725e+00 2.671919002640947838e+00 1.347123372390121254e+00 2.557855199107950561e+00 2.601050741737055638e+00 2.554022257747859292e+00 2.577368354531215822e+00 2.552121574057742315e+00 2.443242845543386110e+00 2.454710253191648484e+00 2.350825213585985729e+00 2.221898426361442525e+00 1.354267851656470345e+00 1.783087437315015844e+00 1.878790606231691473e+00 8.360560630291011819e-01 8.738509622592318671e-01 9.320923639853848641e-01 7.846871318676522655e-01 0.000000000000000000e+00
