0.000000000000000000e+00 1.000000000000000000e+00 2.000000000000000000e+00 3.000000000000000000e+00 4.000000000000000000e+00 5.000000000000000000e+00 6.000000000000000000e+00 7.000000000000000000e+00 8.000000000000000000e+00 9.000000000000000000e+00 1.000000000000000000e+01 1.100000000000000000e+01 1.200000000000000000e+01 1.300000000000000000e+01 1.400000000000000000e+01 1.500000000000000000e+01 1.600000000000000000e+01 1.700000000000000000e+01 1.800000000000000000e+01 1.900000000000000000e+01 2.000000000000000000e+01 2.100000000000000000e+01 2.200000000000000000e+01 2.300000000000000000e+01 2.400000000000000000e+01 2.500000000000000000e+01 2.600000000000000000e+01 2.700000000000000000e+01 2.800000000000000000e+01 2.900000000000000000e+01 3.000000000000000000e+01 3.100000000000000000e+01 3.200000000000000000e+01
1.000000000000000000e+00 0.000000000000000000e+00 8.665824319582848823e-01 9.697163143203865188e-01 9.528775150404299454e-01 9.665120308330240606e-01 9.747419383226418876e-01 9.684038660890413874e-01 9.921597988932324697e-01 9.414261029612003284e-01 9.829542347064390562e-01 9.589850511679884892e-01 9.707835675438033496e-01 9.492284997886375475e-01 1.146213610189892096e+00 8.904661380938168058e-01 1.080359278952575774e+00 1.106362572494329344e+00 1.087985433415036063e+00 1.140739905346348948e+00 1.103927979243063628e+00 9.634666822921067464e-01 1.083981435156550654e+00 9.670006611960533238e-01 9.792622756740744228e-01 1.047066641588847435e+00 1.055333781686586425e+00 1.062394902960316356e+00 9.801779983579322897e-01 9.697754113627869987e-01 7.556836451434356672e-01 8.949548420390405212e-01 9.438849983305290792e-01
2.000000000000000000e+00 8.665824319582848823e-01 0.000000000000000000e+00 8.321204975220443112e-01 8.035678008108794179e-01 8.267340215905402134e-01 8.395875224906990120e-01 8.302628027863380167e-01 8.646547274074860567e-01 7.835344809543396405e-01 8.523718225341334609e-01 8.204610619842804820e-01 8.384979872979384519e-01 8.319339623004353701e-01 1.042172405246135858e+00 7.978684806160218912e-01 9.776178230448944184e-01 1.003716425229948639e+00 9.860528308795397656e-01 1.039394268136760502e+00 1.002793227889492211e+00 8.698507745519503676e-01 9.846095645925270201e-01 8.756926889029603700e-01 8.881946662812750803e-01 9.537078376503500543e-01 9.632627345391473472e-01 9.711852671008760485e-01 8.921176326372791676e-01 8.823720985375931303e-01 6.702067750719675754e-01 8.088335573201423934e-01 8.573417587614713398e-01
3.000000000000000000e+00 9.697163143203865188e-01 8.321204975220443112e-01 0.000000000000000000e+00 5.994018406271856003e-01 4.613873008708430090e-01 5.760582597319958698e-01 6.280727228834467324e-01 6.624985895149675397e-01 7.318999410771289682e-01 6.516373807717901201e-01 7.390686878928141024e-01 7.245643428598044222e-01 8.362344935262100432e-01 9.706126632999503290e-01 7.936629710161628992e-01 9.129487331073611323e-01 9.385502842491544317e-01 9.243025063295791099e-01 9.791110137673237901e-01 9.437902918402052421e-01 8.520941786803666318e-01 9.329511152472254043e-01 8.611278313748353952e-01 8.730063283693626497e-01 9.246019421118538695e-01 9.383592657736918863e-01 9.492107163064533726e-01 8.821275963367279926e-01 8.745955645560603564e-01 6.683445069647957482e-01 8.048650226466802504e-01 8.517485954265127113e-01
4.000000000000000000e+00 9.528775150404299454e-01 8.035678008108794179e-01 5.994018406271856003e-01 0.000000000000000000e+00 5.682075093870274651e-01 6.408724315352587464e-01 6.347060024318215143e-01 7.146316494453062163e-01 6.838307797870533111e-01 6.922647428274839587e-01 7.169672305821845892e-01 7.184495021714575325e-01 8.196562168238117341e-01 9.805030759527533224e-01 7.841631808158946448e-01 9.205354288049476530e-01 9.464867535552754507e-01 9.311699569553324451e-01 9.857872638440166035e-01 9.500118882131527442e-01 8.457296799972497947e-01 9.370958281848638105e-01 8.547105839706159447e-01 8.669257228779115865e-01 9.229046900180208901e-01 9.357050009832585946e-01 9.458603655262287635e-01 8.756524230221053307e-01 8.676011536757590736e-01 6.600700248880708720e-01 7.970726070552054399e-01 8.443831801739980492e-01
5.000000000000000000e+00 9.665120308330240606e-01 8.267340215905402134e-01 4.613873008708430090e-01 5.682075093870274651e-01 0.000000000000000000e+00 5.466653189831365278e-01 5.901334434264077222e-01 6.623177277425673637e-01 7.133098580764816177e-01 6.388136512936350986e-01 7.208511146155902605e-01 7.066590697011979616e-01 8.264036130041920725e-01 9.675916163088114086e-01 7.857688815315206909e-01 9.090716794551001456e-01 9.348957736044838374e-01 9.202935185741489832e-01 9.751816552313448128e-01 9.396809118134008543e-01 8.445090562302417503e-01 9.282727629116893642e-01 8.537692743300182574e-01 8.657647422631568057e-01 9.186058386468487491e-01 9.322120882977207312e-01 9.429368730316138869e-01 8.751447620578262088e-01 8.675221215680573028e-01 6.610951325061533712e-01 7.976948441715978610e-01 8.446767628445459586e-01
6.000000000000000000e+00 9.747419383226418876e-01 8.395875224906990120e-01 5.760582597319958698e-01 6.408724315352587464e-01 5.466653189831365278e-01 0.000000000000000000e+00 5.318363445868329320e-01 6.003583132453989002e-01 7.197497438960329674e-01 5.466629779350125062e-01 7.072369656961694506e-01 6.771287036132286330e-01 8.205348597850632419e-01 9.512175413972270288e-01 7.771671265291821840e-01 8.929129997534686058e-01 9.189335532015083796e-01 9.045400637159550783e-01 9.598189521220907849e-01 9.243344531468813408e-01 8.335568280426193244e-01 9.136283346249665094e-01 8.433237241177888865e-01 8.552401529239451738e-01 9.066174780639957298e-01 9.208090858186874783e-01 9.319204157670326616e-01 8.655425586820569839e-01 8.582172698881695982e-01 6.526273601025942561e-01 7.889404965746120713e-01 8.357324418135647637e-01
7.000000000000000000e+00 9.684038660890413874e-01 8.302628027863380167e-01 6.280727228834467324e-01 6.347060024318215143e-01 5.901334434264077222e-01 5.318363445868329320e-01 0.000000000000000000e+00 6.460298911134891853e-01 6.860276278228696345e-01 5.808846400615732541e-01 6.658181001820147049e-01 6.336067640730386197e-01 8.029472938063488829e-01 9.507383444439192477e-01 7.642246604640035024e-01 8.905938781570856833e-01 9.170218785657688887e-01 9.018263769805887620e-01 9.571606686818117105e-01 9.212951440699304051e-01 8.216889613333786535e-01 9.091963266471665417e-01 8.319406067710992669e-01 8.441588853233109591e-01 8.987009786643360698e-01 9.124331562311296384e-01 9.231820880951377983e-01 8.549283121722700551e-01 8.473394870889279229e-01 6.411919086216901764e-01 7.777396339874846909e-01 8.247906403870775005e-01
8.000000000000000000e+00 9.921597988932324697e-01 8.646547274074860567e-01 6.624985895149675397e-01 7.146316494453062163e-01 6.623177277425673637e-01 6.003583132453989002e-01 6.460298911134891853e-01 0.000000000000000000e+00 7.611307694530484724e-01 5.333202484284136347e-01 7.375739142168951101e-01 6.989883004278155676e-01 8.327432927066900081e-01 9.299574032911113175e-01 7.809044360290102738e-01 8.741217265397382974e-01 8.999154471293320245e-01 8.867588710323941470e-01 9.424855776214244862e-01 9.074782190473267285e-01 8.332858662077589074e-01 8.993669492115801134e-01 8.430123991316762488e-01 8.544423766335301762e-01 8.999810556915674997e-01 9.154619200532814194e-01 9.274988258665020080e-01 8.652091269715235233e-01 8.585761221706658120e-01 6.546948628925250979e-01 7.903664401186452082e-01 8.366001141008636566e-01
9.000000000000000000e+00 9.414261029612003284e-01 7.835344809543396405e-01 7.318999410771289682e-01 6.838307797870533111e-01 7.133098580764816177e-01 7.197497438960329674e-01 6.860276278228696345e-01 7.611307694530484724e-01 0.000000000000000000e+00 7.342537179689303528e-01 6.285428303333830957e-01 6.853092567189015272e-01 7.583498802741492906e-01 9.728763101155448734e-01 7.438969163520074979e-01 9.089345751305459853e-01 9.356096957434074657e-01 9.185010063547167647e-01 9.729872681099474008e-01 9.364106041220612298e-01 8.108127935362174910e-01 9.201682044846146713e-01 8.205693645474962938e-01 8.335201478258978947e-01 8.970223727140778092e-01 9.084656486814035592e-01 9.176064307131603925e-01 8.425838428079347464e-01 8.337809714848052334e-01 6.245067287709038517e-01 7.621945784352763820e-01 8.101660811849473731e-01
1.000000000000000000e+01 9.829542347064390562e-01 8.523718225341334609e-01 6.516373807717901201e-01 6.922647428274839587e-01 6.388136512936350986e-01 5.466629779350125062e-01 5.808846400615732541e-01 5.333202484284136347e-01 7.342537179689303528e-01 0.000000000000000000e+00 7.043708845165890242e-01 6.565288487330674938e-01 8.166995810435007108e-01 9.341181124201780595e-01 7.692366892428914582e-01 8.758913797580425431e-01 9.022119565156601073e-01 8.880059125374817341e-01 9.437975149052388879e-01 9.082943704639290239e-01 8.227581214416348487e-01 8.983560970017665515e-01 8.330107728287663438e-01 8.447980735734087476e-01 8.944069021588481050e-01 9.092889864351916263e-01 9.208527034267317557e-01 8.561111925885728224e-01 8.491348634381390426e-01 6.445240584110893955e-01 7.805018089226398725e-01 8.270740506603142528e-01
1.100000000000000000e+01 9.589850511679884892e-01 8.204610619842804820e-01 7.390686878928141024e-01 7.169672305821845892e-01 7.208511146155902605e-01 7.072369656961694506e-01 6.658181001820147049e-01 7.375739142168951101e-01 6.285428303333830957e-01 7.043708845165890242e-01 0.000000000000000000e+00 5.756773099777036107e-01 7.429788956944729517e-01 9.477137270517881351e-01 7.233845953534148165e-01 8.829997100084763240e-01 9.102712989642232078e-01 8.929980986790093667e-01 9.482018905520668284e-01 9.114044496416546792e-01 7.854572548731848514e-01 8.954607543909929301e-01 7.975155434577370084e-01 8.107961489356779738e-01 8.747901389098424740e-01 8.870706777602734849e-01 8.967115108916374755e-01 8.229545375897239223e-01 8.145505303990627777e-01 6.066334664904953211e-01 7.439091146901919416e-01 7.917185186471278335e-01
1.200000000000000000e+01 9.707835675438033496e-01 8.384979872979384519e-01 7.245643428598044222e-01 7.184495021714575325e-01 7.066590697011979616e-01 6.771287036132286330e-01 6.336067640730386197e-01 6.989883004278155676e-01 6.853092567189015272e-01 6.565288487330674938e-01 5.756773099777036107e-01 0.000000000000000000e+00 7.672153736188496165e-01 9.335573715747631507e-01 7.313167796367503470e-01 8.699991138088938314e-01 8.974753123099079577e-01 8.809073841625481016e-01 9.368208531850088505e-01 9.002058671163255532e-01 7.867934822823976493e-01 8.861248492398210441e-01 7.992388306503377393e-01 8.121070851403128232e-01 8.718685938548571546e-01 8.854596987160039401e-01 8.959859678690798024e-01 8.256654919888494204e-01 8.179398686992624956e-01 6.118532705397023985e-01 7.484839848335433921e-01 7.958291187739114925e-01
1.300000000000000000e+01 9.492284997886375475e-01 8.319339623004353701e-01 8.362344935262100432e-01 8.196562168238117341e-01 8.264036130041920725e-01 8.205348597850632419e-01 8.029472938063488829e-01 8.327432927066900081e-01 7.583498802741492906e-01 8.166995810435007108e-01 7.429788956944729517e-01 7.672153736188496165e-01 0.000000000000000000e+00 9.529296252292416280e-01 6.367509999923759434e-01 8.826848323240668037e-01 9.097950797018110602e-01 8.895530693166093794e-01 9.426741238483904439e-01 9.049246245807531785e-01 7.362433791068401234e-01 8.819190317629992393e-01 7.453563228260626783e-01 7.597484747367918567e-01 8.379972354607634344e-01 8.456130467492650737e-01 8.520787993773601965e-01 7.659338819635307383e-01 7.550997049747067980e-01 5.405574561274979484e-01 6.801601808048172160e-01 7.296427682947104199e-01
1.400000000000000000e+01 1.146213610189892096e+00 1.042172405246135858e+00 9.706126632999503290e-01 9.805030759527533224e-01 9.675916163088114086e-01 9.512175413972270288e-01 9.507383444439192477e-01 9.299574032911113175e-01 9.728763101155448734e-01 9.341181124201780595e-01 9.477137270517881351e-01 9.335573715747631507e-01 9.529296252292416280e-01 0.000000000000000000e+00 8.508348141046870872e-01 6.555639713298926363e-01 5.730195884216466862e-01 6.453592844631914627e-01 6.071053927826444152e-01 6.365587314196385904e-01 8.945595600054745411e-01 7.139179049248414177e-01 8.968318944769502199e-01 9.033653712123667079e-01 8.435313733144198522e-01 8.667817191346658401e-01 8.886457915344407876e-01 8.974057640428004801e-01 8.976413756057308735e-01 7.060355103480864258e-01 8.355755177463930483e-01 8.719046391047364786e-01
1.500000000000000000e+01 8.904661380938168058e-01 7.978684806160218912e-01 7.936629710161628992e-01 7.841631808158946448e-01 7.857688815315206909e-01 7.771671265291821840e-01 7.642246604640035024e-01 7.809044360290102738e-01 7.438969163520074979e-01 7.692366892428914582e-01 7.233845953534148165e-01 7.313167796367503470e-01 6.367509999923759434e-01 8.508348141046870872e-01 0.000000000000000000e+00 7.769850354010361393e-01 8.038943076941109656e-01 7.817030720051336701e-01 8.333042404707720063e-01 7.949598772539385738e-01 6.006260846359789962e-01 7.672024144137294943e-01 6.051501013587259337e-01 6.201219776012002471e-01 7.071997971658352533e-01 7.114292860778357319e-01 7.156205257048375845e-01 6.209414218931689211e-01 6.083455327928763978e-01 3.888717427483117106e-01 5.301875892925558276e-01 5.808186369826686679e-01
1.600000000000000000e+01 1.080359278952575774e+00 9.776178230448944184e-01 9.129487331073611323e-01 9.205354288049476530e-01 9.090716794551001456e-01 8.929129997534686058e-01 8.905938781570856833e-01 8.741217265397382974e-01 9.089345751305459853e-01 8.758913797580425431e-01 8.829997100084763240e-01 8.699991138088938314e-01 8.826848323240668037e-01 6.555639713298926363e-01 7.769850354010361393e-01 0.000000000000000000e+00 5.481899445262949921e-01 4.617837984560853037e-01 6.507661193770595265e-01 5.783293547778347587e-01 8.189033757842185679e-01 6.171718661426657260e-01 8.205150026581506939e-01 8.263143393876625220e-01 7.635529279083166365e-01 7.925927224027959905e-01 8.161876185971002062e-01 8.197413670383529860e-01 8.207433952424303403e-01 6.310797009672584057e-01 7.600594575490124960e-01 7.971316908357946041e-01
1.700000000000000000e+01 1.106362572494329344e+00 1.003716425229948639e+00 9.385502842491544317e-01 9.464867535552754507e-01 9.348957736044838374e-01 9.189335532015083796e-01 9.170218785657688887e-01 8.999154471293320245e-01 9.356096957434074657e-01 9.022119565156601073e-01 9.102712989642232078e-01 8.974753123099079577e-01 9.097950797018110602e-01 5.730195884216466862e-01 8.038943076941109656e-01 5.481899445262949921e-01 0.000000000000000000e+00 5.052663511416319864e-01 5.622533011844110806e-01 5.097990832296128705e-01 8.474685255668856776e-01 6.266376026970594815e-01 8.489798543587434576e-01 8.550719017779849773e-01 7.840778752015395980e-01 8.094172090787239426e-01 8.326625348553651218e-01 8.470022930335304734e-01 8.479369848900157880e-01 6.574893222006397142e-01 7.864435381683503312e-01 8.219945929841050436e-01
1.800000000000000000e+01 1.087985433415036063e+00 9.860528308795397656e-01 9.243025063295791099e-01 9.311699569553324451e-01 9.202935185741489832e-01 9.045400637159550783e-01 9.018263769805887620e-01 8.867588710323941470e-01 9.185010063547167647e-01 8.880059125374817341e-01 8.929980986790093667e-01 8.809073841625481016e-01 8.895530693166093794e-01 6.453592844631914627e-01 7.817030720051336701e-01 4.617837984560853037e-01 5.052663511416319864e-01 0.000000000000000000e+00 6.118375306956216342e-01 5.050586506582450674e-01 8.247881369347260794e-01 5.779168448401004188e-01 8.258824594230327332e-01 8.316288112372701713e-01 7.564556920724929689e-01 7.849308470168023799e-01 8.092983310106189876e-01 8.226740885663582636e-01 8.240617964351082403e-01 6.345637210184162935e-01 7.631809954774988469e-01 7.988711344569034978e-01
1.900000000000000000e+01 1.140739905346348948e+00 1.039394268136760502e+00 9.791110137673237901e-01 9.857872638440166035e-01 9.751816552313448128e-01 9.598189521220907849e-01 9.571606686818117105e-01 9.424855776214244862e-01 9.729872681099474008e-01 9.437975149052388879e-01 9.482018905520668284e-01 9.368208531850088505e-01 9.426741238483904439e-01 6.071053927826444152e-01 8.333042404707720063e-01 6.507661193770595265e-01 5.622533011844110806e-01 6.118375306956216342e-01 0.000000000000000000e+00 5.345807555310033710e-01 8.786320496491786258e-01 6.384649082968059108e-01 8.793938021731930732e-01 8.854606108661936537e-01 7.971311294309013640e-01 8.182128789514881984e-01 8.415172526625445126e-01 8.740885587380103905e-01 8.754557089454386709e-01 6.849654596956971098e-01 8.134368662029767272e-01 8.464220206031300986e-01
2.000000000000000000e+01 1.103927979243063628e+00 1.002793227889492211e+00 9.437902918402052421e-01 9.500118882131527442e-01 9.396809118134008543e-01 9.243344531468813408e-01 9.212951440699304051e-01 9.074782190473267285e-01 9.364106041220612298e-01 9.082943704639290239e-01 9.114044496416546792e-01 9.002058671163255532e-01 9.049246245807531785e-01 6.365587314196385904e-01 7.949598772539385738e-01 5.783293547778347587e-01 5.097990832296128705e-01 5.050586506582450674e-01 5.345807555310033710e-01 0.000000000000000000e+00 8.395860609253960050e-01 5.582180253834747585e-01 8.402084633472539643e-01 8.460297014125960358e-01 7.573968921839369095e-01 7.827963508137807391e-01 8.073974510842056862e-01 8.346208851577950893e-01 8.362639867675121241e-01 6.465251400539164806e-01 7.748382247852294569e-01 8.085819445746573741e-01
2.100000000000000000e+01 9.634666822921067464e-01 8.698507745519503676e-01 8.520941786803666318e-01 8.457296799972497947e-01 8.445090562302417503e-01 8.335568280426193244e-01 8.216889613333786535e-01 8.332858662077589074e-01 8.108127935362174910e-01 8.227581214416348487e-01 7.854572548731848514e-01 7.867934822823976493e-01 7.362433791068401234e-01 8.945595600054745411e-01 6.006260846359789962e-01 8.189033757842185679e-01 8.474685255668856776e-01 8.247881369347260794e-01 8.786320496491786258e-01 8.395860609253960050e-01 0.000000000000000000e+00 8.125945187282408444e-01 5.435324339008194006e-01 6.068640416991152309e-01 7.613242028586171273e-01 7.700021623113355584e-01 7.767327851126115679e-01 6.843860592970100187e-01 6.736609306461727176e-01 4.645491028326729221e-01 6.032697957612505046e-01 6.537049108103556438e-01
2.200000000000000000e+01 1.083981435156550654e+00 9.846095645925270201e-01 9.329511152472254043e-01 9.370958281848638105e-01 9.282727629116893642e-01 9.136283346249665094e-01 9.091963266471665417e-01 8.993669492115801134e-01 9.201682044846146713e-01 8.983560970017665515e-01 8.954607543909929301e-01 8.861248492398210441e-01 8.819190317629992393e-01 7.139179049248414177e-01 7.672024144137294943e-01 6.171718661426657260e-01 6.266376026970594815e-01 5.779168448401004188e-01 6.384649082968059108e-01 5.582180253834747585e-01 8.125945187282408444e-01 0.000000000000000000e+00 8.121159465862830551e-01 8.174462491868684788e-01 7.064920941812007360e-01 7.384229157252348852e-01 7.666019575606031200e-01 8.019500403635769770e-01 8.047092132434319200e-01 6.164862687144847531e-01 7.439138501241981949e-01 7.765200795186326665e-01
2.300000000000000000e+01 9.670006611960533238e-01 8.756926889029603700e-01 8.611278313748353952e-01 8.547105839706159447e-01 8.537692743300182574e-01 8.433237241177888865e-01 8.319406067710992669e-01 8.430123991316762488e-01 8.205693645474962938e-01 8.330107728287663438e-01 7.975155434577370084e-01 7.992388306503377393e-01 7.453563228260626783e-01 8.968318944769502199e-01 6.051501013587259337e-01 8.205150026581506939e-01 8.489798543587434576e-01 8.258824594230327332e-01 8.793938021731930732e-01 8.402084633472539643e-01 5.435324339008194006e-01 8.121159465862830551e-01 0.000000000000000000e+00 5.117469750981497034e-01 7.573737040853449898e-01 7.659694351147643410e-01 7.725543386867801399e-01 6.765844547144447274e-01 6.654509710622702467e-01 4.587923858004725464e-01 5.972805501856357502e-01 6.482621240942481045e-01
2.400000000000000000e+01 9.792622756740744228e-01 8.881946662812750803e-01 8.730063283693626497e-01 8.669257228779115865e-01 8.657647422631568057e-01 8.552401529239451738e-01 8.441588853233109591e-01 8.544423766335301762e-01 8.335201478258978947e-01 8.447980735734087476e-01 8.107961489356779738e-01 8.121070851403128232e-01 7.597484747367918567e-01 9.033653712123667079e-01 6.201219776012002471e-01 8.263143393876625220e-01 8.550719017779849773e-01 8.316288112372701713e-01 8.854606108661936537e-01 8.460297014125960358e-01 6.068640416991152309e-01 8.174462491868684788e-01 5.117469750981497034e-01 0.000000000000000000e+00 7.626587634993922116e-01 7.726057220672462034e-01 7.798930780392678841e-01 6.809045329241129041e-01 6.698347156337238761e-01 4.695532122430745581e-01 6.069064769683110150e-01 6.583992290227786981e-01
2.500000000000000000e+01 1.047066641588847435e+00 9.537078376503500543e-01 9.246019421118538695e-01 9.229046900180208901e-01 9.186058386468487491e-01 9.066174780639957298e-01 8.987009786643360698e-01 8.999810556915674997e-01 8.970223727140778092e-01 8.944069021588481050e-01 8.747901389098424740e-01 8.718685938548571546e-01 8.379972354607634344e-01 8.435313733144198522e-01 7.071997971658352533e-01 7.635529279083166365e-01 7.840778752015395980e-01 7.564556920724929689e-01 7.971311294309013640e-01 7.573968921839369095e-01 7.613242028586171273e-01 7.064920941812007360e-01 7.573737040853449898e-01 7.626587634993922116e-01 0.000000000000000000e+00 5.833286240664292688e-01 6.523456712249238176e-01 7.258330052073492800e-01 7.332494213502342983e-01 5.473634674166540925e-01 6.710271718527693885e-01 6.967200852024273416e-01
2.600000000000000000e+01 1.055333781686586425e+00 9.632627345391473472e-01 9.383592657736918863e-01 9.357050009832585946e-01 9.322120882977207312e-01 9.208090858186874783e-01 9.124331562311296384e-01 9.154619200532814194e-01 9.084656486814035592e-01 9.092889864351916263e-01 8.870706777602734849e-01 8.854596987160039401e-01 8.456130467492650737e-01 8.667817191346658401e-01 7.114292860778357319e-01 7.925927224027959905e-01 8.094172090787239426e-01 7.849308470168023799e-01 8.182128789514881984e-01 7.827963508137807391e-01 7.700021623113355584e-01 7.384229157252348852e-01 7.659694351147643410e-01 7.726057220672462034e-01 5.833286240664292688e-01 0.000000000000000000e+00 5.297445085898087047e-01 7.391508493723130124e-01 7.426938353423320205e-01 5.492659150032654924e-01 6.746082970343745266e-01 6.856386668317571154e-01
2.700000000000000000e+01 1.062394902960316356e+00 9.711852671008760485e-01 9.492107163064533726e-01 9.458603655262287635e-01 9.429368730316138869e-01 9.319204157670326616e-01 9.231820880951377983e-01 9.274988258665020080e-01 9.176064307131603925e-01 9.208527034267317557e-01 8.967115108916374755e-01 8.959859678690798024e-01 8.520787993773601965e-01 8.886457915344407876e-01 7.156205257048375845e-01 8.161876185971002062e-01 8.326625348553651218e-01 8.092983310106189876e-01 8.415172526625445126e-01 8.073974510842056862e-01 7.767327851126115679e-01 7.666019575606031200e-01 7.725543386867801399e-01 7.798930780392678841e-01 6.523456712249238176e-01 5.297445085898087047e-01 0.000000000000000000e+00 7.486895228342577147e-01 7.497653286056353839e-01 5.519778739809000356e-01 6.785023615645047190e-01 6.795573376657415565e-01
2.800000000000000000e+01 9.801779983579322897e-01 8.921176326372791676e-01 8.821275963367279926e-01 8.756524230221053307e-01 8.751447620578262088e-01 8.655425586820569839e-01 8.549283121722700551e-01 8.652091269715235233e-01 8.425838428079347464e-01 8.561111925885728224e-01 8.229545375897239223e-01 8.256654919888494204e-01 7.659338819635307383e-01 8.974057640428004801e-01 6.209414218931689211e-01 8.197413670383529860e-01 8.470022930335304734e-01 8.226740885663582636e-01 8.740885587380103905e-01 8.346208851577950893e-01 6.843860592970100187e-01 8.019500403635769770e-01 6.765844547144447274e-01 6.809045329241129041e-01 7.258330052073492800e-01 7.391508493723130124e-01 7.486895228342577147e-01 0.000000000000000000e+00 5.221739804531910778e-01 4.508704944489168032e-01 5.426900229507563012e-01 6.337700617719832508e-01
2.900000000000000000e+01 9.697754113627869987e-01 8.823720985375931303e-01 8.745955645560603564e-01 8.676011536757590736e-01 8.675221215680573028e-01 8.582172698881695982e-01 8.473394870889279229e-01 8.585761221706658120e-01 8.337809714848052334e-01 8.491348634381390426e-01 8.145505303990627777e-01 8.179398686992624956e-01 7.550997049747067980e-01 8.976413756057308735e-01 6.083455327928763978e-01 8.207433952424303403e-01 8.479369848900157880e-01 8.240617964351082403e-01 8.754557089454386709e-01 8.362639867675121241e-01 6.736609306461727176e-01 8.047092132434319200e-01 6.654509710622702467e-01 6.698347156337238761e-01 7.332494213502342983e-01 7.426938353423320205e-01 7.497653286056353839e-01 5.221739804531910778e-01 0.000000000000000000e+00 4.346679476226578132e-01 5.497327023510356625e-01 6.249885093995413143e-01
3.000000000000000000e+01 7.556836451434356672e-01 6.702067750719675754e-01 6.683445069647957482e-01 6.600700248880708720e-01 6.610951325061533712e-01 6.526273601025942561e-01 6.411919086216901764e-01 6.546948628925250979e-01 6.245067287709038517e-01 6.445240584110893955e-01 6.066334664904953211e-01 6.118532705397023985e-01 5.405574561274979484e-01 7.060355103480864258e-01 3.888717427483117106e-01 6.310797009672584057e-01 6.574893222006397142e-01 6.345637210184162935e-01 6.849654596956971098e-01 6.465251400539164806e-01 4.645491028326729221e-01 6.164862687144847531e-01 4.587923858004725464e-01 4.695532122430745581e-01 5.473634674166540925e-01 5.492659150032654924e-01 5.519778739809000356e-01 4.508704944489168032e-01 4.346679476226578132e-01 0.000000000000000000e+00 3.577806344192131505e-01 4.094594346742206348e-01
3.100000000000000000e+01 8.949548420390405212e-01 8.088335573201423934e-01 8.048650226466802504e-01 7.970726070552054399e-01 7.976948441715978610e-01 7.889404965746120713e-01 7.777396339874846909e-01 7.903664401186452082e-01 7.621945784352763820e-01 7.805018089226398725e-01 7.439091146901919416e-01 7.484839848335433921e-01 6.801601808048172160e-01 8.355755177463930483e-01 5.301875892925558276e-01 7.600594575490124960e-01 7.864435381683503312e-01 7.631809954774988469e-01 8.134368662029767272e-01 7.748382247852294569e-01 6.032697957612505046e-01 7.439138501241981949e-01 5.972805501856357502e-01 6.069064769683110150e-01 6.710271718527693885e-01 6.746082970343745266e-01 6.785023615645047190e-01 5.426900229507563012e-01 5.497327023510356625e-01 3.577806344192131505e-01 0.000000000000000000e+00 5.406266664160208624e-01
3.200000000000000000e+01 9.438849983305290792e-01 8.573417587614713398e-01 8.517485954265127113e-01 8.443831801739980492e-01 8.446767628445459586e-01 8.357324418135647637e-01 8.247906403870775005e-01 8.366001141008636566e-01 8.101660811849473731e-01 8.270740506603142528e-01 7.917185186471278335e-01 7.958291187739114925e-01 7.296427682947104199e-01 8.719046391047364786e-01 5.808186369826686679e-01 7.971316908357946041e-01 8.219945929841050436e-01 7.988711344569034978e-01 8.464220206031300986e-01 8.085819445746573741e-01 6.537049108103556438e-01 7.765200795186326665e-01 6.482621240942481045e-01 6.583992290227786981e-01 6.967200852024273416e-01 6.856386668317571154e-01 6.795573376657415565e-01 6.337700617719832508e-01 6.249885093995413143e-01 4.094594346742206348e-01 5.406266664160208624e-01 0.000000000000000000e+00
