0.000000000000000000e+00 1.000000000000000000e+00 2.000000000000000000e+00 3.000000000000000000e+00 4.000000000000000000e+00 5.000000000000000000e+00 6.000000000000000000e+00 7.000000000000000000e+00 8.000000000000000000e+00 9.000000000000000000e+00 1.000000000000000000e+01 1.100000000000000000e+01 1.200000000000000000e+01 1.300000000000000000e+01 1.400000000000000000e+01 1.500000000000000000e+01 1.600000000000000000e+01 1.700000000000000000e+01 1.800000000000000000e+01 1.900000000000000000e+01 2.000000000000000000e+01 2.100000000000000000e+01 2.200000000000000000e+01 2.300000000000000000e+01 2.400000000000000000e+01 2.500000000000000000e+01 2.600000000000000000e+01 2.700000000000000000e+01 2.800000000000000000e+01 2.900000000000000000e+01 3.000000000000000000e+01 3.100000000000000000e+01 3.200000000000000000e+01
1.000000000000000000e+00 0.000000000000000000e+00 8.681502282769247847e-01 9.822185863512394866e-01 9.631348112034479048e-01 9.790250185267750371e-01 9.895858553209313513e-01 9.828810162462199296e-01 1.010746793962519874e+00 9.511053089427068397e-01 1.000508291149041717e+00 9.737993162903363364e-01 9.885075890746413130e-01 9.663563850561721624e-01 1.219230818367323277e+00 9.987858543312321258e-01 1.157328429736721898e+00 1.186290924930882396e+00 1.170755505463224821e+00 1.230704300099499715e+00 1.193624898517487543e+00 1.035448043469207713e+00 1.184599558970899302e+00 1.047507176060377132e+00 1.058956541667226636e+00 1.205002648637864660e+00 1.246807123935919970e+00 1.279731369912628036e+00 1.163367455201523404e+00 1.151627920671605576e+00 1.146299898522198601e+00 1.201051006179875813e+00 1.315447554621455906e+00
2.000000000000000000e+00 8.681502282769247847e-01 0.000000000000000000e+00 8.374965979339000777e-01 8.073877873170642872e-01 8.320514129703580064e-01 8.464533912547285155e-01 8.367408128118690724e-01 8.743258545779104551e-01 7.867307381072876638e-01 8.611378762491757044e-01 8.268138790617604039e-01 8.469633493716128836e-01 8.407070899856331492e-01 1.100226405799895169e+00 8.868266464425130780e-01 1.039198836865745879e+00 1.068186925729872838e+00 1.053133847915691312e+00 1.113396405726031269e+00 1.076481440836700498e+00 9.242427065839005085e-01 1.068611443505135483e+00 9.390712499330484686e-01 9.513749859172235812e-01 1.092783690939662211e+00 1.135030286550940071e+00 1.168261549100516827e+00 1.056515230799952798e+00 1.046214903795768869e+00 1.044193262614389051e+00 1.094434763186525217e+00 1.206161849194515634e+00
3.000000000000000000e+00 9.822185863512394866e-01 8.374965979339000777e-01 0.000000000000000000e+00 5.995640122754541945e-01 4.613921079716714058e-01 5.761496241559784792e-01 6.281655024455149450e-01 6.631339438311152357e-01 7.327190445615330283e-01 6.520426813037838443e-01 7.397659439297278317e-01 7.251765193767241158e-01 8.444350573218509792e-01 1.002047395051476109e+00 8.732097086654154738e-01 9.468848249433903241e-01 9.749195942453903196e-01 9.626448405285090715e-01 1.023216225604748342e+00 9.875399026626123788e-01 8.857564545445431037e-01 9.850398236957396136e-01 9.017379590665781652e-01 9.120198023063832427e-01 1.023701670551405041e+00 1.066949987693352364e+00 1.101050930067752009e+00 1.005615383945080543e+00 9.996163124046630877e-01 1.005867465530221994e+00 1.043212417672880754e+00 1.146098720680920779e+00
4.000000000000000000e+00 9.631348112034479048e-01 8.073877873170642872e-01 5.995640122754541945e-01 0.000000000000000000e+00 5.683423111576348941e-01 6.413296935747638816e-01 6.350504597889995440e-01 7.160605930051859858e-01 6.841305523142968692e-01 6.933001607545523637e-01 7.176036979128220805e-01 7.194342982235233386e-01 8.264261330115646453e-01 1.016465558379959777e+00 8.620608950721663222e-01 9.591935709027352708e-01 9.877039549490127524e-01 9.744911989645501649e-01 1.035159973437906888e+00 9.990264731628835104e-01 8.812377974687131132e-01 9.948911502934221218e-01 8.978791901480629445e-01 9.090962025557611792e-01 1.029593364294773217e+00 1.072667176615755613e+00 1.106573300787226710e+00 1.006920767024113372e+00 9.999230904429015077e-01 1.004446668657771768e+00 1.044731587169882125e+00 1.149832126823624678e+00
5.000000000000000000e+00 9.790250185267750371e-01 8.320514129703580064e-01 4.613921079716714058e-01 5.683423111576348941e-01 0.000000000000000000e+00 5.467630129035359055e-01 5.902081478480870613e-01 6.630033754129023293e-01 7.140309250328684687e-01 6.392408285522570566e-01 7.214424868012895287e-01 7.072141163347134274e-01 8.342338946836055369e-01 9.996118927123331943e-01 8.643074807726797149e-01 9.436131904564999395e-01 9.718983855311120745e-01 9.592863659246892993e-01 1.019993391095110891e+00 9.841327016216612211e-01 8.779027020491343425e-01 9.811342149640567278e-01 8.942887747469596693e-01 9.048676618524638116e-01 1.018804629610507106e+00 1.062051836427602813e+00 1.096121878639134462e+00 9.997366367442641621e-01 9.935596388166785253e-01 9.995745827957522867e-01 1.037428276516533465e+00 1.140786298723681869e+00
6.000000000000000000e+00 9.895858553209313513e-01 8.464533912547285155e-01 5.761496241559784792e-01 6.413296935747638816e-01 5.467630129035359055e-01 0.000000000000000000e+00 5.318700186647998818e-01 6.006390599312818601e-01 7.209828176474213368e-01 5.467795495588489985e-01 7.079012185085603592e-01 6.774535569479596120e-01 8.291771040759962075e-01 9.804621557897195139e-01 8.554536167951064529e-01 9.245390856788904266e-01 9.529610380902078237e-01 9.404713197067797736e-01 1.001415970011299894e+00 9.655648899888620296e-01 8.649252393289279528e-01 9.630027447490521197e-01 8.815118179932934783e-01 8.918200612228195379e-01 1.002249149587385535e+00 1.045663761829595417e+00 1.079852192369639141e+00 9.853896206752261744e-01 9.797732778473942084e-01 9.869106841296046984e-01 1.023084525991578619e+00 1.125373735897476246e+00
7.000000000000000000e+00 9.828810162462199296e-01 8.367408128118690724e-01 6.281655024455149450e-01 6.350504597889995440e-01 5.902081478480870613e-01 5.318700186647998818e-01 0.000000000000000000e+00 6.464972007825573463e-01 6.869486203883923281e-01 5.811049621506498841e-01 6.662217269554923105e-01 6.338347343188948102e-01 8.105879186974479511e-01 9.818105203053124619e-01 8.401772439961249228e-01 9.241165545888323507e-01 9.530214032325361462e-01 9.397840455777530799e-01 1.000940842062578273e+00 9.646995016209640728e-01 8.527373061521155151e-01 9.609536075876530248e-01 8.702806772145628145e-01 8.813494420455074696e-01 9.976588284564473774e-01 1.041034421850862701e+00 1.075128954508226098e+00 9.781450802666091793e-01 9.720169639230249459e-01 9.784092601271632272e-01 1.016056570021221628e+00 1.119619330586822281e+00
8.000000000000000000e+00 1.010746793962519874e+00 8.743258545779104551e-01 6.631339438311152357e-01 7.160605930051859858e-01 6.630033754129023293e-01 6.006390599312818601e-01 6.464972007825573463e-01 0.000000000000000000e+00 7.638142123198072841e-01 5.333730728492378503e-01 7.390921828932112136e-01 6.995968204769764665e-01 8.440479713744236667e-01 9.540027984893932889e-01 8.621898546400560415e-01 9.002940214650414497e-01 9.283219039639061254e-01 9.168968073614607306e-01 9.779070554325115516e-01 9.425370164127448991e-01 8.630722290684247344e-01 9.419869997421606023e-01 8.786652010968474258e-01 8.876803774765231747e-01 9.863699165857529039e-01 1.030038875703796153e+00 1.064490414523408202e+00 9.755562948953946378e-01 9.712670301240051707e-01 9.807026707187216363e-01 1.012977905377416388e+00 1.112357333936440762e+00
9.000000000000000000e+00 9.511053089427068397e-01 7.867307381072876638e-01 7.327190445615330283e-01 6.841305523142968692e-01 7.140309250328684687e-01 7.209828176474213368e-01 6.869486203883923281e-01 7.638142123198072841e-01 0.000000000000000000e+00 7.362963889980345122e-01 6.290881542594369824e-01 6.867201439661370088e-01 7.627063829851835619e-01 1.015020285805551037e+00 8.154315729755329256e-01 9.539968062792163472e-01 9.834398745957317889e-01 9.686025078357189955e-01 1.029583878033245359e+00 9.926295738961272708e-01 8.467445754844462602e-01 9.857856893134533394e-01 8.656036386508774161e-01 8.788408146697410661e-01 1.014277126995740019e+00 1.057168948884763315e+00 1.090809562141386913e+00 9.847467776574865272e-01 9.763454813405267885e-01 9.786931092766362195e-01 1.023029652485960117e+00 1.131418273697154975e+00
1.000000000000000000e+01 1.000508291149041717e+00 8.611378762491757044e-01 6.520426813037838443e-01 6.933001607545523637e-01 6.392408285522570566e-01 5.467795495588489985e-01 5.811049621506498841e-01 5.333730728492378503e-01 7.362963889980345122e-01 0.000000000000000000e+00 7.053785404564577588e-01 6.568535316128500945e-01 8.265868847113763129e-01 9.604092496998082318e-01 8.479136260798129099e-01 9.044061550151769602e-01 9.330558191258175871e-01 9.206545356236475186e-01 9.819305366587687267e-01 9.460544837849444999e-01 8.522461701195906958e-01 9.439514511150246534e-01 8.689102570835085526e-01 8.788182519935723302e-01 9.849941949347513770e-01 1.028608433864448779e+00 1.062934934152871769e+00 9.706885181681992325e-01 9.657212464982989353e-01 9.741420811180969697e-01 1.008381530792520131e+00 1.109440056553189224e+00
1.100000000000000000e+01 9.737993162903363364e-01 8.268138790617604039e-01 7.397659439297278317e-01 7.176036979128220805e-01 7.214424868012895287e-01 7.079012185085603592e-01 6.662217269554923105e-01 7.390921828932112136e-01 6.290881542594369824e-01 7.053785404564577588e-01 0.000000000000000000e+00 5.759730898553092615e-01 7.477240919284585674e-01 9.847396484356281121e-01 7.906056188913838101e-01 9.226708592941168519e-01 9.526599462332747681e-01 9.375060943305859595e-01 9.990224063463650772e-01 9.618165498498429944e-01 8.151173022579747407e-01 9.548646750991762744e-01 8.361736423054511036e-01 8.499123578672114210e-01 9.843151306104895859e-01 1.027531026743239595e+00 1.061339445301486162e+00 9.570090772176202965e-01 9.493532591531126386e-01 9.535541719404141414e-01 9.955578525753576713e-01 1.102837507315735488e+00
1.200000000000000000e+01 9.885075890746413130e-01 8.469633493716128836e-01 7.251765193767241158e-01 7.194342982235233386e-01 7.072141163347134274e-01 6.774535569479596120e-01 6.338347343188948102e-01 6.995968204769764665e-01 6.867201439661370088e-01 6.568535316128500945e-01 5.759730898553092615e-01 0.000000000000000000e+00 7.742889506369822206e-01 9.646888446791472838e-01 8.020065880262353675e-01 9.035099770603838287e-01 9.335422479578914245e-01 9.189161980285858178e-01 9.807677767949178893e-01 9.437436702012578227e-01 8.140504408540223391e-01 9.380653873445017332e-01 8.343708175593880227e-01 8.468538567068792933e-01 9.714373020086073396e-01 1.014971504622048881e+00 1.049032465726833063e+00 9.492799511092393505e-01 9.428556279144095775e-01 9.493184511539951576e-01 9.877022170951974545e-01 1.092508177967420169e+00
1.300000000000000000e+01 9.663563850561721624e-01 8.407070899856331492e-01 8.444350573218509792e-01 8.264261330115646453e-01 8.342338946836055369e-01 8.291771040759962075e-01 8.105879186974479511e-01 8.440479713744236667e-01 7.627063829851835619e-01 8.265868847113763129e-01 7.477240919284585674e-01 7.742889506369822206e-01 0.000000000000000000e+00 1.017188337134003362e+00 6.830159947300636913e-01 9.504575255867684369e-01 9.809288381368010956e-01 9.634197653717673226e-01 1.024275553553702700e+00 9.860934756034958060e-01 7.768676892565262726e-01 9.742139395274596048e-01 8.003306959370377616e-01 8.191126096080652008e-01 9.896397731788360019e-01 1.031860325232080600e+00 1.064824479874905805e+00 9.443911570189167382e-01 9.325175987228000452e-01 9.292541361345809658e-01 9.835545143230555176e-01 1.099446311656360864e+00
1.400000000000000000e+01 1.219230818367323277e+00 1.100226405799895169e+00 1.002047395051476109e+00 1.016465558379959777e+00 9.996118927123331943e-01 9.804621557897195139e-01 9.818105203053124619e-01 9.540027984893932889e-01 1.015020285805551037e+00 9.604092496998082318e-01 9.847396484356281121e-01 9.646888446791472838e-01 1.017188337134003362e+00 0.000000000000000000e+00 9.972494384841906756e-01 6.556377857111037599e-01 5.732019945742536926e-01 6.457072670589858454e-01 6.082475560228328693e-01 6.376106066177256171e-01 9.522890488742110637e-01 7.165925299850068875e-01 9.516475742542680472e-01 9.460388650170095115e-01 8.633906158649571339e-01 9.021527331570002861e-01 9.382168237779180409e-01 9.452258201781236213e-01 9.564626393212125599e-01 9.875381158045024588e-01 9.732370299804364855e-01 1.025565855744082322e+00
1.500000000000000000e+01 9.987858543312321258e-01 8.868266464425130780e-01 8.732097086654154738e-01 8.620608950721663222e-01 8.643074807726797149e-01 8.554536167951064529e-01 8.401772439961249228e-01 8.621898546400560415e-01 8.154315729755329256e-01 8.479136260798129099e-01 7.906056188913838101e-01 8.020065880262353675e-01 6.830159947300636913e-01 9.972494384841906756e-01 0.000000000000000000e+00 9.272838106800356250e-01 9.583221908992409777e-01 9.392778829356522863e-01 1.000052760119781947e+00 9.611636524045577001e-01 6.939830641475921436e-01 9.463617962669435002e-01 7.260834605984822776e-01 7.532676827110573736e-01 9.543013282527903485e-01 9.962858717191036551e-01 1.028935348470669808e+00 9.003370763985654168e-01 8.867227982735075287e-01 8.817861577583474553e-01 9.405539046112174617e-01 1.060455583397607038e+00
1.600000000000000000e+01 1.157328429736721898e+00 1.039198836865745879e+00 9.468848249433903241e-01 9.591935709027352708e-01 9.436131904564999395e-01 9.245390856788904266e-01 9.241165545888323507e-01 9.002940214650414497e-01 9.539968062792163472e-01 9.044061550151769602e-01 9.226708592941168519e-01 9.035099770603838287e-01 9.504575255867684369e-01 6.556377857111037599e-01 9.272838106800356250e-01 0.000000000000000000e+00 5.482681868484104992e-01 4.619404480060138596e-01 6.516216909325449613e-01 5.790715590482717889e-01 8.779460084437558098e-01 6.192948503500597113e-01 8.759799838780206738e-01 8.691154449286513373e-01 7.818768812036389626e-01 8.263164337510267021e-01 8.640874642869174060e-01 8.646029959265264520e-01 8.766350005081178232e-01 9.093681952970069649e-01 8.936655699210027670e-01 9.484963067806642112e-01
1.700000000000000000e+01 1.186290924930882396e+00 1.068186925729872838e+00 9.749195942453903196e-01 9.877039549490127524e-01 9.718983855311120745e-01 9.529610380902078237e-01 9.530214032325361462e-01 9.283219039639061254e-01 9.834398745957317889e-01 9.330558191258175871e-01 9.526599462332747681e-01 9.335422479578914245e-01 9.809288381368010956e-01 5.732019945742536926e-01 9.583221908992409777e-01 5.482681868484104992e-01 0.000000000000000000e+00 5.052956297395747587e-01 5.626842585986857603e-01 5.101632745162241189e-01 9.101110077017198208e-01 6.281049647124024027e-01 9.079471076528997653e-01 9.010104648429992924e-01 8.003867535384401322e-01 8.401441319602243052e-01 8.768889335197562751e-01 8.915392884453250399e-01 9.042535991505911142e-01 9.373214237274296590e-01 9.187639181735889338e-01 9.672834735770055037e-01
1.800000000000000000e+01 1.170755505463224821e+00 1.053133847915691312e+00 9.626448405285090715e-01 9.744911989645501649e-01 9.592863659246892993e-01 9.404713197067797736e-01 9.397840455777530799e-01 9.168968073614607306e-01 9.686025078357189955e-01 9.206545356236475186e-01 9.375060943305859595e-01 9.189161980285858178e-01 9.634197653717673226e-01 6.457072670589858454e-01 9.392778829356522863e-01 4.619404480060138596e-01 5.052956297395747587e-01 0.000000000000000000e+00 6.121256210184662372e-01 5.052767027240794295e-01 8.890726206186465586e-01 5.790461805404447659e-01 8.861021719229089655e-01 8.784406281119616633e-01 7.715938885135418257e-01 8.142308497339805218e-01 8.519541300937225614e-01 8.655588984139030995e-01 8.789043048061127017e-01 9.129990322299177397e-01 8.930026627810372375e-01 9.417530056061351740e-01
1.900000000000000000e+01 1.230704300099499715e+00 1.113396405726031269e+00 1.023216225604748342e+00 1.035159973437906888e+00 1.019993391095110891e+00 1.001415970011299894e+00 1.000940842062578273e+00 9.779070554325115516e-01 1.029583878033245359e+00 9.819305366587687267e-01 9.990224063463650772e-01 9.807677767949178893e-01 1.024275553553702700e+00 6.082475560228328693e-01 1.000052760119781947e+00 6.516216909325449613e-01 5.626842585986857603e-01 6.121256210184662372e-01 0.000000000000000000e+00 5.345917972846052635e-01 9.503564276232634445e-01 6.388111597625414362e-01 9.466932695685521537e-01 9.385654490035826303e-01 8.087332534032674047e-01 8.421116341054826204e-01 8.774908903390503667e-01 9.162774346347497545e-01 9.309691706729297245e-01 9.660351759062908439e-01 9.405980270766947093e-01 9.780098439641327079e-01
2.000000000000000000e+01 1.193624898517487543e+00 1.076481440836700498e+00 9.875399026626123788e-01 9.990264731628835104e-01 9.841327016216612211e-01 9.655648899888620296e-01 9.646995016209640728e-01 9.425370164127448991e-01 9.926295738961272708e-01 9.460544837849444999e-01 9.618165498498429944e-01 9.437436702012578227e-01 9.860934756034958060e-01 6.376106066177256171e-01 9.611636524045577001e-01 5.790715590482717889e-01 5.101632745162241189e-01 5.052767027240794295e-01 5.345917972846052635e-01 0.000000000000000000e+00 9.104217670203358370e-01 5.585920516012439219e-01 9.065048660700576466e-01 8.981165289048480549e-01 7.692502091766839634e-01 8.072729551794946001e-01 8.441941019190353224e-01 8.760865282031320422e-01 8.908272022435270721e-01 9.262232858220984522e-01 9.012712218191132330e-01 9.416734591351583195e-01
2.100000000000000000e+01 1.035448043469207713e+00 9.242427065839005085e-01 8.857564545445431037e-01 8.812377974687131132e-01 8.779027020491343425e-01 8.649252393289279528e-01 8.527373061521155151e-01 8.630722290684247344e-01 8.467445754844462602e-01 8.522461701195906958e-01 8.151173022579747407e-01 8.140504408540223391e-01 7.768676892565262726e-01 9.522890488742110637e-01 6.939830641475921436e-01 8.779460084437558098e-01 9.101110077017198208e-01 8.890726206186465586e-01 9.503564276232634445e-01 9.104217670203358370e-01 0.000000000000000000e+00 8.922840666036568891e-01 5.498220664500468313e-01 6.232649368725344807e-01 8.937972495778465643e-01 9.365921522592468573e-01 9.694372626907168389e-01 8.359105387950886978e-01 8.230080397952068694e-01 8.245970692052095874e-01 8.791813273337245604e-01 1.000271492745584245e+00
2.200000000000000000e+01 1.184599558970899302e+00 1.068611443505135483e+00 9.850398236957396136e-01 9.948911502934221218e-01 9.811342149640567278e-01 9.630027447490521197e-01 9.609536075876530248e-01 9.419869997421606023e-01 9.857856893134533394e-01 9.439514511150246534e-01 9.548646750991762744e-01 9.380653873445017332e-01 9.742139395274596048e-01 7.165925299850068875e-01 9.463617962669435002e-01 6.192948503500597113e-01 6.281049647124024027e-01 5.790461805404447659e-01 6.388111597625414362e-01 5.585920516012439219e-01 8.922840666036568891e-01 0.000000000000000000e+00 8.862361634024027435e-01 8.760530239138819564e-01 7.145526353545410547e-01 7.575090232137851043e-01 7.969971041267664980e-01 8.401015467642316548e-01 8.571869084484671220e-01 8.954735379327647404e-01 8.639041162988938538e-01 8.987389686651250376e-01
2.300000000000000000e+01 1.047507176060377132e+00 9.390712499330484686e-01 9.017379590665781652e-01 8.978791901480629445e-01 8.942887747469596693e-01 8.815118179932934783e-01 8.702806772145628145e-01 8.786652010968474258e-01 8.656036386508774161e-01 8.689102570835085526e-01 8.361736423054511036e-01 8.343708175593880227e-01 8.003306959370377616e-01 9.516475742542680472e-01 7.260834605984822776e-01 8.759799838780206738e-01 9.079471076528997653e-01 8.861021719229089655e-01 9.466932695685521537e-01 9.065048660700576466e-01 5.498220664500468313e-01 8.862361634024027435e-01 0.000000000000000000e+00 5.161841580094885806e-01 8.805831374469188511e-01 9.228931068083736644e-01 9.553406234526664598e-01 8.125396901122556859e-01 7.974485118349119439e-01 7.979346811008987128e-01 8.573291794041026925e-01 9.828945035936869079e-01
2.400000000000000000e+01 1.058956541667226636e+00 9.513749859172235812e-01 9.120198023063832427e-01 9.090962025557611792e-01 9.048676618524638116e-01 8.918200612228195379e-01 8.813494420455074696e-01 8.876803774765231747e-01 8.788408146697410661e-01 8.788182519935723302e-01 8.499123578672114210e-01 8.468538567068792933e-01 8.191126096080652008e-01 9.460388650170095115e-01 7.532676827110573736e-01 8.691154449286513373e-01 9.010104648429992924e-01 8.784406281119616633e-01 9.385654490035826303e-01 8.981165289048480549e-01 6.232649368725344807e-01 8.760530239138819564e-01 5.161841580094885806e-01 0.000000000000000000e+00 8.647241131241099055e-01 9.068737561260868940e-01 9.391152450303650312e-01 7.891110377421128863e-01 7.728202282676335244e-01 7.751301790428193339e-01 8.359125354031093913e-01 9.645513904467482025e-01
2.500000000000000000e+01 1.205002648637864660e+00 1.092783690939662211e+00 1.023701670551405041e+00 1.029593364294773217e+00 1.018804629610507106e+00 1.002249149587385535e+00 9.976588284564473774e-01 9.863699165857529039e-01 1.014277126995740019e+00 9.849941949347513770e-01 9.843151306104895859e-01 9.714373020086073396e-01 9.896397731788360019e-01 8.633906158649571339e-01 9.543013282527903485e-01 7.818768812036389626e-01 8.003867535384401322e-01 7.715938885135418257e-01 8.087332534032674047e-01 7.692502091766839634e-01 8.937972495778465643e-01 7.145526353545410547e-01 8.805831374469188511e-01 8.647241131241099055e-01 0.000000000000000000e+00 5.866622148735978204e-01 6.622671921348490809e-01 7.606529253015492653e-01 7.895353237028555071e-01 8.393007221470119017e-01 7.722289441250946851e-01 7.761503535093023931e-01
2.600000000000000000e+01 1.246807123935919970e+00 1.135030286550940071e+00 1.066949987693352364e+00 1.072667176615755613e+00 1.062051836427602813e+00 1.045663761829595417e+00 1.041034421850862701e+00 1.030038875703796153e+00 1.057168948884763315e+00 1.028608433864448779e+00 1.027531026743239595e+00 1.014971504622048881e+00 1.031860325232080600e+00 9.021527331570002861e-01 9.962858717191036551e-01 8.263164337510267021e-01 8.401441319602243052e-01 8.142308497339805218e-01 8.421116341054826204e-01 8.072729551794946001e-01 9.365921522592468573e-01 7.575090232137851043e-01 9.228931068083736644e-01 9.068737561260868940e-01 5.866622148735978204e-01 0.000000000000000000e+00 5.315530982400957782e-01 7.912674495325902058e-01 8.203418745937858247e-01 8.689873590613814702e-01 7.903612747862713839e-01 7.406669105585861335e-01
2.700000000000000000e+01 1.279731369912628036e+00 1.168261549100516827e+00 1.101050930067752009e+00 1.106573300787226710e+00 1.096121878639134462e+00 1.079852192369639141e+00 1.075128954508226098e+00 1.064490414523408202e+00 1.090809562141386913e+00 1.062934934152871769e+00 1.061339445301486162e+00 1.049032465726833063e+00 1.064824479874905805e+00 9.382168237779180409e-01 1.028935348470669808e+00 8.640874642869174060e-01 8.768889335197562751e-01 8.519541300937225614e-01 8.774908903390503667e-01 8.441941019190353224e-01 9.694372626907168389e-01 7.969971041267664980e-01 9.553406234526664598e-01 9.391152450303650312e-01 6.622671921348490809e-01 5.315530982400957782e-01 0.000000000000000000e+00 8.175094044325437181e-01 8.463797971969300171e-01 8.942773803074406391e-01 8.100228270658869079e-01 7.224534462888378972e-01
2.800000000000000000e+01 1.163367455201523404e+00 1.056515230799952798e+00 1.005615383945080543e+00 1.006920767024113372e+00 9.997366367442641621e-01 9.853896206752261744e-01 9.781450802666091793e-01 9.755562948953946378e-01 9.847467776574865272e-01 9.706885181681992325e-01 9.570090772176202965e-01 9.492799511092393505e-01 9.443911570189167382e-01 9.452258201781236213e-01 9.003370763985654168e-01 8.646029959265264520e-01 8.915392884453250399e-01 8.655588984139030995e-01 9.162774346347497545e-01 8.760865282031320422e-01 8.359105387950886978e-01 8.401015467642316548e-01 8.125396901122556859e-01 7.891110377421128863e-01 7.606529253015492653e-01 7.912674495325902058e-01 8.175094044325437181e-01 0.000000000000000000e+00 5.302243118074363437e-01 6.692209163112143866e-01 5.877556368785135099e-01 8.044933417878448179e-01
2.900000000000000000e+01 1.151627920671605576e+00 1.046214903795768869e+00 9.996163124046630877e-01 9.999230904429015077e-01 9.935596388166785253e-01 9.797732778473942084e-01 9.720169639230249459e-01 9.712670301240051707e-01 9.763454813405267885e-01 9.657212464982989353e-01 9.493532591531126386e-01 9.428556279144095775e-01 9.325175987228000452e-01 9.564626393212125599e-01 8.867227982735075287e-01 8.766350005081178232e-01 9.042535991505911142e-01 8.789043048061127017e-01 9.309691706729297245e-01 8.908272022435270721e-01 8.230080397952068694e-01 8.571869084484671220e-01 7.974485118349119439e-01 7.728202282676335244e-01 7.895353237028555071e-01 8.203418745937858247e-01 8.463797971969300171e-01 5.302243118074363437e-01 0.000000000000000000e+00 6.079637668463770961e-01 6.270931184153152316e-01 8.337177076242856533e-01
3.000000000000000000e+01 1.146299898522198601e+00 1.044193262614389051e+00 1.005867465530221994e+00 1.004446668657771768e+00 9.995745827957522867e-01 9.869106841296046984e-01 9.784092601271632272e-01 9.807026707187216363e-01 9.786931092766362195e-01 9.741420811180969697e-01 9.535541719404141414e-01 9.493184511539951576e-01 9.292541361345809658e-01 9.875381158045024588e-01 8.817861577583474553e-01 9.093681952970069649e-01 9.373214237274296590e-01 9.129990322299177397e-01 9.660351759062908439e-01 9.262232858220984522e-01 8.245970692052095874e-01 8.954735379327647404e-01 7.979346811008987128e-01 7.751301790428193339e-01 8.393007221470119017e-01 8.689873590613814702e-01 8.942773803074406391e-01 6.692209163112143866e-01 6.079637668463770961e-01 0.000000000000000000e+00 6.955584202133788807e-01 8.797035294601569522e-01
3.100000000000000000e+01 1.201051006179875813e+00 1.094434763186525217e+00 1.043212417672880754e+00 1.044731587169882125e+00 1.037428276516533465e+00 1.023084525991578619e+00 1.016056570021221628e+00 1.012977905377416388e+00 1.023029652485960117e+00 1.008381530792520131e+00 9.955578525753576713e-01 9.877022170951974545e-01 9.835545143230555176e-01 9.732370299804364855e-01 9.405539046112174617e-01 8.936655699210027670e-01 9.187639181735889338e-01 8.930026627810372375e-01 9.405980270766947093e-01 9.012712218191132330e-01 8.791813273337245604e-01 8.639041162988938538e-01 8.573291794041026925e-01 8.359125354031093913e-01 7.722289441250946851e-01 7.903612747862713839e-01 8.100228270658869079e-01 5.877556368785135099e-01 6.270931184153152316e-01 6.955584202133788807e-01 0.000000000000000000e+00 7.650639903294795818e-01
3.200000000000000000e+01 1.315447554621455906e+00 1.206161849194515634e+00 1.146098720680920779e+00 1.149832126823624678e+00 1.140786298723681869e+00 1.125373735897476246e+00 1.119619330586822281e+00 1.112357333936440762e+00 1.131418273697154975e+00 1.109440056553189224e+00 1.102837507315735488e+00 1.092508177967420169e+00 1.099446311656360864e+00 1.025565855744082322e+00 1.060455583397607038e+00 9.484963067806642112e-01 9.672834735770055037e-01 9.417530056061351740e-01 9.780098439641327079e-01 9.416734591351583195e-01 1.000271492745584245e+00 8.987389686651250376e-01 9.828945035936869079e-01 9.645513904467482025e-01 7.761503535093023931e-01 7.406669105585861335e-01 7.224534462888378972e-01 8.044933417878448179e-01 8.337177076242856533e-01 8.797035294601569522e-01 7.650639903294795818e-01 0.000000000000000000e+00
