0.000000000000000000e+00 1.000000000000000000e+00 2.000000000000000000e+00 3.000000000000000000e+00 4.000000000000000000e+00 5.000000000000000000e+00 6.000000000000000000e+00 7.000000000000000000e+00 8.000000000000000000e+00 9.000000000000000000e+00 1.000000000000000000e+01 1.100000000000000000e+01 1.200000000000000000e+01 1.300000000000000000e+01 1.400000000000000000e+01 1.500000000000000000e+01 1.600000000000000000e+01 1.700000000000000000e+01 1.800000000000000000e+01 1.900000000000000000e+01 2.000000000000000000e+01 2.100000000000000000e+01 2.200000000000000000e+01 2.300000000000000000e+01 2.400000000000000000e+01 2.500000000000000000e+01 2.600000000000000000e+01 2.700000000000000000e+01 2.800000000000000000e+01 2.900000000000000000e+01 3.000000000000000000e+01 3.100000000000000000e+01 3.200000000000000000e+01
1.000000000000000000e+00 0.000000000000000000e+00 8.773940954579412255e-01 1.024951213130822270e+00 9.908262623315583495e-01 1.020614037885262615e+00 1.051515370119962878e+00 1.041305930469472063e+00 1.124501064892867275e+00 9.685588917641544393e-01 1.101386447440676042e+00 1.019482527244668368e+00 3.426458790425659817e+00 9.895428473581231454e-01 1.426792958232863118e+00 1.034417449530836253e+00 1.343308427183785181e+00 1.373043971939955643e+00 1.346735914791716171e+00 1.403397476497214580e+00 1.362252895540630782e+00 1.089730793343648863e+00 1.334160298773595876e+00 1.104214502588196423e+00 1.119235511199263788e+00 1.316346734499192150e+00 1.357038661703939830e+00 1.388570093789294413e+00 1.244856864617920555e+00 1.228210952999547523e+00 1.215815979603106278e+00 1.284178261083211980e+00 1.411854213263545876e+00
2.000000000000000000e+00 8.773940954579412255e-01 0.000000000000000000e+00 8.633518484906581580e-01 8.197017889394114798e-01 8.568279747872220575e-01 8.902636142200242020e-01 8.774105690761997423e-01 9.679275478852671366e-01 7.914697520254748708e-01 9.424660683543171213e-01 8.592161944689498121e-01 3.269914044178657608e+00 8.565681351522722586e-01 1.308294700225153484e+00 9.162247024682106389e-01 1.225744918517708282e+00 1.255344217040670785e+00 1.229419163139007454e+00 1.286144916828048768e+00 1.245175174984359590e+00 9.737645639192611391e-01 1.217840842997189643e+00 9.910993184846301762e-01 1.007189497475360573e+00 1.202473649347550078e+00 1.243506769434576498e+00 1.275263667440220461e+00 1.134694780497635724e+00 1.119106682651182627e+00 1.109297157561337066e+00 1.174289309701567197e+00 1.300090904520672552e+00
3.000000000000000000e+00 1.024951213130822270e+00 8.633518484906581580e-01 0.000000000000000000e+00 6.029688415364536924e-01 4.617673237534012376e-01 5.806522432463550043e-01 6.365279985140417374e-01 6.934314169710213971e-01 7.590440108903461214e-01 6.753101687886580162e-01 8.142314180253595879e-01 3.162517240464212787e+00 9.149549305707471714e-01 1.303470485686812008e+00 9.670350486428620496e-01 1.228726905837914440e+00 1.256114837002899609e+00 1.233129783463143836e+00 1.288676061593020616e+00 1.249362714594466794e+00 1.010451557832124259e+00 1.226439975863668153e+00 1.029192679787301445e+00 1.044376194666963409e+00 1.221039466552124475e+00 1.262568161330165140e+00 1.294851150196316913e+00 1.165116951415536617e+00 1.152259556310569089e+00 1.147698663171787814e+00 1.204443788843039043e+00 1.324422505790485260e+00
4.000000000000000000e+00 9.908262623315583495e-01 8.197017889394114798e-01 6.029688415364536924e-01 0.000000000000000000e+00 5.709353732724107289e-01 6.529114182052702109e-01 6.459178435102503890e-01 7.639218895297479328e-01 6.957540607610818162e-01 7.304339314049366205e-01 7.690719798711587174e-01 3.142955145897182501e+00 8.740829721947720454e-01 1.285095758570363955e+00 9.304614418547212384e-01 1.207604087077634780e+00 1.235839234332469339e+00 1.211837319843823257e+00 1.267907430520424317e+00 1.227999599763702321e+00 9.776346204767194514e-01 1.203650424074352632e+00 9.969560699504136370e-01 1.012771409766780595e+00 1.195405717430893633e+00 1.236895418665495683e+00 1.269072520528319759e+00 1.136497947047521384e+00 1.123045835048885888e+00 1.117537440602053067e+00 1.176029581694868265e+00 1.297460202788389694e+00
5.000000000000000000e+00 1.020614037885262615e+00 8.568279747872220575e-01 4.617673237534012376e-01 5.709353732724107289e-01 0.000000000000000000e+00 5.503732411153214876e-01 5.959042563428340600e-01 6.938399816068403503e-01 7.379886154012872401e-01 6.611903996531336425e-01 7.926685376994786481e-01 3.140398916053516398e+00 9.021119283339080752e-01 1.296340209089596573e+00 9.551230964593078188e-01 1.220685732481836983e+00 1.248376807058068305e+00 1.225063649522334819e+00 1.280818520928171722e+00 1.241305689567575143e+00 9.990921297330954687e-01 1.217957280576755785e+00 1.018172061844810239e+00 1.033570644939223238e+00 1.211825393486894109e+00 1.253374802715589098e+00 1.285643574873151396e+00 1.155256382719555441e+00 1.142299582970641936e+00 1.137642855866284108e+00 1.194667468047798442e+00 1.314958513143290819e+00
6.000000000000000000e+00 1.051515370119962878e+00 8.902636142200242020e-01 5.806522432463550043e-01 6.529114182052702109e-01 5.503732411153214876e-01 0.000000000000000000e+00 5.354926555613865879e-01 6.180855171936727732e-01 7.625729474555086318e-01 5.550847829006284595e-01 8.035351846359446437e-01 3.122222652004837951e+00 9.219022443768503106e-01 1.306704738897677132e+00 9.727491437135744601e-01 1.231674582455878575e+00 1.259225380787874382e+00 1.236165868798768441e+00 1.291883328004962195e+00 1.252500551811712270e+00 1.014253159471790511e+00 1.229589771244961938e+00 1.033450742978383685e+00 1.048680510254909715e+00 1.224595806434242151e+00 1.266227346639242857e+00 1.298566477055591806e+00 1.169483396950466103e+00 1.156878873252721096e+00 1.152910974473565275e+00 1.208877139855629279e+00 1.328456765239780513e+00
7.000000000000000000e+00 1.041305930469472063e+00 8.774105690761997423e-01 6.365279985140417374e-01 6.459178435102503890e-01 5.959042563428340600e-01 5.354926555613865879e-01 0.000000000000000000e+00 6.794889250720550500e-01 7.230501142846118556e-01 5.974006019855611083e-01 7.548832485816996396e-01 3.070613923883140028e+00 8.967569587411314824e-01 1.295699005027860284e+00 9.498565081867087478e-01 1.218637288823199771e+00 1.246844105846551809e+00 1.223041426807462306e+00 1.279192744213123678e+00 1.239366003758930912e+00 9.930471035734598217e-01 1.215456973770992377e+00 1.012996058782727138e+00 1.028746252707217979e+00 1.208645602855243029e+00 1.250302273972456302e+00 1.282595177857180468e+00 1.151824638795942102e+00 1.138929968426802830e+00 1.134611110358664909e+00 1.191405282215586725e+00 1.311810400666493681e+00
8.000000000000000000e+00 1.124501064892867275e+00 9.679275478852671366e-01 6.934314169710213971e-01 7.639218895297479328e-01 6.938399816068403503e-01 6.180855171936727732e-01 6.794889250720550500e-01 0.000000000000000000e+00 8.545691924779704740e-01 5.432077008760389791e-01 8.904608127390147843e-01 3.193873812565836356e+00 9.950540267125218552e-01 1.352032509714276021e+00 1.040911698628468107e+00 1.280082900609984531e+00 1.306725458275360463e+00 1.284832376118356434e+00 1.340027530678316481e+00 1.301310228049711082e+00 1.077455134334042608e+00 1.280105141677029490e+00 1.095954897905018877e+00 1.110377965059719640e+00 1.278681568799426183e+00 1.320393455567356433e+00 1.352878129682620445e+00 1.227433786253007808e+00 1.215622835390350431e+00 1.212959992755882510e+00 1.266591449258634539e+00 1.384294506508787048e+00
9.000000000000000000e+00 9.685588917641544393e-01 7.914697520254748708e-01 7.590440108903461214e-01 6.957540607610818162e-01 7.379886154012872401e-01 7.625729474555086318e-01 7.230501142846118556e-01 8.545691924779704740e-01 0.000000000000000000e+00 8.148187388459475766e-01 6.473474925661855117e-01 3.098838895871492749e+00 7.812260463962654722e-01 1.240927262209824633e+00 8.498794681336565571e-01 1.157798600270693701e+00 1.187851916371875038e+00 1.161790963551811773e+00 1.219063162801653721e+00 1.177924332527986007e+00 9.041117440570638486e-01 1.150807847664642836e+00 9.258005762760450619e-01 9.432779779164073286e-01 1.137503010468388753e+00 1.179059879945688394e+00 1.211107462394709122e+00 1.073806421369922992e+00 1.059538737879613723e+00 1.053077771778558880e+00 1.113876047252703616e+00 1.237613976536263483e+00
1.000000000000000000e+01 1.101386447440676042e+00 9.424660683543171213e-01 6.753101687886580162e-01 7.304339314049366205e-01 6.611903996531336425e-01 5.550847829006284595e-01 5.974006019855611083e-01 5.432077008760389791e-01 8.148187388459475766e-01 0.000000000000000000e+00 8.462196892627469325e-01 3.131152698796742850e+00 9.643201724059624613e-01 1.336365822166484474e+00 1.012163203230042940e+00 1.262190884786425382e+00 1.289538387441711453e+00 1.266823533846587635e+00 1.322471790575947104e+00 1.283269219766603353e+00 1.050535968723124380e+00 1.260937698266445750e+00 1.069683267179873498e+00 1.084616448477663253e+00 1.257392743127435653e+00 1.299113067785440556e+00 1.331534853408357533e+00 1.204074342390204722e+00 1.191888983623710985e+00 1.188705769959928382e+00 1.243423248019018379e+00 1.362130196726450304e+00
1.100000000000000000e+01 1.019482527244668368e+00 8.592161944689498121e-01 8.142314180253595879e-01 7.690719798711587174e-01 7.926685376994786481e-01 8.035351846359446437e-01 7.548832485816996396e-01 8.904608127390147843e-01 6.473474925661855117e-01 8.462196892627469325e-01 0.000000000000000000e+00 2.999069986373930963e+00 7.796240199512951552e-01 1.235451164362012744e+00 8.396803715039042881e-01 1.149830165556331441e+00 1.180850061490881231e+00 1.153923334944612078e+00 1.211982820606130939e+00 1.170274122432013897e+00 8.883968289373072036e-01 1.142237951892513870e+00 9.129921806689302866e-01 9.314397210425655604e-01 1.128263858960207644e+00 1.170152201924036461e+00 1.202320907990452215e+00 1.065221924096782624e+00 1.051430287084936133e+00 1.046489370638089333e+00 1.105723172380377983e+00 1.229104089542575995e+00
1.200000000000000000e+01 3.426458790425659817e+00 3.269914044178657608e+00 3.162517240464212787e+00 3.142955145897182501e+00 3.140398916053516398e+00 3.122222652004837951e+00 3.070613923883140028e+00 3.193873812565836356e+00 3.098838895871492749e+00 3.131152698796742850e+00 2.999069986373930963e+00 0.000000000000000000e+00 3.210270549393228201e+00 3.624149602283409433e+00 3.256602420594208347e+00 3.540624123598610229e+00 3.571115375611870757e+00 3.545005736954548681e+00 3.602845634325217095e+00 3.561577523343655294e+00 3.294480935263488064e+00 3.534868247393423424e+00 3.318166654614461031e+00 3.335458743729465603e+00 3.524163478573222541e+00 3.566241870747961507e+00 3.598592301719358844e+00 3.465176374451992558e+00 3.452321030709557093e+00 3.449037062229211692e+00 3.505528807186000684e+00 3.626949571592443800e+00
1.300000000000000000e+01 9.895428473581231454e-01 8.565681351522722586e-01 9.149549305707471714e-01 8.740829721947720454e-01 9.021119283339080752e-01 9.219022443768503106e-01 8.967569587411314824e-01 9.950540267125218552e-01 7.812260463962654722e-01 9.643201724059624613e-01 7.796240199512951552e-01 3.210270549393228201e+00 0.000000000000000000e+00 1.181031421313574636e+00 6.860496581961983420e-01 1.089833491454777814e+00 1.122309269991975889e+00 1.093247800767288558e+00 1.151963865916372676e+00 1.109086555901506177e+00 7.899174245844546860e-01 1.077661751251855371e+00 8.155834039598162111e-01 8.372323855394931957e-01 1.055400179220065349e+00 1.096789400072294640e+00 1.128489236329811130e+00 9.819295479160345952e-01 9.656836387196152671e-01 9.564363584816559793e-01 1.022816550361628662e+00 1.151238795420732153e+00
1.400000000000000000e+01 1.426792958232863118e+00 1.308294700225153484e+00 1.303470485686812008e+00 1.285095758570363955e+00 1.296340209089596573e+00 1.306704738897677132e+00 1.295699005027860284e+00 1.352032509714276021e+00 1.240927262209824633e+00 1.336365822166484474e+00 1.235451164362012744e+00 3.624149602283409433e+00 1.181031421313574636e+00 0.000000000000000000e+00 1.138717387124198455e+00 6.686326259328621013e-01 5.778265424201993739e-01 6.563156211313849742e-01 6.133031444550618438e-01 6.463270527932047926e-01 1.073249285386195684e+00 7.339825631565197739e-01 1.063060726597176542e+00 1.050013448523281712e+00 9.010100651102190827e-01 9.389879321655500988e-01 9.755646620107769618e-01 1.010232887022347148e+00 1.027037766313914524e+00 1.066209496777611232e+00 1.034948472466520775e+00 1.072989839290151348e+00
1.500000000000000000e+01 1.034417449530836253e+00 9.162247024682106389e-01 9.670350486428620496e-01 9.304614418547212384e-01 9.551230964593078188e-01 9.727491437135744601e-01 9.498565081867087478e-01 1.040911698628468107e+00 8.498794681336565571e-01 1.012163203230042940e+00 8.396803715039042881e-01 3.256602420594208347e+00 6.860496581961983420e-01 1.138717387124198455e+00 0.000000000000000000e+00 1.043511741613607047e+00 1.077153708836741774e+00 1.046584119970687565e+00 1.105971332503456583e+00 1.062227025118382517e+00 6.976106783638049702e-01 1.028571146251335833e+00 7.310902843360806980e-01 7.601783239664845482e-01 1.001543133156262977e+00 1.042924722500973900e+00 1.074483437313120460e+00 9.228755310743201878e-01 9.056977651715092392e-01 8.961693333060205546e-01 9.646768346773224589e-01 1.095448470434954746e+00
1.600000000000000000e+01 1.343308427183785181e+00 1.225744918517708282e+00 1.228726905837914440e+00 1.207604087077634780e+00 1.220685732481836983e+00 1.231674582455878575e+00 1.218637288823199771e+00 1.280082900609984531e+00 1.157798600270693701e+00 1.262190884786425382e+00 1.149830165556331441e+00 3.540624123598610229e+00 1.089833491454777814e+00 6.686326259328621013e-01 1.043511741613607047e+00 0.000000000000000000e+00 5.505558515990234270e-01 4.624123263013555363e-01 6.550258998336673244e-01 5.807717679729247351e-01 9.728037314760316079e-01 6.231297049536546062e-01 9.616396516872345313e-01 9.475264316983580404e-01 8.002970948820700148e-01 8.446971793158488673e-01 8.830657679747135891e-01 9.068205456883957627e-01 9.240526228484355897e-01 9.646171249329880126e-01 9.331854165903938902e-01 9.757501388730243086e-01
1.700000000000000000e+01 1.373043971939955643e+00 1.255344217040670785e+00 1.256114837002899609e+00 1.235839234332469339e+00 1.248376807058068305e+00 1.259225380787874382e+00 1.246844105846551809e+00 1.306725458275360463e+00 1.187851916371875038e+00 1.289538387441711453e+00 1.180850061490881231e+00 3.571115375611870757e+00 1.122309269991975889e+00 5.778265424201993739e-01 1.077153708836741774e+00 5.505558515990234270e-01 0.000000000000000000e+00 5.066364952073911798e-01 5.633147482092666358e-01 5.112642070982293951e-01 1.008297350364392830e+00 6.336908949056314633e-01 9.970125240348053364e-01 9.829333957797488086e-01 8.218466590674762262e-01 8.612375382366868060e-01 8.985069304857702388e-01 9.372415268630611695e-01 9.551239533496667100e-01 9.958794426103616537e-01 9.616164055053266768e-01 9.975241840384700964e-01
1.800000000000000000e+01 1.346735914791716171e+00 1.229419163139007454e+00 1.233129783463143836e+00 1.211837319843823257e+00 1.225063649522334819e+00 1.236165868798768441e+00 1.223041426807462306e+00 1.284832376118356434e+00 1.161790963551811773e+00 1.266823533846587635e+00 1.153923334944612078e+00 3.545005736954548681e+00 1.093247800767288558e+00 6.563156211313849742e-01 1.046584119970687565e+00 4.624123263013555363e-01 5.066364952073911798e-01 0.000000000000000000e+00 6.136795652156403769e-01 5.056647487861287704e-01 9.758049353973716755e-01 5.812327664782119818e-01 9.640396694034045755e-01 9.494748851404481993e-01 7.865099795973897745e-01 8.290228347070658366e-01 8.672620143440952223e-01 9.024229336992533046e-01 9.206291182735375500e-01 9.620761470235019708e-01 9.273237762615009760e-01 9.646570322663747810e-01
1.900000000000000000e+01 1.403397476497214580e+00 1.286144916828048768e+00 1.288676061593020616e+00 1.267907430520424317e+00 1.280818520928171722e+00 1.291883328004962195e+00 1.279192744213123678e+00 1.340027530678316481e+00 1.219063162801653721e+00 1.322471790575947104e+00 1.211982820606130939e+00 3.602845634325217095e+00 1.151963865916372676e+00 6.133031444550618438e-01 1.105971332503456583e+00 6.550258998336673244e-01 5.633147482092666358e-01 6.136795652156403769e-01 0.000000000000000000e+00 5.351492944502855842e-01 1.036628686724325732e+00 6.425392318245415346e-01 1.024411882448783340e+00 1.009618955517244787e+00 8.251753212495576140e-01 8.581712052871361962e-01 8.939789340188866174e-01 9.540908399760261727e-01 9.734583104245171370e-01 1.015543421484161435e+00 9.758365782155882240e-01 1.002003287925906871e+00
2.000000000000000000e+01 1.362252895540630782e+00 1.245175174984359590e+00 1.249362714594466794e+00 1.227999599763702321e+00 1.241305689567575143e+00 1.252500551811712270e+00 1.239366003758930912e+00 1.301310228049711082e+00 1.177924332527986007e+00 1.283269219766603353e+00 1.170274122432013897e+00 3.561577523343655294e+00 1.109086555901506177e+00 6.463270527932047926e-01 1.062227025118382517e+00 5.807717679729247351e-01 5.112642070982293951e-01 5.056647487861287704e-01 5.351492944502855842e-01 0.000000000000000000e+00 9.916616054513385237e-01 5.603323186189745897e-01 9.792844122718020738e-01 9.642855716635099217e-01 7.823734907941253258e-01 8.201720659823013015e-01 8.575363378554279326e-01 9.097129893042110726e-01 9.290353972235791957e-01 9.713761550727011418e-01 9.324619849627626689e-01 9.620979705989203268e-01
2.100000000000000000e+01 1.089730793343648863e+00 9.737645639192611391e-01 1.010451557832124259e+00 9.776346204767194514e-01 9.990921297330954687e-01 1.014253159471790511e+00 9.930471035734598217e-01 1.077455134334042608e+00 9.041117440570638486e-01 1.050535968723124380e+00 8.883968289373072036e-01 3.294480935263488064e+00 7.899174245844546860e-01 1.073249285386195684e+00 6.976106783638049702e-01 9.728037314760316079e-01 1.008297350364392830e+00 9.758049353973716755e-01 1.036628686724325732e+00 9.916616054513385237e-01 0.000000000000000000e+00 9.555984157279651114e-01 5.501393083473200551e-01 6.242849646745323167e-01 9.257092076307193995e-01 9.681941065270436297e-01 1.000173629679885101e+00 8.477077656654625759e-01 8.322906682919506416e-01 8.310971643381401819e-01 8.923811475175382757e-01 1.022174103434142722e+00
2.200000000000000000e+01 1.334160298773595876e+00 1.217840842997189643e+00 1.226439975863668153e+00 1.203650424074352632e+00 1.217957280576755785e+00 1.229589771244961938e+00 1.215456973770992377e+00 1.280105141677029490e+00 1.150807847664642836e+00 1.260937698266445750e+00 1.142237951892513870e+00 3.534868247393423424e+00 1.077661751251855371e+00 7.339825631565197739e-01 1.028571146251335833e+00 6.231297049536546062e-01 6.336908949056314633e-01 5.812327664782119818e-01 6.425392318245415346e-01 5.603323186189745897e-01 9.555984157279651114e-01 0.000000000000000000e+00 9.419003307235087608e-01 9.257539636441844966e-01 7.203604488434824926e-01 7.632858992487436822e-01 8.031212622382153388e-01 8.617927254083761479e-01 8.827423476594056240e-01 9.270740228002938288e-01 8.836787696307701889e-01 9.100338796093154770e-01
2.300000000000000000e+01 1.104214502588196423e+00 9.910993184846301762e-01 1.029192679787301445e+00 9.969560699504136370e-01 1.018172061844810239e+00 1.033450742978383685e+00 1.012996058782727138e+00 1.095954897905018877e+00 9.258005762760450619e-01 1.069683267179873498e+00 9.129921806689302866e-01 3.318166654614461031e+00 8.155834039598162111e-01 1.063060726597176542e+00 7.310902843360806980e-01 9.616396516872345313e-01 9.970125240348053364e-01 9.640396694034045755e-01 1.024411882448783340e+00 9.792844122718020738e-01 5.501393083473200551e-01 9.419003307235087608e-01 0.000000000000000000e+00 5.163928507491613029e-01 9.069554747398902439e-01 9.489952262417356010e-01 9.806546380680323249e-01 8.209389603837775606e-01 8.037197132924536191e-01 8.019410578745098661e-01 8.669307751343360291e-01 1.000189491307840850e+00
2.400000000000000000e+01 1.119235511199263788e+00 1.007189497475360573e+00 1.044376194666963409e+00 1.012771409766780595e+00 1.033570644939223238e+00 1.048680510254909715e+00 1.028746252707217979e+00 1.110377965059719640e+00 9.432779779164073286e-01 1.084616448477663253e+00 9.314397210425655604e-01 3.335458743729465603e+00 8.372323855394931957e-01 1.050013448523281712e+00 7.601783239664845482e-01 9.475264316983580404e-01 9.829333957797488086e-01 9.494748851404481993e-01 1.009618955517244787e+00 9.642855716635099217e-01 6.242849646745323167e-01 9.257539636441844966e-01 5.163928507491613029e-01 0.000000000000000000e+00 8.868961053857857824e-01 9.288248415039950245e-01 9.603497381636432184e-01 7.951658165628689989e-01 7.770980891402965440e-01 7.776482357426814929e-01 8.430164005053975007e-01 9.784726506182681582e-01
2.500000000000000000e+01 1.316346734499192150e+00 1.202473649347550078e+00 1.221039466552124475e+00 1.195405717430893633e+00 1.211825393486894109e+00 1.224595806434242151e+00 1.208645602855243029e+00 1.278681568799426183e+00 1.137503010468388753e+00 1.257392743127435653e+00 1.128263858960207644e+00 3.524163478573222541e+00 1.055400179220065349e+00 9.010100651102190827e-01 1.001543133156262977e+00 8.002970948820700148e-01 8.218466590674762262e-01 7.865099795973897745e-01 8.251753212495576140e-01 7.823734907941253258e-01 9.257092076307193995e-01 7.203604488434824926e-01 9.069554747398902439e-01 8.868961053857857824e-01 0.000000000000000000e+00 5.866833885091788936e-01 6.623104928117913293e-01 7.658586095511663583e-01 7.967855709312576806e-01 8.501341002862288221e-01 7.765611878587532768e-01 7.771435554922652145e-01
2.600000000000000000e+01 1.357038661703939830e+00 1.243506769434576498e+00 1.262568161330165140e+00 1.236895418665495683e+00 1.253374802715589098e+00 1.266227346639242857e+00 1.250302273972456302e+00 1.320393455567356433e+00 1.179059879945688394e+00 1.299113067785440556e+00 1.170152201924036461e+00 3.566241870747961507e+00 1.096789400072294640e+00 9.389879321655500988e-01 1.042924722500973900e+00 8.446971793158488673e-01 8.612375382366868060e-01 8.290228347070658366e-01 8.581712052871361962e-01 8.201720659823013015e-01 9.681941065270436297e-01 7.632858992487436822e-01 9.489952262417356010e-01 9.288248415039950245e-01 5.866833885091788936e-01 0.000000000000000000e+00 5.315608149010901951e-01 7.963944426365767715e-01 8.274730336987650148e-01 8.796173451595401538e-01 7.946011351225006347e-01 7.416034186388427152e-01
2.700000000000000000e+01 1.388570093789294413e+00 1.275263667440220461e+00 1.294851150196316913e+00 1.269072520528319759e+00 1.285643574873151396e+00 1.298566477055591806e+00 1.282595177857180468e+00 1.352878129682620445e+00 1.211107462394709122e+00 1.331534853408357533e+00 1.202320907990452215e+00 3.598592301719358844e+00 1.128489236329811130e+00 9.755646620107769618e-01 1.074483437313120460e+00 8.830657679747135891e-01 8.985069304857702388e-01 8.672620143440952223e-01 8.939789340188866174e-01 8.575363378554279326e-01 1.000173629679885101e+00 8.031212622382153388e-01 9.806546380680323249e-01 9.603497381636432184e-01 6.623104928117913293e-01 5.315608149010901951e-01 0.000000000000000000e+00 8.223015147204757458e-01 8.531059034457992851e-01 9.043952992329207241e-01 8.139532947726919598e-01 7.232479832689127086e-01
2.800000000000000000e+01 1.244856864617920555e+00 1.134694780497635724e+00 1.165116951415536617e+00 1.136497947047521384e+00 1.155256382719555441e+00 1.169483396950466103e+00 1.151824638795942102e+00 1.227433786253007808e+00 1.073806421369922992e+00 1.204074342390204722e+00 1.065221924096782624e+00 3.465176374451992558e+00 9.819295479160345952e-01 1.010232887022347148e+00 9.228755310743201878e-01 9.068205456883957627e-01 9.372415268630611695e-01 9.024229336992533046e-01 9.540908399760261727e-01 9.097129893042110726e-01 8.477077656654625759e-01 8.617927254083761479e-01 8.209389603837775606e-01 7.951658165628689989e-01 7.658586095511663583e-01 7.963944426365767715e-01 8.223015147204757458e-01 0.000000000000000000e+00 5.304002031629737601e-01 6.703291876457182497e-01 5.878062273493875889e-01 8.061801107923933785e-01
2.900000000000000000e+01 1.228210952999547523e+00 1.119106682651182627e+00 1.152259556310569089e+00 1.123045835048885888e+00 1.142299582970641936e+00 1.156878873252721096e+00 1.138929968426802830e+00 1.215622835390350431e+00 1.059538737879613723e+00 1.191888983623710985e+00 1.051430287084936133e+00 3.452321030709557093e+00 9.656836387196152671e-01 1.027037766313914524e+00 9.056977651715092392e-01 9.240526228484355897e-01 9.551239533496667100e-01 9.206291182735375500e-01 9.734583104245171370e-01 9.290353972235791957e-01 8.322906682919506416e-01 8.827423476594056240e-01 8.037197132924536191e-01 7.770980891402965440e-01 7.967855709312576806e-01 8.274730336987650148e-01 8.531059034457992851e-01 5.304002031629737601e-01 0.000000000000000000e+00 6.083728442448785856e-01 6.274682433857232677e-01 8.366180064225940960e-01
3.000000000000000000e+01 1.215815979603106278e+00 1.109297157561337066e+00 1.147698663171787814e+00 1.117537440602053067e+00 1.137642855866284108e+00 1.152910974473565275e+00 1.134611110358664909e+00 1.212959992755882510e+00 1.053077771778558880e+00 1.188705769959928382e+00 1.046489370638089333e+00 3.449037062229211692e+00 9.564363584816559793e-01 1.066209496777611232e+00 8.961693333060205546e-01 9.646171249329880126e-01 9.958794426103616537e-01 9.620761470235019708e-01 1.015543421484161435e+00 9.713761550727011418e-01 8.310971643381401819e-01 9.270740228002938288e-01 8.019410578745098661e-01 7.776482357426814929e-01 8.501341002862288221e-01 8.796173451595401538e-01 9.043952992329207241e-01 6.703291876457182497e-01 6.083728442448785856e-01 0.000000000000000000e+00 6.970491854410083565e-01 8.849788593347365229e-01
3.100000000000000000e+01 1.284178261083211980e+00 1.174289309701567197e+00 1.204443788843039043e+00 1.176029581694868265e+00 1.194667468047798442e+00 1.208877139855629279e+00 1.191405282215586725e+00 1.266591449258634539e+00 1.113876047252703616e+00 1.243423248019018379e+00 1.105723172380377983e+00 3.505528807186000684e+00 1.022816550361628662e+00 1.034948472466520775e+00 9.646768346773224589e-01 9.331854165903938902e-01 9.616164055053266768e-01 9.273237762615009760e-01 9.758365782155882240e-01 9.324619849627626689e-01 8.923811475175382757e-01 8.836787696307701889e-01 8.669307751343360291e-01 8.430164005053975007e-01 7.765611878587532768e-01 7.946011351225006347e-01 8.139532947726919598e-01 5.878062273493875889e-01 6.274682433857232677e-01 6.970491854410083565e-01 0.000000000000000000e+00 7.662553373838831838e-01
3.200000000000000000e+01 1.411854213263545876e+00 1.300090904520672552e+00 1.324422505790485260e+00 1.297460202788389694e+00 1.314958513143290819e+00 1.328456765239780513e+00 1.311810400666493681e+00 1.384294506508787048e+00 1.237613976536263483e+00 1.362130196726450304e+00 1.229104089542575995e+00 3.626949571592443800e+00 1.151238795420732153e+00 1.072989839290151348e+00 1.095448470434954746e+00 9.757501388730243086e-01 9.975241840384700964e-01 9.646570322663747810e-01 1.002003287925906871e+00 9.620979705989203268e-01 1.022174103434142722e+00 9.100338796093154770e-01 1.000189491307840850e+00 9.784726506182681582e-01 7.771435554922652145e-01 7.416034186388427152e-01 7.232479832689127086e-01 8.061801107923933785e-01 8.366180064225940960e-01 8.849788593347365229e-01 7.662553373838831838e-01 0.000000000000000000e+00
