0.000000000000000000e+00 1.000000000000000000e+00 2.000000000000000000e+00 3.000000000000000000e+00 4.000000000000000000e+00 5.000000000000000000e+00 6.000000000000000000e+00 7.000000000000000000e+00 8.000000000000000000e+00 9.000000000000000000e+00 1.000000000000000000e+01 1.100000000000000000e+01 1.200000000000000000e+01 1.300000000000000000e+01 1.400000000000000000e+01 1.500000000000000000e+01 1.600000000000000000e+01 1.700000000000000000e+01 1.800000000000000000e+01 1.900000000000000000e+01 2.000000000000000000e+01 2.100000000000000000e+01 2.200000000000000000e+01 2.300000000000000000e+01 2.400000000000000000e+01 2.500000000000000000e+01 2.600000000000000000e+01 2.700000000000000000e+01 2.800000000000000000e+01 2.900000000000000000e+01 3.000000000000000000e+01 3.100000000000000000e+01 3.200000000000000000e+01
1.000000000000000000e+00 0.000000000000000000e+00 1.260917254824360789e+00 1.724192779192047498e+00 1.381582793363909545e+00 1.409422443271866499e+00 1.401622630258377633e+00 1.387054150807254027e+00 1.432919199964187040e+00 1.347760150627767217e+00 1.412712757791177998e+00 1.378249539998597006e+00 1.398539323013063607e+00 1.369447559128651015e+00 1.703953449600946524e+00 1.451370256386383950e+00 2.019716926301105886e+00 2.098654570518397655e+00 1.708991132878993957e+00 2.017728294749027818e+00 1.705835868060213478e+00 1.461623278018086003e+00 2.013997558321519055e+00 1.455458916719036599e+00 1.468214014521083355e+00 1.612830448764833946e+00 1.650620551758275045e+00 1.681777689169517975e+00 1.556350321390877145e+00 1.548334472999384204e+00 1.535679679225546712e+00 1.588839046152854317e+00 2.066564694730253393e+00
2.000000000000000000e+00 1.260917254824360789e+00 0.000000000000000000e+00 1.241120503827146448e+00 8.856711532192900194e-01 9.238206762079590462e-01 9.209984283411589701e-01 9.029609528160118526e-01 9.605086460074976351e-01 8.409612105045409791e-01 9.367369403688059482e-01 8.930737261180452524e-01 9.199715391395530961e-01 9.173073960475397470e-01 1.260263488161783574e+00 1.015459934448278645e+00 1.577805657144720541e+00 1.657004648526398949e+00 1.268503281526201620e+00 1.577138784016864914e+00 1.266128226507873933e+00 1.025451781227897596e+00 1.575640714290426292e+00 1.023011761490929983e+00 1.036953918768836802e+00 1.181183395054621776e+00 1.220380013864591273e+00 1.252721120093634122e+00 1.130930488387547062e+00 1.124175896599241664e+00 1.114634937202803266e+00 1.165547576128253437e+00 1.642712554072403464e+00
3.000000000000000000e+00 1.724192779192047498e+00 1.241120503827146448e+00 0.000000000000000000e+00 9.435254576182519060e-01 7.687450808478608621e-01 8.966059822726402118e-01 9.542630921152610579e-01 1.009882970069877928e+00 1.089544080522181435e+00 9.872262149698134426e-01 1.094101441058642488e+00 1.081449177251152305e+00 1.247098645896937530e+00 1.472355542077366852e+00 1.328930496218990065e+00 1.800302340442557103e+00 1.878485769706811581e+00 1.495443076459992193e+00 1.801537653292750285e+00 1.495186764511745370e+00 1.305983130781102064e+00 1.810237238991914577e+00 1.305919845055173889e+00 1.318406447276755822e+00 1.438715818199019392e+00 1.480664990717686536e+00 1.515827874008782272e+00 1.409035765654311323e+00 1.406221534602551948e+00 1.404890660372852595e+00 1.447348013057739413e+00 1.919783156089011733e+00
4.000000000000000000e+00 1.381582793363909545e+00 8.856711532192900194e-01 9.435254576182519060e-01 0.000000000000000000e+00 5.986961525840910348e-01 6.660091513052597278e-01 6.539994439090761613e-01 7.586994068859205242e-01 7.207443654120875287e-01 7.245612167709236662e-01 7.544815897989882725e-01 7.600008426678559470e-01 9.090206181674478358e-01 1.167992101717655551e+00 9.974078048160111010e-01 1.492722196517506372e+00 1.571470558503244241e+00 1.186883426401484920e+00 1.493939842377894678e+00 1.186208668558036194e+00 9.816025652901314569e-01 1.499798427401813239e+00 9.820632157263518014e-01 9.952893494309080769e-01 1.122800801480103416e+00 1.164320972685994882e+00 1.198940647640676760e+00 1.088478653813227837e+00 1.084835065246572583e+00 1.081918635721777600e+00 1.126248904338239987e+00 1.599967723651174900e+00
5.000000000000000000e+00 1.409422443271866499e+00 9.238206762079590462e-01 7.687450808478608621e-01 5.986961525840910348e-01 0.000000000000000000e+00 5.601779319968231974e-01 6.057326304354482271e-01 6.996315409935154328e-01 7.585048944386154623e-01 6.644516132736149050e-01 7.629262751144076926e-01 7.507949931881114924e-01 9.250889223817546636e-01 1.158317526185263180e+00 1.008158486189767444e+00 1.484930175891355564e+00 1.563501432708735539e+00 1.179918327415931723e+00 1.486508308409407064e+00 1.179630899458982363e+00 9.859561814212753905e-01 1.494245184040893459e+00 9.863282575275154063e-01 9.990671712549692440e-01 1.121430565634994103e+00 1.163389744533563253e+00 1.198485482432194660e+00 1.090821156643034584e+00 1.087874759801949587e+00 1.086353209891848914e+00 1.129148890881306100e+00 1.601932684544441710e+00
6.000000000000000000e+00 1.401622630258377633e+00 9.209984283411589701e-01 8.966059822726402118e-01 6.660091513052597278e-01 5.601779319968231974e-01 0.000000000000000000e+00 5.345026563414900789e-01 6.115707772079255200e-01 7.497440780743822586e-01 5.507997870411134311e-01 7.326247445555458260e-01 7.041701522849137529e-01 9.025438036237662942e-01 1.120133327281632951e+00 9.819039820852832889e-01 1.447095451107246245e+00 1.525898753718561096e+00 1.142678922646871209e+00 1.449345183083115440e+00 1.142708475180290506e+00 9.548018162459583902e-01 1.457810741711145219e+00 9.553756188066853117e-01 9.678708309561756540e-01 1.087456736231319887e+00 1.129800185479148400e+00 1.165244015064294425e+00 1.059232105271978863e+00 1.056770515544729783e+00 1.056275211198786534e+00 1.098040638623096532e+00 1.570315426978210027e+00
7.000000000000000000e+00 1.387054150807254027e+00 9.029609528160118526e-01 9.542630921152610579e-01 6.539994439090761613e-01 6.057326304354482271e-01 5.345026563414900789e-01 0.000000000000000000e+00 6.616055873406367915e-01 7.071529013281621090e-01 5.865443275031199111e-01 6.818250192725352488e-01 6.517725926983086726e-01 8.770860840959318061e-01 1.115625122330915264e+00 9.597982251202656911e-01 1.439836807868647206e+00 1.519318522279634820e+00 1.134895428990774890e+00 1.442514750505796250e+00 1.134749688182545846e+00 9.353958289034880469e-01 1.448806948641400805e+00 9.369768071178141700e-01 9.501262604483111662e-01 1.075023718964051689e+00 1.117285224221665985e+00 1.152493627538250687e+00 1.044161687376176761e+00 1.041286952389868681e+00 1.040117656612484121e+00 1.082887139126749387e+00 1.556053501799289585e+00
8.000000000000000000e+00 1.432919199964187040e+00 9.605086460074976351e-01 1.009882970069877928e+00 7.586994068859205242e-01 6.996315409935154328e-01 6.115707772079255200e-01 6.616055873406367915e-01 0.000000000000000000e+00 8.060008995938665599e-01 5.386189868508324263e-01 7.771883190775652483e-01 7.396579867321697588e-01 9.270842186985670530e-01 1.100245482552984821e+00 9.983361498881784257e-01 1.430904944452122685e+00 1.509225477303080432e+00 1.127918434621514310e+00 1.433562375065471794e+00 1.128580473976848353e+00 9.622424732420824522e-01 1.445579237365738567e+00 9.617470535873298143e-01 9.731130421966727173e-01 1.082558296245530016e+00 1.125474840302794544e+00 1.161639484216776319e+00 1.060568135049688276e+00 1.059215998421504157e+00 1.060811635293112731e+00 1.100061257283183602e+00 1.570590771861839929e+00
9.000000000000000000e+00 1.347760150627767217e+00 8.409612105045409791e-01 1.089544080522181435e+00 7.207443654120875287e-01 7.585048944386154623e-01 7.497440780743822586e-01 7.071529013281621090e-01 8.060008995938665599e-01 0.000000000000000000e+00 7.673979414186684611e-01 6.463681148648061647e-01 7.131126252436013058e-01 8.262557068872027344e-01 1.151379975360893315e+00 9.316822400476540977e-01 1.469970048921701355e+00 1.550064973359244647e+00 1.162695548734154594e+00 1.471769159935760296e+00 1.161474681331748471e+00 9.280700189720201276e-01 1.472558329541148403e+00 9.307555760521994959e-01 9.457239429567778632e-01 1.086824028327561642e+00 1.127938618138190741e+00 1.161851091693653304e+00 1.045370867144853388e+00 1.040519554314125905e+00 1.035497272609162467e+00 1.082701351217326691e+00 1.558696758940503191e+00
1.000000000000000000e+01 1.412712757791177998e+00 9.367369403688059482e-01 9.872262149698134426e-01 7.245612167709236662e-01 6.644516132736149050e-01 5.507997870411134311e-01 5.865443275031199111e-01 5.386189868508324263e-01 7.673979414186684611e-01 0.000000000000000000e+00 7.322911381254921803e-01 6.864633898403120771e-01 9.005991515878055687e-01 1.099397862757041100e+00 9.751968094607414983e-01 1.426510107266369509e+00 1.505682823418854177e+00 1.122803627945804239e+00 1.429663445691670809e+00 1.123217557101528374e+00 9.422705176947359096e-01 1.438838688195187121e+00 9.429115948060535768e-01 9.550502570839978222e-01 1.071250336023151561e+00 1.114037205136544806e+00 1.149876505713471664e+00 1.045750094662924568e+00 1.043846423527449385e+00 1.044521880856976503e+00 1.085095432154997708e+00 1.556780177988828839e+00
1.100000000000000000e+01 1.378249539998597006e+00 8.930737261180452524e-01 1.094101441058642488e+00 7.544815897989882725e-01 7.629262751144076926e-01 7.326247445555458260e-01 6.818250192725352488e-01 7.771883190775652483e-01 6.463681148648061647e-01 7.322911381254921803e-01 0.000000000000000000e+00 5.875610578599268496e-01 8.170796110090292608e-01 1.121590488672743025e+00 9.128159018747070697e-01 1.438925626148842341e+00 1.519959836446671098e+00 1.132417179912371674e+00 1.442351494108411458e+00 1.131706350347343015e+00 8.977872981902790261e-01 1.442966582232147577e+00 9.031635484837690075e-01 9.186216124541364270e-01 1.059716874401508413e+00 1.101738727698489573e+00 1.136298255489162523e+00 1.021401219233202706e+00 1.017337800471827869e+00 1.014275703317112809e+00 1.059965697994670775e+00 1.535708763576999480e+00
1.200000000000000000e+01 1.398539323013063607e+00 9.199715391395530961e-01 1.081449177251152305e+00 7.600008426678559470e-01 7.507949931881114924e-01 7.041701522849137529e-01 6.517725926983086726e-01 7.396579867321697588e-01 7.131126252436013058e-01 6.864633898403120771e-01 5.875610578599268496e-01 0.000000000000000000e+00 8.457793876792338850e-01 1.106768582940580892e+00 9.275603040443898273e-01 1.425385906062741626e+00 1.506626645706652390e+00 1.119977780103729836e+00 1.429795554777482103e+00 1.119831314880887163e+00 9.002714917436482889e-01 1.432151363491089402e+00 9.051661671017485755e-01 9.197035405463622748e-01 1.053838244659275336e+00 1.096518455034132256e+00 1.131712166924011109e+00 1.020274677157400500e+00 1.017164702345239480e+00 1.016028461764287849e+00 1.059615689849210840e+00 1.534191603471032117e+00
1.300000000000000000e+01 1.369447559128651015e+00 9.173073960475397470e-01 1.247098645896937530e+00 9.090206181674478358e-01 9.250889223817546636e-01 9.025438036237662942e-01 8.770860840959318061e-01 9.270842186985670530e-01 8.262557068872027344e-01 9.005991515878055687e-01 8.170796110090292608e-01 8.457793876792338850e-01 0.000000000000000000e+00 1.161571785355527187e+00 7.684919636188540792e-01 1.469830583770844967e+00 1.551258305002387594e+00 1.158618419431336699e+00 1.470506468883533202e+00 1.155620537947890547e+00 8.517941529618651142e-01 1.461462239140450592e+00 8.580687899643286709e-01 8.782101232688284131e-01 1.055007541115972280e+00 1.094434220920005529e+00 1.126291004617774094e+00 9.946037970792680483e-01 9.861217358860079329e-01 9.744150461028489030e-01 1.030234180095470409e+00 1.512074580095328358e+00
1.400000000000000000e+01 1.703953449600946524e+00 1.260263488161783574e+00 1.472355542077366852e+00 1.167992101717655551e+00 1.158317526185263180e+00 1.120133327281632951e+00 1.115625122330915264e+00 1.100245482552984821e+00 1.151379975360893315e+00 1.099397862757041100e+00 1.121590488672743025e+00 1.106768582940580892e+00 1.161571785355527187e+00 0.000000000000000000e+00 1.187625375926000260e+00 1.166758621454853095e+00 1.094438949300314157e+00 8.300934473055792129e-01 9.540609319899493457e-01 8.012315088999621970e-01 1.104238641673677135e+00 1.192458155413798515e+00 1.082362708456013012e+00 1.078793948056235630e+00 9.897386082197838775e-01 1.025972888625857227e+00 1.069301613593400591e+00 1.077290810515775910e+00 1.090138692556191113e+00 1.113320849591211248e+00 1.116282505071580333e+00 1.545018182681938690e+00
1.500000000000000000e+01 1.451370256386383950e+00 1.015459934448278645e+00 1.328930496218990065e+00 9.974078048160111010e-01 1.008158486189767444e+00 9.819039820852832889e-01 9.597982251202656911e-01 9.983361498881784257e-01 9.316822400476540977e-01 9.751968094607414983e-01 9.128159018747070697e-01 9.275603040443898273e-01 7.684919636188540792e-01 1.187625375926000260e+00 0.000000000000000000e+00 1.490873195142455643e+00 1.573028865215412520e+00 1.177836676926913961e+00 1.491214420733379509e+00 1.174074504594921464e+00 8.090590109400601637e-01 1.477378564247476600e+00 8.234001337311400714e-01 8.514696639185375115e-01 1.061355989678830714e+00 1.100638599064345247e+00 1.131947694971320972e+00 9.916035686101403179e-01 9.813111389965332165e-01 9.671827824401975082e-01 1.027945799832105100e+00 1.513906918512141431e+00
1.600000000000000000e+01 2.019716926301105886e+00 1.577805657144720541e+00 1.800302340442557103e+00 1.492722196517506372e+00 1.484930175891355564e+00 1.447095451107246245e+00 1.439836807868647206e+00 1.430904944452122685e+00 1.469970048921701355e+00 1.426510107266369509e+00 1.438925626148842341e+00 1.425385906062741626e+00 1.469830583770844967e+00 1.166758621454853095e+00 1.490873195142455643e+00 0.000000000000000000e+00 1.440918054502492662e+00 9.610893288955020264e-01 1.462796729356435677e+00 1.072684365195571754e+00 1.400932910143470211e+00 1.435256060844540382e+00 1.376459715317104981e+00 1.370943615485375799e+00 1.272224062845288994e+00 1.319339431886594749e+00 1.365859597781729606e+00 1.363469649063749234e+00 1.377829680046987804e+00 1.404082020197618297e+00 1.404986481259586251e+00 1.838192454241028173e+00
1.700000000000000000e+01 2.098654570518397655e+00 1.657004648526398949e+00 1.878485769706811581e+00 1.571470558503244241e+00 1.563501432708735539e+00 1.525898753718561096e+00 1.519318522279634820e+00 1.509225477303080432e+00 1.550064973359244647e+00 1.505682823418854177e+00 1.519959836446671098e+00 1.506626645706652390e+00 1.551258305002387594e+00 1.094438949300314157e+00 1.573028865215412520e+00 1.440918054502492662e+00 0.000000000000000000e+00 1.011245855410214611e+00 1.366738595690934588e+00 1.008463268304496729e+00 1.485304575224496437e+00 1.474498547986312413e+00 1.460752123175799388e+00 1.455357763984441499e+00 1.339453930682842131e+00 1.378110450371834439e+00 1.423366687986116874e+00 1.441925424925432520e+00 1.456652594395524414e+00 1.482634018436055134e+00 1.481107122663795517e+00 1.905905832856164217e+00
1.800000000000000000e+01 1.708991132878993957e+00 1.268503281526201620e+00 1.495443076459992193e+00 1.186883426401484920e+00 1.179918327415931723e+00 1.142678922646871209e+00 1.134895428990774890e+00 1.127918434621514310e+00 1.162695548734154594e+00 1.122803627945804239e+00 1.132417179912371674e+00 1.119977780103729836e+00 1.158618419431336699e+00 8.300934473055792129e-01 1.177836676926913961e+00 9.610893288955020264e-01 1.011245855410214611e+00 0.000000000000000000e+00 1.067662309920417218e+00 5.850511937312692368e-01 1.087322927574501330e+00 1.011994939987038933e+00 1.061143389985981900e+00 1.054615311724413251e+00 9.249352631426761562e-01 9.678163247404554248e-01 1.014800361994230515e+00 1.034807345316128835e+00 1.050651130261883281e+00 1.078437336508269118e+00 1.074637299948993041e+00 1.499050902974135013e+00
1.900000000000000000e+01 2.017728294749027818e+00 1.577138784016864914e+00 1.801537653292750285e+00 1.493939842377894678e+00 1.486508308409407064e+00 1.449345183083115440e+00 1.442514750505796250e+00 1.433562375065471794e+00 1.471769159935760296e+00 1.429663445691670809e+00 1.442351494108411458e+00 1.429795554777482103e+00 1.470506468883533202e+00 9.540609319899493457e-01 1.491214420733379509e+00 1.462796729356435677e+00 1.366738595690934588e+00 1.067662309920417218e+00 0.000000000000000000e+00 9.727173592401974211e-01 1.403770355015042215e+00 1.394550523491252303e+00 1.378136082773427029e+00 1.372173660376706517e+00 1.232180197830252233e+00 1.260640716360052149e+00 1.304301479633215743e+00 1.349024005508765001e+00 1.364682657228662777e+00 1.391293767099075707e+00 1.385821042812608761e+00 1.800134296317799976e+00
2.000000000000000000e+01 1.705835868060213478e+00 1.266128226507873933e+00 1.495186764511745370e+00 1.186208668558036194e+00 1.179630899458982363e+00 1.142708475180290506e+00 1.134749688182545846e+00 1.128580473976848353e+00 1.161474681331748471e+00 1.123217557101528374e+00 1.131706350347343015e+00 1.119831314880887163e+00 1.155620537947890547e+00 8.012315088999621970e-01 1.174074504594921464e+00 1.072684365195571754e+00 1.008463268304496729e+00 5.850511937312692368e-01 9.727173592401974211e-01 0.000000000000000000e+00 1.083821391255094246e+00 9.617060273351727417e-01 1.056846749144338959e+00 1.049902475500182453e+00 9.010210432148220150e-01 9.371289960366806504e-01 9.833985428780993576e-01 1.022673955814031643e+00 1.039253597265722640e+00 1.067549112933448230e+00 1.060750788466217065e+00 1.477507302345564710e+00
2.100000000000000000e+01 1.461623278018086003e+00 1.025451781227897596e+00 1.305983130781102064e+00 9.816025652901314569e-01 9.859561814212753905e-01 9.548018162459583902e-01 9.353958289034880469e-01 9.622424732420824522e-01 9.280700189720201276e-01 9.422705176947359096e-01 8.977872981902790261e-01 9.002714917436482889e-01 8.517941529618651142e-01 1.104238641673677135e+00 8.090590109400601637e-01 1.400932910143470211e+00 1.485304575224496437e+00 1.087322927574501330e+00 1.403770355015042215e+00 1.083821391255094246e+00 0.000000000000000000e+00 1.384804649843623725e+00 5.767023793948220511e-01 6.596207539361895744e-01 9.646640921434874727e-01 1.007416909401788185e+00 1.040595282274660915e+00 8.937392390501490702e-01 8.846344097571665621e-01 8.776900837011305523e-01 9.371995234207723957e-01 1.427760439147528260e+00
2.200000000000000000e+01 2.013997558321519055e+00 1.575640714290426292e+00 1.810237238991914577e+00 1.499798427401813239e+00 1.494245184040893459e+00 1.457810741711145219e+00 1.448806948641400805e+00 1.445579237365738567e+00 1.472558329541148403e+00 1.438838688195187121e+00 1.442966582232147577e+00 1.432151363491089402e+00 1.461462239140450592e+00 1.192458155413798515e+00 1.477378564247476600e+00 1.435256060844540382e+00 1.474498547986312413e+00 1.011994939987038933e+00 1.394550523491252303e+00 9.617060273351727417e-01 1.384804649843623725e+00 0.000000000000000000e+00 1.355951871606238646e+00 1.347746077490384442e+00 1.174438447547398567e+00 1.217518699087575929e+00 1.267007036873141645e+00 1.310939878420345206e+00 1.329073879073726872e+00 1.359574922428562926e+00 1.349388208457534377e+00 1.764629422223863209e+00
2.300000000000000000e+01 1.455458916719036599e+00 1.023011761490929983e+00 1.305919845055173889e+00 9.820632157263518014e-01 9.863282575275154063e-01 9.553756188066853117e-01 9.369768071178141700e-01 9.617470535873298143e-01 9.307555760521994959e-01 9.429115948060535768e-01 9.031635484837690075e-01 9.051661671017485755e-01 8.580687899643286709e-01 1.082362708456013012e+00 8.234001337311400714e-01 1.376459715317104981e+00 1.460752123175799388e+00 1.061143389985981900e+00 1.378136082773427029e+00 1.056846749144338959e+00 5.767023793948220511e-01 1.355951871606238646e+00 0.000000000000000000e+00 5.197573271069491074e-01 9.277393649737835091e-01 9.705493283068409305e-01 1.003414375104257017e+00 8.474304040387199422e-01 8.366847153259411307e-01 8.291172399582447117e-01 8.928981729158127489e-01 1.387909306066172022e+00
2.400000000000000000e+01 1.468214014521083355e+00 1.036953918768836802e+00 1.318406447276755822e+00 9.952893494309080769e-01 9.990671712549692440e-01 9.678708309561756540e-01 9.501262604483111662e-01 9.731130421966727173e-01 9.457239429567778632e-01 9.550502570839978222e-01 9.186216124541364270e-01 9.197035405463622748e-01 8.782101232688284131e-01 1.078793948056235630e+00 8.514696639185375115e-01 1.370943615485375799e+00 1.455357763984441499e+00 1.054615311724413251e+00 1.372173660376706517e+00 1.049902475500182453e+00 6.596207539361895744e-01 1.347746077490384442e+00 5.197573271069491074e-01 0.000000000000000000e+00 9.146023607577982162e-01 9.580351905716706362e-01 9.910724346338242174e-01 8.283705400789371787e-01 8.170028727427931514e-01 8.113627254115207688e-01 8.767281097222523467e-01 1.375145534726608165e+00
2.500000000000000000e+01 1.612830448764833946e+00 1.181183395054621776e+00 1.438715818199019392e+00 1.122800801480103416e+00 1.121430565634994103e+00 1.087456736231319887e+00 1.075023718964051689e+00 1.082558296245530016e+00 1.086824028327561642e+00 1.071250336023151561e+00 1.059716874401508413e+00 1.053838244659275336e+00 1.055007541115972280e+00 9.897386082197838775e-01 1.061355989678830714e+00 1.272224062845288994e+00 1.339453930682842131e+00 9.249352631426761562e-01 1.232180197830252233e+00 9.010210432148220150e-01 9.646640921434874727e-01 1.174438447547398567e+00 9.277393649737835091e-01 9.146023607577982162e-01 0.000000000000000000e+00 6.051345082830890121e-01 7.046240564802681572e-01 8.108239983863767542e-01 8.393380884389296526e-01 8.806128431601292217e-01 8.437642322876148793e-01 1.236304396368766767e+00
2.600000000000000000e+01 1.650620551758275045e+00 1.220380013864591273e+00 1.480664990717686536e+00 1.164320972685994882e+00 1.163389744533563253e+00 1.129800185479148400e+00 1.117285224221665985e+00 1.125474840302794544e+00 1.127938618138190741e+00 1.114037205136544806e+00 1.101738727698489573e+00 1.096518455034132256e+00 1.094434220920005529e+00 1.025972888625857227e+00 1.100638599064345247e+00 1.319339431886594749e+00 1.378110450371834439e+00 9.678163247404554248e-01 1.260640716360052149e+00 9.371289960366806504e-01 1.007416909401788185e+00 1.217518699087575929e+00 9.705493283068409305e-01 9.580351905716706362e-01 6.051345082830890121e-01 0.000000000000000000e+00 5.512234587660949092e-01 8.486577286384773267e-01 8.743905905313233973e-01 9.101852652929325327e-01 8.683824923250209604e-01 1.205394812853289643e+00
2.700000000000000000e+01 1.681777689169517975e+00 1.252721120093634122e+00 1.515827874008782272e+00 1.198940647640676760e+00 1.198485482432194660e+00 1.165244015064294425e+00 1.152493627538250687e+00 1.161639484216776319e+00 1.161851091693653304e+00 1.149876505713471664e+00 1.136298255489162523e+00 1.131712166924011109e+00 1.126291004617774094e+00 1.069301613593400591e+00 1.131947694971320972e+00 1.365859597781729606e+00 1.423366687986116874e+00 1.014800361994230515e+00 1.304301479633215743e+00 9.833985428780993576e-01 1.040595282274660915e+00 1.267007036873141645e+00 1.003414375104257017e+00 9.910724346338242174e-01 7.046240564802681572e-01 5.512234587660949092e-01 0.000000000000000000e+00 8.776376456179759700e-01 9.013621547580576987e-01 9.335885672949129077e-01 8.892629576180690609e-01 1.186645152308428486e+00
2.800000000000000000e+01 1.556350321390877145e+00 1.130930488387547062e+00 1.409035765654311323e+00 1.088478653813227837e+00 1.090821156643034584e+00 1.059232105271978863e+00 1.044161687376176761e+00 1.060568135049688276e+00 1.045370867144853388e+00 1.045750094662924568e+00 1.021401219233202706e+00 1.020274677157400500e+00 9.946037970792680483e-01 1.077290810515775910e+00 9.916035686101403179e-01 1.363469649063749234e+00 1.441925424925432520e+00 1.034807345316128835e+00 1.349024005508765001e+00 1.022673955814031643e+00 8.937392390501490702e-01 1.310939878420345206e+00 8.474304040387199422e-01 8.283705400789371787e-01 8.108239983863767542e-01 8.486577286384773267e-01 8.776376456179759700e-01 0.000000000000000000e+00 5.363375543705628523e-01 6.853657007508908716e-01 6.209631407497380184e-01 1.235272231248063957e+00
2.900000000000000000e+01 1.548334472999384204e+00 1.124175896599241664e+00 1.406221534602551948e+00 1.084835065246572583e+00 1.087874759801949587e+00 1.056770515544729783e+00 1.041286952389868681e+00 1.059215998421504157e+00 1.040519554314125905e+00 1.043846423527449385e+00 1.017337800471827869e+00 1.017164702345239480e+00 9.861217358860079329e-01 1.090138692556191113e+00 9.813111389965332165e-01 1.377829680046987804e+00 1.456652594395524414e+00 1.050651130261883281e+00 1.364682657228662777e+00 1.039253597265722640e+00 8.846344097571665621e-01 1.329073879073726872e+00 8.366847153259411307e-01 8.170028727427931514e-01 8.393380884389296526e-01 8.743905905313233973e-01 9.013621547580576987e-01 5.363375543705628523e-01 0.000000000000000000e+00 6.192788192195199937e-01 6.514661814789175498e-01 1.253089759280374693e+00
3.000000000000000000e+01 1.535679679225546712e+00 1.114634937202803266e+00 1.404890660372852595e+00 1.081918635721777600e+00 1.086353209891848914e+00 1.056275211198786534e+00 1.040117656612484121e+00 1.060811635293112731e+00 1.035497272609162467e+00 1.044521880856976503e+00 1.014275703317112809e+00 1.016028461764287849e+00 9.744150461028489030e-01 1.113320849591211248e+00 9.671827824401975082e-01 1.404082020197618297e+00 1.482634018436055134e+00 1.078437336508269118e+00 1.391293767099075707e+00 1.067549112933448230e+00 8.776900837011305523e-01 1.359574922428562926e+00 8.291172399582447117e-01 8.113627254115207688e-01 8.806128431601292217e-01 9.101852652929325327e-01 9.335885672949129077e-01 6.853657007508908716e-01 6.192788192195199937e-01 0.000000000000000000e+00 7.138563961316271023e-01 1.274771779058518906e+00
3.100000000000000000e+01 1.588839046152854317e+00 1.165547576128253437e+00 1.447348013057739413e+00 1.126248904338239987e+00 1.129148890881306100e+00 1.098040638623096532e+00 1.082887139126749387e+00 1.100061257283183602e+00 1.082701351217326691e+00 1.085095432154997708e+00 1.059965697994670775e+00 1.059615689849210840e+00 1.030234180095470409e+00 1.116282505071580333e+00 1.027945799832105100e+00 1.404986481259586251e+00 1.481107122663795517e+00 1.074637299948993041e+00 1.385821042812608761e+00 1.060750788466217065e+00 9.371995234207723957e-01 1.349388208457534377e+00 8.928981729158127489e-01 8.767281097222523467e-01 8.437642322876148793e-01 8.683824923250209604e-01 8.892629576180690609e-01 6.209631407497380184e-01 6.514661814789175498e-01 7.138563961316271023e-01 0.000000000000000000e+00 1.214224129951976927e+00
3.200000000000000000e+01 2.066564694730253393e+00 1.642712554072403464e+00 1.919783156089011733e+00 1.599967723651174900e+00 1.601932684544441710e+00 1.570315426978210027e+00 1.556053501799289585e+00 1.570590771861839929e+00 1.558696758940503191e+00 1.556780177988828839e+00 1.535708763576999480e+00 1.534191603471032117e+00 1.512074580095328358e+00 1.545018182681938690e+00 1.513906918512141431e+00 1.838192454241028173e+00 1.905905832856164217e+00 1.499050902974135013e+00 1.800134296317799976e+00 1.477507302345564710e+00 1.427760439147528260e+00 1.764629422223863209e+00 1.387909306066172022e+00 1.375145534726608165e+00 1.236304396368766767e+00 1.205394812853289643e+00 1.186645152308428486e+00 1.235272231248063957e+00 1.253089759280374693e+00 1.274771779058518906e+00 1.214224129951976927e+00 0.000000000000000000e+00
