0.000000000000000000e+00 1.000000000000000000e+00 2.000000000000000000e+00 3.000000000000000000e+00 4.000000000000000000e+00 5.000000000000000000e+00 6.000000000000000000e+00 7.000000000000000000e+00 8.000000000000000000e+00 9.000000000000000000e+00 1.000000000000000000e+01 1.100000000000000000e+01 1.200000000000000000e+01 1.300000000000000000e+01 1.400000000000000000e+01 1.500000000000000000e+01 1.600000000000000000e+01 1.700000000000000000e+01 1.800000000000000000e+01 1.900000000000000000e+01 2.000000000000000000e+01 2.100000000000000000e+01 2.200000000000000000e+01 2.300000000000000000e+01 2.400000000000000000e+01 2.500000000000000000e+01 2.600000000000000000e+01 2.700000000000000000e+01 2.800000000000000000e+01 2.900000000000000000e+01 3.000000000000000000e+01 3.100000000000000000e+01 3.200000000000000000e+01
1.000000000000000000e+00 0.000000000000000000e+00 7.291848716547333353e-01 7.025555992039578257e-01 8.185590531015343174e-01 7.289960030611343234e-01 8.231581200721839187e-01 8.415487194320874220e-01 8.533555028836853351e-01 8.027114967683491864e-01 8.524002070540127596e-01 8.239381357386680316e-01 8.476851208147463401e-01 8.271098690702901601e-01 8.534723638306183080e-01 8.560592099675008448e-01 8.171026082833138249e-01 8.330611968210293039e-01 8.239308692591876815e-01 8.596944496982835693e-01 8.368557798953234483e-01 7.343764050152260525e-01 8.319305851558875808e-01 7.462092600945984255e-01 7.596687314602545982e-01 8.937333561125248016e-01 8.991337067275827488e-01 9.201083540807388772e-01 9.904583170599124964e-01 9.827156276068411689e-01 9.858143785043291807e-01 1.029401202563845930e+00 1.116338234773243121e+00
2.000000000000000000e+00 7.291848716547333353e-01 0.000000000000000000e+00 6.377929273392775045e-01 7.452953866276863515e-01 6.625778741871150013e-01 7.577229694707176000e-01 7.722057997906726090e-01 7.915667848247297522e-01 7.149145995897817629e-01 7.880648653133072168e-01 7.486019173630119594e-01 7.781230037035608005e-01 7.622140349341969268e-01 8.007693443244650044e-01 8.034285150825564159e-01 7.646463013298933076e-01 7.806379502950528959e-01 7.716493571168264731e-01 8.075375857529732970e-01 7.847441843495382985e-01 6.831128850206616976e-01 7.801914432353558304e-01 6.971582349800469203e-01 7.116064029264781432e-01 8.432730383024636955e-01 8.489535796447172933e-01 8.701031905342540007e-01 9.433787095141091816e-01 9.366281400161955428e-01 9.422736328124863281e-01 9.826266933864828967e-01 1.067720896840495870e+00
3.000000000000000000e+00 7.025555992039578257e-01 6.377929273392775045e-01 0.000000000000000000e+00 4.445508555259953809e-01 2.486071965196118283e-01 4.129113224385437819e-01 4.837819122802404781e-01 4.905724368533593838e-01 5.695110998291660342e-01 4.940245208014714118e-01 5.773186978460113084e-01 5.711461900085187393e-01 6.527039779688003085e-01 6.054820980804558328e-01 6.751332767666529122e-01 5.745227024276254868e-01 5.892393343247612769e-01 5.824595661808377178e-01 6.179254917739288588e-01 5.962436874097901685e-01 5.358948366251835571e-01 5.953650599078237349e-01 5.501733721462300775e-01 5.632840786696671209e-01 6.665184706323837860e-01 6.728296994109602691e-01 6.945942196347489883e-01 7.824368601379442234e-01 7.792920592605880881e-01 7.918631071969162161e-01 8.212224803455716593e-01 8.981778646201414862e-01
4.000000000000000000e+00 8.185590531015343174e-01 7.452953866276863515e-01 4.445508555259953809e-01 0.000000000000000000e+00 4.536051032181617204e-01 5.925149998445823352e-01 6.143037485957349997e-01 6.617001935049323658e-01 6.593949370432886647e-01 6.548033049353950696e-01 6.864809062271296503e-01 6.927493790763344927e-01 7.663611858358504447e-01 7.434174243803821636e-01 7.946388229025864725e-01 7.108629428326128652e-01 7.260178115188111736e-01 7.185749078597344353e-01 7.542381410099431305e-01 7.322107190420205081e-01 6.598349035740070923e-01 7.302946289325313867e-01 6.747299451902319944e-01 6.884958244182728393e-01 7.993662721147406502e-01 8.055812926488118419e-01 8.272152775466323771e-01 9.115498412215389257e-01 9.076324332125385030e-01 9.189012750868019719e-01 9.505675989316502150e-01 1.029417390749528538e+00
5.000000000000000000e+00 7.289960030611343234e-01 6.625778741871150013e-01 2.486071965196118283e-01 4.536051032181617204e-01 0.000000000000000000e+00 4.235487090648996089e-01 4.882182049260135326e-01 5.192060054421624438e-01 5.870991087163698330e-01 5.147912609334316381e-01 5.951277308986554493e-01 5.887964370770292222e-01 6.748953541787695576e-01 6.322232862591044000e-01 6.981584249523753449e-01 6.008162570498533084e-01 6.156723874078526837e-01 6.087161641628132669e-01 6.442618963253400333e-01 6.224833978966416437e-01 5.594976024378700563e-01 6.213548981905820945e-01 5.740079603702124000e-01 5.872916323270023220e-01 6.920724126681180310e-01 6.983819334103141818e-01 7.201266456422117379e-01 8.073067260500835784e-01 8.040416237898575513e-01 8.164539958989709412e-01 8.461639054769023449e-01 9.234613356322645128e-01
6.000000000000000000e+00 8.231581200721839187e-01 7.577229694707176000e-01 4.129113224385437819e-01 5.925149998445823352e-01 4.235487090648996089e-01 0.000000000000000000e+00 5.201389117736894274e-01 5.641813866700163826e-01 6.759372874787729080e-01 5.299079057854935160e-01 6.703223293535510718e-01 6.514185397364912200e-01 7.571627460994275749e-01 7.078051168631505075e-01 7.779185835268260796e-01 6.762801607942877657e-01 6.912305859031697697e-01 6.842625659791962134e-01 7.199142858088115604e-01 6.981118349743086204e-01 6.371561643612996262e-01 6.970634779317519403e-01 6.518604535367915620e-01 6.651178868975935465e-01 7.681808449923269722e-01 7.745733741317600840e-01 7.963693376556586490e-01 8.844760332317663787e-01 8.815028107607323360e-01 8.945526653621169721e-01 9.233644670829044276e-01 1.000108476181295059e+00
7.000000000000000000e+00 8.415487194320874220e-01 7.722057997906726090e-01 4.837819122802404781e-01 6.143037485957349997e-01 4.882182049260135326e-01 5.201389117736894274e-01 0.000000000000000000e+00 6.255205280447758698e-01 6.672856905255400983e-01 5.741777807940987577e-01 6.524161042827628654e-01 6.277566029001019343e-01 7.612740927982871719e-01 7.295726351259121945e-01 7.850626758018617313e-01 6.964259488568304013e-01 7.118674966545690541e-01 7.042483546642904768e-01 7.401681556348319591e-01 7.180137995885637059e-01 6.466071542619592494e-01 7.160176737081309639e-01 6.622423851288103958e-01 6.761960975664593754e-01 7.854313102875446484e-01 7.918072635174672191e-01 8.135221129545087138e-01 8.990015811149839609e-01 8.955403612716377193e-01 9.079318015963879773e-01 9.381654396001852803e-01 1.016271202110186289e+00
8.000000000000000000e+00 8.533555028836853351e-01 7.915667848247297522e-01 4.905724368533593838e-01 6.617001935049323658e-01 5.192060054421624438e-01 5.641813866700163826e-01 6.255205280447758698e-01 0.000000000000000000e+00 7.188566654858076221e-01 5.268815420612070755e-01 7.054215207809667598e-01 6.802581126141623580e-01 7.814571787650103074e-01 7.047473116510432067e-01 7.957502162554574987e-01 6.745213118233520655e-01 6.891844341651147676e-01 6.828078753308760573e-01 7.184018470548297897e-01 6.968861394522306574e-01 6.495651111236592223e-01 6.968775716404849163e-01 6.636127800874798144e-01 6.761200178117707793e-01 7.703050816806565892e-01 7.768484914671974773e-01 7.988062968776536987e-01 8.909741852692859565e-01 8.889444564636634905e-01 9.036457541185227704e-01 9.296368198799112026e-01 1.004161276398359393e+00
9.000000000000000000e+00 8.027114967683491864e-01 7.149145995897817629e-01 5.695110998291660342e-01 6.593949370432886647e-01 5.870991087163698330e-01 6.759372874787729080e-01 6.672856905255400983e-01 7.188566654858076221e-01 0.000000000000000000e+00 7.041820696954464998e-01 6.074555325698817176e-01 6.643193105670198717e-01 7.017630106384297184e-01 7.409290802150796384e-01 7.477821517008851337e-01 7.045675004579733391e-01 7.208007051830800371e-01 7.117908669710127922e-01 7.479754612019396953e-01 7.251214536928179966e-01 6.238008860642397790e-01 7.208035407696264940e-01 6.409159499030259166e-01 6.565786953265426718e-01 7.852151045356593473e-01 7.912788019802013961e-01 8.126479107969688531e-01 8.893527753359248278e-01 8.838563097339082741e-01 8.927127824207254925e-01 9.290176810655490502e-01 1.011912267216609207e+00
1.000000000000000000e+01 8.524002070540127596e-01 7.880648653133072168e-01 4.940245208014714118e-01 6.548033049353950696e-01 5.147912609334316381e-01 5.299079057854935160e-01 5.741777807940987577e-01 5.268815420612070755e-01 7.041820696954464998e-01 0.000000000000000000e+00 6.838139833107791388e-01 6.475411492057242535e-01 7.728251043872281789e-01 7.130904940717373020e-01 7.894734617669874055e-01 6.812260395713510830e-01 6.963786468523098794e-01 6.893368291647695711e-01 7.251903971792331705e-01 7.033182946463388818e-01 6.454069165493298010e-01 7.023287978590571079e-01 6.602964089067493436e-01 6.734592719544219008e-01 7.739697187782000887e-01 7.804883037025390768e-01 8.023579656110630953e-01 8.917509603197485424e-01 8.891942442436973071e-01 9.031466806220569410e-01 9.306859128511921764e-01 1.006658272634820550e+00
1.100000000000000000e+01 8.239381357386680316e-01 7.486019173630119594e-01 5.773186978460113084e-01 6.864809062271296503e-01 5.951277308986554493e-01 6.703223293535510718e-01 6.524161042827628654e-01 7.054215207809667598e-01 6.074555325698817176e-01 6.838139833107791388e-01 0.000000000000000000e+00 5.703661244031658084e-01 6.914232490003525688e-01 7.200639510966575507e-01 7.282575154825248198e-01 6.828550758047143843e-01 6.994432667416237148e-01 6.901386337851808106e-01 7.266110459466140759e-01 7.035695299101830669e-01 5.995248942124583591e-01 6.989785164660418104e-01 6.183221978968214128e-01 6.346537822567939191e-01 7.634082759485952829e-01 7.696664205044884133e-01 7.911175873897560162e-01 8.686048462033032491e-01 8.635740439135919377e-01 8.737766009009013679e-01 9.085594934758434160e-01 9.908422787874691107e-01
1.200000000000000000e+01 8.476851208147463401e-01 7.781230037035608005e-01 5.711461900085187393e-01 6.927493790763344927e-01 5.887964370770292222e-01 6.514185397364912200e-01 6.277566029001019343e-01 6.802581126141623580e-01 6.643193105670198717e-01 6.475411492057242535e-01 5.703661244031658084e-01 0.000000000000000000e+00 7.273106868909019473e-01 7.158430115815643813e-01 7.496562598367950692e-01 6.795779537969951489e-01 6.960232362646350257e-01 6.871774504893241042e-01 7.237016509692223432e-01 7.008678011801786623e-01 6.113961355272162779e-01 6.971795054534855041e-01 6.294339939116702087e-01 6.448398277645388532e-01 7.638659261205281714e-01 7.703355048923924420e-01 7.919706761208964441e-01 8.737208591114903333e-01 8.697651874633980373e-01 8.819177271652849370e-01 9.134989318909354505e-01 9.934128431380979674e-01
1.300000000000000000e+01 8.271098690702901601e-01 7.622140349341969268e-01 6.527039779688003085e-01 7.663611858358504447e-01 6.748953541787695576e-01 7.571627460994275749e-01 7.612740927982871719e-01 7.814571787650103074e-01 7.017630106384297184e-01 7.728251043872281789e-01 6.914232490003525688e-01 7.273106868909019473e-01 0.000000000000000000e+00 7.417581360464249318e-01 6.612493712140676827e-01 7.014655566818356336e-01 7.186960601479739363e-01 7.080073366702203108e-01 7.445622761028939385e-01 7.208534216326106803e-01 5.798253859708780711e-01 7.137769560317352990e-01 5.996433190845074090e-01 6.182834410615964948e-01 7.723453691412519584e-01 7.780947689546654500e-01 7.990828150946418518e-01 8.655983362532330139e-01 8.578103239874474983e-01 8.631011041830820574e-01 9.060536326471912982e-01 9.944106205610967475e-01
1.400000000000000000e+01 8.534723638306183080e-01 8.007693443244650044e-01 6.054820980804558328e-01 7.434174243803821636e-01 6.322232862591044000e-01 7.078051168631505075e-01 7.295726351259121945e-01 7.047473116510432067e-01 7.409290802150796384e-01 7.130904940717373020e-01 7.200639510966575507e-01 7.158430115815643813e-01 7.417581360464249318e-01 0.000000000000000000e+00 7.197605783464338103e-01 3.328337870066043758e-01 2.892912462809869023e-01 3.277076461337510294e-01 3.108776130125211479e-01 3.242420573739855927e-01 5.376335030652433788e-01 3.674473231893724545e-01 5.398599195113011895e-01 5.419460083057052735e-01 4.920436920790828284e-01 4.962147530413923979e-01 5.198027340998498946e-01 6.867212160502321749e-01 6.970666387638912997e-01 7.294053538801401615e-01 7.177357002161093291e-01 7.537909502492858849e-01
1.500000000000000000e+01 8.560592099675008448e-01 8.034285150825564159e-01 6.751332767666529122e-01 7.946388229025864725e-01 6.981584249523753449e-01 7.779185835268260796e-01 7.850626758018617313e-01 7.957502162554574987e-01 7.477821517008851337e-01 7.894734617669874055e-01 7.282575154825248198e-01 7.496562598367950692e-01 6.612493712140676827e-01 7.197605783464338103e-01 0.000000000000000000e+00 6.768569233265443463e-01 6.947186142706411882e-01 6.828935954440414902e-01 7.196565546012015924e-01 6.953742716406506874e-01 5.121898537128529716e-01 6.863778707770342713e-01 5.370618554377166731e-01 5.609614440796584223e-01 7.408237538498706476e-01 7.464186582036099749e-01 7.671718368858071457e-01 8.264539432586580636e-01 8.171671278945238370e-01 8.210673990728056815e-01 8.679119296989243892e-01 9.599429869907509794e-01
1.600000000000000000e+01 8.171026082833138249e-01 7.646463013298933076e-01 5.745227024276254868e-01 7.108629428326128652e-01 6.008162570498533084e-01 6.762801607942877657e-01 6.964259488568304013e-01 6.745213118233520655e-01 7.045675004579733391e-01 6.812260395713510830e-01 6.828550758047143843e-01 6.795779537969951489e-01 7.014655566818356336e-01 3.328337870066043758e-01 6.768569233265443463e-01 0.000000000000000000e+00 2.748998340222896797e-01 2.311674923024481521e-01 3.297901860320636702e-01 2.906257881419763711e-01 4.919488417851666240e-01 3.117341563796169890e-01 4.933257978197820304e-01 4.946398343046636281e-01 4.419296896399141916e-01 4.492274477045595793e-01 4.735463636353949290e-01 6.366468662871692663e-01 6.474902992962767723e-01 6.809776545915438017e-01 6.683908303792216454e-01 7.059862930820639537e-01
1.700000000000000000e+01 8.330611968210293039e-01 7.806379502950528959e-01 5.892393343247612769e-01 7.260178115188111736e-01 6.156723874078526837e-01 6.912305859031697697e-01 7.118674966545690541e-01 6.891844341651147676e-01 7.208007051830800371e-01 6.963786468523098794e-01 6.994432667416237148e-01 6.960232362646350257e-01 7.186960601479739363e-01 2.892912462809869023e-01 6.947186142706411882e-01 2.748998340222896797e-01 0.000000000000000000e+00 2.531254332314619715e-01 2.834564658183146291e-01 2.557551007332884430e-01 5.105667534027068521e-01 3.168042640458708092e-01 5.119305660469879449e-01 5.132755676389124666e-01 4.519941312644321085e-01 4.565706225321811695e-01 4.804616708517692736e-01 6.527153773895765232e-01 6.639896852386895088e-01 6.975803925067718403e-01 6.831380843593344299e-01 7.164451444704642569e-01
1.800000000000000000e+01 8.239308692591876815e-01 7.716493571168264731e-01 5.824595661808377178e-01 7.185749078597344353e-01 6.087161641628132669e-01 6.842625659791962134e-01 7.042483546642904768e-01 6.828078753308760573e-01 7.117908669710127922e-01 6.893368291647695711e-01 6.901386337851808106e-01 6.871774504893241042e-01 7.080073366702203108e-01 3.277076461337510294e-01 6.828935954440414902e-01 2.311674923024481521e-01 2.531254332314619715e-01 0.000000000000000000e+00 3.088629266971364418e-01 2.530228804904389728e-01 4.975397253623462523e-01 2.907943344254868556e-01 4.984500184671085687e-01 4.993955898006581240e-01 4.346827248156507340e-01 4.408571893056806301e-01 4.651799579988065148e-01 6.368175141000004258e-01 6.484491591316776660e-01 6.826677507073635187e-01 6.673986334991806046e-01 7.008589036005039574e-01
1.900000000000000000e+01 8.596944496982835693e-01 8.075375857529732970e-01 6.179254917739288588e-01 7.542381410099431305e-01 6.442618963253400333e-01 7.199142858088115604e-01 7.401681556348319591e-01 7.184018470548297897e-01 7.479754612019396953e-01 7.251903971792331705e-01 7.266110459466140759e-01 7.237016509692223432e-01 7.445622761028939385e-01 3.108776130125211479e-01 7.196565546012015924e-01 3.297901860320636702e-01 2.834564658183146291e-01 3.088629266971364418e-01 0.000000000000000000e+00 2.687531157432553330e-01 5.346743574273945532e-01 3.235517571126285130e-01 5.353293311839417701e-01 5.361121323454047793e-01 4.568528807364037325e-01 4.577821812000032464e-01 4.811277319176738843e-01 6.684782348604173530e-01 6.809549960158955972e-01 7.156443390400109017e-01 6.969033527774672887e-01 7.229397449810015530e-01
2.000000000000000000e+01 8.368557798953234483e-01 7.847441843495382985e-01 5.962436874097901685e-01 7.322107190420205081e-01 6.224833978966416437e-01 6.981118349743086204e-01 7.180137995885637059e-01 6.968861394522306574e-01 7.251214536928179966e-01 7.033182946463388818e-01 7.035695299101830669e-01 7.008678011801786623e-01 7.208534216326106803e-01 3.242420573739855927e-01 6.953742716406506874e-01 2.906257881419763711e-01 2.557551007332884430e-01 2.530228804904389728e-01 2.687531157432553330e-01 0.000000000000000000e+00 5.097557078208546644e-01 2.803171459277906674e-01 5.102353059121105261e-01 5.108521471066782560e-01 4.322284469879994484e-01 4.356245364317149482e-01 4.596087564946120807e-01 6.431661703699743660e-01 6.556688435320305874e-01 6.905902968275794418e-01 6.721255189307784317e-01 6.998862485839969505e-01
2.100000000000000000e+01 7.343764050152260525e-01 6.831128850206616976e-01 5.358948366251835571e-01 6.598349035740070923e-01 5.594976024378700563e-01 6.371561643612996262e-01 6.466071542619592494e-01 6.495651111236592223e-01 6.238008860642397790e-01 6.454069165493298010e-01 5.995248942124583591e-01 6.113961355272162779e-01 5.798253859708780711e-01 5.376335030652433788e-01 5.121898537128529716e-01 4.919488417851666240e-01 5.105667534027068521e-01 4.975397253623462523e-01 5.346743574273945532e-01 5.097557078208546644e-01 0.000000000000000000e+00 4.988356611054911571e-01 2.790197953732713732e-01 3.264533145662111835e-01 5.498262337208138506e-01 5.557547560152799049e-01 5.765182845277636581e-01 6.311907109984596920e-01 6.219379188574427619e-01 6.294050832378377258e-01 6.747740310025331922e-01 7.683793726790282275e-01
2.200000000000000000e+01 8.319305851558875808e-01 7.801914432353558304e-01 5.953650599078237349e-01 7.302946289325313867e-01 6.213548981905820945e-01 6.970634779317519403e-01 7.160176737081309639e-01 6.968775716404849163e-01 7.208035407696264940e-01 7.023287978590571079e-01 6.989785164660418104e-01 6.971795054534855041e-01 7.137769560317352990e-01 3.674473231893724545e-01 6.863778707770342713e-01 3.117341563796169890e-01 3.168042640458708092e-01 2.907943344254868556e-01 3.235517571126285130e-01 2.803171459277906674e-01 4.988356611054911571e-01 0.000000000000000000e+00 4.982232519737728182e-01 4.979284763206273112e-01 3.995031615152314641e-01 4.054895431856030408e-01 4.306582929631836976e-01 6.223284147364464003e-01 6.362282399572432023e-01 6.728035729584096458e-01 6.502039886646848732e-01 6.738383574707704771e-01
2.300000000000000000e+01 7.462092600945984255e-01 6.971582349800469203e-01 5.501733721462300775e-01 6.747299451902319944e-01 5.740079603702124000e-01 6.518604535367915620e-01 6.622423851288103958e-01 6.636127800874798144e-01 6.409159499030259166e-01 6.602964089067493436e-01 6.183221978968214128e-01 6.294339939116702087e-01 5.996433190845074090e-01 5.398599195113011895e-01 5.370618554377166731e-01 4.933257978197820304e-01 5.119305660469879449e-01 4.984500184671085687e-01 5.353293311839417701e-01 5.102353059121105261e-01 2.790197953732713732e-01 4.982232519737728182e-01 0.000000000000000000e+00 2.635327567210596911e-01 5.458248301892335563e-01 5.513358334009249573e-01 5.717916674194012394e-01 6.187437753417669439e-01 6.074491805045749704e-01 6.129522528827817673e-01 6.633062976299934910e-01 7.609404261639602929e-01
2.400000000000000000e+01 7.596687314602545982e-01 7.116064029264781432e-01 5.632840786696671209e-01 6.884958244182728393e-01 5.872916323270023220e-01 6.651178868975935465e-01 6.761960975664593754e-01 6.761200178117707793e-01 6.565786953265426718e-01 6.734592719544219008e-01 6.346537822567939191e-01 6.448398277645388532e-01 6.182834410615964948e-01 5.419460083057052735e-01 5.609614440796584223e-01 4.946398343046636281e-01 5.132755676389124666e-01 4.993955898006581240e-01 5.361121323454047793e-01 5.108521471066782560e-01 3.264533145662111835e-01 4.979284763206273112e-01 2.635327567210596911e-01 0.000000000000000000e+00 5.428718463723335441e-01 5.481724515830791455e-01 5.684413611325012106e-01 6.095785329848316669e-01 5.970738147336243085e-01 6.027021049433425315e-01 6.553809179500129645e-01 7.557936149800568160e-01
2.500000000000000000e+01 8.937333561125248016e-01 8.432730383024636955e-01 6.665184706323837860e-01 7.993662721147406502e-01 6.920724126681180310e-01 7.681808449923269722e-01 7.854313102875446484e-01 7.703050816806565892e-01 7.852151045356593473e-01 7.739697187782000887e-01 7.634082759485952829e-01 7.638659261205281714e-01 7.723453691412519584e-01 4.920436920790828284e-01 7.408237538498706476e-01 4.419296896399141916e-01 4.519941312644321085e-01 4.346827248156507340e-01 4.568528807364037325e-01 4.322284469879994484e-01 5.498262337208138506e-01 3.995031615152314641e-01 5.458248301892335563e-01 5.428718463723335441e-01 0.000000000000000000e+00 3.441677174765539471e-01 3.894892388958366425e-01 6.278715088921892340e-01 6.492905454808537424e-01 6.923082065577625954e-01 6.459938003125123007e-01 6.446222723663910248e-01
2.600000000000000000e+01 8.991337067275827488e-01 8.489535796447172933e-01 6.728296994109602691e-01 8.055812926488118419e-01 6.983819334103141818e-01 7.745733741317600840e-01 7.918072635174672191e-01 7.768484914671974773e-01 7.912788019802013961e-01 7.804883037025390768e-01 7.696664205044884133e-01 7.703355048923924420e-01 7.780947689546654500e-01 4.962147530413923979e-01 7.464186582036099749e-01 4.492274477045595793e-01 4.565706225321811695e-01 4.408571893056806301e-01 4.577821812000032464e-01 4.356245364317149482e-01 5.557547560152799049e-01 4.054895431856030408e-01 5.513358334009249573e-01 5.481724515830791455e-01 3.441677174765539471e-01 0.000000000000000000e+00 2.737773249820101285e-01 6.224211749328855126e-01 6.447075357396800932e-01 6.874008588253972540e-01 6.305044468955702808e-01 5.868791498562229147e-01
2.700000000000000000e+01 9.201083540807388772e-01 8.701031905342540007e-01 6.945942196347489883e-01 8.272152775466323771e-01 7.201266456422117379e-01 7.963693376556586490e-01 8.135221129545087138e-01 7.988062968776536987e-01 8.126479107969688531e-01 8.023579656110630953e-01 7.911175873897560162e-01 7.919706761208964441e-01 7.990828150946418518e-01 5.198027340998498946e-01 7.671718368858071457e-01 4.735463636353949290e-01 4.804616708517692736e-01 4.651799579988065148e-01 4.811277319176738843e-01 4.596087564946120807e-01 5.765182845277636581e-01 4.306582929631836976e-01 5.717916674194012394e-01 5.684413611325012106e-01 3.894892388958366425e-01 2.737773249820101285e-01 0.000000000000000000e+00 6.371637095609691270e-01 6.596986156427069314e-01 7.021317198137992932e-01 6.400636424176815442e-01 5.682794528220698194e-01
2.800000000000000000e+01 9.904583170599124964e-01 9.433787095141091816e-01 7.824368601379442234e-01 9.115498412215389257e-01 8.073067260500835784e-01 8.844760332317663787e-01 8.990015811149839609e-01 8.909741852692859565e-01 8.893527753359248278e-01 8.917509603197485424e-01 8.686048462033032491e-01 8.737208591114903333e-01 8.655983362532330139e-01 6.867212160502321749e-01 8.264539432586580636e-01 6.366468662871692663e-01 6.527153773895765232e-01 6.368175141000004258e-01 6.684782348604173530e-01 6.431661703699743660e-01 6.311907109984596920e-01 6.223284147364464003e-01 6.187437753417669439e-01 6.095785329848316669e-01 6.278715088921892340e-01 6.224211749328855126e-01 6.371637095609691270e-01 0.000000000000000000e+00 5.290944254571374739e-01 6.635734425413688520e-01 5.864286780047838210e-01 7.836075279914076486e-01
2.900000000000000000e+01 9.827156276068411689e-01 9.366281400161955428e-01 7.792920592605880881e-01 9.076324332125385030e-01 8.040416237898575513e-01 8.815028107607323360e-01 8.955403612716377193e-01 8.889444564636634905e-01 8.838563097339082741e-01 8.891942442436973071e-01 8.635740439135919377e-01 8.697651874633980373e-01 8.578103239874474983e-01 6.970666387638912997e-01 8.171671278945238370e-01 6.474902992962767723e-01 6.639896852386895088e-01 6.484491591316776660e-01 6.809549960158955972e-01 6.556688435320305874e-01 6.219379188574427619e-01 6.362282399572432023e-01 6.074491805045749704e-01 5.970738147336243085e-01 6.492905454808537424e-01 6.447075357396800932e-01 6.596986156427069314e-01 5.290944254571374739e-01 0.000000000000000000e+00 6.055754875700158912e-01 6.241917526119971082e-01 8.082375081849253462e-01
3.000000000000000000e+01 9.858143785043291807e-01 9.422736328124863281e-01 7.918631071969162161e-01 9.189012750868019719e-01 8.164539958989709412e-01 8.945526653621169721e-01 9.079318015963879773e-01 9.036457541185227704e-01 8.927127824207254925e-01 9.031466806220569410e-01 8.737766009009013679e-01 8.819177271652849370e-01 8.631011041830820574e-01 7.294053538801401615e-01 8.210673990728056815e-01 6.809776545915438017e-01 6.975803925067718403e-01 6.826677507073635187e-01 7.156443390400109017e-01 6.905902968275794418e-01 6.294050832378377258e-01 6.728035729584096458e-01 6.129522528827817673e-01 6.027021049433425315e-01 6.923082065577625954e-01 6.874008588253972540e-01 7.021317198137992932e-01 6.635734425413688520e-01 6.055754875700158912e-01 0.000000000000000000e+00 6.893375737257969593e-01 8.496478097716442246e-01
3.100000000000000000e+01 1.029401202563845930e+00 9.826266933864828967e-01 8.212224803455716593e-01 9.505675989316502150e-01 8.461639054769023449e-01 9.233644670829044276e-01 9.381654396001852803e-01 9.296368198799112026e-01 9.290176810655490502e-01 9.306859128511921764e-01 9.085594934758434160e-01 9.134989318909354505e-01 9.060536326471912982e-01 7.177357002161093291e-01 8.679119296989243892e-01 6.683908303792216454e-01 6.831380843593344299e-01 6.673986334991806046e-01 6.969033527774672887e-01 6.721255189307784317e-01 6.747740310025331922e-01 6.502039886646848732e-01 6.633062976299934910e-01 6.553809179500129645e-01 6.459938003125123007e-01 6.305044468955702808e-01 6.400636424176815442e-01 5.864286780047838210e-01 6.241917526119971082e-01 6.893375737257969593e-01 0.000000000000000000e+00 7.522906938181577186e-01
3.200000000000000000e+01 1.116338234773243121e+00 1.067720896840495870e+00 8.981778646201414862e-01 1.029417390749528538e+00 9.234613356322645128e-01 1.000108476181295059e+00 1.016271202110186289e+00 1.004161276398359393e+00 1.011912267216609207e+00 1.006658272634820550e+00 9.908422787874691107e-01 9.934128431380979674e-01 9.944106205610967475e-01 7.537909502492858849e-01 9.599429869907509794e-01 7.059862930820639537e-01 7.164451444704642569e-01 7.008589036005039574e-01 7.229397449810015530e-01 6.998862485839969505e-01 7.683793726790282275e-01 6.738383574707704771e-01 7.609404261639602929e-01 7.557936149800568160e-01 6.446222723663910248e-01 5.868791498562229147e-01 5.682794528220698194e-01 7.836075279914076486e-01 8.082375081849253462e-01 8.496478097716442246e-01 7.522906938181577186e-01 0.000000000000000000e+00
