0.000000000000000000e+00 1.000000000000000000e+00 2.000000000000000000e+00 3.000000000000000000e+00 4.000000000000000000e+00 5.000000000000000000e+00 6.000000000000000000e+00 7.000000000000000000e+00 8.000000000000000000e+00 9.000000000000000000e+00 1.000000000000000000e+01 1.100000000000000000e+01 1.200000000000000000e+01 1.300000000000000000e+01 1.400000000000000000e+01 1.500000000000000000e+01 1.600000000000000000e+01 1.700000000000000000e+01 1.800000000000000000e+01 1.900000000000000000e+01 2.000000000000000000e+01 2.100000000000000000e+01 2.200000000000000000e+01 2.300000000000000000e+01 2.400000000000000000e+01 2.500000000000000000e+01 2.600000000000000000e+01 2.700000000000000000e+01 2.800000000000000000e+01 2.900000000000000000e+01 3.000000000000000000e+01 3.100000000000000000e+01 3.200000000000000000e+01
1.000000000000000000e+00 0.000000000000000000e+00 8.672632685892960325e-01 9.685796097187812093e-01 9.540046060233989822e-01 9.661954466906702566e-01 9.735640306533998034e-01 9.685404793361953590e-01 9.870963103894659918e-01 9.427242188064820505e-01 9.807370748353994028e-01 9.603380773314152963e-01 9.715373810819547540e-01 9.523345227569542937e-01 9.846057116339000936e-01 9.755241470558294603e-01 1.031140909281788698e+00 1.019823161026060410e+00 1.029631361156813751e+00 9.892234219383955196e-01 1.022027842078921056e+00 9.979494995781958977e-01 1.033436525812146956e+00 1.004482624237786892e+00 1.010552806284628735e+00 1.051728052500767507e+00 1.049420500394936395e+00 1.042866238373538090e+00 1.060369887875747041e+00 1.058197556085961999e+00 1.062423438486215455e+00 1.079806399168118825e+00 1.066935998354296533e+00
2.000000000000000000e+00 8.672632685892960325e-01 0.000000000000000000e+00 8.301639292432451134e-01 8.033033262445384848e-01 8.253807085962113765e-01 8.374156523461137036e-01 8.289273048865932747e-01 8.591725463386600259e-01 7.829911108232333605e-01 8.490856366657466570e-01 8.191891513802181946e-01 8.366868937390330441e-01 8.315819586827365439e-01 8.778298298156882451e-01 8.694826322725620615e-01 9.236650153490351123e-01 9.128150432858999075e-01 9.225350663345057711e-01 8.827751854870726778e-01 9.153287216835086504e-01 8.937155659880029468e-01 9.270015913431093324e-01 9.031305823440736180e-01 9.101753827647511841e-01 9.470281384269403357e-01 9.445476264750021222e-01 9.377976485853354305e-01 9.606134140929245557e-01 9.598962027692543586e-01 9.674114810934877351e-01 9.800184467210655281e-01 9.632333321044770358e-01
3.000000000000000000e+00 9.685796097187812093e-01 8.301639292432451134e-01 0.000000000000000000e+00 5.990444110852771731e-01 4.612983408722984846e-01 5.754174061161322351e-01 6.268579335526649476e-01 6.602894577839822920e-01 7.298435109485555961e-01 6.496989314459262754e-01 7.352205362222526963e-01 7.202716554021117989e-01 8.337725660231044555e-01 7.889074881393368655e-01 8.553223189932651627e-01 8.372572336026520290e-01 8.254692567325510044e-01 8.365738423004964730e-01 7.955662525486986159e-01 8.292892139024756748e-01 8.560491833933669970e-01 8.434805454147233927e-01 8.662396451473135528e-01 8.710139474432838647e-01 8.706924488586587074e-01 8.655071528169042683e-01 8.569597461132485439e-01 9.047940840689101538e-01 9.092134934662539081e-01 9.259528931234906057e-01 9.220417103060791764e-01 8.877670661236096716e-01
4.000000000000000000e+00 9.540046060233989822e-01 8.033033262445384848e-01 5.990444110852771731e-01 0.000000000000000000e+00 5.679985904191108270e-01 6.400188025264609282e-01 6.337339864126809719e-01 7.116638776621505569e-01 6.827538705635433081e-01 6.901569752972700478e-01 7.142053241386366880e-01 7.151266033899796870e-01 8.183535485817977628e-01 8.056381063328091896e-01 8.469160494766793112e-01 8.523384832283897872e-01 8.413174523517366055e-01 8.517377328499116107e-01 8.117659625384952005e-01 8.447807022326714321e-01 8.543546030277804348e-01 8.580416092864771027e-01 8.654638049780614129e-01 8.713708657604410934e-01 8.832745710764280389e-01 8.791602659832586930e-01 8.712743749382791947e-01 9.115838835148226682e-01 9.146716508491921083e-01 9.293133700395894703e-01 9.296869652701496012e-01 9.005873551287684187e-01
5.000000000000000000e+00 9.661954466906702566e-01 8.253807085962113765e-01 4.612983408722984846e-01 5.679985904191108270e-01 0.000000000000000000e+00 5.463361306782571480e-01 5.894662154425807099e-01 6.605299173160980031e-01 7.120380596935255157e-01 6.374663073244406508e-01 7.180912849010584464e-01 7.035037392487490937e-01 8.253979955221267817e-01 7.921823035859917317e-01 8.487571074652827674e-01 8.391163385113700190e-01 8.280435660646274787e-01 8.386677333658612010e-01 7.986442480773703334e-01 8.317815827539540852e-01 8.511269514064605524e-01 8.454885704950927394e-01 8.619500388139582636e-01 8.672306523256074762e-01 8.720601636168976434e-01 8.674912849144598148e-01 8.593022014342406312e-01 9.039497993744749493e-01 9.079172782084736770e-01 9.240719797830114768e-01 9.216473552534443225e-01 8.895397086095937489e-01
6.000000000000000000e+00 9.735640306533998034e-01 8.374156523461137036e-01 5.754174061161322351e-01 6.400188025264609282e-01 5.463361306782571480e-01 0.000000000000000000e+00 5.316545983791816088e-01 5.997143412801188012e-01 7.188464920086098386e-01 5.463142440329400440e-01 7.055239578659139310e-01 6.752544459650235975e-01 8.214833325250651130e-01 7.842137708229505177e-01 8.421511303020842165e-01 8.292646891112624985e-01 8.192116025430602466e-01 8.293302361333585448e-01 7.907323849178451436e-01 8.231178025343308668e-01 8.417834986522358953e-01 8.365676542338624788e-01 8.531130266879805024e-01 8.584443306338767066e-01 8.635645302428607284e-01 8.594430662567131840e-01 8.514756702726475890e-01 8.957951330969005088e-01 8.999733427664884378e-01 9.167492719964756009e-01 9.137339339781489489e-01 8.817994548964431800e-01
7.000000000000000000e+00 9.685404793361953590e-01 8.289273048865932747e-01 6.268579335526649476e-01 6.337339864126809719e-01 5.894662154425807099e-01 5.316545983791816088e-01 0.000000000000000000e+00 6.450998764115308814e-01 6.857967501945446687e-01 5.806050511781031265e-01 6.650450013180518871e-01 6.326655910399991978e-01 8.051897541381772827e-01 7.916695335377038623e-01 8.297872225733112783e-01 8.345962735944887356e-01 8.255939935149745335e-01 8.349345712143665388e-01 7.977662878234170751e-01 8.292646317827967462e-01 8.331871085932143206e-01 8.418358624648785149e-01 8.458123276278568525e-01 8.521982594500869812e-01 8.674331289140999601e-01 8.643788728188364079e-01 8.570409882913956334e-01 8.953175578648102650e-01 8.985840961824258510e-01 9.141331488600259458e-01 9.140787015836955298e-01 8.862521343749887315e-01
8.000000000000000000e+00 9.870963103894659918e-01 8.591725463386600259e-01 6.602894577839822920e-01 7.116638776621505569e-01 6.605299173160980031e-01 5.997143412801188012e-01 6.450998764115308814e-01 0.000000000000000000e+00 7.588375113047630682e-01 5.330758762375340520e-01 7.352329308870449998e-01 6.968383303131320261e-01 8.340449293686774679e-01 7.661028842760434499e-01 8.474885022332182549e-01 8.107817903650322844e-01 8.010374798759392068e-01 8.113035123883094446e-01 7.731967281890903543e-01 8.054739097130674264e-01 8.397773065217217781e-01 8.195508789051153542e-01 8.501861013217575369e-01 8.543692349414884202e-01 8.487033775673373803e-01 8.440307639122905936e-01 8.356831911551472203e-01 8.860724800928756473e-01 8.914972466710913146e-01 9.103522140122213280e-01 9.034242649259749403e-01 8.673138386457437399e-01
9.000000000000000000e+00 9.427242188064820505e-01 7.829911108232333605e-01 7.298435109485555961e-01 6.827538705635433081e-01 7.120380596935255157e-01 7.188464920086098386e-01 6.857967501945446687e-01 7.588375113047630682e-01 0.000000000000000000e+00 7.333315460373459604e-01 6.283053985747933945e-01 6.850169732792037447e-01 7.598263160222983315e-01 8.233500011448359190e-01 8.075077377381177923e-01 8.647954335694860717e-01 8.563487102236717607e-01 8.648485049559087035e-01 8.284149689655084803e-01 8.592177726133873872e-01 8.294444521482513544e-01 8.702600210799738001e-01 8.437056222512475667e-01 8.524974046759992152e-01 8.916705483655054110e-01 8.902661199704673400e-01 8.839996120460351658e-01 9.080116519266521191e-01 9.084968665510788632e-01 9.194345615719330400e-01 9.282189852445406064e-01 9.102417915624858580e-01
1.000000000000000000e+01 9.807370748353994028e-01 8.490856366657466570e-01 6.496989314459262754e-01 6.901569752972700478e-01 6.374663073244406508e-01 5.463142440329400440e-01 5.806050511781031265e-01 5.330758762375340520e-01 7.333315460373459604e-01 0.000000000000000000e+00 7.033383108273908446e-01 6.555108791499917320e-01 8.195610214007528205e-01 7.760547235065232696e-01 8.364922927727479474e-01 8.187485266283034413e-01 8.099731376661123416e-01 8.194601839381914221e-01 7.826439966752190003e-01 8.140912585379271871e-01 8.324953787518236670e-01 8.272251096749727584e-01 8.442569970542235236e-01 8.495517578182991691e-01 8.547658438971512673e-01 8.511945649984913320e-01 8.435000868691180376e-01 8.874222920042087459e-01 8.918540594239514618e-01 9.093551776537396325e-01 9.056428343469042908e-01 8.739267217114483621e-01
1.100000000000000000e+01 9.603380773314152963e-01 8.191891513802181946e-01 7.352205362222526963e-01 7.142053241386366880e-01 7.180912849010584464e-01 7.055239578659139310e-01 6.650450013180518871e-01 7.352329308870449998e-01 6.283053985747933945e-01 7.033383108273908446e-01 0.000000000000000000e+00 5.757285220773276091e-01 7.461043847518450400e-01 8.086396263886389546e-01 7.857708062000162696e-01 8.465299279056175408e-01 8.399725569497908939e-01 8.473874589604675212e-01 8.135516579642254609e-01 8.429186801737869050e-01 8.031010952458845775e-01 8.531578156229360221e-01 8.201447516043682828e-01 8.299986861515631364e-01 8.746275353465551294e-01 8.743642871780796799e-01 8.686889389785470428e-01 8.902400936863863468e-01 8.909017707359137006e-01 9.029521880302648906e-01 9.112611130883581101e-01 8.947817324222588908e-01
1.200000000000000000e+01 9.715373810819547540e-01 8.366868937390330441e-01 7.202716554021117989e-01 7.151266033899796870e-01 7.035037392487490937e-01 6.752544459650235975e-01 6.326655910399991978e-01 6.968383303131320261e-01 6.850169732792037447e-01 6.555108791499917320e-01 5.757285220773276091e-01 0.000000000000000000e+00 7.718588935321614164e-01 7.937525649530209337e-01 7.968414840897385387e-01 8.308649348588303951e-01 8.248280075188920701e-01 8.321856768516211478e-01 7.990693349001576351e-01 8.281729704644227308e-01 8.023558085379423055e-01 8.387919352598236511e-01 8.186959652511456298e-01 8.273546083561669207e-01 8.621924051040297243e-01 8.616193257038766706e-01 8.556896380709309025e-01 8.826287388918234722e-01 8.845523715924992203e-01 8.988596398699015833e-01 9.032451803403311885e-01 8.830148816358858177e-01
1.300000000000000000e+01 9.523345227569542937e-01 8.315819586827365439e-01 8.337725660231044555e-01 8.183535485817977628e-01 8.253979955221267817e-01 8.214833325250651130e-01 8.051897541381772827e-01 8.340449293686774679e-01 7.598263160222983315e-01 8.195610214007528205e-01 7.461043847518450400e-01 7.718588935321614164e-01 0.000000000000000000e+00 8.471967778396315429e-01 6.813986618881323620e-01 8.820792986804939506e-01 8.766718595608711251e-01 8.825258932775297271e-01 8.502969100046400275e-01 8.782507742600134115e-01 7.696752766431620429e-01 8.856983637060504844e-01 7.900731823616300442e-01 8.057940112364374574e-01 8.992537873575634499e-01 9.020971420656391793e-01 8.984588740550709662e-01 8.923130471550504428e-01 8.874550822216566992e-01 8.904586523107165252e-01 9.161503099114278736e-01 9.187796374217054307e-01
1.400000000000000000e+01 9.846057116339000936e-01 8.778298298156882451e-01 7.889074881393368655e-01 8.056381063328091896e-01 7.921823035859917317e-01 7.842137708229505177e-01 7.916695335377038623e-01 7.661028842760434499e-01 8.233500011448359190e-01 7.760547235065232696e-01 8.086396263886389546e-01 7.937525649530209337e-01 8.471967778396315429e-01 0.000000000000000000e+00 8.402197904997200650e-01 6.112602019623341043e-01 5.476618927344025778e-01 6.007372784522593268e-01 5.448808250942207554e-01 5.855889954593667124e-01 8.092836622658996504e-01 6.310749920620299935e-01 8.089519599282655182e-01 8.041368165998854511e-01 6.891143218870392495e-01 6.723900081492857339e-01 6.571514047095685651e-01 7.757957525458170078e-01 7.908816948699124438e-01 8.222648519865265460e-01 7.835436077345978578e-01 7.014455105372450205e-01
1.500000000000000000e+01 9.755241470558294603e-01 8.694826322725620615e-01 8.553223189932651627e-01 8.469160494766793112e-01 8.487571074652827674e-01 8.421511303020842165e-01 8.297872225733112783e-01 8.474885022332182549e-01 8.075077377381177923e-01 8.364922927727479474e-01 7.857708062000162696e-01 7.968414840897385387e-01 6.813986618881323620e-01 8.402197904997200650e-01 0.000000000000000000e+00 8.711648514099370466e-01 8.675935462442530000e-01 8.718650688957969574e-01 8.421968073422074763e-01 8.684288004423754703e-01 6.919036119437500520e-01 8.737414678874999563e-01 7.222446879376953621e-01 7.474450406583996731e-01 8.828391420323584704e-01 8.882769487910537887e-01 8.862015250645949305e-01 8.631874452557419808e-01 8.556523379978799859e-01 8.560529216936236807e-01 8.897018757032020275e-01 9.034791620695423742e-01
1.600000000000000000e+01 1.031140909281788698e+00 9.236650153490351123e-01 8.372572336026520290e-01 8.523384832283897872e-01 8.391163385113700190e-01 8.292646891112624985e-01 8.345962735944887356e-01 8.107817903650322844e-01 8.647954335694860717e-01 8.187485266283034413e-01 8.465299279056175408e-01 8.308649348588303951e-01 8.820792986804939506e-01 6.112602019623341043e-01 8.711648514099370466e-01 0.000000000000000000e+00 5.422897668770290114e-01 4.606394958234296677e-01 6.097722721273248769e-01 5.696183684346787235e-01 8.340977683159980227e-01 6.061032595007540547e-01 8.333621820479115705e-01 8.277781760424913760e-01 7.208392425735334896e-01 7.227956770191610314e-01 7.177967509009459679e-01 8.065146189613845440e-01 8.212709876540453813e-01 8.538923947206871201e-01 8.200511611671978951e-01 7.605534578463943873e-01
1.700000000000000000e+01 1.019823161026060410e+00 9.128150432858999075e-01 8.254692567325510044e-01 8.413174523517366055e-01 8.280435660646274787e-01 8.192116025430602466e-01 8.255939935149745335e-01 8.010374798759392068e-01 8.563487102236717607e-01 8.099731376661123416e-01 8.399725569497908939e-01 8.248280075188920701e-01 8.766718595608711251e-01 5.476618927344025778e-01 8.675935462442530000e-01 5.422897668770290114e-01 0.000000000000000000e+00 5.014340127763576849e-01 5.406764382343884900e-01 5.043216341545138093e-01 8.335329057242399919e-01 6.064972174026510565e-01 8.327729489335953250e-01 8.274004277461779466e-01 7.108916785356327317e-01 7.035203165617163190e-01 6.936465185516398346e-01 8.003982203693607023e-01 8.156628760482353968e-01 8.479965399039255392e-01 8.105780334068324322e-01 7.380869940616872071e-01
1.800000000000000000e+01 1.029631361156813751e+00 9.225350663345057711e-01 8.365738423004964730e-01 8.517377328499116107e-01 8.386677333658612010e-01 8.293302361333585448e-01 8.349345712143665388e-01 8.113035123883094446e-01 8.648485049559087035e-01 8.194601839381914221e-01 8.473874589604675212e-01 8.321856768516211478e-01 8.825258932775297271e-01 6.007372784522593268e-01 8.718650688957969574e-01 4.606394958234296677e-01 5.014340127763576849e-01 0.000000000000000000e+00 5.816018170160488499e-01 5.014616869146182321e-01 8.354231872258215397e-01 5.702540160364100164e-01 8.342657800531372292e-01 8.284152572307290630e-01 7.108518639441490095e-01 7.114599596075235066e-01 7.059900611046088237e-01 8.024172257227917271e-01 8.178290823482776695e-01 8.509412593097109845e-01 8.146679305507547042e-01 7.503665771374783411e-01
1.900000000000000000e+01 9.892234219383955196e-01 8.827751854870726778e-01 7.955662525486986159e-01 8.117659625384952005e-01 7.986442480773703334e-01 7.907323849178451436e-01 7.977662878234170751e-01 7.731967281890903543e-01 8.284149689655084803e-01 7.826439966752190003e-01 8.135516579642254609e-01 7.990693349001576351e-01 8.502969100046400275e-01 5.448808250942207554e-01 8.421968073422074763e-01 6.097722721273248769e-01 5.406764382343884900e-01 5.816018170160488499e-01 0.000000000000000000e+00 5.190991212053901460e-01 8.099597497395323309e-01 5.967142516326986446e-01 8.088462899236794623e-01 8.033619339720401431e-01 6.762469754160989055e-01 6.600816479490616562e-01 6.454763349090415492e-01 7.696492869997950681e-01 7.856374886006645131e-01 8.181348769749783312e-01 7.766757584305679085e-01 6.915150058663392940e-01
2.000000000000000000e+01 1.022027842078921056e+00 9.153287216835086504e-01 8.292892139024756748e-01 8.447807022326714321e-01 8.317815827539540852e-01 8.231178025343308668e-01 8.292646317827967462e-01 8.054739097130674264e-01 8.592177726133873872e-01 8.140912585379271871e-01 8.429186801737869050e-01 8.281729704644227308e-01 8.782507742600134115e-01 5.855889954593667124e-01 8.684288004423754703e-01 5.696183684346787235e-01 5.043216341545138093e-01 5.014616869146182321e-01 5.190991212053901460e-01 0.000000000000000000e+00 8.335157755767146348e-01 5.500523196606323939e-01 8.321168690704612292e-01 8.262070262518330654e-01 6.983817617161141023e-01 6.935612768332524158e-01 6.855402704316044815e-01 7.950019757130240006e-01 8.110089937349109768e-01 8.442724112544495174e-01 8.049415391471226311e-01 7.317275671509730905e-01
2.100000000000000000e+01 9.979494995781958977e-01 8.937155659880029468e-01 8.560491833933669970e-01 8.543546030277804348e-01 8.511269514064605524e-01 8.417834986522358953e-01 8.331871085932143206e-01 8.397773065217217781e-01 8.294444521482513544e-01 8.324953787518236670e-01 8.031010952458845775e-01 8.023558085379423055e-01 7.696752766431620429e-01 8.092836622658996504e-01 6.919036119437500520e-01 8.340977683159980227e-01 8.335329057242399919e-01 8.354231872258215397e-01 8.099597497395323309e-01 8.335157755767146348e-01 0.000000000000000000e+00 8.359194169694750265e-01 5.495065653884259049e-01 6.222147641674045104e-01 8.407942898304252566e-01 8.500128977348877513e-01 8.499889815688852490e-01 8.119835076888273218e-01 8.040499952130142347e-01 8.098149172044588617e-01 8.432469016358774550e-01 8.656361558126279832e-01
2.200000000000000000e+01 1.033436525812146956e+00 9.270015913431093324e-01 8.434805454147233927e-01 8.580416092864771027e-01 8.454885704950927394e-01 8.365676542338624788e-01 8.418358624648785149e-01 8.195508789051153542e-01 8.702600210799738001e-01 8.272251096749727584e-01 8.531578156229360221e-01 8.387919352598236511e-01 8.856983637060504844e-01 6.310749920620299935e-01 8.737414678874999563e-01 6.061032595007540547e-01 6.064972174026510565e-01 5.702540160364100164e-01 5.967142516326986446e-01 5.500523196606323939e-01 8.359194169694750265e-01 0.000000000000000000e+00 8.334099932303391522e-01 8.264411542492713370e-01 6.792923890858499902e-01 6.888791242637164469e-01 6.895445709905543286e-01 7.908807616698341203e-01 8.080288248916478455e-01 8.432331387435914039e-01 8.028197885700911751e-01 7.386222808771076842e-01
2.300000000000000000e+01 1.004482624237786892e+00 9.031305823440736180e-01 8.662396451473135528e-01 8.654638049780614129e-01 8.619500388139582636e-01 8.531130266879805024e-01 8.458123276278568525e-01 8.501861013217575369e-01 8.437056222512475667e-01 8.442569970542235236e-01 8.201447516043682828e-01 8.186959652511456298e-01 7.900731823616300442e-01 8.089519599282655182e-01 7.222446879376953621e-01 8.333621820479115705e-01 8.327729489335953250e-01 8.342657800531372292e-01 8.088462899236794623e-01 8.321168690704612292e-01 5.495065653884259049e-01 8.334099932303391522e-01 0.000000000000000000e+00 5.159646197524156985e-01 8.340581568285030389e-01 8.446201863047522185e-01 8.455018433706873449e-01 7.934170165518577011e-01 7.828065366359719945e-01 7.870122933912615526e-01 8.272090605362529825e-01 8.585626222062592294e-01
2.400000000000000000e+01 1.010552806284628735e+00 9.101753827647511841e-01 8.710139474432838647e-01 8.713708657604410934e-01 8.672306523256074762e-01 8.584443306338767066e-01 8.521982594500869812e-01 8.543692349414884202e-01 8.524974046759992152e-01 8.495517578182991691e-01 8.299986861515631364e-01 8.273546083561669207e-01 8.057940112364374574e-01 8.041368165998854511e-01 7.474450406583996731e-01 8.277781760424913760e-01 8.274004277461779466e-01 8.284152572307290630e-01 8.033619339720401431e-01 8.262070262518330654e-01 6.222147641674045104e-01 8.264411542492713370e-01 5.159646197524156985e-01 0.000000000000000000e+00 8.235887829675472283e-01 8.355195141437867790e-01 8.372590929426086959e-01 7.736464978413888360e-01 7.613746829946401729e-01 7.669215564125360096e-01 8.102906359565935634e-01 8.485162304951883172e-01
2.500000000000000000e+01 1.051728052500767507e+00 9.470281384269403357e-01 8.706924488586587074e-01 8.832745710764280389e-01 8.720601636168976434e-01 8.635645302428607284e-01 8.674331289140999601e-01 8.487033775673373803e-01 8.916705483655054110e-01 8.547658438971512673e-01 8.746275353465551294e-01 8.621924051040297243e-01 8.992537873575634499e-01 6.891143218870392495e-01 8.828391420323584704e-01 7.208392425735334896e-01 7.108916785356327317e-01 7.108518639441490095e-01 6.762469754160989055e-01 6.983817617161141023e-01 8.407942898304252566e-01 6.792923890858499902e-01 8.340581568285030389e-01 8.235887829675472283e-01 0.000000000000000000e+00 5.798099922805526329e-01 6.386957418071432802e-01 7.474789330954301203e-01 7.731565158435469431e-01 8.172784816644256267e-01 7.579451301788562301e-01 7.119862064485951159e-01
2.600000000000000000e+01 1.049420500394936395e+00 9.445476264750021222e-01 8.655071528169042683e-01 8.791602659832586930e-01 8.674912849144598148e-01 8.594430662567131840e-01 8.643788728188364079e-01 8.440307639122905936e-01 8.902661199704673400e-01 8.511945649984913320e-01 8.743642871780796799e-01 8.616193257038766706e-01 9.020971420656391793e-01 6.723900081492857339e-01 8.882769487910537887e-01 7.227956770191610314e-01 7.035203165617163190e-01 7.114599596075235066e-01 6.600816479490616562e-01 6.935612768332524158e-01 8.500128977348877513e-01 6.888791242637164469e-01 8.446201863047522185e-01 8.355195141437867790e-01 5.798099922805526329e-01 0.000000000000000000e+00 5.259191472863520289e-01 7.634897297286247220e-01 7.870685285372480688e-01 8.276623008288848116e-01 7.660177792974238731e-01 6.866540558918896586e-01
2.700000000000000000e+01 1.042866238373538090e+00 9.377976485853354305e-01 8.569597461132485439e-01 8.712743749382791947e-01 8.593022014342406312e-01 8.514756702726475890e-01 8.570409882913956334e-01 8.356831911551472203e-01 8.839996120460351658e-01 8.435000868691180376e-01 8.686889389785470428e-01 8.556896380709309025e-01 8.984588740550709662e-01 6.571514047095685651e-01 8.862015250645949305e-01 7.177967509009459679e-01 6.936465185516398346e-01 7.059900611046088237e-01 6.454763349090415492e-01 6.855402704316044815e-01 8.499889815688852490e-01 6.895445709905543286e-01 8.455018433706873449e-01 8.372590929426086959e-01 6.386957418071432802e-01 5.259191472863520289e-01 0.000000000000000000e+00 7.709910147611591658e-01 7.927421107646295262e-01 8.309858248436976513e-01 7.708799348656427686e-01 6.716758145074357422e-01
2.800000000000000000e+01 1.060369887875747041e+00 9.606134140929245557e-01 9.047940840689101538e-01 9.115838835148226682e-01 9.039497993744749493e-01 8.957951330969005088e-01 8.953175578648102650e-01 8.860724800928756473e-01 9.080116519266521191e-01 8.874222920042087459e-01 8.902400936863863468e-01 8.826287388918234722e-01 8.923130471550504428e-01 7.757957525458170078e-01 8.631874452557419808e-01 8.065146189613845440e-01 8.003982203693607023e-01 8.024172257227917271e-01 7.696492869997950681e-01 7.950019757130240006e-01 8.119835076888273218e-01 7.908807616698341203e-01 7.934170165518577011e-01 7.736464978413888360e-01 7.474789330954301203e-01 7.634897297286247220e-01 7.709910147611591658e-01 0.000000000000000000e+00 5.298531972872937423e-01 6.672575772444211406e-01 5.862591851099412388e-01 7.531841542773878295e-01
2.900000000000000000e+01 1.058197556085961999e+00 9.598962027692543586e-01 9.092134934662539081e-01 9.146716508491921083e-01 9.079172782084736770e-01 8.999733427664884378e-01 8.985840961824258510e-01 8.914972466710913146e-01 9.084968665510788632e-01 8.918540594239514618e-01 8.909017707359137006e-01 8.845523715924992203e-01 8.874550822216566992e-01 7.908816948699124438e-01 8.556523379978799859e-01 8.212709876540453813e-01 8.156628760482353968e-01 8.178290823482776695e-01 7.856374886006645131e-01 8.110089937349109768e-01 8.040499952130142347e-01 8.080288248916478455e-01 7.828065366359719945e-01 7.613746829946401729e-01 7.731565158435469431e-01 7.870685285372480688e-01 7.927421107646295262e-01 5.298531972872937423e-01 0.000000000000000000e+00 6.073108216145783889e-01 6.241007332836578936e-01 7.754969208863848884e-01
3.000000000000000000e+01 1.062423438486215455e+00 9.674114810934877351e-01 9.259528931234906057e-01 9.293133700395894703e-01 9.240719797830114768e-01 9.167492719964756009e-01 9.141331488600259458e-01 9.103522140122213280e-01 9.194345615719330400e-01 9.093551776537396325e-01 9.029521880302648906e-01 8.988596398699015833e-01 8.904586523107165252e-01 8.222648519865265460e-01 8.560529216936236807e-01 8.538923947206871201e-01 8.479965399039255392e-01 8.509412593097109845e-01 8.181348769749783312e-01 8.442724112544495174e-01 8.098149172044588617e-01 8.432331387435914039e-01 7.870122933912615526e-01 7.669215564125360096e-01 8.172784816644256267e-01 8.276623008288848116e-01 8.309858248436976513e-01 6.672575772444211406e-01 6.073108216145783889e-01 0.000000000000000000e+00 6.898295511541365777e-01 8.130138673757802970e-01
3.100000000000000000e+01 1.079806399168118825e+00 9.800184467210655281e-01 9.220417103060791764e-01 9.296869652701496012e-01 9.216473552534443225e-01 9.137339339781489489e-01 9.140787015836955298e-01 9.034242649259749403e-01 9.282189852445406064e-01 9.056428343469042908e-01 9.112611130883581101e-01 9.032451803403311885e-01 9.161503099114278736e-01 7.835436077345978578e-01 8.897018757032020275e-01 8.200511611671978951e-01 8.105780334068324322e-01 8.146679305507547042e-01 7.766757584305679085e-01 8.049415391471226311e-01 8.432469016358774550e-01 8.028197885700911751e-01 8.272090605362529825e-01 8.102906359565935634e-01 7.579451301788562301e-01 7.660177792974238731e-01 7.708799348656427686e-01 5.862591851099412388e-01 6.241007332836578936e-01 6.898295511541365777e-01 0.000000000000000000e+00 7.296544329214667002e-01
3.200000000000000000e+01 1.066935998354296533e+00 9.632333321044770358e-01 8.877670661236096716e-01 9.005873551287684187e-01 8.895397086095937489e-01 8.817994548964431800e-01 8.862521343749887315e-01 8.673138386457437399e-01 9.102417915624858580e-01 8.739267217114483621e-01 8.947817324222588908e-01 8.830148816358858177e-01 9.187796374217054307e-01 7.014455105372450205e-01 9.034791620695423742e-01 7.605534578463943873e-01 7.380869940616872071e-01 7.503665771374783411e-01 6.915150058663392940e-01 7.317275671509730905e-01 8.656361558126279832e-01 7.386222808771076842e-01 8.585626222062592294e-01 8.485162304951883172e-01 7.119862064485951159e-01 6.866540558918896586e-01 6.716758145074357422e-01 7.531841542773878295e-01 7.754969208863848884e-01 8.130138673757802970e-01 7.296544329214667002e-01 0.000000000000000000e+00
