0.000000000000000000e+00 1.000000000000000000e+00 2.000000000000000000e+00 3.000000000000000000e+00 4.000000000000000000e+00 5.000000000000000000e+00 6.000000000000000000e+00 7.000000000000000000e+00 8.000000000000000000e+00 9.000000000000000000e+00 1.000000000000000000e+01 1.100000000000000000e+01 1.200000000000000000e+01 1.300000000000000000e+01 1.400000000000000000e+01 1.500000000000000000e+01 1.600000000000000000e+01 1.700000000000000000e+01 1.800000000000000000e+01 1.900000000000000000e+01 2.000000000000000000e+01 2.100000000000000000e+01 2.200000000000000000e+01 2.300000000000000000e+01 2.400000000000000000e+01 2.500000000000000000e+01 2.600000000000000000e+01 2.700000000000000000e+01 2.800000000000000000e+01 2.900000000000000000e+01 3.000000000000000000e+01 3.100000000000000000e+01 3.200000000000000000e+01
1.000000000000000000e+00 0.000000000000000000e+00 7.409493952613277479e-01 8.521184790985515400e-01 8.488530665710414258e-01 8.578153775545562798e-01 8.677426569797801470e-01 8.646715409346145131e-01 8.802816704652618451e-01 8.356640267319542792e-01 8.746066431994301560e-01 8.560306769511558667e-01 8.670919428026357956e-01 8.536224341295204354e-01 8.703064383657656000e-01 8.804932756719147102e-01 9.315320100883013321e-01 9.710320769020501785e-01 9.588397411673669213e-01 9.644777936464632440e-01 9.789061186864537190e-01 7.793330069916107883e-01 9.653111484469956149e-01 7.955333144268766921e-01 7.753427223443265515e-01 8.392714171381219224e-01 8.636314279966093022e-01 8.846333510373615150e-01 9.687878509624642254e-01 9.665763941249246871e-01 9.689194317966980385e-01 9.867919945764426215e-01 1.032435789652247582e+00
2.000000000000000000e+00 7.409493952613277479e-01 0.000000000000000000e+00 7.736259001031723370e-01 7.592725668189383992e-01 7.765472692861645765e-01 7.891943537024295185e-01 7.824997886826622340e-01 8.076430675155750194e-01 7.329793582318125944e-01 7.990085810950038336e-01 7.697366150154640874e-01 7.872454834798612300e-01 7.799171586124913347e-01 8.111622985468313063e-01 8.206332059755477859e-01 8.731209500442975724e-01 9.126392754104477589e-01 9.008959600961031766e-01 9.067737342328940908e-01 9.214660449461608005e-01 7.217566449822333530e-01 9.089425346515296322e-01 7.403232593263903150e-01 7.211896872138965353e-01 7.860025382161657248e-01 8.112247800455456570e-01 8.328885004992477858e-01 9.188258498833176136e-01 9.173825246052881299e-01 9.221435454595448000e-01 9.383494474947514652e-01 9.838339426027409296e-01
3.000000000000000000e+00 8.521184790985515400e-01 7.736259001031723370e-01 0.000000000000000000e+00 5.913247303817239509e-01 4.592506479724161039e-01 5.691557457242295559e-01 6.189193208974709259e-01 6.446377969333134672e-01 7.138077946678206276e-01 6.377617161109627730e-01 7.190462976934894890e-01 7.040368599064108501e-01 8.042454199659083702e-01 7.452866803531109641e-01 8.236959324526277326e-01 8.141192339178748849e-01 8.518230862900377787e-01 8.434843349888888620e-01 8.485223833782606917e-01 8.654756582299630852e-01 7.027142828321072399e-01 8.588823223186849987e-01 7.206271569828494039e-01 7.006590112864172770e-01 7.486374317688886393e-01 7.754543250786927189e-01 7.986773772238943137e-01 8.947078231600494869e-01 8.962668836344599432e-01 9.074541283850630080e-01 9.162602701591208154e-01 9.582293663797050165e-01
4.000000000000000000e+00 8.488530665710414258e-01 7.592725668189383992e-01 5.913247303817239509e-01 0.000000000000000000e+00 5.657139730687068546e-01 6.357760479010288179e-01 6.311929471080343079e-01 7.004297162938739607e-01 6.780150027302808136e-01 6.827484569548065707e-01 7.082699559318637039e-01 7.082354149701717283e-01 7.998085152590830305e-01 7.696137161662403026e-01 8.264503495101466202e-01 8.360357863113676569e-01 8.744981569828267354e-01 8.650259615679319891e-01 8.705427896521356068e-01 8.867236546675817399e-01 7.112837068308198729e-01 8.783304710389183700e-01 7.301917558370588646e-01 7.108073853490666227e-01 7.646476295973547721e-01 7.912152173747524220e-01 8.141209670472103754e-01 9.073000660233551118e-01 9.081243928477321647e-01 9.179873318806832660e-01 9.286501204508342822e-01 9.717312931404697984e-01
5.000000000000000000e+00 8.578153775545562798e-01 7.765472692861645765e-01 4.592506479724161039e-01 5.657139730687068546e-01 0.000000000000000000e+00 5.442626578599019105e-01 5.869888294307895604e-01 6.510481297781240961e-01 7.033768541863342216e-01 6.314583222515453009e-01 7.091939798910686932e-01 6.944811862101514244e-01 8.028851065241182638e-01 7.515230321566238603e-01 8.237121298946578074e-01 8.193668098007875766e-01 8.574385918942568630e-01 8.486703647755150515e-01 8.539887822267986373e-01 8.706386531390083450e-01 7.037308595843864145e-01 8.634532834322634631e-01 7.221100448401954752e-01 7.023817886960965762e-01 7.522720122558017586e-01 7.790938351008662721e-01 8.022710665422650989e-01 8.975067227899823363e-01 8.989073132634201047e-01 9.099029550675543643e-01 9.191267771088470484e-01 9.614420633446238984e-01
6.000000000000000000e+00 8.677426569797801470e-01 7.891943537024295185e-01 5.691557457242295559e-01 6.357760479010288179e-01 5.442626578599019105e-01 0.000000000000000000e+00 5.307431688365401579e-01 5.958654254528503724e-01 7.103973802539368387e-01 5.447651040567564884e-01 6.976202111652927140e-01 6.680764103745193694e-01 7.988884239068225757e-01 7.373624126313566007e-01 8.159437737134503932e-01 8.051412736544913962e-01 8.433759978773509580e-01 8.346699432738960978e-01 8.402113046939294616e-01 8.568760127716880115e-01 6.926450148928132711e-01 8.500173006205717918e-01 7.110741511667763026e-01 6.913095776846247542e-01 7.399339221782406106e-01 7.670012338497127491e-01 7.903714653102199561e-01 8.864903368080373491e-01 8.882248812448158004e-01 9.000271201938683241e-01 9.084454845798043410e-01 9.504942880683959761e-01
7.000000000000000000e+00 8.646715409346145131e-01 7.824997886826622340e-01 6.189193208974709259e-01 6.311929471080343079e-01 5.869888294307895604e-01 5.307431688365401579e-01 0.000000000000000000e+00 6.389132903200323010e-01 6.804673538100313168e-01 5.782578343961075618e-01 6.604585434556260459e-01 6.288443817171411876e-01 7.845466454865595018e-01 7.402063624169420430e-01 8.048141433819474555e-01 8.061146873133211432e-01 8.450050702060623031e-01 8.354534285268483407e-01 8.414662475655421137e-01 8.575436360648912570e-01 6.841380906579493937e-01 8.494440502973035212e-01 7.035980959342765795e-01 6.843668894957750659e-01 7.372481791833238596e-01 7.642790681379236783e-01 7.875207396262363657e-01 8.818425097046226346e-01 8.831883415180773467e-01 8.944552045582199185e-01 9.038833714263244667e-01 9.466963520533013821e-01
8.000000000000000000e+00 8.802816704652618451e-01 8.076430675155750194e-01 6.446377969333134672e-01 7.004297162938739607e-01 6.510481297781240961e-01 5.958654254528503724e-01 6.389132903200323010e-01 0.000000000000000000e+00 7.435489091077923662e-01 5.309510073109038331e-01 7.199842876861526353e-01 6.821551741685154546e-01 8.053139587037532188e-01 7.110836194632869089e-01 8.143886175890998613e-01 7.809431884351452080e-01 8.186406161672923343e-01 8.110097371511012510e-01 8.163102467206657664e-01 8.336803258010482276e-01 6.840310843558271570e-01 8.287273667212233796e-01 7.012557797102801915e-01 6.807930160265329711e-01 7.226065895002455886e-01 7.500277902020588972e-01 7.737973739086906333e-01 8.732200196088931721e-01 8.758468544620162666e-01 8.893077613546993554e-01 8.954879124935318790e-01 9.362693872200289480e-01
9.000000000000000000e+00 8.356640267319542792e-01 7.329793582318125944e-01 7.138077946678206276e-01 6.780150027302808136e-01 7.033768541863342216e-01 7.103973802539368387e-01 6.804673538100313168e-01 7.435489091077923662e-01 0.000000000000000000e+00 7.218967635030448804e-01 6.251350599109868345e-01 6.784358129505858592e-01 7.412529619518761770e-01 7.690993911126363658e-01 7.853123364546424900e-01 8.311895845730801202e-01 8.710806763989005219e-01 8.596004947569605426e-01 8.660802166843963867e-01 8.808809137349907781e-01 6.814157546423736944e-01 8.693940950962260050e-01 7.029582697140065450e-01 6.849906737805520063e-01 7.500798589146546735e-01 7.764062384141425799e-01 7.988904465475078487e-01 8.872119835293498236e-01 8.868720618318478577e-01 8.949152933975788038e-01 9.085797449020073246e-01 9.536854934912244453e-01
1.000000000000000000e+01 8.746066431994301560e-01 7.990085810950038336e-01 6.377617161109627730e-01 6.827484569548065707e-01 6.314583222515453009e-01 5.447651040567564884e-01 5.782578343961075618e-01 5.309510073109038331e-01 7.218967635030448804e-01 0.000000000000000000e+00 6.925237114523430382e-01 6.460487963429026870e-01 7.929301453939077149e-01 7.174913885807235880e-01 8.048302143700126754e-01 7.851045304024253380e-01 8.235842516689855231e-01 8.149305122760467368e-01 8.207872315793878215e-01 8.374499010265440413e-01 6.771012774132257883e-01 8.309858888184338266e-01 6.954083019094045026e-01 6.755157781314948817e-01 7.222764056948007827e-01 7.496400604835573578e-01 7.732442673957539148e-01 8.705025845925750128e-01 8.726595177001187364e-01 8.854466968258472015e-01 8.928406752449408179e-01 9.345273688571842374e-01
1.100000000000000000e+01 8.560306769511558667e-01 7.697366150154640874e-01 7.190462976934894890e-01 7.082699559318637039e-01 7.091939798910686932e-01 6.976202111652927140e-01 6.604585434556260459e-01 7.199842876861526353e-01 6.251350599109868345e-01 6.925237114523430382e-01 0.000000000000000000e+00 5.732437842202664502e-01 7.265796918532845261e-01 7.418625589562305445e-01 7.598492811279874415e-01 8.028691368416820406e-01 8.433809004738623827e-01 8.315319332597795876e-01 8.386469930825959374e-01 8.531490881881992339e-01 6.498965353662583544e-01 8.414998224905188007e-01 6.733336994151405408e-01 6.561006823438251256e-01 7.229659032218298531e-01 7.498596192662863036e-01 7.727071753759128248e-01 8.614623724543554184e-01 8.615617792116346818e-01 8.711411079917543709e-01 8.838092823862323533e-01 9.290240646634841948e-01
1.200000000000000000e+01 8.670919428026357956e-01 7.872454834798612300e-01 7.040368599064108501e-01 7.082354149701717283e-01 6.944811862101514244e-01 6.680764103745193694e-01 6.288443817171411876e-01 6.821551741685154546e-01 6.784358129505858592e-01 6.460487963429026870e-01 5.732437842202664502e-01 0.000000000000000000e+00 7.491146366007197521e-01 7.229843305050226432e-01 7.675146684360117932e-01 7.852705532678259104e-01 8.255745176821673859e-01 8.144558323731262428e-01 8.215976865339111868e-01 8.365619933842191047e-01 6.466939788876103767e-01 8.263884039114322011e-01 6.687683316710116843e-01 6.507561516228537180e-01 7.112991846243288396e-01 7.386117092815351892e-01 7.618660249644778615e-01 8.536123589014975588e-01 8.546124395645852134e-01 8.659546020105104436e-01 8.763667237370952323e-01 9.204451093694796526e-01
1.300000000000000000e+01 8.536224341295204354e-01 7.799171586124913347e-01 8.042454199659083702e-01 7.998085152590830305e-01 8.028851065241182638e-01 7.988884239068225757e-01 7.845466454865595018e-01 8.053139587037532188e-01 7.412529619518761770e-01 7.929301453939077149e-01 7.265796918532845261e-01 7.491146366007197521e-01 0.000000000000000000e+00 7.682084466394621947e-01 6.734767929626416239e-01 8.242622238500991738e-01 8.659244113412318811e-01 8.515014411529880922e-01 8.590144016750711486e-01 8.718291684058742108e-01 6.254804854142020920e-01 8.554378834635703033e-01 6.529307599566617215e-01 6.384210374869156990e-01 7.264309633042889125e-01 7.522061367434360601e-01 7.739063279670043149e-01 8.531154328600317749e-01 8.503474397274500829e-01 8.545410967072029074e-01 8.745661584599068172e-01 9.236423873527228601e-01
1.400000000000000000e+01 8.703064383657656000e-01 8.111622985468313063e-01 7.452866803531109641e-01 7.696137161662403026e-01 7.515230321566238603e-01 7.373624126313566007e-01 7.402063624169420430e-01 7.110836194632869089e-01 7.690993911126363658e-01 7.174913885807235880e-01 7.418625589562305445e-01 7.229843305050226432e-01 7.682084466394621947e-01 0.000000000000000000e+00 7.463340034301600978e-01 4.771745493288424012e-01 4.320562758750940979e-01 4.876113546169288382e-01 4.091489704191624277e-01 4.837989948712907440e-01 5.845694304064913416e-01 5.402089317270506452e-01 5.879427841435157509e-01 5.595441113311592218e-01 4.997200229527973825e-01 5.246676406276462590e-01 5.513246971779345307e-01 7.046562639966073016e-01 7.166205765293861552e-01 7.427541986679546682e-01 7.240687426036175323e-01 7.424808584375188758e-01
1.500000000000000000e+01 8.804932756719147102e-01 8.206332059755477859e-01 8.236959324526277326e-01 8.264503495101466202e-01 8.237121298946578074e-01 8.159437737134503932e-01 8.048141433819474555e-01 8.143886175890998613e-01 7.853123364546424900e-01 8.048302143700126754e-01 7.598492811279874415e-01 7.675146684360117932e-01 6.734767929626416239e-01 7.463340034301600978e-01 0.000000000000000000e+00 7.988137583162426836e-01 8.416034837744623687e-01 8.254443952209736812e-01 8.337153823953311615e-01 8.453409329303954722e-01 5.503117813369901024e-01 8.261383067454390883e-01 5.882803141231868205e-01 5.798015470895057089e-01 6.920202655453020490e-01 7.180597902627336993e-01 7.396911776627782542e-01 8.126172203592517684e-01 8.083422117177935240e-01 8.114482338292394736e-01 8.356441625156573183e-01 8.880491469820808170e-01
1.600000000000000000e+01 9.315320100883013321e-01 8.731209500442975724e-01 8.141192339178748849e-01 8.360357863113676569e-01 8.193668098007875766e-01 8.051412736544913962e-01 8.061146873133211432e-01 7.809431884351452080e-01 8.311895845730801202e-01 7.851045304024253380e-01 8.028691368416820406e-01 7.852705532678259104e-01 8.242622238500991738e-01 4.771745493288424012e-01 7.988137583162426836e-01 0.000000000000000000e+00 5.233572982071486024e-01 4.495346108346703895e-01 5.652121404923819981e-01 5.498115147292167437e-01 6.329010987424313894e-01 5.720455625556399859e-01 6.346206466569578319e-01 6.052939370591641222e-01 5.423265282669833542e-01 5.718892710536886970e-01 5.997252330258370234e-01 7.477668652451142650e-01 7.604403150671602551e-01 7.881546980759652765e-01 7.684255263252898205e-01 7.891758185955854987e-01
1.700000000000000000e+01 9.710320769020501785e-01 9.126392754104477589e-01 8.518230862900377787e-01 8.744981569828267354e-01 8.574385918942568630e-01 8.433759978773509580e-01 8.450050702060623031e-01 8.186406161672923343e-01 8.710806763989005219e-01 8.235842516689855231e-01 8.433809004738623827e-01 8.255745176821673859e-01 8.659244113412318811e-01 4.320562758750940979e-01 8.416034837744623687e-01 5.233572982071486024e-01 0.000000000000000000e+00 4.972407346477968337e-01 5.070826547110116600e-01 5.030128839981468092e-01 6.772981651685888727e-01 6.002390264211103776e-01 6.792935189810150876e-01 6.500866495151829128e-01 5.791926157203419745e-01 6.047797250471209640e-01 6.319846420024542999e-01 7.900169453456201696e-01 8.029766111092083714e-01 8.304205982892167714e-01 8.091865215517760612e-01 8.256550451280664227e-01
1.800000000000000000e+01 9.588397411673669213e-01 9.008959600961031766e-01 8.434843349888888620e-01 8.650259615679319891e-01 8.486703647755150515e-01 8.346699432738960978e-01 8.354534285268483407e-01 8.110097371511012510e-01 8.596004947569605426e-01 8.149305122760467368e-01 8.315319332597795876e-01 8.144558323731262428e-01 8.515014411529880922e-01 4.876113546169288382e-01 8.254443952209736812e-01 4.495346108346703895e-01 4.972407346477968337e-01 0.000000000000000000e+00 5.526482106276904283e-01 4.984616249723928805e-01 6.591909325202568448e-01 5.591012354205158186e-01 6.602467461513928937e-01 6.304972516247933090e-01 5.551193681439379191e-01 5.830365125432082074e-01 6.109465838609734467e-01 7.679477138999876162e-01 7.814489305157316101e-01 8.098147568755895698e-01 7.875165141001844171e-01 8.044675408175596676e-01
1.900000000000000000e+01 9.644777936464632440e-01 9.067737342328940908e-01 8.485223833782606917e-01 8.705427896521356068e-01 8.539887822267986373e-01 8.402113046939294616e-01 8.414662475655421137e-01 8.163102467206657664e-01 8.660802166843963867e-01 8.207872315793878215e-01 8.386469930825959374e-01 8.215976865339111868e-01 8.590144016750711486e-01 4.091489704191624277e-01 8.337153823953311615e-01 5.652121404923819981e-01 5.070826547110116600e-01 5.526482106276904283e-01 0.000000000000000000e+00 4.942685089285113742e-01 6.688444034651733761e-01 5.760391406713269991e-01 6.699221159079918886e-01 6.401385941420290049e-01 5.520251453483993043e-01 5.730244253539498178e-01 5.997146691581468625e-01 7.730301844968942016e-01 7.871134185463252164e-01 8.153614492827698790e-01 7.903603004104337026e-01 8.003264226680386617e-01
2.000000000000000000e+01 9.789061186864537190e-01 9.214660449461608005e-01 8.654756582299630852e-01 8.867236546675817399e-01 8.706386531390083450e-01 8.568760127716880115e-01 8.575436360648912570e-01 8.336803258010482276e-01 8.808809137349907781e-01 8.374499010265440413e-01 8.531490881881992339e-01 8.365619933842191047e-01 8.718291684058742108e-01 4.837989948712907440e-01 8.453409329303954722e-01 5.498115147292167437e-01 5.030128839981468092e-01 4.984616249723928805e-01 4.942685089285113742e-01 0.000000000000000000e+00 6.790818821042635678e-01 5.457783965064371134e-01 6.795418427829783559e-01 6.494031915244093955e-01 5.590958805669206111e-01 5.829641620830616766e-01 6.104864326963735932e-01 7.810354728057730123e-01 7.954428802012970534e-01 8.243408957331657128e-01 7.988939078256857007e-01 8.100867576839192452e-01
2.100000000000000000e+01 7.793330069916107883e-01 7.217566449822333530e-01 7.027142828321072399e-01 7.112837068308198729e-01 7.037308595843864145e-01 6.926450148928132711e-01 6.841380906579493937e-01 6.840310843558271570e-01 6.814157546423736944e-01 6.771012774132257883e-01 6.498965353662583544e-01 6.466939788876103767e-01 6.254804854142020920e-01 5.845694304064913416e-01 5.503117813369901024e-01 6.329010987424313894e-01 6.772981651685888727e-01 6.591909325202568448e-01 6.688444034651733761e-01 6.790818821042635678e-01 0.000000000000000000e+00 6.570996279260521433e-01 3.313041942312456856e-01 3.539299339179877713e-01 5.195918506380632351e-01 5.473864772905481235e-01 5.699104894912402353e-01 6.372295225954384135e-01 6.328813961642602015e-01 6.409336608529971890e-01 6.650690623027536441e-01 7.209756349080125304e-01
2.200000000000000000e+01 9.653111484469956149e-01 9.089425346515296322e-01 8.588823223186849987e-01 8.783304710389183700e-01 8.634532834322634631e-01 8.500173006205717918e-01 8.494440502973035212e-01 8.287273667212233796e-01 8.693940950962260050e-01 8.309858888184338266e-01 8.414998224905188007e-01 8.263884039114322011e-01 8.554378834635703033e-01 5.402089317270506452e-01 8.261383067454390883e-01 5.720455625556399859e-01 6.002390264211103776e-01 5.591012354205158186e-01 5.760391406713269991e-01 5.457783965064371134e-01 6.570996279260521433e-01 0.000000000000000000e+00 6.556272614042005786e-01 6.243198272735812626e-01 5.128032207994879244e-01 5.401321328227475238e-01 5.694043251567687536e-01 7.469470221534598720e-01 7.630512768479981167e-01 7.939574620469209698e-01 7.642528571063366138e-01 7.725721636935096726e-01
2.300000000000000000e+01 7.955333144268766921e-01 7.403232593263903150e-01 7.206271569828494039e-01 7.301917558370588646e-01 7.221100448401954752e-01 7.110741511667763026e-01 7.035980959342765795e-01 7.012557797102801915e-01 7.029582697140065450e-01 6.954083019094045026e-01 6.733336994151405408e-01 6.687683316710116843e-01 6.529307599566617215e-01 5.879427841435157509e-01 5.882803141231868205e-01 6.346206466569578319e-01 6.792935189810150876e-01 6.602467461513928937e-01 6.699221159079918886e-01 6.795418427829783559e-01 3.313041942312456856e-01 6.556272614042005786e-01 0.000000000000000000e+00 2.828720710847776321e-01 5.136293067235717658e-01 5.415167222615853149e-01 5.639269047221185938e-01 6.244104303574004033e-01 6.182851716544676135e-01 6.259203619948223718e-01 6.542263446589694498e-01 7.136180339914375281e-01
2.400000000000000000e+01 7.753427223443265515e-01 7.211896872138965353e-01 7.006590112864172770e-01 7.108073853490666227e-01 7.023817886960965762e-01 6.913095776846247542e-01 6.843668894957750659e-01 6.807930160265329711e-01 6.849906737805520063e-01 6.755157781314948817e-01 6.561006823438251256e-01 6.507561516228537180e-01 6.384210374869156990e-01 5.595441113311592218e-01 5.798015470895057089e-01 6.052939370591641222e-01 6.500866495151829128e-01 6.304972516247933090e-01 6.401385941420290049e-01 6.494031915244093955e-01 3.539299339179877713e-01 6.243198272735812626e-01 2.828720710847776321e-01 0.000000000000000000e+00 4.794615852342167805e-01 5.074366137187622527e-01 5.297991486229131075e-01 5.853440048444481514e-01 5.779362225485512594e-01 5.857869621908067259e-01 6.168118003130779181e-01 6.787128819773240451e-01
2.500000000000000000e+01 8.392714171381219224e-01 7.860025382161657248e-01 7.486374317688886393e-01 7.646476295973547721e-01 7.522720122558017586e-01 7.399339221782406106e-01 7.372481791833238596e-01 7.226065895002455886e-01 7.500798589146546735e-01 7.222764056948007827e-01 7.229659032218298531e-01 7.112991846243288396e-01 7.264309633042889125e-01 4.997200229527973825e-01 6.920202655453020490e-01 5.423265282669833542e-01 5.791926157203419745e-01 5.551193681439379191e-01 5.520251453483993043e-01 5.590958805669206111e-01 5.195918506380632351e-01 5.128032207994879244e-01 5.136293067235717658e-01 4.794615852342167805e-01 0.000000000000000000e+00 3.008654489001225674e-01 3.500273149013918284e-01 5.649856130491671680e-01 5.881835493876542698e-01 6.249020644828817694e-01 5.752215857562333889e-01 5.666752756775159661e-01
2.600000000000000000e+01 8.636314279966093022e-01 8.112247800455456570e-01 7.754543250786927189e-01 7.912152173747524220e-01 7.790938351008662721e-01 7.670012338497127491e-01 7.642790681379236783e-01 7.500277902020588972e-01 7.764062384141425799e-01 7.496400604835573578e-01 7.498596192662863036e-01 7.386117092815351892e-01 7.522061367434360601e-01 5.246676406276462590e-01 7.180597902627336993e-01 5.718892710536886970e-01 6.047797250471209640e-01 5.830365125432082074e-01 5.730244253539498178e-01 5.829641620830616766e-01 5.473864772905481235e-01 5.401321328227475238e-01 5.415167222615853149e-01 5.074366137187622527e-01 3.008654489001225674e-01 0.000000000000000000e+00 2.733722384324396293e-01 5.875261092620013281e-01 6.101832944946109505e-01 6.444184556810454989e-01 5.893169176436995338e-01 5.470275952166052669e-01
2.700000000000000000e+01 8.846333510373615150e-01 8.328885004992477858e-01 7.986773772238943137e-01 8.141209670472103754e-01 8.022710665422650989e-01 7.903714653102199561e-01 7.875207396262363657e-01 7.737973739086906333e-01 7.988904465475078487e-01 7.732442673957539148e-01 7.727071753759128248e-01 7.618660249644778615e-01 7.739063279670043149e-01 5.513246971779345307e-01 7.396911776627782542e-01 5.997252330258370234e-01 6.319846420024542999e-01 6.109465838609734467e-01 5.997146691581468625e-01 6.104864326963735932e-01 5.699104894912402353e-01 5.694043251567687536e-01 5.639269047221185938e-01 5.297991486229131075e-01 3.500273149013918284e-01 2.733722384324396293e-01 0.000000000000000000e+00 6.065620073877441287e-01 6.286860707283924432e-01 6.612508188721761826e-01 6.035165020014560122e-01 5.370456372569236692e-01
2.800000000000000000e+01 9.687878509624642254e-01 9.188258498833176136e-01 8.947078231600494869e-01 9.073000660233551118e-01 8.975067227899823363e-01 8.864903368080373491e-01 8.818425097046226346e-01 8.732200196088931721e-01 8.872119835293498236e-01 8.705025845925750128e-01 8.614623724543554184e-01 8.536123589014975588e-01 8.531154328600317749e-01 7.046562639966073016e-01 8.126172203592517684e-01 7.477668652451142650e-01 7.900169453456201696e-01 7.679477138999876162e-01 7.730301844968942016e-01 7.810354728057730123e-01 6.372295225954384135e-01 7.469470221534598720e-01 6.244104303574004033e-01 5.853440048444481514e-01 5.649856130491671680e-01 5.875261092620013281e-01 6.065620073877441287e-01 0.000000000000000000e+00 5.275598010592049691e-01 6.546458007641771104e-01 5.778908524495182109e-01 7.341478384189694673e-01
2.900000000000000000e+01 9.665763941249246871e-01 9.173825246052881299e-01 8.962668836344599432e-01 9.081243928477321647e-01 8.989073132634201047e-01 8.882248812448158004e-01 8.831883415180773467e-01 8.758468544620162666e-01 8.868720618318478577e-01 8.726595177001187364e-01 8.615617792116346818e-01 8.546124395645852134e-01 8.503474397274500829e-01 7.166205765293861552e-01 8.083422117177935240e-01 7.604403150671602551e-01 8.029766111092083714e-01 7.814489305157316101e-01 7.871134185463252164e-01 7.954428802012970534e-01 6.328813961642602015e-01 7.630512768479981167e-01 6.182851716544676135e-01 5.779362225485512594e-01 5.881835493876542698e-01 6.101832944946109505e-01 6.286860707283924432e-01 5.275598010592049691e-01 0.000000000000000000e+00 6.017864646458201960e-01 6.149026015643160870e-01 7.550671223863592019e-01
3.000000000000000000e+01 9.689194317966980385e-01 9.221435454595448000e-01 9.074541283850630080e-01 9.179873318806832660e-01 9.099029550675543643e-01 9.000271201938683241e-01 8.944552045582199185e-01 8.893077613546993554e-01 8.949152933975788038e-01 8.854466968258472015e-01 8.711411079917543709e-01 8.659546020105104436e-01 8.545410967072029074e-01 7.427541986679546682e-01 8.114482338292394736e-01 7.881546980759652765e-01 8.304205982892167714e-01 8.098147568755895698e-01 8.153614492827698790e-01 8.243408957331657128e-01 6.409336608529971890e-01 7.939574620469209698e-01 6.259203619948223718e-01 5.857869621908067259e-01 6.249020644828817694e-01 6.444184556810454989e-01 6.612508188721761826e-01 6.546458007641771104e-01 6.017864646458201960e-01 0.000000000000000000e+00 6.722229651811960638e-01 7.818786079698263336e-01
3.100000000000000000e+01 9.867919945764426215e-01 9.383494474947514652e-01 9.162602701591208154e-01 9.286501204508342822e-01 9.191267771088470484e-01 9.084454845798043410e-01 9.038833714263244667e-01 8.954879124935318790e-01 9.085797449020073246e-01 8.928406752449408179e-01 8.838092823862323533e-01 8.763667237370952323e-01 8.745661584599068172e-01 7.240687426036175323e-01 8.356441625156573183e-01 7.684255263252898205e-01 8.091865215517760612e-01 7.875165141001844171e-01 7.903603004104337026e-01 7.988939078256857007e-01 6.650690623027536441e-01 7.642528571063366138e-01 6.542263446589694498e-01 6.168118003130779181e-01 5.752215857562333889e-01 5.893169176436995338e-01 6.035165020014560122e-01 5.778908524495182109e-01 6.149026015643160870e-01 6.722229651811960638e-01 0.000000000000000000e+00 7.070440292965645135e-01
3.200000000000000000e+01 1.032435789652247582e+00 9.838339426027409296e-01 9.582293663797050165e-01 9.717312931404697984e-01 9.614420633446238984e-01 9.504942880683959761e-01 9.466963520533013821e-01 9.362693872200289480e-01 9.536854934912244453e-01 9.345273688571842374e-01 9.290240646634841948e-01 9.204451093694796526e-01 9.236423873527228601e-01 7.424808584375188758e-01 8.880491469820808170e-01 7.891758185955854987e-01 8.256550451280664227e-01 8.044675408175596676e-01 8.003264226680386617e-01 8.100867576839192452e-01 7.209756349080125304e-01 7.725721636935096726e-01 7.136180339914375281e-01 6.787128819773240451e-01 5.666752756775159661e-01 5.470275952166052669e-01 5.370456372569236692e-01 7.341478384189694673e-01 7.550671223863592019e-01 7.818786079698263336e-01 7.070440292965645135e-01 0.000000000000000000e+00
