0.000000000000000000e+00 1.000000000000000000e+00 2.000000000000000000e+00 3.000000000000000000e+00 4.000000000000000000e+00 5.000000000000000000e+00 6.000000000000000000e+00 7.000000000000000000e+00 8.000000000000000000e+00 9.000000000000000000e+00 1.000000000000000000e+01 1.100000000000000000e+01 1.200000000000000000e+01 1.300000000000000000e+01 1.400000000000000000e+01 1.500000000000000000e+01 1.600000000000000000e+01 1.700000000000000000e+01 1.800000000000000000e+01 1.900000000000000000e+01 2.000000000000000000e+01 2.100000000000000000e+01 2.200000000000000000e+01 2.300000000000000000e+01 2.400000000000000000e+01 2.500000000000000000e+01 2.600000000000000000e+01 2.700000000000000000e+01 2.800000000000000000e+01 2.900000000000000000e+01 3.000000000000000000e+01 3.100000000000000000e+01 3.200000000000000000e+01
1.000000000000000000e+00 0.000000000000000000e+00 8.700083720814845156e-01 9.881298808143175183e-01 9.682793990139448859e-01 9.849118061651700451e-01 9.962191402868912915e-01 9.893866829642825600e-01 1.018668274648556027e+00 9.563262451645220263e-01 1.007974999405849559e+00 9.805879674847105543e-01 9.960197536534471929e-01 9.743766138555239875e-01 1.261990478488420164e+00 1.011459156191488962e+00 1.178523200653753822e+00 1.213848835878593269e+00 1.194007254493600678e+00 1.277133767995448199e+00 1.222045561776560429e+00 1.050941952408985580e+00 1.208757013333136898e+00 1.064699863570058191e+00 1.077094630262887209e+00 1.228748891345752048e+00 1.277013364886473656e+00 1.318723292155174365e+00 1.186110185038951936e+00 1.174648979629928869e+00 1.170974176678703849e+00 1.225694499792176373e+00 1.354271582822551334e+00
2.000000000000000000e+00 8.700083720814845156e-01 0.000000000000000000e+00 8.389553032998653403e-01 8.084014551257898695e-01 8.334801028077210017e-01 8.483290810577780450e-01 8.385177346277128407e-01 8.770955702896710005e-01 7.877928212258840102e-01 8.635522931713714989e-01 8.287491899929996242e-01 8.493511756419698244e-01 8.434333270497625934e-01 1.136033220767646457e+00 8.926307939339386266e-01 1.053407743519375384e+00 1.088733410482001451e+00 1.069347074148724319e+00 1.152713732708377847e+00 1.097806033927482883e+00 9.322458943928901842e-01 1.085598271969567152e+00 9.484173646584479478e-01 9.615237017181297308e-01 1.109100116666052349e+00 1.157825703570411591e+00 1.199857692678553578e+00 1.071185420712168046e+00 1.060972776921823124e+00 1.060175712693406158e+00 1.111021736118984915e+00 1.237487814484304671e+00
3.000000000000000000e+00 9.881298808143175183e-01 8.389553032998653403e-01 0.000000000000000000e+00 5.996193407792593799e-01 4.613999223334119826e-01 5.762336734025158558e-01 6.282909798273230706e-01 6.635057340346446342e-01 7.329610500428749287e-01 6.523211451986663523e-01 7.401753100382112427e-01 7.256614832900325496e-01 8.456529488671050698e-01 1.034310471158054634e+00 8.761259337191837915e-01 9.576443469908562101e-01 9.919944029377367745e-01 9.754318360425802137e-01 1.059075337045001231e+00 1.005452186720214858e+00 8.901628349626851122e-01 9.987296914689964833e-01 9.071824568502890873e-01 9.181413555232633694e-01 1.037027502402964485e+00 1.087032381015017091e+00 1.130121864812756227e+00 1.016536029038584754e+00 1.010372043973140732e+00 1.017342208212038912e+00 1.056215017624430264e+00 1.175121515261152716e+00
4.000000000000000000e+00 9.682793990139448859e-01 8.084014551257898695e-01 5.996193407792593799e-01 0.000000000000000000e+00 5.683869841486488550e-01 6.415095590340610388e-01 6.352236276771106027e-01 7.166513629832300669e-01 6.842472642784613868e-01 6.937238711852606876e-01 7.179787834439189664e-01 7.199559642923891722e-01 8.275158274044845941e-01 1.048788365778720477e+00 8.649789054805829824e-01 9.700105930122711051e-01 1.004820498260659223e+00 9.873100736412332434e-01 1.071019090015220776e+00 1.016943379380754298e+00 8.857233053926496513e-01 1.008542707531543181e+00 9.034219465945341199e-01 9.153202703479197400e-01 1.042743307079374349e+00 1.092482898349421472e+00 1.135318640057324968e+00 1.017801669474480253e+00 1.010684073926001014e+00 1.016002133971801058e+00 1.057641064319677859e+00 1.178456140821332987e+00
5.000000000000000000e+00 9.849118061651700451e-01 8.334801028077210017e-01 4.613999223334119826e-01 5.683869841486488550e-01 0.000000000000000000e+00 5.468181039855456449e-01 5.902844151742359102e-01 6.633336178776161329e-01 7.142039532135073809e-01 6.394649198232391640e-01 7.217518103081638214e-01 7.075965469087943660e-01 8.352927645982110016e-01 1.031454572172491480e+00 8.670089559058391515e-01 9.539998277815970873e-01 9.885746749549830792e-01 9.716871370150863552e-01 1.055430579683376724e+00 1.001641522511622195e+00 8.820555076405380834e-01 9.944243442942271027e-01 8.994617648592098114e-01 9.107048275634432866e-01 1.031713733260335220e+00 1.081690171852199178e+00 1.124733019776606779e+00 1.010288589744085197e+00 1.003957279078478093e+00 1.010702048966561684e+00 1.050044392209338540e+00 1.169344744533538538e+00
6.000000000000000000e+00 9.962191402868912915e-01 8.483290810577780450e-01 5.762336734025158558e-01 6.415095590340610388e-01 5.468181039855456449e-01 0.000000000000000000e+00 5.318877965289559029e-01 6.007621793083921524e-01 7.212140874153443182e-01 5.468372606356068921e-01 7.081073800341045610e-01 6.776580755937979816e-01 8.300855074479479567e-01 1.011311858560701937e+00 8.577557621766698226e-01 9.340617920275713360e-01 9.687236219172443707e-01 9.520022090054813813e-01 1.035926231787203999e+00 9.821896784688668447e-01 8.685121404631954700e-01 9.754669706143299646e-01 8.860603326090612519e-01 8.969985342095101455e-01 1.014442252007188072e+00 1.064612010608755543e+00 1.107795169785796174e+00 9.952196741322301143e-01 9.894329880968244506e-01 9.972580635823473649e-01 1.034989302054320159e+00 1.153331788207357711e+00
7.000000000000000000e+00 9.893866829642825600e-01 8.385177346277128407e-01 6.282909798273230706e-01 6.352236276771106027e-01 5.902844151742359102e-01 5.318877965289559029e-01 0.000000000000000000e+00 6.466666144572053021e-01 6.870946662266945726e-01 5.811704023523440732e-01 6.663279599025794253e-01 6.339572334936440789e-01 8.112903646067485264e-01 1.012240465677388679e+00 8.422168133122742706e-01 9.332561353639783341e-01 9.683690833201203940e-01 9.509039803751868636e-01 1.034986359555424063e+00 9.808803997857480361e-01 8.560301033460950837e-01 9.729520029235831924e-01 8.745109080756927611e-01 8.861925337113019108e-01 1.009292488879396155e+00 1.059356629373538805e+00 1.102404869594487691e+00 9.874914506814169712e-01 9.812137704738927990e-01 9.883164254165701657e-01 1.027437734779617529e+00 1.146871760017513342e+00
8.000000000000000000e+00 1.018668274648556027e+00 8.770955702896710005e-01 6.635057340346446342e-01 7.166513629832300669e-01 6.633336178776161329e-01 6.007621793083921524e-01 6.466666144572053021e-01 0.000000000000000000e+00 7.644199062858045846e-01 5.334043562426760143e-01 7.394692167381419212e-01 6.998503722183548881e-01 8.451783553330592946e-01 9.840820205704352563e-01 8.644534690043901293e-01 9.092089681762778319e-01 9.434376490676996685e-01 9.278463217604151492e-01 1.011817195997560592e+00 9.586011354002761387e-01 8.664304178624957498e-01 9.540098182284799666e-01 8.829369761410328366e-01 8.925556261736360408e-01 9.984085895093663954e-01 1.048948261276470451e+00 1.092474345753109644e+00 9.851610990362726916e-01 9.806613078759169877e-01 9.907127131428907774e-01 1.024718151175012526e+00 1.140501679873584973e+00
9.000000000000000000e+00 9.563262451645220263e-01 7.877928212258840102e-01 7.329610500428749287e-01 6.842472642784613868e-01 7.142039532135073809e-01 7.212140874153443182e-01 6.870946662266945726e-01 7.644199062858045846e-01 0.000000000000000000e+00 7.366825943557271383e-01 6.292289593802172787e-01 6.870089054333350376e-01 7.632808635235389660e-01 1.046110962952661483e+00 8.176163388496462403e-01 9.636662517506282555e-01 9.993422206884121639e-01 9.802184333794008442e-01 1.064139816158818252e+00 1.009279589453178083e+00 8.503805906158994343e-01 9.981243103724974919e-01 8.702283677023807673e-01 8.840995666783435514e-01 1.025900720223347884e+00 1.075301431442085676e+00 1.117773662896773379e+00 9.942871162981741229e-01 9.858185221249680108e-01 9.890197931165922718e-01 1.034500362041192112e+00 1.158150261415533233e+00
1.000000000000000000e+01 1.007974999405849559e+00 8.635522931713714989e-01 6.523211451986663523e-01 6.937238711852606876e-01 6.394649198232391640e-01 5.468372606356068921e-01 5.811704023523440732e-01 5.334043562426760143e-01 7.366825943557271383e-01 0.000000000000000000e+00 7.055744635257065189e-01 6.569739321864909165e-01 8.274290040395092527e-01 9.902288252640587540e-01 8.498916738623449874e-01 9.130660707230964235e-01 9.478900733770230236e-01 9.313129540897275849e-01 1.015490828946407742e+00 9.617862657429978590e-01 8.553309554014543181e-01 9.555953250220754480e-01 8.728943923381489167e-01 8.833951396383519228e-01 9.965035647654139073e-01 1.046901842302950580e+00 1.090248358835616882e+00 9.798433407467146417e-01 9.746905675431729588e-01 9.837574088066167732e-01 1.019622834511969778e+00 1.136854099839436749e+00
1.100000000000000000e+01 9.805879674847105543e-01 8.287491899929996242e-01 7.401753100382112427e-01 7.179787834439189664e-01 7.217518103081638214e-01 7.081073800341045610e-01 6.663279599025794253e-01 7.394692167381419212e-01 6.292289593802172787e-01 7.055744635257065189e-01 0.000000000000000000e+00 5.760077037311504000e-01 7.480149369062499831e-01 1.014223518213325681e+00 7.919681635701918410e-01 9.308873278474072421e-01 9.670284385887837342e-01 9.476326523175526706e-01 1.031969350694528220e+00 9.769257033745142316e-01 8.176055588345783054e-01 9.656983587087288878e-01 8.395102220995900311e-01 8.538066232154564172e-01 9.944557167760061933e-01 1.044171477303072137e+00 1.086814201899028332e+00 9.649980137309039918e-01 9.572351075575109558e-01 9.621769064837106811e-01 1.005468480238540963e+00 1.128134626032062382e+00
1.200000000000000000e+01 9.960197536534471929e-01 8.493511756419698244e-01 7.256614832900325496e-01 7.199559642923891722e-01 7.075965469087943660e-01 6.776580755937979816e-01 6.339572334936440789e-01 6.998503722183548881e-01 6.870089054333350376e-01 6.569739321864909165e-01 5.760077037311504000e-01 0.000000000000000000e+00 7.746624835621164218e-01 9.935511037668665058e-01 8.032789430665738806e-01 9.112463195210347422e-01 9.473819329810428957e-01 9.285661856502442912e-01 1.013178880768089485e+00 9.583695307160393639e-01 8.163110174911130112e-01 9.485024803507620117e-01 8.374407025160888196e-01 8.504598189526191288e-01 9.813889775415429728e-01 1.031502425572453863e+00 1.074455541025405525e+00 9.570309005950154990e-01 9.504661576913850940e-01 9.576065380789495762e-01 9.974200296431900981e-01 1.117890397629576871e+00
1.300000000000000000e+01 9.743766138555239875e-01 8.434333270497625934e-01 8.456529488671050698e-01 8.275158274044845941e-01 8.352927645982110016e-01 8.300855074479479567e-01 8.112903646067485264e-01 8.451783553330592946e-01 7.632808635235389660e-01 8.274290040395092527e-01 7.480149369062499831e-01 7.746624835621164218e-01 0.000000000000000000e+00 1.046744215343694551e+00 6.836642127547207792e-01 9.584598254085783253e-01 9.951445828732110588e-01 9.732651561188048195e-01 1.057003520168648514e+00 1.000875843923629382e+00 7.786222499848072243e-01 9.844407388646041479e-01 8.028259985920074282e-01 8.221194906637889765e-01 9.983633013762729380e-01 1.046756141678745422e+00 1.088328045055431348e+00 9.509903025920780628e-01 9.390678597916408687e-01 9.365947320542598042e-01 9.918764269101694175e-01 1.122241531827071537e+00
1.400000000000000000e+01 1.261990478488420164e+00 1.136033220767646457e+00 1.034310471158054634e+00 1.048788365778720477e+00 1.031454572172491480e+00 1.011311858560701937e+00 1.012240465677388679e+00 9.840820205704352563e-01 1.046110962952661483e+00 9.902288252640587540e-01 1.014223518213325681e+00 9.935511037668665058e-01 1.046744215343694551e+00 0.000000000000000000e+00 1.025850178071289864e+00 6.683530677328257674e-01 5.817404861191508569e-01 6.588338868637222401e-01 6.332973588804704512e-01 6.535004447459376031e-01 9.800907859290652890e-01 7.387317390503891357e-01 9.799562785171263002e-01 9.746653903794626483e-01 8.995850430717864388e-01 9.487593363837145688e-01 9.962598302039251674e-01 9.799514590360782762e-01 9.906960635127817216e-01 1.022079777479665275e+00 1.011397506291972448e+00 1.086328012759687933e+00
1.500000000000000000e+01 1.011459156191488962e+00 8.926307939339386266e-01 8.761259337191837915e-01 8.649789054805829824e-01 8.670089559058391515e-01 8.577557621766698226e-01 8.422168133122742706e-01 8.644534690043901293e-01 8.176163388496462403e-01 8.498916738623449874e-01 7.919681635701918410e-01 8.032789430665738806e-01 6.836642127547207792e-01 1.025850178071289864e+00 0.000000000000000000e+00 9.341817334694506592e-01 9.714235406246618520e-01 9.479235323758008480e-01 1.031527345009425556e+00 9.746558196257839590e-01 6.943539295499687736e-01 9.550723258236708535e-01 7.268168413413813589e-01 7.543140911091434919e-01 9.607833493556301452e-01 1.008705630957293931e+00 1.049806933922119212e+00 9.042948178229548439e-01 8.905352943474447169e-01 8.860772118970872135e-01 9.460827216574791976e-01 1.080207374155616407e+00
1.600000000000000000e+01 1.178523200653753822e+00 1.053407743519375384e+00 9.576443469908562101e-01 9.700105930122711051e-01 9.539998277815970873e-01 9.340617920275713360e-01 9.332561353639783341e-01 9.092089681762778319e-01 9.636662517506282555e-01 9.130660707230964235e-01 9.308873278474072421e-01 9.112463195210347422e-01 9.584598254085783253e-01 6.683530677328257674e-01 9.341817334694506592e-01 0.000000000000000000e+00 5.497278388467792265e-01 4.622003409230461823e-01 6.654857574529300379e-01 5.813184438160099443e-01 8.840475603037545316e-01 6.216791642709735832e-01 8.823833052712437564e-01 8.757037103880167539e-01 7.925420049904980946e-01 8.454825788696664901e-01 8.938350458549819688e-01 8.754477232811574972e-01 8.872142073234179360e-01 9.203966182224814219e-01 9.073511272418310902e-01 9.825225571677562719e-01
1.700000000000000000e+01 1.213848835878593269e+00 1.088733410482001451e+00 9.919944029377367745e-01 1.004820498260659223e+00 9.885746749549830792e-01 9.687236219172443707e-01 9.683690833201203940e-01 9.434376490676996685e-01 9.993422206884121639e-01 9.478900733770230236e-01 9.670284385887837342e-01 9.473819329810428957e-01 9.951445828732110588e-01 5.817404861191508569e-01 9.714235406246618520e-01 5.497278388467792265e-01 0.000000000000000000e+00 5.062454956314115240e-01 5.711117882325758011e-01 5.116189112034104092e-01 9.223360637201103440e-01 6.330041970681528074e-01 9.205309833568215971e-01 9.138120354506205079e-01 8.181394755090833915e-01 8.676310009584908833e-01 9.157146261277813171e-01 9.093914989293701012e-01 9.217540393622278838e-01 9.552324944919385885e-01 9.398332157234650097e-01 1.010288169676127890e+00
1.800000000000000000e+01 1.194007254493600678e+00 1.069347074148724319e+00 9.754318360425802137e-01 9.873100736412332434e-01 9.716871370150863552e-01 9.520022090054813813e-01 9.509039803751868636e-01 9.278463217604151492e-01 9.802184333794008442e-01 9.313129540897275849e-01 9.476326523175526706e-01 9.285661856502442912e-01 9.732651561188048195e-01 6.588338868637222401e-01 9.479235323758008480e-01 4.622003409230461823e-01 5.062454956314115240e-01 0.000000000000000000e+00 6.230475664714056894e-01 5.062774767736875070e-01 8.968190857047468878e-01 5.808300969524815560e-01 8.941206801619394628e-01 8.866202040833801590e-01 7.833644747322241475e-01 8.348703538698933890e-01 8.835247996302821871e-01 8.780468776068333092e-01 8.911298508272735841e-01 9.256882927053258214e-01 9.084657010852890124e-01 9.782312714803009790e-01
1.900000000000000000e+01 1.277133767995448199e+00 1.152713732708377847e+00 1.059075337045001231e+00 1.071019090015220776e+00 1.055430579683376724e+00 1.035926231787203999e+00 1.034986359555424063e+00 1.011817195997560592e+00 1.064139816158818252e+00 1.015490828946407742e+00 1.031969350694528220e+00 1.013178880768089485e+00 1.057003520168648514e+00 6.332973588804704512e-01 1.031527345009425556e+00 6.654857574529300379e-01 5.711117882325758011e-01 6.230475664714056894e-01 0.000000000000000000e+00 5.407876176842145721e-01 9.807659909567554291e-01 6.536164118129088596e-01 9.774518748893257225e-01 9.695277358483893604e-01 8.446563333924619332e-01 8.895987356905536991e-01 9.375389579111554905e-01 9.529609553735811645e-01 9.672351793648477081e-01 1.002697109070455284e+00 9.809901867812667042e-01 1.042547812758149117e+00
2.000000000000000000e+01 1.222045561776560429e+00 1.097806033927482883e+00 1.005452186720214858e+00 1.016943379380754298e+00 1.001641522511622195e+00 9.821896784688668447e-01 9.808803997857480361e-01 9.586011354002761387e-01 1.009279589453178083e+00 9.617862657429978590e-01 9.769257033745142316e-01 9.583695307160393639e-01 1.000875843923629382e+00 6.535004447459376031e-01 9.746558196257839590e-01 5.813184438160099443e-01 5.116189112034104092e-01 5.062774767736875070e-01 5.407876176842145721e-01 0.000000000000000000e+00 9.228934526225385238e-01 5.609431111204299381e-01 9.192371810573982671e-01 9.109964827965604250e-01 7.853806514795202975e-01 8.331945354462102493e-01 8.817825930297360504e-01 8.936010045619986464e-01 9.080558557584550439e-01 9.439223479361240621e-01 9.220450650839033813e-01 9.847945141873792885e-01
2.100000000000000000e+01 1.050941952408985580e+00 9.322458943928901842e-01 8.901628349626851122e-01 8.857233053926496513e-01 8.820555076405380834e-01 8.685121404631954700e-01 8.560301033460950837e-01 8.664304178624957498e-01 8.503805906158994343e-01 8.553309554014543181e-01 8.176055588345783054e-01 8.163110174911130112e-01 7.786222499848072243e-01 9.800907859290652890e-01 6.943539295499687736e-01 8.840475603037545316e-01 9.223360637201103440e-01 8.968190857047468878e-01 9.807659909567554291e-01 9.228934526225385238e-01 0.000000000000000000e+00 8.998490711782947127e-01 5.498936784839534297e-01 6.234541580178907250e-01 8.987202030940528719e-01 9.472433847216215064e-01 9.884144127590304141e-01 8.382469500457565559e-01 8.251551715272984477e-01 8.270118497894229925e-01 8.829679225362836448e-01 1.018110223433242645e+00
2.200000000000000000e+01 1.208757013333136898e+00 1.085598271969567152e+00 9.987296914689964833e-01 1.008542707531543181e+00 9.944243442942271027e-01 9.754669706143299646e-01 9.729520029235831924e-01 9.540098182284799666e-01 9.981243103724974919e-01 9.555953250220754480e-01 9.656983587087288878e-01 9.485024803507620117e-01 9.844407388646041479e-01 7.387317390503891357e-01 9.550723258236708535e-01 6.216791642709735832e-01 6.330041970681528074e-01 5.808300969524815560e-01 6.536164118129088596e-01 5.609431111204299381e-01 8.998490711782947127e-01 0.000000000000000000e+00 8.938845695548396364e-01 8.837286595887083873e-01 7.226231182939801823e-01 7.736542703470425941e-01 8.240771409709599649e-01 8.510380718146932644e-01 8.680131972481428537e-01 9.068871456440072976e-01 8.777143856646478781e-01 9.335347412057140026e-01
2.300000000000000000e+01 1.064699863570058191e+00 9.484173646584479478e-01 9.071824568502890873e-01 9.034219465945341199e-01 8.994617648592098114e-01 8.860603326090612519e-01 8.745109080756927611e-01 8.829369761410328366e-01 8.702283677023807673e-01 8.728943923381489167e-01 8.395102220995900311e-01 8.374407025160888196e-01 8.028259985920074282e-01 9.799562785171263002e-01 7.268168413413813589e-01 8.823833052712437564e-01 9.205309833568215971e-01 8.941206801619394628e-01 9.774518748893257225e-01 9.192371810573982671e-01 5.498936784839534297e-01 8.938845695548396364e-01 0.000000000000000000e+00 5.162142833655922747e-01 8.850757856100692766e-01 9.329394526640917285e-01 9.735884223469455367e-01 8.142945647993244940e-01 7.989988540509174175e-01 7.996556939459460445e-01 8.604196169528162130e-01 9.996738917764793619e-01
2.400000000000000000e+01 1.077094630262887209e+00 9.615237017181297308e-01 9.181413555232633694e-01 9.153202703479197400e-01 9.107048275634432866e-01 8.969985342095101455e-01 8.861925337113019108e-01 8.925556261736360408e-01 8.840995666783435514e-01 8.833951396383519228e-01 8.538066232154564172e-01 8.504598189526191288e-01 8.221194906637889765e-01 9.746653903794626483e-01 7.543140911091434919e-01 8.757037103880167539e-01 9.138120354506205079e-01 8.866202040833801590e-01 9.695277358483893604e-01 9.109964827965604250e-01 6.234541580178907250e-01 8.837286595887083873e-01 5.162142833655922747e-01 0.000000000000000000e+00 8.689003371924750585e-01 9.164683246993754473e-01 9.568166810932223765e-01 7.905130008436493938e-01 7.740206302308756392e-01 7.764587360319530340e-01 8.385674784335188647e-01 9.806119214521036298e-01
2.500000000000000000e+01 1.228748891345752048e+00 1.109100116666052349e+00 1.037027502402964485e+00 1.042743307079374349e+00 1.031713733260335220e+00 1.014442252007188072e+00 1.009292488879396155e+00 9.984085895093663954e-01 1.025900720223347884e+00 9.965035647654139073e-01 9.944557167760061933e-01 9.813889775415429728e-01 9.983633013762729380e-01 8.995850430717864388e-01 9.607833493556301452e-01 7.925420049904980946e-01 8.181394755090833915e-01 7.833644747322241475e-01 8.446563333924619332e-01 7.853806514795202975e-01 8.987202030940528719e-01 7.226231182939801823e-01 8.850757856100692766e-01 8.689003371924750585e-01 0.000000000000000000e+00 5.885390995923014401e-01 6.700741565991450432e-01 7.639351974724808425e-01 7.931493309278427883e-01 8.437173467149992057e-01 7.768030805516530357e-01 7.951037772682845173e-01
2.600000000000000000e+01 1.277013364886473656e+00 1.157825703570411591e+00 1.087032381015017091e+00 1.092482898349421472e+00 1.081690171852199178e+00 1.064612010608755543e+00 1.059356629373538805e+00 1.048948261276470451e+00 1.075301431442085676e+00 1.046901842302950580e+00 1.044171477303072137e+00 1.031502425572453863e+00 1.046756141678745422e+00 9.487593363837145688e-01 1.008705630957293931e+00 8.454825788696664901e-01 8.676310009584908833e-01 8.348703538698933890e-01 8.895987356905536991e-01 8.331945354462102493e-01 9.472433847216215064e-01 7.736542703470425941e-01 9.329394526640917285e-01 9.164683246993754473e-01 5.885390995923014401e-01 0.000000000000000000e+00 5.338909137934961802e-01 7.984990763386601298e-01 8.281696240198959114e-01 8.778645136439218177e-01 7.986227534142518181e-01 7.626890696414254656e-01
2.700000000000000000e+01 1.318723292155174365e+00 1.199857692678553578e+00 1.130121864812756227e+00 1.135318640057324968e+00 1.124733019776606779e+00 1.107795169785796174e+00 1.102404869594487691e+00 1.092474345753109644e+00 1.117773662896773379e+00 1.090248358835616882e+00 1.086814201899028332e+00 1.074455541025405525e+00 1.088328045055431348e+00 9.962598302039251674e-01 1.049806933922119212e+00 8.938350458549819688e-01 9.157146261277813171e-01 8.835247996302821871e-01 9.375389579111554905e-01 8.817825930297360504e-01 9.884144127590304141e-01 8.240771409709599649e-01 9.735884223469455367e-01 9.568166810932223765e-01 6.700741565991450432e-01 5.338909137934961802e-01 0.000000000000000000e+00 8.316858451200093150e-01 8.613655573836769275e-01 9.105019732150454459e-01 8.249785461695116062e-01 7.504800957704036435e-01
2.800000000000000000e+01 1.186110185038951936e+00 1.071185420712168046e+00 1.016536029038584754e+00 1.017801669474480253e+00 1.010288589744085197e+00 9.952196741322301143e-01 9.874914506814169712e-01 9.851610990362726916e-01 9.942871162981741229e-01 9.798433407467146417e-01 9.649980137309039918e-01 9.570309005950154990e-01 9.509903025920780628e-01 9.799514590360782762e-01 9.042948178229548439e-01 8.754477232811574972e-01 9.093914989293701012e-01 8.780468776068333092e-01 9.529609553735811645e-01 8.936010045619986464e-01 8.382469500457565559e-01 8.510380718146932644e-01 8.142945647993244940e-01 7.905130008436493938e-01 7.639351974724808425e-01 7.984990763386601298e-01 8.316858451200093150e-01 0.000000000000000000e+00 5.302599382171966358e-01 6.694837299368683325e-01 5.880116524070433393e-01 8.136954771835362976e-01
2.900000000000000000e+01 1.174648979629928869e+00 1.060972776921823124e+00 1.010372043973140732e+00 1.010684073926001014e+00 1.003957279078478093e+00 9.894329880968244506e-01 9.812137704738927990e-01 9.806613078759169877e-01 9.858185221249680108e-01 9.746905675431729588e-01 9.572351075575109558e-01 9.504661576913850940e-01 9.390678597916408687e-01 9.906960635127817216e-01 8.905352943474447169e-01 8.872142073234179360e-01 9.217540393622278838e-01 8.911298508272735841e-01 9.672351793648477081e-01 9.080558557584550439e-01 8.251551715272984477e-01 8.680131972481428537e-01 7.989988540509174175e-01 7.740206302308756392e-01 7.931493309278427883e-01 8.281696240198959114e-01 8.613655573836769275e-01 5.302599382171966358e-01 0.000000000000000000e+00 6.080768532349996036e-01 6.274544656989333724e-01 8.434173098085486764e-01
3.000000000000000000e+01 1.170974176678703849e+00 1.060175712693406158e+00 1.017342208212038912e+00 1.016002133971801058e+00 1.010702048966561684e+00 9.972580635823473649e-01 9.883164254165701657e-01 9.907127131428907774e-01 9.890197931165922718e-01 9.837574088066167732e-01 9.621769064837106811e-01 9.576065380789495762e-01 9.365947320542598042e-01 1.022079777479665275e+00 8.860772118970872135e-01 9.203966182224814219e-01 9.552324944919385885e-01 9.256882927053258214e-01 1.002697109070455284e+00 9.439223479361240621e-01 8.270118497894229925e-01 9.068871456440072976e-01 7.996556939459460445e-01 7.764587360319530340e-01 8.437173467149992057e-01 8.778645136439218177e-01 9.105019732150454459e-01 6.694837299368683325e-01 6.080768532349996036e-01 0.000000000000000000e+00 6.961712880495682931e-01 8.899597521835320713e-01
3.100000000000000000e+01 1.225694499792176373e+00 1.111021736118984915e+00 1.056215017624430264e+00 1.057641064319677859e+00 1.050044392209338540e+00 1.034989302054320159e+00 1.027437734779617529e+00 1.024718151175012526e+00 1.034500362041192112e+00 1.019622834511969778e+00 1.005468480238540963e+00 9.974200296431900981e-01 9.918764269101694175e-01 1.011397506291972448e+00 9.460827216574791976e-01 9.073511272418310902e-01 9.398332157234650097e-01 9.084657010852890124e-01 9.809901867812667042e-01 9.220450650839033813e-01 8.829679225362836448e-01 8.777143856646478781e-01 8.604196169528162130e-01 8.385674784335188647e-01 7.768030805516530357e-01 7.986227534142518181e-01 8.249785461695116062e-01 5.880116524070433393e-01 6.274544656989333724e-01 6.961712880495682931e-01 0.000000000000000000e+00 7.715285969755596440e-01
3.200000000000000000e+01 1.354271582822551334e+00 1.237487814484304671e+00 1.175121515261152716e+00 1.178456140821332987e+00 1.169344744533538538e+00 1.153331788207357711e+00 1.146871760017513342e+00 1.140501679873584973e+00 1.158150261415533233e+00 1.136854099839436749e+00 1.128134626032062382e+00 1.117890397629576871e+00 1.122241531827071537e+00 1.086328012759687933e+00 1.080207374155616407e+00 9.825225571677562719e-01 1.010288169676127890e+00 9.782312714803009790e-01 1.042547812758149117e+00 9.847945141873792885e-01 1.018110223433242645e+00 9.335347412057140026e-01 9.996738917764793619e-01 9.806119214521036298e-01 7.951037772682845173e-01 7.626890696414254656e-01 7.504800957704036435e-01 8.136954771835362976e-01 8.434173098085486764e-01 8.899597521835320713e-01 7.715285969755596440e-01 0.000000000000000000e+00
