0.000000000000000000e+00 1.000000000000000000e+00 2.000000000000000000e+00 3.000000000000000000e+00 4.000000000000000000e+00 5.000000000000000000e+00 6.000000000000000000e+00 7.000000000000000000e+00 8.000000000000000000e+00 9.000000000000000000e+00 1.000000000000000000e+01 1.100000000000000000e+01 1.200000000000000000e+01 1.300000000000000000e+01 1.400000000000000000e+01 1.500000000000000000e+01 1.600000000000000000e+01 1.700000000000000000e+01 1.800000000000000000e+01 1.900000000000000000e+01 2.000000000000000000e+01 2.100000000000000000e+01 2.200000000000000000e+01 2.300000000000000000e+01 2.400000000000000000e+01 2.500000000000000000e+01 2.600000000000000000e+01 2.700000000000000000e+01 2.800000000000000000e+01 2.900000000000000000e+01 3.000000000000000000e+01 3.100000000000000000e+01 3.200000000000000000e+01
1.000000000000000000e+00 0.000000000000000000e+00 8.704913174097579365e-01 9.932769155465410726e-01 9.723945743274573505e-01 9.900494005890890792e-01 1.002374231731648635e+00 9.952999095276208186e-01 1.026429303376506841e+00 9.594898446848553197e-01 1.015377776830129752e+00 9.858625847446523816e-01 1.003159624384899473e+00 9.766768268461220037e-01 1.266989361922104873e+00 1.036679721997416204e+00 1.208071160449843751e+00 1.237728903900747524e+00 1.223970075857561790e+00 1.286325338313934363e+00 1.249560947644015929e+00 1.096657301120780525e+00 1.245827592615708967e+00 1.125259805328495677e+00 1.141927150295757309e+00 1.289599733118213631e+00 1.342358180795508282e+00 1.384185373346641823e+00 1.281087309990359246e+00 1.283374287995184382e+00 1.476558034390291985e+00 1.374866072786683491e+00 1.502131026743618314e+00
2.000000000000000000e+00 8.704913174097579365e-01 0.000000000000000000e+00 8.414544756110511337e-01 8.101883675869558932e-01 8.359670515425560167e-01 8.515260759464331475e-01 8.415202385787808881e-01 8.814623985066614154e-01 7.889173904927898606e-01 8.676478830699863032e-01 8.312179985500544044e-01 8.531756549507891751e-01 8.445104933959509674e-01 1.134114027768210242e+00 9.142099606218685448e-01 1.075645688388674470e+00 1.105319209058294172e+00 1.091818393134156517e+00 1.154332503214718919e+00 1.117659339076063407e+00 9.698379437035586914e-01 1.114547798878343210e+00 9.998829355833076526e-01 1.016848073582288903e+00 1.160297473089423104e+00 1.213166375355824833e+00 1.255081158423102972e+00 1.155181443334647673e+00 1.158436512953697317e+00 1.353696047550549730e+00 1.248918201048838439e+00 1.373823466862934772e+00
3.000000000000000000e+00 9.932769155465410726e-01 8.414544756110511337e-01 0.000000000000000000e+00 5.996741319466287745e-01 4.613942047235531918e-01 5.762234635562308860e-01 6.282262811471622799e-01 6.636111168774978530e-01 7.332104443736301436e-01 6.523681864279866627e-01 7.400256137099202602e-01 7.255383515935789340e-01 8.489262454960545545e-01 1.017815005801093076e+00 8.969427297163099499e-01 9.643510520485676363e-01 9.929868326706794424e-01 9.817925064231614041e-01 1.044188931357299399e+00 1.008622696281892939e+00 9.116576847773643077e-01 1.009688692647150665e+00 9.393152192366280850e-01 9.527814282553948022e-01 1.065726146880328518e+00 1.118632784207044928e+00 1.160788122528229271e+00 1.074906180724378713e+00 1.081551011225019288e+00 1.282417716484449466e+00 1.167613429324133589e+00 1.282877861179581025e+00
4.000000000000000000e+00 9.723945743274573505e-01 8.101883675869558932e-01 5.996741319466287745e-01 0.000000000000000000e+00 5.684399937117320389e-01 6.416738367805272514e-01 6.353196032851214925e-01 7.170955706664425833e-01 6.842961079895365506e-01 6.940899853043400736e-01 7.179147400902089471e-01 7.201517541620510166e-01 8.299734150123049270e-01 1.034882008912510809e+00 8.851623194818878382e-01 9.794564281773843195e-01 1.008593809924172691e+00 9.965454083467555346e-01 1.059132832699365867e+00 1.023128845393737496e+00 9.096700929208283437e-01 1.022783653022531380e+00 9.387042612282918697e-01 9.534306153710534470e-01 1.075683649526973706e+00 1.128638576113455194e+00 1.170743459021255761e+00 1.080893067144644393e+00 1.086678221191487381e+00 1.286288868122349660e+00 1.173962152476571097e+00 1.291889451620442664e+00
5.000000000000000000e+00 9.900494005890890792e-01 8.359670515425560167e-01 4.613942047235531918e-01 5.684399937117320389e-01 0.000000000000000000e+00 5.468395005789441488e-01 5.902616734778732832e-01 6.635006016857216693e-01 7.144765016032882388e-01 6.395756597153392509e-01 7.216605344971888103e-01 7.075565326062860372e-01 8.385629665658212994e-01 1.015569739888544820e+00 8.877366009851055395e-01 9.612773484439298688e-01 9.901704949418188573e-01 9.786446566374820133e-01 1.041191541395879661e+00 1.005440363477726695e+00 9.038050267163277862e-01 1.006028914083345382e+00 9.319477803935760640e-01 9.457607616009935381e-01 1.061166311307234267e+00 1.114112122102765223e+00 1.156262345790085133e+00 1.069365387701177950e+00 1.075829390625205662e+00 1.276487995317910906e+00 1.162186806834328623e+00 1.278109309270714089e+00
6.000000000000000000e+00 1.002374231731648635e+00 8.515260759464331475e-01 5.762234635562308860e-01 6.416738367805272514e-01 5.468395005789441488e-01 0.000000000000000000e+00 5.318841066994844935e-01 6.008280599636610653e-01 7.218058848333065436e-01 5.468709519923082851e-01 7.081547118413639152e-01 6.775941863164669510e-01 8.342191006397717823e-01 9.945148561837129364e-01 8.790245704517418712e-01 9.401760826183671593e-01 9.691962604704686957e-01 9.577263276881351484e-01 1.020454454525038468e+00 9.846934980134971482e-01 8.886412707140647349e-01 9.855528871251111322e-01 9.164793279889669186e-01 9.298202691751173976e-01 1.041689218147638041e+00 1.094679174765363250e+00 1.136867298213708688e+00 1.051519029403878092e+00 1.058406830317855096e+00 1.259804036957353324e+00 1.144245438398408643e+00 1.259078005903055519e+00
7.000000000000000000e+00 9.952999095276208186e-01 8.415202385787808881e-01 6.282262811471622799e-01 6.353196032851214925e-01 5.902616734778732832e-01 5.318841066994844935e-01 0.000000000000000000e+00 6.467790814889384787e-01 6.876019160534437846e-01 5.812541837803468781e-01 6.663721954397611169e-01 6.339618772466293350e-01 8.151481552089051563e-01 9.966204979419561738e-01 8.630244756798102213e-01 9.405493378922578085e-01 9.700702332075274992e-01 9.578772649979729881e-01 1.020861593528838984e+00 9.847123025522379614e-01 8.768069046364648234e-01 9.844647082870767729e-01 9.058766225192234067e-01 9.201308337830791384e-01 1.038370352431107868e+00 1.091435860410901793e+00 1.133603635173497048e+00 1.045646938061755238e+00 1.052039552846708137e+00 1.252823236339379198e+00 1.138653364608702256e+00 1.255193471895009516e+00
8.000000000000000000e+00 1.026429303376506841e+00 8.814623985066614154e-01 6.636111168774978530e-01 7.170955706664425833e-01 6.635006016857216693e-01 6.008280599636610653e-01 6.467790814889384787e-01 0.000000000000000000e+00 7.655995617861780511e-01 5.333967370136016850e-01 7.398105537769533724e-01 6.998058628895371669e-01 8.508268874585910302e-01 9.651053804863765073e-01 8.871001207694531043e-01 9.127854204917900116e-01 9.413771937571200343e-01 9.308608973953724774e-01 9.935308783548006950e-01 9.582252575913092763e-01 8.840190575668047668e-01 9.608005071853009671e-01 9.099124667267735056e-01 9.215234042251381208e-01 1.020985750428478500e+00 1.073935859961595796e+00 1.116196609787625027e+00 1.036042338837164012e+00 1.044072778906858900e+00 1.247141280872607227e+00 1.128296283598032579e+00 1.239637050449628575e+00
9.000000000000000000e+00 9.594898446848553197e-01 7.889173904927898606e-01 7.332104443736301436e-01 6.842961079895365506e-01 7.144765016032882388e-01 7.218058848333065436e-01 6.876019160534437846e-01 7.655995617861780511e-01 0.000000000000000000e+00 7.377195799990208247e-01 6.294852680423353997e-01 6.878401598128334182e-01 7.649610012285524840e-01 1.036346962030854080e+00 8.365869007256472312e-01 9.773050007011494511e-01 1.007421165440557820e+00 9.938307260734535742e-01 1.056855669177883428e+00 1.020042652190560784e+00 8.772429364643883343e-01 1.017231876686620184e+00 9.093964065555915077e-01 9.265791873094781916e-01 1.064869997577679861e+00 1.117952988423503324e+00 1.159991636556412464e+00 1.063716627255311353e+00 1.068199762398544639e+00 1.266107710102589712e+00 1.157446658002191375e+00 1.279618788865514833e+00
1.000000000000000000e+01 1.015377776830129752e+00 8.676478830699863032e-01 6.523681864279866627e-01 6.940899853043400736e-01 6.395756597153392509e-01 5.468709519923082851e-01 5.812541837803468781e-01 5.333967370136016850e-01 7.377195799990208247e-01 0.000000000000000000e+00 7.058614220002131789e-01 6.569585579113002005e-01 8.326418731178070187e-01 9.725139390639951920e-01 8.719485883077771060e-01 9.179599577139072597e-01 9.471958135501010734e-01 9.357403920203413161e-01 9.987352378739253744e-01 9.629281216946474764e-01 8.737539865937924422e-01 9.640609939791582317e-01 9.010869706618134245e-01 9.137929273157807675e-01 1.021342702702840999e+00 1.074390817350765914e+00 1.116624837968227313e+00 1.033081706819639622e+00 1.040466306948735209e+00 1.242714664845822492e+00 1.125692463384954989e+00 1.239256127711102273e+00
1.100000000000000000e+01 9.858625847446523816e-01 8.312179985500544044e-01 7.400256137099202602e-01 7.179147400902089471e-01 7.216605344971888103e-01 7.081547118413639152e-01 6.663721954397611169e-01 7.398105537769533724e-01 6.294852680423353997e-01 7.058614220002131789e-01 0.000000000000000000e+00 5.761870412187057866e-01 7.509699870987914805e-01 1.001765786238304923e+00 8.108891597823033592e-01 9.414160691041211226e-01 9.720770068910946637e-01 9.580321132693365715e-01 1.021505694453287205e+00 9.843938603556479094e-01 8.399607617107383017e-01 9.811518082915033911e-01 8.734005895426428800e-01 8.907984474667565156e-01 1.028680422546334849e+00 1.081921792233588864e+00 1.124017949104391567e+00 1.028418680647911865e+00 1.033321210691826142e+00 1.232284135122965418e+00 1.122256132696233033e+00 1.243805988357226777e+00
1.200000000000000000e+01 1.003159624384899473e+00 8.531756549507891751e-01 7.255383515935789340e-01 7.201517541620510166e-01 7.075565326062860372e-01 6.775941863164669510e-01 6.339618772466293350e-01 6.998058628895371669e-01 6.878401598128334182e-01 6.569585579113002005e-01 5.761870412187057866e-01 0.000000000000000000e+00 7.792367626155304317e-01 9.783516696140526214e-01 8.237677309412718696e-01 9.186849657559224003e-01 9.493594055679424049e-01 9.357261161870773503e-01 9.994163482653868336e-01 9.624567315917409438e-01 8.355081262608583526e-01 9.601846008415051426e-01 8.671634739872713382e-01 8.828723919623671090e-01 1.010538036136762852e+00 1.063830244042316409e+00 1.106005728026385748e+00 1.014454445090570589e+00 1.020362890890572860e+00 1.220896001731796909e+00 1.107964015387426171e+00 1.226737549416749395e+00
1.300000000000000000e+01 9.766768268461220037e-01 8.445104933959509674e-01 8.489262454960545545e-01 8.299734150123049270e-01 8.385629665658212994e-01 8.342191006397717823e-01 8.151481552089051563e-01 8.508268874585910302e-01 7.649610012285524840e-01 8.326418731178070187e-01 7.509699870987914805e-01 7.792367626155304317e-01 0.000000000000000000e+00 1.049573633383342752e+00 6.982518984210881463e-01 9.852204096466257166e-01 1.016473617260673867e+00 1.000448406104070598e+00 1.063665393633053569e+00 1.025668076621515823e+00 8.171938389975184069e-01 1.018494044925494224e+00 8.567364332356541823e-01 8.804766971750017657e-01 1.055625983669784773e+00 1.108781766375193545e+00 1.150622808782875817e+00 1.040510171785076876e+00 1.041906694516047338e+00 1.235606692932152528e+00 1.135607616342894088e+00 1.267032530872718166e+00
1.400000000000000000e+01 1.266989361922104873e+00 1.134114027768210242e+00 1.017815005801093076e+00 1.034882008912510809e+00 1.015569739888544820e+00 9.945148561837129364e-01 9.966204979419561738e-01 9.651053804863765073e-01 1.036346962030854080e+00 9.725139390639951920e-01 1.001765786238304923e+00 9.783516696140526214e-01 1.049573633383342752e+00 0.000000000000000000e+00 1.047197936416080166e+00 6.556976894257118271e-01 5.732813268345327007e-01 6.458735676748517118e-01 6.086634040842398008e-01 6.380172592002739673e-01 9.714728402252281736e-01 7.176260564639289630e-01 9.742823471056869522e-01 9.673007671634861193e-01 8.702849691161369527e-01 9.144140224000127937e-01 9.557384875392089807e-01 9.765504082941360853e-01 9.999515532978735521e-01 1.221409360595133498e+00 1.058008742151720361e+00 1.104562532164441002e+00
1.500000000000000000e+01 1.036679721997416204e+00 9.142099606218685448e-01 8.969427297163099499e-01 8.851623194818878382e-01 8.877366009851055395e-01 8.790245704517418712e-01 8.630244756798102213e-01 8.871001207694531043e-01 8.365869007256472312e-01 8.719485883077771060e-01 8.108891597823033592e-01 8.237677309412718696e-01 6.982518984210881463e-01 1.047197936416080166e+00 0.000000000000000000e+00 9.794664904305248054e-01 1.011409310782855231e+00 9.938115089556134318e-01 1.057109387964537905e+00 1.018352976243399599e+00 7.468411298915049734e-01 1.008307856810698899e+00 7.984043381363994385e-01 8.313184992626776459e-01 1.038498811713054248e+00 1.091767384676223251e+00 1.133508334009537100e+00 1.014483130829593405e+00 1.014092963304165096e+00 1.206262276924688459e+00 1.110779086031410179e+00 1.247934912979540734e+00
1.600000000000000000e+01 1.208071160449843751e+00 1.075645688388674470e+00 9.643510520485676363e-01 9.794564281773843195e-01 9.612773484439298688e-01 9.401760826183671593e-01 9.405493378922578085e-01 9.127854204917900116e-01 9.773050007011494511e-01 9.179599577139072597e-01 9.414160691041211226e-01 9.186849657559224003e-01 9.852204096466257166e-01 6.556976894257118271e-01 9.794664904305248054e-01 0.000000000000000000e+00 5.482962238377970809e-01 4.619926703718166827e-01 6.519042725839012675e-01 5.793175815505193782e-01 8.970606962280049945e-01 6.200274804443106635e-01 8.979206495836371538e-01 8.893676850423395397e-01 7.880045784554083887e-01 8.378687062599805557e-01 8.809524854151293827e-01 8.938643070679723746e-01 9.178133675728341601e-01 1.140321869153128498e+00 9.760169563280054472e-01 1.027002806338944474e+00
1.700000000000000000e+01 1.237728903900747524e+00 1.105319209058294172e+00 9.929868326706794424e-01 1.008593809924172691e+00 9.901704949418188573e-01 9.691962604704686957e-01 9.700702332075274992e-01 9.413771937571200343e-01 1.007421165440557820e+00 9.471958135501010734e-01 9.720770068910946637e-01 9.493594055679424049e-01 1.016473617260673867e+00 5.732813268345327007e-01 1.011409310782855231e+00 5.482962238377970809e-01 0.000000000000000000e+00 5.053132438199754439e-01 5.628303264945202500e-01 5.102942884453927075e-01 9.302789899548080665e-01 6.286500611772682934e-01 9.309951916242336090e-01 9.223328369234795598e-01 8.059369658502393285e-01 8.507312252038410350e-01 8.925245539179125220e-01 9.213678468802493082e-01 9.462436963258769040e-01 1.169424008462463194e+00 1.001878090869885218e+00 1.043214447337551753e+00
1.800000000000000000e+01 1.223970075857561790e+00 1.091818393134156517e+00 9.817925064231614041e-01 9.965454083467555346e-01 9.786446566374820133e-01 9.577263276881351484e-01 9.578772649979729881e-01 9.308608973953724774e-01 9.938307260734535742e-01 9.357403920203413161e-01 9.580321132693365715e-01 9.357261161870773503e-01 1.000448406104070598e+00 6.458735676748517118e-01 9.938115089556134318e-01 4.619926703718166827e-01 5.053132438199754439e-01 0.000000000000000000e+00 6.122235742241797229e-01 5.053490011591925679e-01 9.094997848781478655e-01 5.794421441078931867e-01 9.090834391991662322e-01 8.995117077490684121e-01 7.766621557505071216e-01 8.242941566252786068e-01 8.670458930412447973e-01 8.944081727188291087e-01 9.198324733554801291e-01 1.143778505297575743e+00 9.749626327891804944e-01 1.016980637946646837e+00
1.900000000000000000e+01 1.286325338313934363e+00 1.154332503214718919e+00 1.044188931357299399e+00 1.059132832699365867e+00 1.041191541395879661e+00 1.020454454525038468e+00 1.020861593528838984e+00 9.935308783548006950e-01 1.056855669177883428e+00 9.987352378739253744e-01 1.021505694453287205e+00 9.994163482653868336e-01 1.063665393633053569e+00 6.086634040842398008e-01 1.057109387964537905e+00 6.519042725839012675e-01 5.628303264945202500e-01 6.122235742241797229e-01 0.000000000000000000e+00 5.345985205607455271e-01 9.728504534460842290e-01 6.389661340018879532e-01 9.716538860927248500e-01 9.614653781149511413e-01 8.127072739712062344e-01 8.503652879779388662e-01 8.902855450284763439e-01 9.458374392527157948e-01 9.729822080196326439e-01 1.198342508028607201e+00 1.023576449073167582e+00 1.048437446978985221e+00
2.000000000000000000e+01 1.249560947644015929e+00 1.117659339076063407e+00 1.008622696281892939e+00 1.023128845393737496e+00 1.005440363477726695e+00 9.846934980134971482e-01 9.847123025522379614e-01 9.582252575913092763e-01 1.020042652190560784e+00 9.629281216946474764e-01 9.843938603556479094e-01 9.624567315917409438e-01 1.025668076621515823e+00 6.380172592002739673e-01 1.018352976243399599e+00 5.793175815505193782e-01 5.102942884453927075e-01 5.053490011591925679e-01 5.345985205607455271e-01 0.000000000000000000e+00 9.325733324563219018e-01 5.587366304269754114e-01 9.309806162797800155e-01 9.204711729345482762e-01 7.732483917789156891e-01 8.157074722365673658e-01 8.572822036948897217e-01 9.049606885001815204e-01 9.320253141042362799e-01 1.157479573758195324e+00 9.833832536918467593e-01 1.012938957558589426e+00
2.100000000000000000e+01 1.096657301120780525e+00 9.698379437035586914e-01 9.116576847773643077e-01 9.096700929208283437e-01 9.038050267163277862e-01 8.886412707140647349e-01 8.768069046364648234e-01 8.840190575668047668e-01 8.772429364643883343e-01 8.737539865937924422e-01 8.399607617107383017e-01 8.355081262608583526e-01 8.171938389975184069e-01 9.714728402252281736e-01 7.468411298915049734e-01 8.970606962280049945e-01 9.302789899548080665e-01 9.094997848781478655e-01 9.728504534460842290e-01 9.325733324563219018e-01 0.000000000000000000e+00 9.165790387325942756e-01 5.545576198818489289e-01 6.337371845681676330e-01 9.323814727118402423e-01 9.860759620658701152e-01 1.027695260910368225e+00 8.912381595053762151e-01 8.881095057107009083e-01 1.080554500010420194e+00 9.906337892391865463e-01 1.138399300098843270e+00
2.200000000000000000e+01 1.245827592615708967e+00 1.114547798878343210e+00 1.009688692647150665e+00 1.022783653022531380e+00 1.006028914083345382e+00 9.855528871251111322e-01 9.844647082870767729e-01 9.608005071853009671e-01 1.017231876686620184e+00 9.640609939791582317e-01 9.811518082915033911e-01 9.601846008415051426e-01 1.018494044925494224e+00 7.176260564639289630e-01 1.008307856810698899e+00 6.200274804443106635e-01 6.286500611772682934e-01 5.794421441078931867e-01 6.389661340018879532e-01 5.587366304269754114e-01 9.165790387325942756e-01 0.000000000000000000e+00 9.121447846032437745e-01 8.993578928497101277e-01 7.172101586006927043e-01 7.641195932991431405e-01 8.079561527712162405e-01 8.675757391384804063e-01 8.970504013182338809e-01 1.125134946556340720e+00 9.443551682147199866e-01 9.661724054532809802e-01
2.300000000000000000e+01 1.125259805328495677e+00 9.998829355833076526e-01 9.393152192366280850e-01 9.387042612282918697e-01 9.319477803935760640e-01 9.164793279889669186e-01 9.058766225192234067e-01 9.099124667267735056e-01 9.093964065555915077e-01 9.010869706618134245e-01 8.734005895426428800e-01 8.671634739872713382e-01 8.567364332356541823e-01 9.742823471056869522e-01 7.984043381363994385e-01 8.979206495836371538e-01 9.309951916242336090e-01 9.090834391991662322e-01 9.716538860927248500e-01 9.309806162797800155e-01 5.545576198818489289e-01 9.121447846032437745e-01 0.000000000000000000e+00 5.183720445907138430e-01 9.186695629178647238e-01 9.720743032450918086e-01 1.013400806652554609e+00 8.619653367055419846e-01 8.550036059918451059e-01 1.043598537832201467e+00 9.632587875750402429e-01 1.120937475468940292e+00
2.400000000000000000e+01 1.141927150295757309e+00 1.016848073582288903e+00 9.527814282553948022e-01 9.534306153710534470e-01 9.457607616009935381e-01 9.298202691751173976e-01 9.201308337830791384e-01 9.215234042251381208e-01 9.265791873094781916e-01 9.137929273157807675e-01 8.907984474667565156e-01 8.828723919623671090e-01 8.804766971750017657e-01 9.673007671634861193e-01 8.313184992626776459e-01 8.893676850423395397e-01 9.223328369234795598e-01 8.995117077490684121e-01 9.614653781149511413e-01 9.204711729345482762e-01 6.337371845681676330e-01 8.993578928497101277e-01 5.183720445907138430e-01 0.000000000000000000e+00 8.984623412183219138e-01 9.516798215924082704e-01 9.927927894339092507e-01 8.296105114265810432e-01 8.199518535832273081e-01 1.006803238351909657e+00 9.326328478911551922e-01 1.097888251124306436e+00
2.500000000000000000e+01 1.289599733118213631e+00 1.160297473089423104e+00 1.065726146880328518e+00 1.075683649526973706e+00 1.061166311307234267e+00 1.041689218147638041e+00 1.038370352431107868e+00 1.020985750428478500e+00 1.064869997577679861e+00 1.021342702702840999e+00 1.028680422546334849e+00 1.010538036136762852e+00 1.055625983669784773e+00 8.702849691161369527e-01 1.038498811713054248e+00 7.880045784554083887e-01 8.059369658502393285e-01 7.766621557505071216e-01 8.127072739712062344e-01 7.732483917789156891e-01 9.323814727118402423e-01 7.172101586006927043e-01 9.186695629178647238e-01 8.984623412183219138e-01 0.000000000000000000e+00 5.881301245864967164e-01 6.665726929081918772e-01 7.879243209131436831e-01 8.304375089481945693e-01 1.070615177989840516e+00 8.515423892251894333e-01 8.283830333751009967e-01
2.600000000000000000e+01 1.342358180795508282e+00 1.213166375355824833e+00 1.118632784207044928e+00 1.128638576113455194e+00 1.114112122102765223e+00 1.094679174765363250e+00 1.091435860410901793e+00 1.073935859961595796e+00 1.117952988423503324e+00 1.074390817350765914e+00 1.081921792233588864e+00 1.063830244042316409e+00 1.108781766375193545e+00 9.144140224000127937e-01 1.091767384676223251e+00 8.378687062599805557e-01 8.507312252038410350e-01 8.242941566252786068e-01 8.503652879779388662e-01 8.157074722365673658e-01 9.860759620658701152e-01 7.641195932991431405e-01 9.720743032450918086e-01 9.516798215924082704e-01 5.881301245864967164e-01 0.000000000000000000e+00 5.323192113688104410e-01 8.293170765380570852e-01 8.734354533840598123e-01 1.114481669008958731e+00 8.831858636141027841e-01 7.785786528257010453e-01
2.700000000000000000e+01 1.384185373346641823e+00 1.255081158423102972e+00 1.160788122528229271e+00 1.170743459021255761e+00 1.156262345790085133e+00 1.136867298213708688e+00 1.133603635173497048e+00 1.116196609787625027e+00 1.159991636556412464e+00 1.116624837968227313e+00 1.124017949104391567e+00 1.106005728026385748e+00 1.150622808782875817e+00 9.557384875392089807e-01 1.133508334009537100e+00 8.809524854151293827e-01 8.925245539179125220e-01 8.670458930412447973e-01 8.902855450284763439e-01 8.572822036948897217e-01 1.027695260910368225e+00 8.079561527712162405e-01 1.013400806652554609e+00 9.927927894339092507e-01 6.665726929081918772e-01 5.323192113688104410e-01 0.000000000000000000e+00 8.646977357333607284e-01 9.093680216867303656e-01 1.150721974279778737e+00 9.139045983422648955e-01 7.519520866000872772e-01
2.800000000000000000e+01 1.281087309990359246e+00 1.155181443334647673e+00 1.074906180724378713e+00 1.080893067144644393e+00 1.069365387701177950e+00 1.051519029403878092e+00 1.045646938061755238e+00 1.036042338837164012e+00 1.063716627255311353e+00 1.033081706819639622e+00 1.028418680647911865e+00 1.014454445090570589e+00 1.040510171785076876e+00 9.765504082941360853e-01 1.014483130829593405e+00 8.938643070679723746e-01 9.213678468802493082e-01 8.944081727188291087e-01 9.458374392527157948e-01 9.049606885001815204e-01 8.912381595053762151e-01 8.675757391384804063e-01 8.619653367055419846e-01 8.296105114265810432e-01 7.879243209131436831e-01 8.293170765380570852e-01 8.646977357333607284e-01 0.000000000000000000e+00 5.341768949791032561e-01 8.488776981611547701e-01 6.163045282242978207e-01 9.315894651584626374e-01
2.900000000000000000e+01 1.283374287995184382e+00 1.158436512953697317e+00 1.081551011225019288e+00 1.086678221191487381e+00 1.075829390625205662e+00 1.058406830317855096e+00 1.052039552846708137e+00 1.044072778906858900e+00 1.068199762398544639e+00 1.040466306948735209e+00 1.033321210691826142e+00 1.020362890890572860e+00 1.041906694516047338e+00 9.999515532978735521e-01 1.014092963304165096e+00 9.178133675728341601e-01 9.462436963258769040e-01 9.198324733554801291e-01 9.729822080196326439e-01 9.320253141042362799e-01 8.881095057107009083e-01 8.970504013182338809e-01 8.550036059918451059e-01 8.199518535832273081e-01 8.304375089481945693e-01 8.734354533840598123e-01 9.093680216867303656e-01 5.341768949791032561e-01 0.000000000000000000e+00 7.640045491653026932e-01 6.685764273222212228e-01 9.802240754545334944e-01
3.000000000000000000e+01 1.476558034390291985e+00 1.353696047550549730e+00 1.282417716484449466e+00 1.286288868122349660e+00 1.276487995317910906e+00 1.259804036957353324e+00 1.252823236339379198e+00 1.247141280872607227e+00 1.266107710102589712e+00 1.242714664845822492e+00 1.232284135122965418e+00 1.220896001731796909e+00 1.235606692932152528e+00 1.221409360595133498e+00 1.206262276924688459e+00 1.140321869153128498e+00 1.169424008462463194e+00 1.143778505297575743e+00 1.198342508028607201e+00 1.157479573758195324e+00 1.080554500010420194e+00 1.125134946556340720e+00 1.043598537832201467e+00 1.006803238351909657e+00 1.070615177989840516e+00 1.114481669008958731e+00 1.150721974279778737e+00 8.488776981611547701e-01 7.640045491653026932e-01 0.000000000000000000e+00 9.364763801854156799e-01 1.224522755862849088e+00
3.100000000000000000e+01 1.374866072786683491e+00 1.248918201048838439e+00 1.167613429324133589e+00 1.173962152476571097e+00 1.162186806834328623e+00 1.144245438398408643e+00 1.138653364608702256e+00 1.128296283598032579e+00 1.157446658002191375e+00 1.125692463384954989e+00 1.122256132696233033e+00 1.107964015387426171e+00 1.135607616342894088e+00 1.058008742151720361e+00 1.110779086031410179e+00 9.760169563280054472e-01 1.001878090869885218e+00 9.749626327891804944e-01 1.023576449073167582e+00 9.833832536918467593e-01 9.906337892391865463e-01 9.443551682147199866e-01 9.632587875750402429e-01 9.326328478911551922e-01 8.515423892251894333e-01 8.831858636141027841e-01 9.139045983422648955e-01 6.163045282242978207e-01 6.685764273222212228e-01 9.364763801854156799e-01 0.000000000000000000e+00 9.584843817137356226e-01
3.200000000000000000e+01 1.502131026743618314e+00 1.373823466862934772e+00 1.282877861179581025e+00 1.291889451620442664e+00 1.278109309270714089e+00 1.259078005903055519e+00 1.255193471895009516e+00 1.239637050449628575e+00 1.279618788865514833e+00 1.239256127711102273e+00 1.243805988357226777e+00 1.226737549416749395e+00 1.267032530872718166e+00 1.104562532164441002e+00 1.247934912979540734e+00 1.027002806338944474e+00 1.043214447337551753e+00 1.016980637946646837e+00 1.048437446978985221e+00 1.012938957558589426e+00 1.138399300098843270e+00 9.661724054532809802e-01 1.120937475468940292e+00 1.097888251124306436e+00 8.283830333751009967e-01 7.785786528257010453e-01 7.519520866000872772e-01 9.315894651584626374e-01 9.802240754545334944e-01 1.224522755862849088e+00 9.584843817137356226e-01 0.000000000000000000e+00
