0.000000000000000000e+00 1.000000000000000000e+00 2.000000000000000000e+00 3.000000000000000000e+00 4.000000000000000000e+00 5.000000000000000000e+00 6.000000000000000000e+00 7.000000000000000000e+00 8.000000000000000000e+00 9.000000000000000000e+00 1.000000000000000000e+01 1.100000000000000000e+01 1.200000000000000000e+01 1.300000000000000000e+01 1.400000000000000000e+01 1.500000000000000000e+01 1.600000000000000000e+01 1.700000000000000000e+01 1.800000000000000000e+01 1.900000000000000000e+01 2.000000000000000000e+01 2.100000000000000000e+01 2.200000000000000000e+01 2.300000000000000000e+01 2.400000000000000000e+01 2.500000000000000000e+01 2.600000000000000000e+01 2.700000000000000000e+01 2.800000000000000000e+01 2.900000000000000000e+01 3.000000000000000000e+01 3.100000000000000000e+01 3.200000000000000000e+01
1.000000000000000000e+00 0.000000000000000000e+00 1.017873363544882892e+00 1.094781714704927245e+00 1.076980901306983540e+00 1.092701932275703669e+00 1.104965931295955661e+00 1.100689384984098851e+00 1.126452319184904516e+00 1.082990787524082066e+00 1.117301568810222578e+00 1.110382788431437673e+00 1.115077947181433826e+00 1.115375249987360373e+00 1.344084539892051122e+00 1.143274535746203080e+00 1.266480498169054059e+00 1.297534644270739168e+00 1.278117446267255763e+00 1.357272437434144274e+00 1.301695104533635350e+00 1.242236190360214820e+00 1.285660900432154863e+00 1.328762647763930271e+00 1.223387909287750430e+00 1.284709435165889202e+00 1.316216139153531639e+00 1.343855582586324982e+00 1.246790886049302882e+00 1.240070298187055720e+00 1.235276104278068443e+00 1.263224948222211985e+00 1.332681418921263905e+00
2.000000000000000000e+00 1.017873363544882892e+00 0.000000000000000000e+00 8.789131940239967022e-01 8.467091966574615824e-01 8.742954387118566650e-01 8.925426554953537206e-01 8.848831699190351507e-01 9.234832275086131137e-01 8.423117967653315219e-01 9.107931254334242777e-01 8.957876077104309775e-01 9.076736340121487334e-01 9.505315065846375866e-01 1.171072179618195097e+00 9.900215935474825368e-01 1.095672984955406992e+00 1.126654027810179315e+00 1.108376319288876255e+00 1.188022814064175092e+00 1.132974531952763764e+00 1.080360784490913773e+00 1.119585441426016237e+00 1.170442105363224794e+00 1.067014933437607338e+00 1.127316369089214954e+00 1.160834390841403163e+00 1.189936831001543016e+00 1.097108317764435403e+00 1.091829214754291844e+00 1.091085487149131117e+00 1.115788430980460433e+00 1.184844826255281980e+00
3.000000000000000000e+00 1.094781714704927245e+00 8.789131940239967022e-01 0.000000000000000000e+00 6.000088871440865113e-01 4.614340408319481668e-01 5.765215047502805223e-01 6.289265964146353305e-01 6.644715528806235394e-01 7.405694705722587479e-01 6.531976018652034810e-01 7.493621278937905306e-01 7.300062142820504807e-01 9.182459779176372905e-01 1.025272569933549871e+00 9.390944285331463970e-01 9.565784941929318386e-01 9.866729794006756649e-01 9.716301294547931011e-01 1.051786068047828371e+00 9.983482492040820500e-01 9.842225825720740673e-01 9.916167022883131121e-01 1.075930609434077923e+00 9.736685470176784651e-01 1.018928177341910990e+00 1.056058619499892437e+00 1.087915756389274069e+00 1.006615484677628070e+00 1.004723169640593827e+00 1.011935325395491025e+00 1.028467584644677135e+00 1.094780645292893873e+00
4.000000000000000000e+00 1.076980901306983540e+00 8.467091966574615824e-01 6.000088871440865113e-01 0.000000000000000000e+00 5.686972940903021190e-01 6.425191902838318647e-01 6.363756681926913128e-01 7.190101823866403841e-01 6.897049298173643095e-01 6.957852594903792820e-01 7.277587000858833921e-01 7.256498154304928949e-01 9.028919726038742155e-01 1.042153131146239087e+00 9.297326534166983070e-01 9.711428507432380286e-01 1.001729229320887260e+00 9.856467547742344681e-01 1.065896440809752432e+00 1.011909467159007869e+00 9.844216675777275327e-01 1.003295067217396364e+00 1.076870970602554767e+00 9.748869361312471060e-01 1.025736718441465856e+00 1.062169191426473258e+00 1.093452635152134977e+00 1.009104500576494923e+00 1.006438387309478433e+00 1.012075899586686978e+00 1.030506310073325160e+00 1.097709244570681086e+00
5.000000000000000000e+00 1.092701932275703669e+00 8.742954387118566650e-01 4.614340408319481668e-01 5.686972940903021190e-01 0.000000000000000000e+00 5.470402177594626547e-01 5.907191867986358869e-01 6.643334384628576395e-01 7.210590733184560897e-01 6.402796523419829189e-01 7.301202266218072001e-01 7.115291207791096806e-01 9.092866158566734747e-01 1.023026012031170495e+00 9.310564800958014420e-01 9.534785860894290366e-01 9.838302205634281705e-01 9.684417226917301225e-01 1.048742133342785321e+00 9.951072012546247070e-01 9.769257933034096730e-01 9.878636184191231795e-01 1.069144183796949310e+00 9.671246534488660007e-01 1.014152194666384732e+00 1.051221259236668537e+00 1.083004208041260963e+00 1.001016698605805333e+00 9.989995933319884003e-01 1.006055980794446691e+00 1.022905078745084850e+00 1.089472717642234301e+00
6.000000000000000000e+00 1.104965931295955661e+00 8.925426554953537206e-01 5.765215047502805223e-01 6.425191902838318647e-01 5.470402177594626547e-01 0.000000000000000000e+00 5.320389941285545987e-01 6.011239133942101187e-01 7.290692315405338242e-01 5.470312068961968865e-01 7.151114188717118125e-01 6.802325585514117368e-01 9.046688970355027948e-01 1.002513069546689284e+00 9.227624763666850694e-01 9.332041534738264588e-01 9.636867683432792653e-01 9.484982457924611143e-01 1.029051869614887815e+00 9.754873372638066531e-01 9.612111157234517478e-01 9.688791724327774357e-01 1.053765895003289987e+00 9.519809194499655458e-01 9.975122054208134248e-01 1.035105358741740034e+00 1.067266089817441976e+00 9.866566337345761273e-01 9.850984600489285370e-01 9.932961067076473416e-01 1.009042820493023740e+00 1.075321963822707616e+00
7.000000000000000000e+00 1.100689384984098851e+00 8.848831699190351507e-01 6.289265964146353305e-01 6.363756681926913128e-01 5.907191867986358869e-01 5.320389941285545987e-01 0.000000000000000000e+00 6.474304571796805075e-01 6.937823670418432620e-01 5.815296922292974013e-01 6.716505126366005829e-01 6.358271359669691591e-01 8.893587580976323181e-01 1.004965509180412386e+00 9.098662236975678663e-01 9.337841108575730686e-01 9.647801126802257876e-01 9.488002173005998241e-01 1.029596906193915862e+00 9.755934716493126491e-01 9.510677452782356767e-01 9.677245444069144664e-01 1.044842763932000818e+00 9.436183020151533984e-01 9.935982215785899019e-01 1.030955548385547704e+00 1.062878899852948145e+00 9.804365025816477175e-01 9.785083560754817000e-01 9.861517482924171407e-01 1.002824299463452640e+00 1.069745110901821672e+00
8.000000000000000000e+00 1.126452319184904516e+00 9.234832275086131137e-01 6.644715528806235394e-01 7.190101823866403841e-01 6.643334384628576395e-01 6.011239133942101187e-01 6.474304571796805075e-01 0.000000000000000000e+00 7.752394036807421784e-01 5.335147937798032647e-01 7.475891134916448078e-01 7.025047922258158550e-01 9.172584441125000154e-01 9.741322193196233492e-01 9.283577118740853340e-01 9.073961451001686385e-01 9.374268634677478396e-01 9.234638494154163713e-01 1.004051867426697831e+00 9.511123691913445644e-01 9.548118044353204326e-01 9.468691708004317587e-01 1.046162451424225370e+00 9.439194960258741052e-01 9.818705130062272968e-01 1.020398351588357233e+00 1.053318751437025025e+00 9.767272359340462007e-01 9.761954464884627924e-01 9.864691848306328392e-01 9.997059121970823803e-01 1.064812236888355912e+00
9.000000000000000000e+00 1.082990787524082066e+00 8.423117967653315219e-01 7.405694705722587479e-01 6.897049298173643095e-01 7.210590733184560897e-01 7.290692315405338242e-01 6.937823670418432620e-01 7.752394036807421784e-01 0.000000000000000000e+00 7.463459136910659542e-01 6.403125447569515405e-01 6.985810564083014818e-01 8.604558192953808415e-01 1.053067474991219665e+00 8.999942467005641600e-01 9.783414532874523672e-01 1.009847926548655739e+00 9.921539605439237963e-01 1.072746773770943518e+00 1.017883428935778101e+00 9.679219236186584752e-01 1.006544750715617331e+00 1.062798988224459062e+00 9.618876768941408972e-01 1.022520317170737103e+00 1.058243864144387203e+00 1.088888575106889078e+00 1.000223949125399026e+00 9.965775655416879708e-01 1.000529209100763373e+00 1.021419623796507192e+00 1.090083917914912437e+00
1.000000000000000000e+01 1.117301568810222578e+00 9.107931254334242777e-01 6.531976018652034810e-01 6.957852594903792820e-01 6.402796523419829189e-01 5.470312068961968865e-01 5.815296922292974013e-01 5.335147937798032647e-01 7.463459136910659542e-01 0.000000000000000000e+00 7.121720597676695075e-01 6.588274108683023211e-01 9.020480107177308859e-01 9.813244046147953092e-01 9.156344984111279839e-01 9.120887331524070163e-01 9.427936385182378309e-01 9.277645912498948544e-01 1.008658424163588085e+00 9.551316792608244288e-01 9.455099556466666222e-01 9.491711323860811955e-01 1.038267035291677853e+00 9.366722881869240513e-01 9.803636560566573177e-01 1.018540141947380295e+00 1.051117893637551148e+00 9.720463769596079384e-01 9.710041739465360422e-01 9.804690895463876732e-01 9.949741498853104105e-01 1.060920757275984894e+00
1.100000000000000000e+01 1.110382788431437673e+00 8.957876077104309775e-01 7.493621278937905306e-01 7.277587000858833921e-01 7.301202266218072001e-01 7.151114188717118125e-01 6.716505126366005829e-01 7.475891134916448078e-01 6.403125447569515405e-01 7.121720597676695075e-01 0.000000000000000000e+00 5.782655207747933179e-01 8.492117520511444084e-01 1.018602008819058824e+00 8.782276965092108423e-01 9.428674998953017194e-01 9.750498841897607960e-01 9.570983004967812402e-01 1.038402099148240998e+00 9.833184285994016616e-01 9.285698879718937704e-01 9.722008263331336497e-01 1.026757691226630076e+00 9.275146390576043398e-01 9.907726362109279261e-01 1.027530460973261395e+00 1.058845329261391743e+00 9.713542642958208351e-01 9.684082188879390429e-01 9.746328313348999739e-01 9.938688019022290376e-01 1.062630530696694109e+00
1.200000000000000000e+01 1.115077947181433826e+00 9.076736340121487334e-01 7.300062142820504807e-01 7.256498154304928949e-01 7.115291207791096806e-01 6.802325585514117368e-01 6.358271359669691591e-01 7.025047922258158550e-01 6.985810564083014818e-01 6.588274108683023211e-01 5.782655207747933179e-01 0.000000000000000000e+00 8.619149230781637527e-01 9.898952492734784947e-01 8.794906461012030885e-01 9.151103101904571879e-01 9.473454431741816784e-01 9.299462768525972312e-01 1.011574855375088289e+00 9.567362519671493981e-01 9.133007742927352623e-01 9.470027377420937587e-01 1.010931176223228700e+00 9.115855554704073160e-01 9.701318632857713897e-01 1.007765845274231964e+00 1.039733847859786842e+00 9.551400040035693539e-01 9.530718019731092561e-01 9.612700670412108739e-01 9.783532571919941745e-01 1.046341220592770682e+00
1.300000000000000000e+01 1.115375249987360373e+00 9.505315065846375866e-01 9.182459779176372905e-01 9.028919726038742155e-01 9.092866158566734747e-01 9.046688970355027948e-01 8.893587580976323181e-01 9.172584441125000154e-01 8.604558192953808415e-01 9.020480107177308859e-01 8.492117520511444084e-01 8.619149230781637527e-01 0.000000000000000000e+00 1.087876253186036646e+00 7.045896931000970032e-01 1.004431134975032336e+00 1.037152182080047336e+00 1.015250963753702829e+00 1.095300175029638945e+00 1.038322139937333022e+00 9.145399808311891476e-01 1.018398052650153263e+00 1.014664627371896888e+00 9.158635633738205772e-01 1.009609153106468371e+00 1.041390296364808510e+00 1.068948250302545144e+00 9.632926739951817030e-01 9.548566551035095884e-01 9.490471955943393656e-01 9.821186719706598289e-01 1.056285396037183411e+00
1.400000000000000000e+01 1.344084539892051122e+00 1.171072179618195097e+00 1.025272569933549871e+00 1.042153131146239087e+00 1.023026012031170495e+00 1.002513069546689284e+00 1.004965509180412386e+00 9.741322193196233492e-01 1.053067474991219665e+00 9.813244046147953092e-01 1.018602008819058824e+00 9.898952492734784947e-01 1.087876253186036646e+00 0.000000000000000000e+00 1.066798336243403034e+00 6.672393712417807876e-01 5.803680550603269594e-01 6.576344321717821906e-01 6.339206903001752824e-01 6.522941818098673128e-01 1.046664002885520084e+00 7.378035463678076500e-01 1.116546879294087358e+00 1.003056348304906864e+00 8.942187116285571502e-01 9.370451513937396726e-01 9.781110744732357531e-01 9.752718831710505132e-01 9.865688016698661578e-01 1.013764317083090338e+00 9.967523867930112580e-01 1.036564383930838495e+00
1.500000000000000000e+01 1.143274535746203080e+00 9.900215935474825368e-01 9.390944285331463970e-01 9.297326534166983070e-01 9.310564800958014420e-01 9.227624763666850694e-01 9.098662236975678663e-01 9.283577118740853340e-01 8.999942467005641600e-01 9.156344984111279839e-01 8.782276965092108423e-01 8.794906461012030885e-01 7.045896931000970032e-01 1.066798336243403034e+00 0.000000000000000000e+00 9.803071925868538372e-01 1.013621592362314860e+00 9.902930107682827998e-01 1.070419574194762857e+00 1.012688947675484785e+00 8.384120363881248927e-01 9.900779573391285115e-01 9.496153970104157516e-01 8.561626147395238196e-01 9.744186139490251808e-01 1.005791761815965746e+00 1.032912779513082135e+00 9.204807152531480074e-01 9.104177722491844094e-01 9.028012449304820830e-01 9.403464064754660789e-01 1.017763928199865830e+00
1.600000000000000000e+01 1.266480498169054059e+00 1.095672984955406992e+00 9.565784941929318386e-01 9.711428507432380286e-01 9.534785860894290366e-01 9.332041534738264588e-01 9.337841108575730686e-01 9.073961451001686385e-01 9.783414532874523672e-01 9.120887331524070163e-01 9.428674998953017194e-01 9.151103101904571879e-01 1.004431134975032336e+00 6.672393712417807876e-01 9.803071925868538372e-01 0.000000000000000000e+00 5.498824108920885578e-01 4.622086613885987294e-01 6.668562146767922361e-01 5.810374177151953479e-01 9.550643835501584356e-01 6.219364072296975632e-01 1.022594709394542889e+00 9.079136668721494718e-01 7.905591794945896478e-01 8.374607087803149774e-01 8.796439072355211053e-01 8.756001072597008328e-01 8.879471644672678465e-01 9.170416237587717401e-01 8.979401343838677718e-01 9.382812130011162211e-01
1.700000000000000000e+01 1.297534644270739168e+00 1.126654027810179315e+00 9.866729794006756649e-01 1.001729229320887260e+00 9.838302205634281705e-01 9.636867683432792653e-01 9.647801126802257876e-01 9.374268634677478396e-01 1.009847926548655739e+00 9.427936385182378309e-01 9.750498841897607960e-01 9.473454431741816784e-01 1.037152182080047336e+00 5.803680550603269594e-01 1.013621592362314860e+00 5.498824108920885578e-01 0.000000000000000000e+00 5.064348842197146094e-01 5.728273822474279076e-01 5.118293730515575124e-01 9.907538873193706408e-01 6.338393205914680806e-01 1.058314322083056425e+00 9.435013397506979427e-01 8.159549802278649455e-01 8.597412955491869901e-01 9.018828089698160966e-01 9.077664321567515682e-01 9.204280841736087737e-01 9.493532859944158186e-01 9.288599718250587500e-01 9.656099450507458215e-01
1.800000000000000000e+01 1.278117446267255763e+00 1.108376319288876255e+00 9.716301294547931011e-01 9.856467547742344681e-01 9.684417226917301225e-01 9.484982457924611143e-01 9.488002173005998241e-01 9.234638494154163713e-01 9.921539605439237963e-01 9.277645912498948544e-01 9.570983004967812402e-01 9.299462768525972312e-01 1.015250963753702829e+00 6.576344321717821906e-01 9.902930107682827998e-01 4.622086613885987294e-01 5.064348842197146094e-01 0.000000000000000000e+00 6.248556927741943934e-01 5.061358780761948672e-01 9.654246980214877816e-01 5.810519533698912387e-01 1.031679773888100726e+00 9.161568181012131884e-01 7.812607363339731936e-01 8.272575571127593896e-01 8.701386010724405651e-01 8.769494409410862890e-01 8.902862184172555260e-01 9.202410192523464705e-01 8.982815464508968617e-01 9.347274794590103575e-01
1.900000000000000000e+01 1.357272437434144274e+00 1.188022814064175092e+00 1.051786068047828371e+00 1.065896440809752432e+00 1.048742133342785321e+00 1.029051869614887815e+00 1.029596906193915862e+00 1.004051867426697831e+00 1.072746773770943518e+00 1.008658424163588085e+00 1.038402099148240998e+00 1.011574855375088289e+00 1.095300175029638945e+00 6.339206903001752824e-01 1.070419574194762857e+00 6.668562146767922361e-01 5.728273822474279076e-01 6.248556927741943934e-01 0.000000000000000000e+00 5.430117032849666181e-01 1.047781274666327533e+00 6.572229363437698257e-01 1.113533537020972464e+00 9.975465684314779313e-01 8.454658376746617687e-01 8.856586471861418453e-01 9.282949958712953809e-01 9.521463054276544380e-01 9.661710937265453047e-01 9.962387206709795162e-01 9.715817201921836954e-01 1.001920938022974994e+00
2.000000000000000000e+01 1.301695104533635350e+00 1.132974531952763764e+00 9.983482492040820500e-01 1.011909467159007869e+00 9.951072012546247070e-01 9.754873372638066531e-01 9.755934716493126491e-01 9.511123691913445644e-01 1.017883428935778101e+00 9.551316792608244288e-01 9.833184285994016616e-01 9.567362519671493981e-01 1.038322139937333022e+00 6.522941818098673128e-01 1.012688947675484785e+00 5.810374177151953479e-01 5.118293730515575124e-01 5.061358780761948672e-01 5.430117032849666181e-01 0.000000000000000000e+00 9.887321736393359650e-01 5.611695428122607243e-01 1.053849709583350336e+00 9.375375711614302165e-01 7.832552901302929360e-01 8.261939841161187736e-01 8.694969245802721680e-01 8.910127069749520512e-01 9.053318995912533751e-01 9.359667204846473521e-01 9.108726026285998145e-01 9.420589163004873257e-01
2.100000000000000000e+01 1.242236190360214820e+00 1.080360784490913773e+00 9.842225825720740673e-01 9.844216675777275327e-01 9.769257933034096730e-01 9.612111157234517478e-01 9.510677452782356767e-01 9.548118044353204326e-01 9.679219236186584752e-01 9.455099556466666222e-01 9.285698879718937704e-01 9.133007742927352623e-01 9.145399808311891476e-01 1.046664002885520084e+00 8.384120363881248927e-01 9.550643835501584356e-01 9.907538873193706408e-01 9.654246980214877816e-01 1.047781274666327533e+00 9.887321736393359650e-01 0.000000000000000000e+00 9.643179958651557637e-01 7.393410508500650735e-01 7.209501482476030620e-01 9.519419620889080225e-01 9.885310557569590983e-01 1.018757769825614723e+00 9.020192570482652439e-01 8.944314736403287114e-01 9.021910699242063902e-01 9.323177864974909745e-01 1.014486952407160025e+00
2.200000000000000000e+01 1.285660900432154863e+00 1.119585441426016237e+00 9.916167022883131121e-01 1.003295067217396364e+00 9.878636184191231795e-01 9.688791724327774357e-01 9.677245444069144664e-01 9.468691708004317587e-01 1.006544750715617331e+00 9.491711323860811955e-01 9.722008263331336497e-01 9.470027377420937587e-01 1.018398052650153263e+00 7.378035463678076500e-01 9.900779573391285115e-01 6.219364072296975632e-01 6.338393205914680806e-01 5.810519533698912387e-01 6.572229363437698257e-01 5.611695428122607243e-01 9.643179958651557637e-01 0.000000000000000000e+00 1.026309828651803535e+00 9.081004261860015081e-01 7.211930902671841448e-01 7.681650411867075867e-01 8.139608345114952570e-01 8.486194370616197968e-01 8.650462472500604072e-01 8.980549351444830908e-01 8.676021539093299317e-01 8.940746282716669491e-01
2.300000000000000000e+01 1.328762647763930271e+00 1.170442105363224794e+00 1.075930609434077923e+00 1.076870970602554767e+00 1.069144183796949310e+00 1.053765895003289987e+00 1.044842763932000818e+00 1.046162451424225370e+00 1.062798988224459062e+00 1.038267035291677853e+00 1.026757691226630076e+00 1.010931176223228700e+00 1.014664627371896888e+00 1.116546879294087358e+00 9.496153970104157516e-01 1.022594709394542889e+00 1.058314322083056425e+00 1.031679773888100726e+00 1.113533537020972464e+00 1.053849709583350336e+00 7.393410508500650735e-01 1.026309828651803535e+00 0.000000000000000000e+00 6.156664177062354248e-01 1.004293942223578151e+00 1.040590019551387524e+00 1.070421160433379537e+00 9.412729974355256157e-01 9.310214830159111443e-01 9.397876609142976623e-01 9.753489424511978534e-01 1.063441401595272229e+00
2.400000000000000000e+01 1.223387909287750430e+00 1.067014933437607338e+00 9.736685470176784651e-01 9.748869361312471060e-01 9.671246534488660007e-01 9.519809194499655458e-01 9.436183020151533984e-01 9.439194960258741052e-01 9.618876768941408972e-01 9.366722881869240513e-01 9.275146390576043398e-01 9.115855554704073160e-01 9.158635633738205772e-01 1.003056348304906864e+00 8.561626147395238196e-01 9.079136668721494718e-01 9.435013397506979427e-01 9.161568181012131884e-01 9.975465684314779313e-01 9.375375711614302165e-01 7.209501482476030620e-01 9.081004261860015081e-01 6.156664177062354248e-01 0.000000000000000000e+00 8.795856676398170482e-01 9.154876176482820149e-01 9.449568665233023523e-01 8.067529535588986445e-01 7.942455784512096884e-01 8.033742998163726501e-01 8.434218285676489124e-01 9.358207271337208866e-01
2.500000000000000000e+01 1.284709435165889202e+00 1.127316369089214954e+00 1.018928177341910990e+00 1.025736718441465856e+00 1.014152194666384732e+00 9.975122054208134248e-01 9.935982215785899019e-01 9.818705130062272968e-01 1.022520317170737103e+00 9.803636560566573177e-01 9.907726362109279261e-01 9.701318632857713897e-01 1.009609153106468371e+00 8.942187116285571502e-01 9.744186139490251808e-01 7.905591794945896478e-01 8.159549802278649455e-01 7.812607363339731936e-01 8.454658376746617687e-01 7.832552901302929360e-01 9.519419620889080225e-01 7.211930902671841448e-01 1.004293942223578151e+00 8.795856676398170482e-01 0.000000000000000000e+00 5.872019922974636152e-01 6.659578182966119364e-01 7.582349420732701351e-01 7.846429723904120301e-01 8.257785159421617838e-01 7.676685282706374736e-01 7.684192326074579249e-01
2.600000000000000000e+01 1.316216139153531639e+00 1.160834390841403163e+00 1.056058619499892437e+00 1.062169191426473258e+00 1.051221259236668537e+00 1.035105358741740034e+00 1.030955548385547704e+00 1.020398351588357233e+00 1.058243864144387203e+00 1.018540141947380295e+00 1.027530460973261395e+00 1.007765845274231964e+00 1.041390296364808510e+00 9.370451513937396726e-01 1.005791761815965746e+00 8.374607087803149774e-01 8.597412955491869901e-01 8.272575571127593896e-01 8.856586471861418453e-01 8.261939841161187736e-01 9.885310557569590983e-01 7.681650411867075867e-01 1.040590019551387524e+00 9.154876176482820149e-01 5.872019922974636152e-01 0.000000000000000000e+00 5.332881596808975999e-01 7.854029697994857617e-01 8.106007353490545242e-01 8.478878649864494133e-01 7.833655704538733389e-01 7.384951504139998235e-01
2.700000000000000000e+01 1.343855582586324982e+00 1.189936831001543016e+00 1.087915756389274069e+00 1.093452635152134977e+00 1.083004208041260963e+00 1.067266089817441976e+00 1.062878899852948145e+00 1.053318751437025025e+00 1.088888575106889078e+00 1.051117893637551148e+00 1.058845329261391743e+00 1.039733847859786842e+00 1.068948250302545144e+00 9.781110744732357531e-01 1.032912779513082135e+00 8.796439072355211053e-01 9.018828089698160966e-01 8.701386010724405651e-01 9.282949958712953809e-01 8.694969245802721680e-01 1.018757769825614723e+00 8.139608345114952570e-01 1.070421160433379537e+00 9.449568665233023523e-01 6.659578182966119364e-01 5.332881596808975999e-01 0.000000000000000000e+00 8.103434546249130843e-01 8.343487416723402994e-01 8.689331237443400635e-01 8.020436899608665016e-01 7.245788148629310754e-01
2.800000000000000000e+01 1.246790886049302882e+00 1.097108317764435403e+00 1.006615484677628070e+00 1.009104500576494923e+00 1.001016698605805333e+00 9.866566337345761273e-01 9.804365025816477175e-01 9.767272359340462007e-01 1.000223949125399026e+00 9.720463769596079384e-01 9.713542642958208351e-01 9.551400040035693539e-01 9.632926739951817030e-01 9.752718831710505132e-01 9.204807152531480074e-01 8.756001072597008328e-01 9.077664321567515682e-01 8.769494409410862890e-01 9.521463054276544380e-01 8.910127069749520512e-01 9.020192570482652439e-01 8.486194370616197968e-01 9.412729974355256157e-01 8.067529535588986445e-01 7.582349420732701351e-01 7.854029697994857617e-01 8.103434546249130843e-01 0.000000000000000000e+00 5.296744266099788767e-01 6.644822583605833888e-01 5.857375503328503541e-01 7.767284006723675915e-01
2.900000000000000000e+01 1.240070298187055720e+00 1.091829214754291844e+00 1.004723169640593827e+00 1.006438387309478433e+00 9.989995933319884003e-01 9.850984600489285370e-01 9.785083560754817000e-01 9.761954464884627924e-01 9.965775655416879708e-01 9.710041739465360422e-01 9.684082188879390429e-01 9.530718019731092561e-01 9.548566551035095884e-01 9.865688016698661578e-01 9.104177722491844094e-01 8.879471644672678465e-01 9.204280841736087737e-01 8.902862184172555260e-01 9.661710937265453047e-01 9.053318995912533751e-01 8.944314736403287114e-01 8.650462472500604072e-01 9.310214830159111443e-01 7.942455784512096884e-01 7.846429723904120301e-01 8.106007353490545242e-01 8.343487416723402994e-01 5.296744266099788767e-01 0.000000000000000000e+00 6.060578824452822477e-01 6.228645610288334744e-01 7.973778548699161917e-01
3.000000000000000000e+01 1.235276104278068443e+00 1.091085487149131117e+00 1.011935325395491025e+00 1.012075899586686978e+00 1.006055980794446691e+00 9.932961067076473416e-01 9.861517482924171407e-01 9.864691848306328392e-01 1.000529209100763373e+00 9.804690895463876732e-01 9.746328313348999739e-01 9.612700670412108739e-01 9.490471955943393656e-01 1.013764317083090338e+00 9.028012449304820830e-01 9.170416237587717401e-01 9.493532859944158186e-01 9.202410192523464705e-01 9.962387206709795162e-01 9.359667204846473521e-01 9.021910699242063902e-01 8.980549351444830908e-01 9.397876609142976623e-01 8.033742998163726501e-01 8.257785159421617838e-01 8.478878649864494133e-01 8.689331237443400635e-01 6.644822583605833888e-01 6.060578824452822477e-01 0.000000000000000000e+00 6.834643611369388694e-01 8.234497331556411837e-01
3.100000000000000000e+01 1.263224948222211985e+00 1.115788430980460433e+00 1.028467584644677135e+00 1.030506310073325160e+00 1.022905078745084850e+00 1.009042820493023740e+00 1.002824299463452640e+00 9.997059121970823803e-01 1.021419623796507192e+00 9.949741498853104105e-01 9.938688019022290376e-01 9.783532571919941745e-01 9.821186719706598289e-01 9.967523867930112580e-01 9.403464064754660789e-01 8.979401343838677718e-01 9.288599718250587500e-01 8.982815464508968617e-01 9.715817201921836954e-01 9.108726026285998145e-01 9.323177864974909745e-01 8.676021539093299317e-01 9.753489424511978534e-01 8.434218285676489124e-01 7.676685282706374736e-01 7.833655704538733389e-01 8.020436899608665016e-01 5.857375503328503541e-01 6.228645610288334744e-01 6.834643611369388694e-01 0.000000000000000000e+00 7.422779240751875562e-01
3.200000000000000000e+01 1.332681418921263905e+00 1.184844826255281980e+00 1.094780645292893873e+00 1.097709244570681086e+00 1.089472717642234301e+00 1.075321963822707616e+00 1.069745110901821672e+00 1.064812236888355912e+00 1.090083917914912437e+00 1.060920757275984894e+00 1.062630530696694109e+00 1.046341220592770682e+00 1.056285396037183411e+00 1.036564383930838495e+00 1.017763928199865830e+00 9.382812130011162211e-01 9.656099450507458215e-01 9.347274794590103575e-01 1.001920938022974994e+00 9.420589163004873257e-01 1.014486952407160025e+00 8.940746282716669491e-01 1.063441401595272229e+00 9.358207271337208866e-01 7.684192326074579249e-01 7.384951504139998235e-01 7.245788148629310754e-01 7.767284006723675915e-01 7.973778548699161917e-01 8.234497331556411837e-01 7.422779240751875562e-01 0.000000000000000000e+00
