0.000000000000000000e+00 1.000000000000000000e+00 2.000000000000000000e+00 3.000000000000000000e+00 4.000000000000000000e+00 5.000000000000000000e+00 6.000000000000000000e+00 7.000000000000000000e+00 8.000000000000000000e+00 9.000000000000000000e+00 1.000000000000000000e+01 1.100000000000000000e+01 1.200000000000000000e+01 1.300000000000000000e+01 1.400000000000000000e+01 1.500000000000000000e+01 1.600000000000000000e+01 1.700000000000000000e+01 1.800000000000000000e+01 1.900000000000000000e+01 2.000000000000000000e+01 2.100000000000000000e+01 2.200000000000000000e+01 2.300000000000000000e+01 2.400000000000000000e+01 2.500000000000000000e+01 2.600000000000000000e+01 2.700000000000000000e+01 2.800000000000000000e+01 2.900000000000000000e+01 3.000000000000000000e+01 3.100000000000000000e+01 3.200000000000000000e+01
1.000000000000000000e+00 0.000000000000000000e+00 5.289403382405958309e-01 4.153437487147477736e-01 5.927486120344863663e-01 5.989959441634158388e-01 6.324706376715495404e-01 6.361458864690662240e-01 6.370262031353026710e-01 6.112308216396595828e-01 6.384274626816690557e-01 6.244017929949370327e-01 6.238011371531487770e-01 6.177443327324833033e-01 7.063358051340974386e-01 5.657676022044121344e-01 4.977724274491025502e-01 4.985076337424014237e-01 6.198121347211378307e-01 5.313106229498550936e-01 6.528005586845992969e-01 6.257161334364539362e-01 5.036351772573335328e-01 6.740979285789741038e-01 6.836658855457338202e-01 7.279969675153200592e-01 7.401613204090063958e-01 7.433612105911181489e-01 7.206986687782048762e-01 7.087895590973585236e-01 7.225063442881040077e-01 7.234596313585003324e-01 5.657805276943839168e-01
2.000000000000000000e+00 5.289403382405958309e-01 0.000000000000000000e+00 5.171419514563693198e-01 6.879297075567768482e-01 6.998795689565280309e-01 7.355292101321694309e-01 7.375868705298479489e-01 7.444427276622509471e-01 7.022428720776574540e-01 7.442291939514924515e-01 7.259972484491938882e-01 7.289341541105484046e-01 7.305165819939548610e-01 8.254315304592622082e-01 6.847179596566522752e-01 6.173780331300352531e-01 6.181820508688746774e-01 7.396079574522083089e-01 6.514347187240777659e-01 7.729709478260196054e-01 7.472756319661203461e-01 6.256276570611312149e-01 7.981184510120076236e-01 8.090799103261201441e-01 8.533572390825575615e-01 8.667606615602504450e-01 8.705425430055425684e-01 8.499443688332064539e-01 8.385064478795034582e-01 8.543986880313217958e-01 8.538923325958255317e-01 6.961496570874707857e-01
3.000000000000000000e+00 4.153437487147477736e-01 5.171419514563693198e-01 0.000000000000000000e+00 3.621023320865125461e-01 2.771040166910112568e-01 3.759980333917632978e-01 4.183098651085411790e-01 4.259383950543473851e-01 4.776344970187380579e-01 4.270051997628132590e-01 4.869920587838623138e-01 4.656609416820115532e-01 5.424821390334647608e-01 5.727197862934242378e-01 4.826252214819698461e-01 3.669786572474876829e-01 3.677515579678377056e-01 4.897771991854087403e-01 4.023657247072554011e-01 5.241489368700205098e-01 5.280369035592059612e-01 3.828750136412679694e-01 5.810983999987826554e-01 5.915384249493556013e-01 6.200575667393922741e-01 6.362172787818592967e-01 6.412206177499614190e-01 6.293274755578566193e-01 6.201720038458256035e-01 6.409783008214707811e-01 6.344481373976972316e-01 4.743420137482563526e-01
4.000000000000000000e+00 5.927486120344863663e-01 6.879297075567768482e-01 3.621023320865125461e-01 0.000000000000000000e+00 5.296621084642283428e-01 6.014046473944384408e-01 6.046145774755861124e-01 6.468439056018244759e-01 6.263349110796621044e-01 6.388181718387060393e-01 6.572235716369840830e-01 6.487034716936425083e-01 7.189786078594183616e-01 7.722263342755789628e-01 6.635163564656451074e-01 5.656553107384437729e-01 5.664893674763415987e-01 6.882953958793767146e-01 6.007177876830288588e-01 7.224086960970808047e-01 7.149704130034194582e-01 5.793002928651194150e-01 7.682327502691537191e-01 7.793639474575655424e-01 8.139537148434111691e-01 8.294841670792206800e-01 8.342183901300307403e-01 8.196715201034101561e-01 8.098182967459828241e-01 8.295433573746077149e-01 8.247573429012867718e-01 6.655296772921397430e-01
5.000000000000000000e+00 5.989959441634158388e-01 6.998795689565280309e-01 2.771040166910112568e-01 5.296621084642283428e-01 0.000000000000000000e+00 5.246959247378809588e-01 5.668561207616543696e-01 6.072025172539874394e-01 6.492989481308859556e-01 5.970684715971676937e-01 6.585903931366157149e-01 6.368226036342227170e-01 7.207428441425222099e-01 7.557789396209512178e-01 6.613626557799291428e-01 5.497897770902323566e-01 5.505987002929071394e-01 6.725583663842817916e-01 5.851363457744905849e-01 7.068912244775666931e-01 7.078343256947280393e-01 5.652016587606285558e-01 7.611686249167628482e-01 7.718696625912959686e-01 8.019403132867669592e-01 8.180269659203697197e-01 8.230020302593156201e-01 8.105566863402795530e-01 8.012605074098266833e-01 8.219600229703255545e-01 8.157550363491233858e-01 6.558708526544463346e-01
6.000000000000000000e+00 6.324706376715495404e-01 7.355292101321694309e-01 3.759980333917632978e-01 6.014046473944384408e-01 5.246959247378809588e-01 0.000000000000000000e+00 5.275574940096213750e-01 5.861173579880991635e-01 6.763478446079114192e-01 5.394457470679676625e-01 6.700264690031243475e-01 6.344849936994058082e-01 7.409729340837639677e-01 7.693247312617236267e-01 6.791631471043056978e-01 5.633390998158117613e-01 5.641997630753705639e-01 6.861601987869199171e-01 5.988542758974096936e-01 7.206076996397263734e-01 7.232341379912977652e-01 5.793218737562841891e-01 7.771109237688642590e-01 7.879099525148778316e-01 8.169891722501497755e-01 8.334091669121620471e-01 8.385343567776463169e-01 8.268414627386970750e-01 8.177578691480142936e-01 8.390805440650387359e-01 8.322743122687289441e-01 6.722434605670541963e-01
7.000000000000000000e+00 6.361458864690662240e-01 7.375868705298479489e-01 4.183098651085411790e-01 6.046145774755861124e-01 5.668561207616543696e-01 5.275574940096213750e-01 0.000000000000000000e+00 6.252402784163855198e-01 6.553772704547862205e-01 5.715468073614751177e-01 6.421613312887111125e-01 6.045732046189128406e-01 7.337704573882813941e-01 7.766716169090600586e-01 6.735214996247528285e-01 5.700216275807165056e-01 5.709642889580288649e-01 6.927467413736114743e-01 6.053789647899728843e-01 7.270565578912602245e-01 7.210356298918322304e-01 5.845355055539911415e-01 7.755734566420346976e-01 7.870889831251430824e-01 8.207519382386355700e-01 8.368894986880194287e-01 8.419006095881090834e-01 8.284924358049092774e-01 8.189660254460715549e-01 8.398474543646569090e-01 8.340881777852365841e-01 6.747106023557702947e-01
8.000000000000000000e+00 6.370262031353026710e-01 7.444427276622509471e-01 4.259383950543473851e-01 6.468439056018244759e-01 6.072025172539874394e-01 5.861173579880991635e-01 6.252402784163855198e-01 0.000000000000000000e+00 6.992587442818247734e-01 5.260210983424098430e-01 6.839655674894689064e-01 6.406803594445739103e-01 7.416602932805048676e-01 7.424261732901226152e-01 6.750533706639419984e-01 5.373584913720074185e-01 5.381715568834553043e-01 6.603793282225414174e-01 5.733068630457417436e-01 6.951631269198508267e-01 7.117564924211802202e-01 5.560989046661439783e-01 7.654080756869943158e-01 7.753667984722028006e-01 7.969398884611348377e-01 8.141696558469161404e-01 8.196418780580024821e-01 8.112529763706808339e-01 8.030419903552381555e-01 8.257536556911072578e-01 8.167613654765092379e-01 6.556524275552453318e-01
9.000000000000000000e+00 6.112308216396595828e-01 7.022428720776574540e-01 4.776344970187380579e-01 6.263349110796621044e-01 6.492989481308859556e-01 6.763478446079114192e-01 6.553772704547862205e-01 6.992587442818247734e-01 0.000000000000000000e+00 6.852911099590612842e-01 5.998506634699181106e-01 6.383833415179184234e-01 6.902376270760247623e-01 7.915483686440268896e-01 6.445219067549735614e-01 5.834802079276449893e-01 5.844669372060042889e-01 7.058719275480376254e-01 6.180855226961529114e-01 7.396058573198585062e-01 7.092879741125416304e-01 5.934697120581269303e-01 7.641001748015265882e-01 7.772553121472063342e-01 8.242889391903726048e-01 8.390248961862570853e-01 8.434394786088129647e-01 8.243012878871780469e-01 8.132190165649713087e-01 8.316300497814518300e-01 8.297866059495196955e-01 6.723149588900096951e-01
1.000000000000000000e+01 6.384274626816690557e-01 7.442291939514924515e-01 4.270051997628132590e-01 6.388181718387060393e-01 5.970684715971676937e-01 5.394457470679676625e-01 5.715468073614751177e-01 5.260210983424098430e-01 6.852911099590612842e-01 0.000000000000000000e+00 6.636499828352306896e-01 6.102263010053851078e-01 7.355020883899011652e-01 7.524994954698697169e-01 6.702218469914112964e-01 5.465534113960669460e-01 5.474795262602651924e-01 6.694520440377309534e-01 5.823073311729508594e-01 7.040635413749203320e-01 7.103057466017793642e-01 5.634016592482453678e-01 7.646765578804708419e-01 7.754155791063481740e-01 8.024035171776223718e-01 8.192705933569316423e-01 8.245937522912333284e-01 8.140968135760127122e-01 8.053522347792727576e-01 8.274990126761195830e-01 8.197742609902026745e-01 6.594478379019284020e-01
1.100000000000000000e+01 6.244017929949370327e-01 7.259972484491938882e-01 4.869920587838623138e-01 6.572235716369840830e-01 6.585903931366157149e-01 6.700264690031243475e-01 6.421613312887111125e-01 6.839655674894689064e-01 5.998506634699181106e-01 6.636499828352306896e-01 0.000000000000000000e+00 5.538697043040133883e-01 6.743239501846624018e-01 7.705875699991505678e-01 6.206085975358767159e-01 5.621603017642319289e-01 5.632797728433676099e-01 6.845815397919163825e-01 5.969515302680018509e-01 7.184249721047313297e-01 6.833927339249600275e-01 5.722355550088511489e-01 7.402681246553666217e-01 7.544468628671852084e-01 8.038049643658319310e-01 8.190011509296463155e-01 8.236372847810983222e-01 8.045806671625244100e-01 7.935453240667595942e-01 8.129219988732353519e-01 8.107346556815172578e-01 6.535417500474416386e-01
1.200000000000000000e+01 6.238011371531487770e-01 7.289341541105484046e-01 4.656609416820115532e-01 6.487034716936425083e-01 6.368226036342227170e-01 6.344849936994058082e-01 6.045732046189128406e-01 6.406803594445739103e-01 6.383833415179184234e-01 6.102263010053851078e-01 5.538697043040133883e-01 0.000000000000000000e+00 6.876060206059401159e-01 7.436844071818059509e-01 6.239637335508082527e-01 5.358710077028571162e-01 5.370319368834000073e-01 6.584975691286738542e-01 5.711817131534177028e-01 6.927221978040070116e-01 6.729640322029065702e-01 5.485634286105416368e-01 7.297496181138947158e-01 7.427873602504073691e-01 7.835360991808272280e-01 7.996712589221918188e-01 8.047062145002806810e-01 7.892771075025306615e-01 7.792611742509705230e-01 8.003269186964828696e-01 7.955547268032684416e-01 6.371657533835770604e-01
1.300000000000000000e+01 6.177443327324833033e-01 7.305165819939548610e-01 5.424821390334647608e-01 7.189786078594183616e-01 7.207428441425222099e-01 7.409729340837639677e-01 7.337704573882813941e-01 7.416602932805048676e-01 6.902376270760247623e-01 7.355020883899011652e-01 6.743239501846624018e-01 6.876060206059401159e-01 0.000000000000000000e+00 7.839542772833770767e-01 5.354242976764208573e-01 5.736728869825481469e-01 5.747732847287667646e-01 6.955860963543054609e-01 6.072489230995953280e-01 7.285184092596506122e-01 6.521566320154664753e-01 5.770573876527687052e-01 7.087091179085882597e-01 7.265359212666997468e-01 8.002194146671831598e-01 8.132350360828645153e-01 8.169674130192768891e-01 7.882995030538422210e-01 7.744825618948931734e-01 7.897037476091507413e-01 7.945652580003533805e-01 6.408313893587096466e-01
1.400000000000000000e+01 7.063358051340974386e-01 8.254315304592622082e-01 5.727197862934242378e-01 7.722263342755789628e-01 7.557789396209512178e-01 7.693247312617236267e-01 7.766716169090600586e-01 7.424261732901226152e-01 7.915483686440268896e-01 7.524994954698697169e-01 7.705875699991505678e-01 7.436844071818059509e-01 7.839542772833770767e-01 0.000000000000000000e+00 6.996415383312261094e-01 3.140555698360815162e-01 2.842338442493558825e-01 4.341677424591496859e-01 3.217110995756610192e-01 4.547334766622381785e-01 7.036425831581581969e-01 3.875580079970691871e-01 7.499071920148312476e-01 7.510170855021509606e-01 6.746902832583862031e-01 6.975182818588968603e-01 7.055608222638464211e-01 7.447101735203460748e-01 7.462832341281393500e-01 7.791726736159593214e-01 7.463601923422994444e-01 5.682603012081610672e-01
1.500000000000000000e+01 5.657676022044121344e-01 6.847179596566522752e-01 4.826252214819698461e-01 6.635163564656451074e-01 6.613626557799291428e-01 6.791631471043056978e-01 6.735214996247528285e-01 6.750533706639419984e-01 6.445219067549735614e-01 6.702218469914112964e-01 6.206085975358767159e-01 6.239637335508082527e-01 5.354242976764208573e-01 6.996415383312261094e-01 0.000000000000000000e+00 4.884542099014385075e-01 4.896662571413932796e-01 6.102244416318012288e-01 5.218005115660370175e-01 6.429575470920863012e-01 5.342732326646247865e-01 4.897087485346253155e-01 5.946252578010586820e-01 6.180071845481494019e-01 7.108292233344378763e-01 7.237989172699458296e-01 7.275921546786582317e-01 6.945036103026280827e-01 6.793108798432294648e-01 6.945564267431422190e-01 7.023623808727855744e-01 5.509764540650505804e-01
1.600000000000000000e+01 4.977724274491025502e-01 6.173780331300352531e-01 3.669786572474876829e-01 5.656553107384437729e-01 5.497897770902323566e-01 5.633390998158117613e-01 5.700216275807165056e-01 5.373584913720074185e-01 5.834802079276449893e-01 5.465534113960669460e-01 5.621603017642319289e-01 5.358710077028571162e-01 5.736728869825481469e-01 3.140555698360815162e-01 4.884542099014385075e-01 0.000000000000000000e+00 7.571313832963894042e-02 1.761756647377625828e-01 1.297776315677995340e-01 2.483872249121814590e-01 4.906831879001322116e-01 1.660200041565900175e-01 5.365158856191187819e-01 5.371091206199392065e-01 4.563440265258383866e-01 4.803392748984373073e-01 4.888530987194271704e-01 5.287282886359867540e-01 5.307679519805104107e-01 5.642499467852867268e-01 5.304173040669638572e-01 3.520396607200135808e-01
1.700000000000000000e+01 4.985076337424014237e-01 6.181820508688746774e-01 3.677515579678377056e-01 5.664893674763415987e-01 5.505987002929071394e-01 5.641997630753705639e-01 5.709642889580288649e-01 5.381715568834553043e-01 5.844669372060042889e-01 5.474795262602651924e-01 5.632797728433676099e-01 5.370319368834000073e-01 5.747732847287667646e-01 2.842338442493558825e-01 4.896662571413932796e-01 7.571313832963894042e-02 0.000000000000000000e+00 1.940854758778149947e-01 9.372357812403031563e-02 2.177624419646656539e-01 4.922604466457359829e-01 1.618107959377467209e-01 5.379021157943499887e-01 5.383818679942682373e-01 4.538639087265626815e-01 4.772417094230697598e-01 4.855464590546448855e-01 5.286210980628249789e-01 5.309709829333928433e-01 5.645270473246598586e-01 5.298490426933973874e-01 3.503120315683716512e-01
1.800000000000000000e+01 6.198121347211378307e-01 7.396079574522083089e-01 4.897771991854087403e-01 6.882953958793767146e-01 6.725583663842817916e-01 6.861601987869199171e-01 6.927467413736114743e-01 6.603793282225414174e-01 7.058719275480376254e-01 6.694520440377309534e-01 6.845815397919163825e-01 6.584975691286738542e-01 6.955860963543054609e-01 4.341677424591496859e-01 6.102244416318012288e-01 1.761756647377625828e-01 1.940854758778149947e-01 0.000000000000000000e+00 2.448722967212696444e-01 3.560261308699506078e-01 6.122907669854514845e-01 2.784525868731302367e-01 6.578362395717525235e-01 6.581853000358737216e-01 5.729328560043281948e-01 5.970976650824287857e-01 6.057293424239625912e-01 6.480760448540658913e-01 6.505039532307850259e-01 6.842225980884583114e-01 6.494317646742063799e-01 4.701421564449457247e-01
1.900000000000000000e+01 5.313106229498550936e-01 6.514347187240777659e-01 4.023657247072554011e-01 6.007177876830288588e-01 5.851363457744905849e-01 5.988542758974096936e-01 6.053789647899728843e-01 5.733068630457417436e-01 6.180855226961529114e-01 5.823073311729508594e-01 5.969515302680018509e-01 5.711817131534177028e-01 6.072489230995953280e-01 3.217110995756610192e-01 5.218005115660370175e-01 1.297776315677995340e-01 9.372357812403031563e-02 2.448722967212696444e-01 0.000000000000000000e+00 2.304544939153370109e-01 5.240032470891345939e-01 1.795482569881857726e-01 5.690035814500531419e-01 5.689404870883219001e-01 4.747643847540053974e-01 4.973910637588042638e-01 5.054316899797973717e-01 5.552395881621650098e-01 5.584704219115304014e-01 5.925318473236490524e-01 5.556008436236644643e-01 3.736207687768369201e-01
2.000000000000000000e+01 6.528005586845992969e-01 7.729709478260196054e-01 5.241489368700205098e-01 7.224086960970808047e-01 7.068912244775666931e-01 7.206076996397263734e-01 7.270565578912602245e-01 6.951631269198508267e-01 7.396058573198585062e-01 7.040635413749203320e-01 7.184249721047313297e-01 6.927221978040070116e-01 7.285184092596506122e-01 4.547334766622381785e-01 6.429575470920863012e-01 2.483872249121814590e-01 2.177624419646656539e-01 3.560261308699506078e-01 2.304544939153370109e-01 0.000000000000000000e+00 6.449203773238733062e-01 2.942188316075053933e-01 6.898778163908743100e-01 6.897538854908507044e-01 5.947914678132545374e-01 6.185028328592222513e-01 6.270520034631238415e-01 6.759154457815812478e-01 6.791823457448051826e-01 7.133337671054055251e-01 6.763891209725277909e-01 4.947249540604727880e-01
2.100000000000000000e+01 6.257161334364539362e-01 7.472756319661203461e-01 5.280369035592059612e-01 7.149704130034194582e-01 7.078343256947280393e-01 7.232341379912977652e-01 7.210356298918322304e-01 7.117564924211802202e-01 7.092879741125416304e-01 7.103057466017793642e-01 6.833927339249600275e-01 6.729640322029065702e-01 6.521566320154664753e-01 7.036425831581581969e-01 5.342732326646247865e-01 4.906831879001322116e-01 4.922604466457359829e-01 6.122907669854514845e-01 5.240032470891345939e-01 6.449203773238733062e-01 0.000000000000000000e+00 4.890462425142693137e-01 5.140102553618179915e-01 5.667859331285447499e-01 7.088036263410536497e-01 7.229521683096963303e-01 7.274308817512989966e-01 6.879751108304055229e-01 6.713546813898507715e-01 6.918464730178491839e-01 7.004063918007273903e-01 5.528551857611416764e-01
2.200000000000000000e+01 5.036351772573335328e-01 6.256276570611312149e-01 3.828750136412679694e-01 5.793002928651194150e-01 5.652016587606285558e-01 5.793218737562841891e-01 5.845355055539911415e-01 5.560989046661439783e-01 5.934697120581269303e-01 5.634016592482453678e-01 5.722355550088511489e-01 5.485634286105416368e-01 5.770573876527687052e-01 3.875580079970691871e-01 4.897087485346253155e-01 1.660200041565900175e-01 1.618107959377467209e-01 2.784525868731302367e-01 1.795482569881857726e-01 2.942188316075053933e-01 4.890462425142693137e-01 0.000000000000000000e+00 5.314977723718576907e-01 5.291224252419126639e-01 3.942792150388073624e-01 4.228206286676795544e-01 4.339712377646064434e-01 5.005403954988298931e-01 5.071472332031681240e-01 5.436051976369536964e-01 4.986174383365179485e-01 3.103360059321293996e-01
2.300000000000000000e+01 6.740979285789741038e-01 7.981184510120076236e-01 5.810983999987826554e-01 7.682327502691537191e-01 7.611686249167628482e-01 7.771109237688642590e-01 7.755734566420346976e-01 7.654080756869943158e-01 7.641001748015265882e-01 7.646765578804708419e-01 7.402681246553666217e-01 7.297496181138947158e-01 7.087091179085882597e-01 7.499071920148312476e-01 5.946252578010586820e-01 5.365158856191187819e-01 5.379021157943499887e-01 6.578362395717525235e-01 5.690035814500531419e-01 6.898778163908743100e-01 5.140102553618179915e-01 5.314977723718576907e-01 0.000000000000000000e+00 5.092066926761924517e-01 7.458839717482946829e-01 7.588344679266193493e-01 7.629301038243402333e-01 7.138179672787072771e-01 6.936237649164551655e-01 7.123988607649950344e-01 7.283227308255767474e-01 5.851889560591594375e-01
2.400000000000000000e+01 6.836658855457338202e-01 8.090799103261201441e-01 5.915384249493556013e-01 7.793639474575655424e-01 7.718696625912959686e-01 7.879099525148778316e-01 7.870889831251430824e-01 7.753667984722028006e-01 7.772553121472063342e-01 7.754155791063481740e-01 7.544468628671852084e-01 7.427873602504073691e-01 7.265359212666997468e-01 7.510170855021509606e-01 6.180071845481494019e-01 5.371091206199392065e-01 5.383818679942682373e-01 6.581853000358737216e-01 5.689404870883219001e-01 6.897538854908507044e-01 5.667859331285447499e-01 5.291224252419126639e-01 5.092066926761924517e-01 0.000000000000000000e+00 7.391279380723426717e-01 7.514202703954463436e-01 7.553827587786362541e-01 6.971227903252499303e-01 6.737007271286279408e-01 6.934734297776204981e-01 7.145580280589433064e-01 5.757307026625173574e-01
2.500000000000000000e+01 7.279969675153200592e-01 8.533572390825575615e-01 6.200575667393922741e-01 8.139537148434111691e-01 8.019403132867669592e-01 8.169891722501497755e-01 8.207519382386355700e-01 7.969398884611348377e-01 8.242889391903726048e-01 8.024035171776223718e-01 8.038049643658319310e-01 7.835360991808272280e-01 8.002194146671831598e-01 6.746902832583862031e-01 7.108292233344378763e-01 4.563440265258383866e-01 4.538639087265626815e-01 5.729328560043281948e-01 4.747643847540053974e-01 5.947914678132545374e-01 7.088036263410536497e-01 3.942792150388073624e-01 7.458839717482946829e-01 7.391279380723426717e-01 0.000000000000000000e+00 5.570404441578405974e-01 5.899768398762240684e-01 6.728424918771964691e-01 6.887312566334660158e-01 7.304237135660630598e-01 6.630308342058252036e-01 4.618626896433950524e-01
2.600000000000000000e+01 7.401613204090063958e-01 8.667606615602504450e-01 6.362172787818592967e-01 8.294841670792206800e-01 8.180269659203697197e-01 8.334091669121620471e-01 8.368894986880194287e-01 8.141696558469161404e-01 8.390248961862570853e-01 8.192705933569316423e-01 8.190011509296463155e-01 7.996712589221918188e-01 8.132350360828645153e-01 6.975182818588968603e-01 7.237989172699458296e-01 4.803392748984373073e-01 4.772417094230697598e-01 5.970976650824287857e-01 4.973910637588042638e-01 6.185028328592222513e-01 7.229521683096963303e-01 4.228206286676795544e-01 7.588344679266193493e-01 7.514202703954463436e-01 5.570404441578405974e-01 0.000000000000000000e+00 4.984957540854016989e-01 6.760767785691279563e-01 6.934222453140237441e-01 7.342312212172917851e-01 6.582342247513842670e-01 4.325440906125407325e-01
2.700000000000000000e+01 7.433612105911181489e-01 8.705425430055425684e-01 6.412206177499614190e-01 8.342183901300307403e-01 8.230020302593156201e-01 8.385343567776463169e-01 8.419006095881090834e-01 8.196418780580024821e-01 8.434394786088129647e-01 8.245937522912333284e-01 8.236372847810983222e-01 8.047062145002806810e-01 8.169674130192768891e-01 7.055608222638464211e-01 7.275921546786582317e-01 4.888530987194271704e-01 4.855464590546448855e-01 6.057293424239625912e-01 5.054316899797973717e-01 6.270520034631238415e-01 7.274308817512989966e-01 4.339712377646064434e-01 7.629301038243402333e-01 7.553827587786362541e-01 5.899768398762240684e-01 4.984957540854016989e-01 0.000000000000000000e+00 6.786265727141391757e-01 6.956358011689272036e-01 7.352429762920803524e-01 6.579921561058775792e-01 4.147420682188486252e-01
2.800000000000000000e+01 7.206986687782048762e-01 8.499443688332064539e-01 6.293274755578566193e-01 8.196715201034101561e-01 8.105566863402795530e-01 8.268414627386970750e-01 8.284924358049092774e-01 8.112529763706808339e-01 8.243012878871780469e-01 8.140968135760127122e-01 8.045806671625244100e-01 7.892771075025306615e-01 7.882995030538422210e-01 7.447101735203460748e-01 6.945036103026280827e-01 5.287282886359867540e-01 5.286210980628249789e-01 6.480760448540658913e-01 5.552395881621650098e-01 6.759154457815812478e-01 6.879751108304055229e-01 5.005403954988298931e-01 7.138179672787072771e-01 6.971227903252499303e-01 6.728424918771964691e-01 6.760767785691279563e-01 6.786265727141391757e-01 0.000000000000000000e+00 5.189245472496373246e-01 6.318677980138484029e-01 5.420322682362658240e-01 4.804708690915868718e-01
2.900000000000000000e+01 7.087895590973585236e-01 8.385064478795034582e-01 6.201720038458256035e-01 8.098182967459828241e-01 8.012605074098266833e-01 8.177578691480142936e-01 8.189660254460715549e-01 8.030419903552381555e-01 8.132190165649713087e-01 8.053522347792727576e-01 7.935453240667595942e-01 7.792611742509705230e-01 7.744825618948931734e-01 7.462832341281393500e-01 6.793108798432294648e-01 5.307679519805104107e-01 5.309709829333928433e-01 6.505039532307850259e-01 5.584704219115304014e-01 6.791823457448051826e-01 6.713546813898507715e-01 5.071472332031681240e-01 6.936237649164551655e-01 6.737007271286279408e-01 6.887312566334660158e-01 6.934222453140237441e-01 6.956358011689272036e-01 5.189245472496373246e-01 0.000000000000000000e+00 5.798073331560352761e-01 5.806879721577512532e-01 4.991403596523977804e-01
3.000000000000000000e+01 7.225063442881040077e-01 8.543986880313217958e-01 6.409783008214707811e-01 8.295433573746077149e-01 8.219600229703255545e-01 8.390805440650387359e-01 8.398474543646569090e-01 8.257536556911072578e-01 8.316300497814518300e-01 8.274990126761195830e-01 8.129219988732353519e-01 8.003269186964828696e-01 7.897037476091507413e-01 7.791726736159593214e-01 6.945564267431422190e-01 5.642499467852867268e-01 5.645270473246598586e-01 6.842225980884583114e-01 5.925318473236490524e-01 7.133337671054055251e-01 6.918464730178491839e-01 5.436051976369536964e-01 7.123988607649950344e-01 6.934734297776204981e-01 7.304237135660630598e-01 7.342312212172917851e-01 7.352429762920803524e-01 6.318677980138484029e-01 5.798073331560352761e-01 0.000000000000000000e+00 6.401410497400464861e-01 5.356942079859670081e-01
3.100000000000000000e+01 7.234596313585003324e-01 8.538923325958255317e-01 6.344481373976972316e-01 8.247573429012867718e-01 8.157550363491233858e-01 8.322743122687289441e-01 8.340881777852365841e-01 8.167613654765092379e-01 8.297866059495196955e-01 8.197742609902026745e-01 8.107346556815172578e-01 7.955547268032684416e-01 7.945652580003533805e-01 7.463601923422994444e-01 7.023623808727855744e-01 5.304173040669638572e-01 5.298490426933973874e-01 6.494317646742063799e-01 5.556008436236644643e-01 6.763891209725277909e-01 7.004063918007273903e-01 4.986174383365179485e-01 7.283227308255767474e-01 7.145580280589433064e-01 6.630308342058252036e-01 6.582342247513842670e-01 6.579921561058775792e-01 5.420322682362658240e-01 5.806879721577512532e-01 6.401410497400464861e-01 0.000000000000000000e+00 4.432920401860673820e-01
3.200000000000000000e+01 5.657805276943839168e-01 6.961496570874707857e-01 4.743420137482563526e-01 6.655296772921397430e-01 6.558708526544463346e-01 6.722434605670541963e-01 6.747106023557702947e-01 6.556524275552453318e-01 6.723149588900096951e-01 6.594478379019284020e-01 6.535417500474416386e-01 6.371657533835770604e-01 6.408313893587096466e-01 5.682603012081610672e-01 5.509764540650505804e-01 3.520396607200135808e-01 3.503120315683716512e-01 4.701421564449457247e-01 3.736207687768369201e-01 4.947249540604727880e-01 5.528551857611416764e-01 3.103360059321293996e-01 5.851889560591594375e-01 5.757307026625173574e-01 4.618626896433950524e-01 4.325440906125407325e-01 4.147420682188486252e-01 4.804708690915868718e-01 4.991403596523977804e-01 5.356942079859670081e-01 4.432920401860673820e-01 0.000000000000000000e+00
