0.000000000000000000e+00 1.000000000000000000e+00 2.000000000000000000e+00 3.000000000000000000e+00 4.000000000000000000e+00 5.000000000000000000e+00 6.000000000000000000e+00 7.000000000000000000e+00 8.000000000000000000e+00 9.000000000000000000e+00 1.000000000000000000e+01 1.100000000000000000e+01 1.200000000000000000e+01 1.300000000000000000e+01 1.400000000000000000e+01 1.500000000000000000e+01 1.600000000000000000e+01 1.700000000000000000e+01 1.800000000000000000e+01 1.900000000000000000e+01 2.000000000000000000e+01 2.100000000000000000e+01 2.200000000000000000e+01 2.300000000000000000e+01 2.400000000000000000e+01 2.500000000000000000e+01 2.600000000000000000e+01 2.700000000000000000e+01 2.800000000000000000e+01 2.900000000000000000e+01 3.000000000000000000e+01 3.100000000000000000e+01 3.200000000000000000e+01
1.000000000000000000e+00 0.000000000000000000e+00 1.092702712947171362e+00 1.157494586748265775e+00 1.140034247684971191e+00 1.156078044413914263e+00 1.169750526757161735e+00 1.166700125616569217e+00 1.192118706174365439e+00 1.154174331896754779e+00 1.183414409512883347e+00 1.184889320411599112e+00 1.186101327041796605e+00 1.205552384834552182e+00 1.419282062055800209e+00 1.230994056992928520e+00 1.338161464486088859e+00 1.369727497587186704e+00 1.349792426384845978e+00 1.434294262593865055e+00 1.374122711761216697e+00 1.357643938404631045e+00 1.357501635373855153e+00 1.455076428143777356e+00 1.314280529058109215e+00 1.355660166806861300e+00 1.387846760451399541e+00 1.417083482482441203e+00 1.317608343939205673e+00 1.311110547458648190e+00 1.305828702014768972e+00 1.333317221248123685e+00 1.403335032890580480e+00
2.000000000000000000e+00 1.092702712947171362e+00 0.000000000000000000e+00 8.974794757310649018e-01 8.639953805393827402e-01 8.932303043922042995e-01 9.135934419446847254e-01 9.067124774372947726e-01 9.466195888358175381e-01 8.653886683504632416e-01 9.339441428859360794e-01 9.259318286032200973e-01 9.355457987533370989e-01 1.021522862819343569e+00 1.208621779147604380e+00 1.055120810693142452e+00 1.130222436737977398e+00 1.161654972075107040e+00 1.143111384906570382e+00 1.228153772832153434e+00 1.168642393658162471e+00 1.159919691352839122e+00 1.155207675648177057e+00 1.261608510463907429e+00 1.123366369655422803e+00 1.163799942691518874e+00 1.198379762047441899e+00 1.229372583025483801e+00 1.135067253855877256e+00 1.130331736734841330e+00 1.130063812765055076e+00 1.153437570647305899e+00 1.222941426417016642e+00
3.000000000000000000e+00 1.157494586748265775e+00 8.974794757310649018e-01 0.000000000000000000e+00 6.002234843254119490e-01 4.614496756429573576e-01 5.767023834979154717e-01 6.292493253496460603e-01 6.651908482286970070e-01 7.434235929645200969e-01 6.537919851897278090e-01 7.530421436223662113e-01 7.321058656906558326e-01 9.745488821668790713e-01 1.036855517173210339e+00 9.900008820293901834e-01 9.650814597107626458e-01 9.956733238708368461e-01 9.803382051231683825e-01 1.065946267983898244e+00 1.008030265572566586e+00 1.031890887239287791e+00 1.001261995373262659e+00 1.136580199123347068e+00 1.000855753338518506e+00 1.029836468955472872e+00 1.068281154754278317e+00 1.102211888546327900e+00 1.019298758725888154e+00 1.018029086211202250e+00 1.026415195786964496e+00 1.041290896645775232e+00 1.108379993462596191e+00
4.000000000000000000e+00 1.140034247684971191e+00 8.639953805393827402e-01 6.002234843254119490e-01 0.000000000000000000e+00 5.688795646603364009e-01 6.431456796971060097e-01 6.370380895256921860e-01 7.205966510603405428e-01 6.916326620499577693e-01 6.971096431751664380e-01 7.318120543451813731e-01 7.285128232031199413e-01 9.608918820223917301e-01 1.055560084160499956e+00 9.814878075440622851e-01 9.814803056946461712e-01 1.012563773268382317e+00 9.961947240422914795e-01 1.081891086487265285e+00 1.023431517658128564e+00 1.035083464646121554e+00 1.014793360586859761e+00 1.140359260167307376e+00 1.004673655943590704e+00 1.038491542872127971e+00 1.076203394551067616e+00 1.109534681583254523e+00 1.023664372353008334e+00 1.021627713679414073e+00 1.028359454538041007e+00 1.045134726457302543e+00 1.113025228521350884e+00
5.000000000000000000e+00 1.156078044413914263e+00 8.932303043922042995e-01 4.614496756429573576e-01 5.688795646603364009e-01 0.000000000000000000e+00 5.471849065674188051e-01 5.909464563456885422e-01 6.650516582461380999e-01 7.236088285524679975e-01 6.408301435377545818e-01 7.334482427300930141e-01 7.134241538604602084e-01 9.665108940612565647e-01 1.034738337641397665e+00 9.826298477415065236e-01 9.621231037957278520e-01 9.929719596289081629e-01 9.772970045740483336e-01 1.063048321607903413e+00 1.004940608470593633e+00 1.024839961968439406e+00 9.976759726909791848e-01 1.130091628475052623e+00 9.946104283677821289e-01 1.025278577486695708e+00 1.063668478447514110e+00 1.097529835670546516e+00 1.013976093083016616e+00 1.012594873299877074e+00 1.020852060828722596e+00 1.036010046663635054e+00 1.103333254127272900e+00
6.000000000000000000e+00 1.169750526757161735e+00 9.135934419446847254e-01 5.767023834979154717e-01 6.431456796971060097e-01 5.471849065674188051e-01 0.000000000000000000e+00 5.321049043504513243e-01 6.013791876803578074e-01 7.321655473303438910e-01 5.471651373415074016e-01 7.178075447376106588e-01 6.813989461937164371e-01 9.624368538885375024e-01 1.013111313428078253e+00 9.751799015551050331e-01 9.407548302896835413e-01 9.717322034932300845e-01 9.562652313384885083e-01 1.042269268840244179e+00 9.842395448407688097e-01 1.007173484105491346e+00 9.776313668644023291e-01 1.113007189739209757e+00 9.779833826595270008e-01 1.007688133512574913e+00 1.046646721912454892e+00 1.080918913056404529e+00 9.987548856220189730e-01 9.978527314031719886e-01 1.007378163267178550e+00 1.021363240704243447e+00 1.088437484180506898e+00
7.000000000000000000e+00 1.166700125616569217e+00 9.067124774372947726e-01 6.292493253496460603e-01 6.370380895256921860e-01 5.909464563456885422e-01 5.321049043504513243e-01 0.000000000000000000e+00 6.478748457261711557e-01 6.963949187717406453e-01 5.817397111442443869e-01 6.736686531119362442e-01 6.366836600411065472e-01 9.492769659692528172e-01 1.016170686533154788e+00 9.638287452365297270e-01 9.419496735984391744e-01 9.734465953751136880e-01 9.571943096835249243e-01 1.043443886044950419e+00 9.849820563544493535e-01 9.979389056016108039e-01 9.771381857602101650e-01 1.105099796787921473e+00 9.706104579590391079e-01 1.004522570831049455e+00 1.043253463319339547e+00 1.077293472335992819e+00 9.933933600556177357e-01 9.921477872562476374e-01 1.001161322858294067e+00 1.016005452354358907e+00 1.083670822474188666e+00
8.000000000000000000e+00 1.192118706174365439e+00 9.466195888358175381e-01 6.651908482286970070e-01 7.205966510603405428e-01 6.650516582461380999e-01 6.013791876803578074e-01 6.478748457261711557e-01 0.000000000000000000e+00 7.799225303116887886e-01 5.335764448780386804e-01 7.508216046963021029e-01 7.036873309020932332e-01 9.737131157693630357e-01 9.831956800991610290e-01 9.804786753512084729e-01 9.134411614166013660e-01 9.439510353819446919e-01 9.297171006409170602e-01 1.015748146296134413e+00 9.583478552110753501e-01 9.979698987834442203e-01 9.541061967925024145e-01 1.102733678203497547e+00 9.675418528747237179e-01 9.905702927599426832e-01 1.030508231002021047e+00 1.065574740672118326e+00 9.873323447833939337e-01 9.874494465852932112e-01 9.991520474333004387e-01 1.010621658101858111e+00 1.076630458667596324e+00
9.000000000000000000e+00 1.154174331896754779e+00 8.653886683504632416e-01 7.434235929645200969e-01 6.916326620499577693e-01 7.236088285524679975e-01 7.321655473303438910e-01 6.963949187717406453e-01 7.799225303116887886e-01 0.000000000000000000e+00 7.504031804759911939e-01 6.446694406661643839e-01 7.033519917258670429e-01 9.295476805099411877e-01 1.071654780289428510e+00 9.598237064939074692e-01 9.940069645225400041e-01 1.025993702962948007e+00 1.008084793031708948e+00 1.094123948745092223e+00 1.034831175306609952e+00 1.026131655502534157e+00 1.023623115434432185e+00 1.133774246005886610e+00 9.989188894907148342e-01 1.041273125464420302e+00 1.078309995653133901e+00 1.111030123927800650e+00 1.021233152734654093e+00 1.018309662929960391e+00 1.023466142567714066e+00 1.042478412890731621e+00 1.111645617101196359e+00
1.000000000000000000e+01 1.183414409512883347e+00 9.339441428859360794e-01 6.537919851897278090e-01 6.971096431751664380e-01 6.408301435377545818e-01 5.471651373415074016e-01 5.817397111442443869e-01 5.335764448780386804e-01 7.504031804759911939e-01 0.000000000000000000e+00 7.147092163866126668e-01 6.596276221658909922e-01 9.600690062508667744e-01 9.909340679363907167e-01 9.688172153800254094e-01 9.186616587540188394e-01 9.498585814044773201e-01 9.345534388829714878e-01 1.020892945471310709e+00 9.629073306245701236e-01 9.894446117688582287e-01 9.569552051017715666e-01 1.095735692390297444e+00 9.611471810509126801e-01 9.896466389170937017e-01 1.029228858422504223e+00 1.063947919701879963e+00 9.833058282269708794e-01 9.829326356208418769e-01 9.938445460896185857e-01 1.006533398101473020e+00 1.073326560537808616e+00
1.100000000000000000e+01 1.184889320411599112e+00 9.259318286032200973e-01 7.530421436223662113e-01 7.318120543451813731e-01 7.334482427300930141e-01 7.178075447376106588e-01 6.736686531119362442e-01 7.508216046963021029e-01 6.446694406661643839e-01 7.147092163866126668e-01 0.000000000000000000e+00 5.790525428218276094e-01 9.217247578523615203e-01 1.034086946012404917e+00 9.419169967259035658e-01 9.553726689517947346e-01 9.880833321110165102e-01 9.699016445675585629e-01 1.056693023000276677e+00 9.971777036924216464e-01 9.809503001457213767e-01 9.862268506516891353e-01 1.092966221145169392e+00 9.604344453218149891e-01 1.006813700992347682e+00 1.045028621502389177e+00 1.078518519886958460e+00 9.899989841007073021e-01 9.878672317345238429e-01 9.957296141026028558e-01 1.012801864746030178e+00 1.082132322190131779e+00
1.200000000000000000e+01 1.186101327041796605e+00 9.355457987533370989e-01 7.321058656906558326e-01 7.285128232031199413e-01 7.134241538604602084e-01 6.813989461937164371e-01 6.366836600411065472e-01 7.036873309020932332e-01 7.033519917258670429e-01 6.596276221658909922e-01 5.790525428218276094e-01 0.000000000000000000e+00 9.276736578992053062e-01 1.001448792888885331e+00 9.389551596308369774e-01 9.236081993256688438e-01 9.563755714900645799e-01 9.387045997640801609e-01 1.025805698118112952e+00 9.665194242482855191e-01 9.592448669726489907e-01 9.568637339167549438e-01 1.071062723576557296e+00 9.388086988175368131e-01 9.817991194008348632e-01 1.020892926439047832e+00 1.055036946071447490e+00 9.691695287079993282e-01 9.678684435112734352e-01 9.777350589708349027e-01 9.927423977544858058e-01 1.061442424695595799e+00
1.300000000000000000e+01 1.205552384834552182e+00 1.021522862819343569e+00 9.745488821668790713e-01 9.608918820223917301e-01 9.665108940612565647e-01 9.624368538885375024e-01 9.492769659692528172e-01 9.737131157693630357e-01 9.295476805099411877e-01 9.600690062508667744e-01 9.217247578523615203e-01 9.276736578992053062e-01 0.000000000000000000e+00 1.139797107446731017e+00 7.130838964634897970e-01 1.051634049464234666e+00 1.084833069583447163e+00 1.061765333717485493e+00 1.146758024520781793e+00 1.084908928323410793e+00 1.004654730873118629e+00 1.062799772446006541e+00 1.112381634496109939e+00 9.752738635473836570e-01 1.047522949465074182e+00 1.078597504656043204e+00 1.106757983473984241e+00 9.957233899463580062e-01 9.863646248915955983e-01 9.767056175032013954e-01 1.012288612284504952e+00 1.087508675698881211e+00
1.400000000000000000e+01 1.419282062055800209e+00 1.208621779147604380e+00 1.036855517173210339e+00 1.055560084160499956e+00 1.034738337641397665e+00 1.013111313428078253e+00 1.016170686533154788e+00 9.831956800991610290e-01 1.071654780289428510e+00 9.909340679363907167e-01 1.034086946012404917e+00 1.001448792888885331e+00 1.139797107446731017e+00 0.000000000000000000e+00 1.118647300002930223e+00 6.706159149333796865e-01 5.825544868585432745e-01 6.610911199639857294e-01 6.417496300527785191e-01 6.566390393368826128e-01 1.088417601256184364e+00 7.436985404393918753e-01 1.169808628975532727e+00 1.023923063675586720e+00 9.032238710325135589e-01 9.480473057307456930e-01 9.917044929011267218e-01 9.859744654392421648e-01 9.977522125772313455e-01 1.026424661043503495e+00 1.008132963510360414e+00 1.050064490066401346e+00
1.500000000000000000e+01 1.230994056992928520e+00 1.055120810693142452e+00 9.900008820293901834e-01 9.814878075440622851e-01 9.826298477415065236e-01 9.751799015551050331e-01 9.638287452365297270e-01 9.804786753512084729e-01 9.598237064939074692e-01 9.688172153800254094e-01 9.419169967259035658e-01 9.389551596308369774e-01 7.130838964634897970e-01 1.118647300002930223e+00 0.000000000000000000e+00 1.027799935791867680e+00 1.061489779654690491e+00 1.037156010425941854e+00 1.122158829409106717e+00 1.059651023830067151e+00 9.403699381457133466e-01 1.035111880818501140e+00 1.056273326823277348e+00 9.221431647196631776e-01 1.013377194743567467e+00 1.043914859208232349e+00 1.071572067836380482e+00 9.543767296483129936e-01 9.434201719297965472e-01 9.315045523813489936e-01 9.715996914372262427e-01 1.049723233046860438e+00
1.600000000000000000e+01 1.338161464486088859e+00 1.130222436737977398e+00 9.650814597107626458e-01 9.814803056946461712e-01 9.621231037957278520e-01 9.407548302896835413e-01 9.419496735984391744e-01 9.134411614166013660e-01 9.940069645225400041e-01 9.186616587540188394e-01 9.553726689517947346e-01 9.236081993256688438e-01 1.051634049464234666e+00 6.706159149333796865e-01 1.027799935791867680e+00 0.000000000000000000e+00 5.503420474092737269e-01 4.623098157040304024e-01 6.709886256277635130e-01 5.816730139264467692e-01 9.923156876908947321e-01 6.228277687912699978e-01 1.071033629311706648e+00 9.239658657260905184e-01 7.939976752312356556e-01 8.426547299582562989e-01 8.873680726410666519e-01 8.813012273524309936e-01 8.941775267856788556e-01 9.248026892601464155e-01 9.042446962412957756e-01 9.463887596058355722e-01
1.700000000000000000e+01 1.369727497587186704e+00 1.161654972075107040e+00 9.956733238708368461e-01 1.012563773268382317e+00 9.929719596289081629e-01 9.717322034932300845e-01 9.734465953751136880e-01 9.439510353819446919e-01 1.025993702962948007e+00 9.498585814044773201e-01 9.880833321110165102e-01 9.563755714900645799e-01 1.084833069583447163e+00 5.825544868585432745e-01 1.061489779654690491e+00 5.503420474092737269e-01 0.000000000000000000e+00 5.067269691113680530e-01 5.756656449118111585e-01 5.123070393666717681e-01 1.029024556859859940e+00 6.353134596445408899e-01 1.107773191843037353e+00 9.605158614193911593e-01 8.205413983658542687e-01 8.662580542329070266e-01 9.110345765288527797e-01 9.144340306454872280e-01 9.275978157557680515e-01 9.580124976922359537e-01 9.361803191191537810e-01 9.749876189044071051e-01
1.800000000000000000e+01 1.349792426384845978e+00 1.143111384906570382e+00 9.803382051231683825e-01 9.961947240422914795e-01 9.772970045740483336e-01 9.562652313384885083e-01 9.571943096835249243e-01 9.297171006409170602e-01 1.008084793031708948e+00 9.345534388829714878e-01 9.699016445675585629e-01 9.387045997640801609e-01 1.061765333717485493e+00 6.610911199639857294e-01 1.037156010425941854e+00 4.623098157040304024e-01 5.067269691113680530e-01 0.000000000000000000e+00 6.281969962948179553e-01 5.063898003688198646e-01 1.002818018142853651e+00 5.816304019965812255e-01 1.080086521713438330e+00 9.321078898769650234e-01 7.845104858964504491e-01 8.323210028097449698e-01 8.777999657064718964e-01 8.824671528902789941e-01 8.963206801527914269e-01 9.277767022398455410e-01 9.044216104795179678e-01 9.428089774389041278e-01
1.900000000000000000e+01 1.434294262593865055e+00 1.228153772832153434e+00 1.065946267983898244e+00 1.081891086487265285e+00 1.063048321607903413e+00 1.042269268840244179e+00 1.043443886044950419e+00 1.015748146296134413e+00 1.094123948745092223e+00 1.020892945471310709e+00 1.056693023000276677e+00 1.025805698118112952e+00 1.146758024520781793e+00 6.417496300527785191e-01 1.122158829409106717e+00 6.709886256277635130e-01 5.756656449118111585e-01 6.281969962948179553e-01 0.000000000000000000e+00 5.451619608456004240e-01 1.090907368678195821e+00 6.616261643569723017e-01 1.167594993064682285e+00 1.019071280435339455e+00 8.544370895007056266e-01 8.968586790710311174e-01 9.423352142007084264e-01 9.632606727766004351e-01 9.777732955255344915e-01 1.009307851351126661e+00 9.834158600195392896e-01 1.016142616964123446e+00
2.000000000000000000e+01 1.374122711761216697e+00 1.168642393658162471e+00 1.008030265572566586e+00 1.023431517658128564e+00 1.004940608470593633e+00 9.842395448407688097e-01 9.849820563544493535e-01 9.583478552110753501e-01 1.034831175306609952e+00 9.629073306245701236e-01 9.971777036924216464e-01 9.665194242482855191e-01 1.084908928323410793e+00 6.566390393368826128e-01 1.059651023830067151e+00 5.816730139264467692e-01 5.123070393666717681e-01 5.063898003688198646e-01 5.451619608456004240e-01 0.000000000000000000e+00 1.027088965580064572e+00 5.617655187392229799e-01 1.103053461627947485e+00 9.542024871135630359e-01 7.870736067688606230e-01 8.319747185452761595e-01 8.780140941980738578e-01 8.971464003714031410e-01 9.119695724552732141e-01 9.440768434061932446e-01 9.176668685436253359e-01 9.510180920226194434e-01
2.100000000000000000e+01 1.357643938404631045e+00 1.159919691352839122e+00 1.031890887239287791e+00 1.035083464646121554e+00 1.024839961968439406e+00 1.007173484105491346e+00 9.979389056016108039e-01 9.979698987834442203e-01 1.026131655502534157e+00 9.894446117688582287e-01 9.809503001457213767e-01 9.592448669726489907e-01 1.004654730873118629e+00 1.088417601256184364e+00 9.403699381457133466e-01 9.923156876908947321e-01 1.029024556859859940e+00 1.002818018142853651e+00 1.090907368678195821e+00 1.027088965580064572e+00 0.000000000000000000e+00 1.001919349443393115e+00 8.039209564848563971e-01 7.593397680258877624e-01 9.900576924608632812e-01 1.028404374653156372e+00 1.060905485273081039e+00 9.417495357854617222e-01 9.351195404479704099e-01 9.465085934707975213e-01 9.736009691684961442e-01 1.056976606871246060e+00
2.200000000000000000e+01 1.357501635373855153e+00 1.155207675648177057e+00 1.001261995373262659e+00 1.014793360586859761e+00 9.976759726909791848e-01 9.776313668644023291e-01 9.771381857602101650e-01 9.541061967925024145e-01 1.023623115434432185e+00 9.569552051017715666e-01 9.862268506516891353e-01 9.568637339167549438e-01 1.062799772446006541e+00 7.436985404393918753e-01 1.035111880818501140e+00 6.228277687912699978e-01 6.353134596445408899e-01 5.816304019965812255e-01 6.616261643569723017e-01 5.617655187392229799e-01 1.001919349443393115e+00 0.000000000000000000e+00 1.074325386507510416e+00 9.234670798255943946e-01 7.232124229218486189e-01 7.718923089400202553e-01 8.203586071352122477e-01 8.531672445327547205e-01 8.701031946165975750e-01 9.045543736989940520e-01 8.727625892123447304e-01 9.013034790203124924e-01
2.300000000000000000e+01 1.455076428143777356e+00 1.261608510463907429e+00 1.136580199123347068e+00 1.140359260167307376e+00 1.130091628475052623e+00 1.113007189739209757e+00 1.105099796787921473e+00 1.102733678203497547e+00 1.133774246005886610e+00 1.095735692390297444e+00 1.092966221145169392e+00 1.071062723576557296e+00 1.112381634496109939e+00 1.169808628975532727e+00 1.056273326823277348e+00 1.071033629311706648e+00 1.107773191843037353e+00 1.080086521713438330e+00 1.167594993064682285e+00 1.103053461627947485e+00 8.039209564848563971e-01 1.074325386507510416e+00 0.000000000000000000e+00 6.444106669990532499e-01 1.051377373316664920e+00 1.089310777255780627e+00 1.121301391245591583e+00 9.881135582062039457e-01 9.784454614934243732e-01 9.911017568303042147e-01 1.024219297702380738e+00 1.114194688755181462e+00
2.400000000000000000e+01 1.314280529058109215e+00 1.123366369655422803e+00 1.000855753338518506e+00 1.004673655943590704e+00 9.946104283677821289e-01 9.779833826595270008e-01 9.706104579590391079e-01 9.675418528747237179e-01 9.989188894907148342e-01 9.611471810509126801e-01 9.604344453218149891e-01 9.388086988175368131e-01 9.752738635473836570e-01 1.023923063675586720e+00 9.221431647196631776e-01 9.239658657260905184e-01 9.605158614193911593e-01 9.321078898769650234e-01 1.019071280435339455e+00 9.542024871135630359e-01 7.593397680258877624e-01 9.234670798255943946e-01 6.444106669990532499e-01 0.000000000000000000e+00 8.933581194996704777e-01 9.306626645364579620e-01 9.621319134673600448e-01 8.193895742889847345e-01 8.071737942460190940e-01 8.196562170026888694e-01 8.579025812240363980e-01 9.523002212728888249e-01
2.500000000000000000e+01 1.355660166806861300e+00 1.163799942691518874e+00 1.029836468955472872e+00 1.038491542872127971e+00 1.025278577486695708e+00 1.007688133512574913e+00 1.004522570831049455e+00 9.905702927599426832e-01 1.041273125464420302e+00 9.896466389170937017e-01 1.006813700992347682e+00 9.817991194008348632e-01 1.047522949465074182e+00 9.032238710325135589e-01 1.013377194743567467e+00 7.939976752312356556e-01 8.205413983658542687e-01 7.845104858964504491e-01 8.544370895007056266e-01 7.870736067688606230e-01 9.900576924608632812e-01 7.232124229218486189e-01 1.051377373316664920e+00 8.933581194996704777e-01 0.000000000000000000e+00 5.876322589471105751e-01 6.679184632137646904e-01 7.597235573115119767e-01 7.865363781554945977e-01 8.287521685755825374e-01 7.694856032601202767e-01 7.716706749169011115e-01
2.600000000000000000e+01 1.387846760451399541e+00 1.198379762047441899e+00 1.068281154754278317e+00 1.076203394551067616e+00 1.063668478447514110e+00 1.046646721912454892e+00 1.043253463319339547e+00 1.030508231002021047e+00 1.078309995653133901e+00 1.029228858422504223e+00 1.045028621502389177e+00 1.020892926439047832e+00 1.078597504656043204e+00 9.480473057307456930e-01 1.043914859208232349e+00 8.426547299582562989e-01 8.662580542329070266e-01 8.323210028097449698e-01 8.968586790710311174e-01 8.319747185452761595e-01 1.028404374653156372e+00 7.718923089400202553e-01 1.089310777255780627e+00 9.306626645364579620e-01 5.876322589471105751e-01 0.000000000000000000e+00 5.339621945471040299e-01 7.874673276253065790e-01 8.130630505182778744e-01 8.512765936760624541e-01 7.856366642611487539e-01 7.420752763621918380e-01
2.700000000000000000e+01 1.417083482482441203e+00 1.229372583025483801e+00 1.102211888546327900e+00 1.109534681583254523e+00 1.097529835670546516e+00 1.080918913056404529e+00 1.077293472335992819e+00 1.065574740672118326e+00 1.111030123927800650e+00 1.063947919701879963e+00 1.078518519886958460e+00 1.055036946071447490e+00 1.106757983473984241e+00 9.917044929011267218e-01 1.071572067836380482e+00 8.873680726410666519e-01 9.110345765288527797e-01 8.777999657064718964e-01 9.423352142007084264e-01 8.780140941980738578e-01 1.060905485273081039e+00 8.203586071352122477e-01 1.121301391245591583e+00 9.621319134673600448e-01 6.679184632137646904e-01 5.339621945471040299e-01 0.000000000000000000e+00 8.137717745108401513e-01 8.381794406948295251e-01 8.735890424523411468e-01 8.055450331930493757e-01 7.290350765028301705e-01
2.800000000000000000e+01 1.317608343939205673e+00 1.135067253855877256e+00 1.019298758725888154e+00 1.023664372353008334e+00 1.013976093083016616e+00 9.987548856220189730e-01 9.933933600556177357e-01 9.873323447833939337e-01 1.021233152734654093e+00 9.833058282269708794e-01 9.899989841007073021e-01 9.691695287079993282e-01 9.957233899463580062e-01 9.859744654392421648e-01 9.543767296483129936e-01 8.813012273524309936e-01 9.144340306454872280e-01 8.824671528902789941e-01 9.632606727766004351e-01 8.971464003714031410e-01 9.417495357854617222e-01 8.531672445327547205e-01 9.881135582062039457e-01 8.193895742889847345e-01 7.597235573115119767e-01 7.874673276253065790e-01 8.137717745108401513e-01 0.000000000000000000e+00 5.297196482592536615e-01 6.650866110257394048e-01 5.858930508519135660e-01 7.778605298012839508e-01
2.900000000000000000e+01 1.311110547458648190e+00 1.130331736734841330e+00 1.018029086211202250e+00 1.021627713679414073e+00 1.012594873299877074e+00 9.978527314031719886e-01 9.921477872562476374e-01 9.874494465852932112e-01 1.018309662929960391e+00 9.829326356208418769e-01 9.878672317345238429e-01 9.678684435112734352e-01 9.863646248915955983e-01 9.977522125772313455e-01 9.434201719297965472e-01 8.941775267856788556e-01 9.275978157557680515e-01 8.963206801527914269e-01 9.777732955255344915e-01 9.119695724552732141e-01 9.351195404479704099e-01 8.701031946165975750e-01 9.784454614934243732e-01 8.071737942460190940e-01 7.865363781554945977e-01 8.130630505182778744e-01 8.381794406948295251e-01 5.297196482592536615e-01 0.000000000000000000e+00 6.064769824562943334e-01 6.230526733233157088e-01 7.986110232511991480e-01
3.000000000000000000e+01 1.305828702014768972e+00 1.130063812765055076e+00 1.026415195786964496e+00 1.028359454538041007e+00 1.020852060828722596e+00 1.007378163267178550e+00 1.001161322858294067e+00 9.991520474333004387e-01 1.023466142567714066e+00 9.938445460896185857e-01 9.957296141026028558e-01 9.777350589708349027e-01 9.767056175032013954e-01 1.026424661043503495e+00 9.315045523813489936e-01 9.248026892601464155e-01 9.580124976922359537e-01 9.277767022398455410e-01 1.009307851351126661e+00 9.440768434061932446e-01 9.465085934707975213e-01 9.045543736989940520e-01 9.911017568303042147e-01 8.196562170026888694e-01 8.287521685755825374e-01 8.512765936760624541e-01 8.735890424523411468e-01 6.650866110257394048e-01 6.064769824562943334e-01 0.000000000000000000e+00 6.838099399392716382e-01 8.247126632027967919e-01
3.100000000000000000e+01 1.333317221248123685e+00 1.153437570647305899e+00 1.041290896645775232e+00 1.045134726457302543e+00 1.036010046663635054e+00 1.021363240704243447e+00 1.016005452354358907e+00 1.010621658101858111e+00 1.042478412890731621e+00 1.006533398101473020e+00 1.012801864746030178e+00 9.927423977544858058e-01 1.012288612284504952e+00 1.008132963510360414e+00 9.715996914372262427e-01 9.042446962412957756e-01 9.361803191191537810e-01 9.044216104795179678e-01 9.834158600195392896e-01 9.176668685436253359e-01 9.736009691684961442e-01 8.727625892123447304e-01 1.024219297702380738e+00 8.579025812240363980e-01 7.694856032601202767e-01 7.856366642611487539e-01 8.055450331930493757e-01 5.858930508519135660e-01 6.230526733233157088e-01 6.838099399392716382e-01 0.000000000000000000e+00 7.428829293016681046e-01
3.200000000000000000e+01 1.403335032890580480e+00 1.222941426417016642e+00 1.108379993462596191e+00 1.113025228521350884e+00 1.103333254127272900e+00 1.088437484180506898e+00 1.083670822474188666e+00 1.076630458667596324e+00 1.111645617101196359e+00 1.073326560537808616e+00 1.082132322190131779e+00 1.061442424695595799e+00 1.087508675698881211e+00 1.050064490066401346e+00 1.049723233046860438e+00 9.463887596058355722e-01 9.749876189044071051e-01 9.428089774389041278e-01 1.016142616964123446e+00 9.510180920226194434e-01 1.056976606871246060e+00 9.013034790203124924e-01 1.114194688755181462e+00 9.523002212728888249e-01 7.716706749169011115e-01 7.420752763621918380e-01 7.290350765028301705e-01 7.778605298012839508e-01 7.986110232511991480e-01 8.247126632027967919e-01 7.428829293016681046e-01 0.000000000000000000e+00
