0.000000000000000000e+00 1.000000000000000000e+00 2.000000000000000000e+00 3.000000000000000000e+00 4.000000000000000000e+00 5.000000000000000000e+00 6.000000000000000000e+00 7.000000000000000000e+00 8.000000000000000000e+00 9.000000000000000000e+00 1.000000000000000000e+01 1.100000000000000000e+01 1.200000000000000000e+01 1.300000000000000000e+01 1.400000000000000000e+01 1.500000000000000000e+01 1.600000000000000000e+01 1.700000000000000000e+01 1.800000000000000000e+01 1.900000000000000000e+01 2.000000000000000000e+01 2.100000000000000000e+01 2.200000000000000000e+01 2.300000000000000000e+01 2.400000000000000000e+01 2.500000000000000000e+01 2.600000000000000000e+01 2.700000000000000000e+01 2.800000000000000000e+01 2.900000000000000000e+01 3.000000000000000000e+01 3.100000000000000000e+01 3.200000000000000000e+01
1.000000000000000000e+00 0.000000000000000000e+00 8.690962374934634305e-01 1.035376452808233649e+00 9.891882212287114173e-01 1.019272691467299818e+00 1.031529612153350817e+00 1.019113376627538425e+00 1.075676880387545609e+00 9.617465180300648342e-01 1.078488350202702506e+00 1.004442210560005266e+00 1.037928561083614198e+00 9.821301474364136919e-01 1.418879182731838107e+00 1.023146880655188662e+00 3.874808834166419302e+00 3.825832477930315445e+00 4.045374591219331961e+00 3.511768613633526215e+00 4.073648315294818190e+00 1.093705649878277564e+00 4.233696383698510424e+00 1.100059140810900171e+00 1.114716426258948179e+00 4.138451753875255434e+00 3.828056306433950784e+00 3.500208386615943468e+00 1.217658990054933721e+00 1.192824628041114554e+00 1.167594840038918225e+00 1.226388047242815471e+00 1.315788670738093247e+00
2.000000000000000000e+00 8.690962374934634305e-01 0.000000000000000000e+00 8.849606476344955563e-01 8.279584488037915468e-01 8.665886756732275042e-01 8.826511811002175634e-01 8.668449892445433402e-01 9.343198872842641833e-01 7.935428598991767224e-01 9.329379783857012498e-01 8.521213626342933889e-01 8.906646668348954243e-01 8.601059381508702195e-01 1.298314352433481034e+00 9.180529241461901080e-01 3.755487145664735849e+00 3.707972528277891033e+00 3.928795482455521793e+00 3.399909441779126240e+00 3.960301665733448218e+00 9.939485556983800318e-01 4.124234280207478953e+00 1.004119760632320002e+00 1.020741944887015862e+00 4.045557356585307573e+00 3.738610681550800674e+00 3.412255880474225123e+00 1.132229179919594930e+00 1.107625875977025665e+00 1.083945658649314137e+00 1.142260367254278375e+00 1.231498368492619067e+00
3.000000000000000000e+00 1.035376452808233649e+00 8.849606476344955563e-01 0.000000000000000000e+00 6.140641583111324797e-01 4.637047234528441919e-01 5.846469058679388819e-01 6.431629591469139040e-01 6.943328906194816685e-01 7.640894710345209617e-01 6.889027826139035859e-01 7.820163655274521286e-01 7.854769642758663295e-01 9.288144394812614113e-01 1.208849111910693885e+00 9.780103223514615696e-01 3.674769852043528573e+00 3.630036158674619262e+00 3.857262255486146429e+00 3.342908964927845616e+00 3.899325709568886467e+00 1.039138133757237403e+00 4.078804919474172230e+00 1.051066603478027162e+00 1.066982126088225513e+00 4.060223854236348018e+00 3.763611449211629267e+00 3.441735257745136778e+00 1.178729694418738205e+00 1.156186907087341620e+00 1.137020146063083548e+00 1.189677520358539464e+00 1.273352721512830632e+00
4.000000000000000000e+00 9.891882212287114173e-01 8.279584488037915468e-01 6.140641583111324797e-01 0.000000000000000000e+00 5.744063957560823219e-01 6.529263365914863559e-01 6.439030612568028555e-01 7.551005903600858105e-01 6.936807308781762771e-01 7.368246627076033839e-01 7.389964330125804448e-01 7.587833601591296162e-01 8.827206499494686387e-01 1.214428644916080824e+00 9.373212357594662425e-01 3.676816756371038331e+00 3.632017699063845750e+00 3.857053686016220340e+00 3.339415814304317998e+00 3.896563813014552125e+00 1.003365934709200102e+00 4.071515109189637549e+00 1.015945814162552363e+00 1.032634096640722365e+00 4.036831111013915674e+00 3.737718508238714765e+00 3.414734191178645517e+00 1.146592746033260113e+00 1.123436659767805157e+00 1.103211231295457395e+00 1.157579916105855311e+00 1.243088443896846806e+00
5.000000000000000000e+00 1.019272691467299818e+00 8.665886756732275042e-01 4.637047234528441919e-01 5.744063957560823219e-01 0.000000000000000000e+00 5.508389366631070150e-01 5.973202701933411074e-01 6.909466988044294933e-01 7.341909593280966373e-01 6.705875071746449922e-01 7.525531652265478044e-01 7.567867299938717540e-01 9.073600694368628705e-01 1.200054134753777646e+00 9.578339220050782199e-01 3.664663807319099575e+00 3.620222011270149753e+00 3.846760510293030677e+00 3.331958717701478889e+00 3.888389280391068681e+00 1.019988285911904269e+00 4.066727407034737674e+00 1.032290380496323490e+00 1.048483058566764381e+00 4.044630448763404829e+00 3.747561658054683331e+00 3.425470762512142997e+00 1.161201214960374095e+00 1.138514153842031806e+00 1.119158673179434071e+00 1.172225579952631325e+00 1.256382724679096397e+00
6.000000000000000000e+00 1.031529612153350817e+00 8.826511811002175634e-01 5.846469058679388819e-01 6.529263365914863559e-01 5.508389366631070150e-01 0.000000000000000000e+00 5.365502422169732277e-01 6.188188402372993835e-01 7.450165423528734010e-01 5.629609847132674982e-01 7.439272952903623892e-01 7.345380058824759750e-01 9.108270622765259894e-01 1.182309050123889538e+00 9.589569660813139773e-01 3.647454650031127343e+00 3.603645555731992633e+00 3.830767679577331108e+00 3.317982153276068047e+00 3.873795976196906743e+00 1.018754153186532951e+00 4.053893582742220225e+00 1.031110061668666145e+00 1.047112150539724063e+00 4.039095232863376239e+00 3.743321745408455303e+00 3.421780987709104771e+00 1.159597963274581200e+00 1.137173509441517627e+00 1.118369978610938009e+00 1.170716715497950311e+00 1.254179135176537896e+00
7.000000000000000000e+00 1.019113376627538425e+00 8.668449892445433402e-01 6.431629591469139040e-01 6.439030612568028555e-01 5.973202701933411074e-01 5.365502422169732277e-01 0.000000000000000000e+00 6.822941441439049903e-01 7.027789129298782633e-01 6.116577510288410124e-01 6.904621420817884658e-01 6.768304309181303324e-01 8.853064813997912896e-01 1.188660392885639627e+00 9.363181719436524109e-01 3.650597665066321440e+00 3.607462392893568737e+00 3.832874293067490612e+00 3.318889766398880781e+00 3.874767983003327032e+00 9.985811822514516489e-01 4.051980677587578406e+00 1.011984543123333413e+00 1.028733198608090316e+00 4.028245857735296198e+00 3.731317706258118871e+00 3.409234422035705592e+00 1.143822170336596500e+00 1.121028887896468706e+00 1.101756094575096157e+00 1.155149010692832601e+00 1.239847984873529319e+00
8.000000000000000000e+00 1.075676880387545609e+00 9.343198872842641833e-01 6.943328906194816685e-01 7.551005903600858105e-01 6.909466988044294933e-01 6.188188402372993835e-01 6.822941441439049903e-01 0.000000000000000000e+00 8.186159338507297267e-01 5.560362458426535426e-01 8.104124340113345593e-01 7.950475890300174875e-01 9.579284359423543282e-01 1.161702596747596239e+00 9.997452823231751662e-01 3.631338782185164149e+00 3.587674621775365669e+00 3.817643682981311848e+00 3.309193758156434129e+00 3.864035482042657677e+00 1.053474207101797733e+00 4.050072442882236778e+00 1.064553092971270765e+00 1.079352987274410314e+00 4.056285153030556145e+00 3.763707493444246044e+00 3.443587039727411536e+00 1.188240920003453382e+00 1.166630410803304319e+00 1.149152598035681816e+00 1.199225535748503102e+00 1.280210468074243435e+00
9.000000000000000000e+00 9.617465180300648342e-01 7.935428598991767224e-01 7.640894710345209617e-01 6.936807308781762771e-01 7.341909593280966373e-01 7.450165423528734010e-01 7.027789129298782633e-01 8.186159338507297267e-01 0.000000000000000000e+00 7.987029237859724073e-01 6.374578788045364153e-01 7.107631071886777452e-01 8.001756370069244007e-01 1.215916468671642825e+00 8.691701757305321241e-01 3.672680703763711918e+00 3.628406225757232040e+00 3.850198487453099894e+00 3.328883971234614769e+00 3.886669088029488073e+00 9.444074460563507412e-01 4.055460184697063930e+00 9.593754746385059207e-01 9.779404580251451762e-01 3.999975517978807460e+00 3.697918498691826539e+00 3.373610739108625189e+00 1.098032858476528428e+00 1.073979343473545622e+00 1.052554148451598337e+00 1.109463702453340250e+00 1.197829111307457728e+00
1.000000000000000000e+01 1.078488350202702506e+00 9.329379783857012498e-01 6.889027826139035859e-01 7.368246627076033839e-01 6.705875071746449922e-01 5.629609847132674982e-01 6.116577510288410124e-01 5.560362458426535426e-01 7.987029237859724073e-01 0.000000000000000000e+00 7.847328175890881941e-01 7.636786953936687272e-01 9.529806057389726970e-01 1.198964695308808892e+00 9.982357045884391322e-01 3.664848209912894283e+00 3.621687422978769444e+00 3.849531015321641547e+00 3.338977720374693092e+00 3.894126614705746725e+00 1.055273548078759616e+00 4.076280230017318651e+00 1.067438112800732863e+00 1.083095776170197144e+00 4.069808928235341128e+00 3.775466791097931374e+00 3.454536763334075111e+00 1.194843057182541468e+00 1.172730564902533690e+00 1.154526308548352365e+00 1.206013035573636927e+00 1.288616863570443583e+00
1.100000000000000000e+01 1.004442210560005266e+00 8.521213626342933889e-01 7.820163655274521286e-01 7.389964330125804448e-01 7.525531652265478044e-01 7.439272952903623892e-01 6.904621420817884658e-01 8.104124340113345593e-01 6.374578788045364153e-01 7.847328175890881941e-01 0.000000000000000000e+00 5.848817830240906623e-01 8.153958345642833283e-01 1.197166042027047350e+00 8.746641955311127425e-01 3.651804626430697809e+00 3.610276724216650468e+00 3.831817866178428567e+00 3.315305860382838254e+00 3.871254929774238462e+00 9.435023924932750550e-01 4.042001452529778938e+00 9.605375094046748607e-01 9.796329053231418449e-01 3.998469923784945479e+00 3.699121473011169225e+00 3.375895941565179470e+00 1.102831582132751009e+00 1.079150549257375413e+00 1.058952697845422453e+00 1.114874221256509923e+00 1.202618672200422401e+00
1.200000000000000000e+01 1.037928561083614198e+00 8.906646668348954243e-01 7.854769642758663295e-01 7.587833601591296162e-01 7.567867299938717540e-01 7.345380058824759750e-01 6.768304309181303324e-01 7.950475890300174875e-01 7.107631071886777452e-01 7.636786953936687272e-01 5.848817830240906623e-01 0.000000000000000000e+00 8.596849538959687731e-01 1.183896935839122033e+00 9.070995916712065732e-01 3.638133593761063267e+00 3.598867280259859580e+00 3.821042319560285172e+00 3.309649175061896820e+00 3.863850506372275895e+00 9.673068754516183088e-01 4.037939198982699374e+00 9.838203556228237723e-01 1.002025084290900647e+00 4.010275150594612370e+00 3.713927405621306743e+00 3.391930250446169026e+00 1.123550510466559071e+00 1.100508145113133107e+00 1.081557517188329154e+00 1.135724176212424830e+00 1.221844005047380000e+00
1.300000000000000000e+01 9.821301474364136919e-01 8.601059381508702195e-01 9.288144394812614113e-01 8.827206499494686387e-01 9.073600694368628705e-01 9.108270622765259894e-01 8.853064813997912896e-01 9.579284359423543282e-01 8.001756370069244007e-01 9.529806057389726970e-01 8.153958345642833283e-01 8.596849538959687731e-01 0.000000000000000000e+00 1.270131674337976690e+00 6.905605538779797659e-01 3.718712382407920458e+00 3.671542435942801053e+00 3.887168216664070641e+00 3.351727537254499900e+00 3.913332743672690128e+00 8.238257361780902954e-01 4.066842423123012473e+00 8.469890812923557277e-01 8.727640225502195648e-01 3.952243465094593233e+00 3.641030761651842251e+00 3.312837846532104891e+00 1.015381468218453431e+00 9.884474231286026757e-01 9.633747649946018399e-01 1.028459575655722436e+00 1.125532069180412043e+00
1.400000000000000000e+01 1.418879182731838107e+00 1.298314352433481034e+00 1.208849111910693885e+00 1.214428644916080824e+00 1.200054134753777646e+00 1.182309050123889538e+00 1.188660392885639627e+00 1.161702596747596239e+00 1.215916468671642825e+00 1.198964695308808892e+00 1.197166042027047350e+00 1.183896935839122033e+00 1.270131674337976690e+00 0.000000000000000000e+00 1.279622768380451303e+00 3.382049388218241859e+00 3.116042231901937409e+00 3.512282300679698821e+00 2.850492778919228698e+00 3.496794872752483130e+00 1.300262457326731846e+00 3.826192736118367854e+00 1.299385487484749024e+00 1.304222231620704608e+00 4.084386176395138790e+00 3.807846187336772825e+00 3.500213147918092460e+00 1.355187460466572791e+00 1.343579655042999033e+00 1.338283845682564088e+00 1.358735125435653224e+00 1.397946470778322903e+00
1.500000000000000000e+01 1.023146880655188662e+00 9.180529241461901080e-01 9.780103223514615696e-01 9.373212357594662425e-01 9.578339220050782199e-01 9.589569660813139773e-01 9.363181719436524109e-01 9.997452823231751662e-01 8.691701757305321241e-01 9.982357045884391322e-01 8.746641955311127425e-01 9.070995916712065732e-01 6.905605538779797659e-01 1.279622768380451303e+00 0.000000000000000000e+00 3.724094211881919136e+00 3.675963734311237463e+00 3.888619938044693747e+00 3.347413069335584801e+00 3.910431062698974891e+00 7.170907614394923524e-01 4.056887703019094182e+00 7.517964161975170256e-01 7.872468475266352073e-01 3.915963542795440233e+00 3.601624991365548478e+00 3.272154419557885774e+00 9.607287906862347349e-01 9.318674431999784957e-01 9.061326539566540994e-01 9.767173210086155244e-01 1.080248568146338739e+00
1.600000000000000000e+01 3.874808834166419302e+00 3.755487145664735849e+00 3.674769852043528573e+00 3.676816756371038331e+00 3.664663807319099575e+00 3.647454650031127343e+00 3.650597665066321440e+00 3.631338782185164149e+00 3.672680703763711918e+00 3.664848209912894283e+00 3.651804626430697809e+00 3.638133593761063267e+00 3.718712382407920458e+00 3.382049388218241859e+00 3.724094211881919136e+00 0.000000000000000000e+00 5.186811355673665247e+00 4.556860412282691897e+00 5.399114801248670048e+00 5.490421797271064719e+00 3.739465149973585589e+00 5.835349603929164353e+00 3.737017056041571639e+00 3.740392545274800806e+00 6.466798828100866814e+00 6.233832760660952488e+00 5.939282568034544241e+00 3.787177519468623910e+00 3.776790030799188624e+00 3.773737480771146569e+00 3.792334155459230249e+00 3.835410540058964202e+00
1.700000000000000000e+01 3.825832477930315445e+00 3.707972528277891033e+00 3.630036158674619262e+00 3.632017699063845750e+00 3.620222011270149753e+00 3.603645555731992633e+00 3.607462392893568737e+00 3.587674621775365669e+00 3.628406225757232040e+00 3.621687422978769444e+00 3.610276724216650468e+00 3.598867280259859580e+00 3.671542435942801053e+00 3.116042231901937409e+00 3.675963734311237463e+00 5.186811355673665247e+00 0.000000000000000000e+00 4.912508322887818579e+00 4.961340760506034897e+00 4.942291201528608013e+00 3.691786247500796314e+00 5.812769690248004828e+00 3.688125020244635177e+00 3.690790517974470664e+00 6.398049379296795180e+00 6.142784850728155277e+00 5.844118692626517841e+00 3.724833340777438995e+00 3.715991496967782748e+00 3.713734806501067798e+00 3.726485271501775554e+00 3.756357561306139736e+00
1.800000000000000000e+01 4.045374591219331961e+00 3.928795482455521793e+00 3.857262255486146429e+00 3.857053686016220340e+00 3.846760510293030677e+00 3.830767679577331108e+00 3.832874293067490612e+00 3.817643682981311848e+00 3.850198487453099894e+00 3.849531015321641547e+00 3.831817866178428567e+00 3.821042319560285172e+00 3.887168216664070641e+00 3.512282300679698821e+00 3.888619938044693747e+00 4.556860412282691897e+00 4.912508322887818579e+00 0.000000000000000000e+00 5.342404378536507181e+00 4.953334007647423931e+00 3.901106013160666741e+00 5.602860222317651129e+00 3.895952046085971343e+00 3.897361994070638769e+00 6.551373979310106677e+00 6.329186342413812838e+00 6.041199889305241655e+00 3.924303119091665071e+00 3.916878672637101655e+00 3.916584605317730006e+00 3.926308573236762189e+00 3.956104139433567646e+00
1.900000000000000000e+01 3.511768613633526215e+00 3.399909441779126240e+00 3.342908964927845616e+00 3.339415814304317998e+00 3.331958717701478889e+00 3.317982153276068047e+00 3.318889766398880781e+00 3.309193758156434129e+00 3.328883971234614769e+00 3.338977720374693092e+00 3.315305860382838254e+00 3.309649175061896820e+00 3.351727537254499900e+00 2.850492778919228698e+00 3.347413069335584801e+00 5.399114801248670048e+00 4.961340760506034897e+00 5.342404378536507181e+00 0.000000000000000000e+00 4.918623480878210330e+00 3.356899793696584311e+00 5.493407204492982920e+00 3.347599574312191795e+00 3.346221642896885395e+00 5.953334215880786928e+00 5.670683495520146167e+00 5.369557612104909339e+00 3.338670392031536149e+00 3.335712807529913615e+00 3.338519053567235328e+00 3.332008308478847436e+00 3.327027114766972993e+00
2.000000000000000000e+01 4.073648315294818190e+00 3.960301665733448218e+00 3.899325709568886467e+00 3.896563813014552125e+00 3.888389280391068681e+00 3.873795976196906743e+00 3.874767983003327032e+00 3.864035482042657677e+00 3.886669088029488073e+00 3.894126614705746725e+00 3.871254929774238462e+00 3.863850506372275895e+00 3.913332743672690128e+00 3.496794872752483130e+00 3.910431062698974891e+00 5.490421797271064719e+00 4.942291201528608013e+00 4.953334007647423931e+00 4.918623480878210330e+00 0.000000000000000000e+00 3.920107750555890114e+00 5.427394386171255469e+00 3.911949489473127262e+00 3.911250171337876669e+00 6.503408964137905812e+00 6.268334785520739416e+00 5.981001832288296072e+00 3.914760102450064227e+00 3.910612053490838402e+00 3.913000866169583869e+00 3.911912818264847491e+00 3.921943453098232446e+00
2.100000000000000000e+01 1.093705649878277564e+00 9.939485556983800318e-01 1.039138133757237403e+00 1.003365934709200102e+00 1.019988285911904269e+00 1.018754153186532951e+00 9.985811822514516489e-01 1.053474207101797733e+00 9.444074460563507412e-01 1.055273548078759616e+00 9.435023924932750550e-01 9.673068754516183088e-01 8.238257361780902954e-01 1.300262457326731846e+00 7.170907614394923524e-01 3.739465149973585589e+00 3.691786247500796314e+00 3.901106013160666741e+00 3.356899793696584311e+00 3.920107750555890114e+00 0.000000000000000000e+00 4.059820789844944322e+00 5.576434291488552297e-01 6.439467648779546582e-01 3.897672449228371860e+00 3.583440074178894985e+00 3.254058099722135111e+00 9.221435875778634106e-01 8.910418398225701253e-01 8.701937364957528231e-01 9.460189770952971422e-01 1.059773782505733619e+00
2.200000000000000000e+01 4.233696383698510424e+00 4.124234280207478953e+00 4.078804919474172230e+00 4.071515109189637549e+00 4.066727407034737674e+00 4.053893582742220225e+00 4.051980677587578406e+00 4.050072442882236778e+00 4.055460184697063930e+00 4.076280230017318651e+00 4.042001452529778938e+00 4.037939198982699374e+00 4.066842423123012473e+00 3.826192736118367854e+00 4.056887703019094182e+00 5.835349603929164353e+00 5.812769690248004828e+00 5.602860222317651129e+00 5.493407204492982920e+00 5.427394386171255469e+00 4.059820789844944322e+00 0.000000000000000000e+00 4.047386553321585367e+00 4.043324313595421771e+00 6.453019831708349585e+00 6.312739503900054672e+00 6.060573649877992963e+00 4.020164970985730335e+00 4.020720771970015761e+00 4.028544731982847793e+00 4.015990968600240407e+00 4.018781746489152873e+00
2.300000000000000000e+01 1.100059140810900171e+00 1.004119760632320002e+00 1.051066603478027162e+00 1.015945814162552363e+00 1.032290380496323490e+00 1.031110061668666145e+00 1.011984543123333413e+00 1.064553092971270765e+00 9.593754746385059207e-01 1.067438112800732863e+00 9.605375094046748607e-01 9.838203556228237723e-01 8.469890812923557277e-01 1.299385487484749024e+00 7.517964161975170256e-01 3.737017056041571639e+00 3.688125020244635177e+00 3.895952046085971343e+00 3.347599574312191795e+00 3.911949489473127262e+00 5.576434291488552297e-01 4.047386553321585367e+00 0.000000000000000000e+00 5.198289953059544999e-01 3.867907777980461148e+00 3.551979386222377411e+00 3.221987824415352364e+00 8.779452384219967875e-01 8.453354885465631519e-01 8.261759192774871252e-01 9.055760995212862596e-01 1.025063520126636041e+00
2.400000000000000000e+01 1.114716426258948179e+00 1.020741944887015862e+00 1.066982126088225513e+00 1.032634096640722365e+00 1.048483058566764381e+00 1.047112150539724063e+00 1.028733198608090316e+00 1.079352987274410314e+00 9.779404580251451762e-01 1.083095776170197144e+00 9.796329053231418449e-01 1.002025084290900647e+00 8.727640225502195648e-01 1.304222231620704608e+00 7.872468475266352073e-01 3.740392545274800806e+00 3.690790517974470664e+00 3.897361994070638769e+00 3.346221642896885395e+00 3.911250171337876669e+00 6.439467648779546582e-01 4.043324313595421771e+00 5.198289953059544999e-01 0.000000000000000000e+00 3.850835045346485686e+00 3.534263154779684779e+00 3.204095451962698959e+00 8.483720428111731771e-01 8.146125132652852763e-01 7.991175662738463359e-01 8.805286534036933510e-01 1.005557808486490456e+00
2.500000000000000000e+01 4.138451753875255434e+00 4.045557356585307573e+00 4.060223854236348018e+00 4.036831111013915674e+00 4.044630448763404829e+00 4.039095232863376239e+00 4.028245857735296198e+00 4.056285153030556145e+00 3.999975517978807460e+00 4.069808928235341128e+00 3.998469923784945479e+00 4.010275150594612370e+00 3.952243465094593233e+00 4.084386176395138790e+00 3.915963542795440233e+00 6.466798828100866814e+00 6.398049379296795180e+00 6.551373979310106677e+00 5.953334215880786928e+00 6.503408964137905812e+00 3.897672449228371860e+00 6.453019831708349585e+00 3.867907777980461148e+00 3.850835045346485686e+00 0.000000000000000000e+00 5.528215862687073212e+00 5.614204418477081404e+00 3.688155850081767273e+00 3.714408344573829179e+00 3.747432668425633384e+00 3.669325221351116273e+00 3.639880555899492443e+00
2.600000000000000000e+01 3.828056306433950784e+00 3.738610681550800674e+00 3.763611449211629267e+00 3.737718508238714765e+00 3.747561658054683331e+00 3.743321745408455303e+00 3.731317706258118871e+00 3.763707493444246044e+00 3.697918498691826539e+00 3.775466791097931374e+00 3.699121473011169225e+00 3.713927405621306743e+00 3.641030761651842251e+00 3.807846187336772825e+00 3.601624991365548478e+00 6.233832760660952488e+00 6.142784850728155277e+00 6.329186342413812838e+00 5.670683495520146167e+00 6.268334785520739416e+00 3.583440074178894985e+00 6.312739503900054672e+00 3.551979386222377411e+00 3.534263154779684779e+00 5.528215862687073212e+00 0.000000000000000000e+00 4.838999461197275309e+00 3.357324702916685499e+00 3.382120017442387994e+00 3.410816419091899920e+00 3.321945462072116495e+00 3.219988564295637623e+00
2.700000000000000000e+01 3.500208386615943468e+00 3.412255880474225123e+00 3.441735257745136778e+00 3.414734191178645517e+00 3.425470762512142997e+00 3.421780987709104771e+00 3.409234422035705592e+00 3.443587039727411536e+00 3.373610739108625189e+00 3.454536763334075111e+00 3.375895941565179470e+00 3.391930250446169026e+00 3.312837846532104891e+00 3.500213147918092460e+00 3.272154419557885774e+00 5.939282568034544241e+00 5.844118692626517841e+00 6.041199889305241655e+00 5.369557612104909339e+00 5.981001832288296072e+00 3.254058099722135111e+00 6.060573649877992963e+00 3.221987824415352364e+00 3.204095451962698959e+00 5.614204418477081404e+00 4.838999461197275309e+00 0.000000000000000000e+00 3.025895328994901323e+00 3.048522702606515811e+00 3.073955805548259423e+00 2.984800317631788769e+00 2.843007498428185897e+00
2.800000000000000000e+01 1.217658990054933721e+00 1.132229179919594930e+00 1.178729694418738205e+00 1.146592746033260113e+00 1.161201214960374095e+00 1.159597963274581200e+00 1.143822170336596500e+00 1.188240920003453382e+00 1.098032858476528428e+00 1.194843057182541468e+00 1.102831582132751009e+00 1.123550510466559071e+00 1.015381468218453431e+00 1.355187460466572791e+00 9.607287906862347349e-01 3.787177519468623910e+00 3.724833340777438995e+00 3.924303119091665071e+00 3.338670392031536149e+00 3.914760102450064227e+00 9.221435875778634106e-01 4.020164970985730335e+00 8.779452384219967875e-01 8.483720428111731771e-01 3.688155850081767273e+00 3.357324702916685499e+00 3.025895328994901323e+00 0.000000000000000000e+00 5.322095758508291752e-01 6.727588393832355518e-01 5.903811992465577418e-01 8.135251555752673891e-01
2.900000000000000000e+01 1.192824628041114554e+00 1.107625875977025665e+00 1.156186907087341620e+00 1.123436659767805157e+00 1.138514153842031806e+00 1.137173509441517627e+00 1.121028887896468706e+00 1.166630410803304319e+00 1.073979343473545622e+00 1.172730564902533690e+00 1.079150549257375413e+00 1.100508145113133107e+00 9.884474231286026757e-01 1.343579655042999033e+00 9.318674431999784957e-01 3.776790030799188624e+00 3.715991496967782748e+00 3.916878672637101655e+00 3.335712807529913615e+00 3.910612053490838402e+00 8.910418398225701253e-01 4.020720771970015761e+00 8.453354885465631519e-01 8.146125132652852763e-01 3.714408344573829179e+00 3.382120017442387994e+00 3.048522702606515811e+00 5.322095758508291752e-01 0.000000000000000000e+00 6.080263971453176985e-01 6.289394990947061448e-01 8.342258147871313145e-01
3.000000000000000000e+01 1.167594840038918225e+00 1.083945658649314137e+00 1.137020146063083548e+00 1.103211231295457395e+00 1.119158673179434071e+00 1.118369978610938009e+00 1.101756094575096157e+00 1.149152598035681816e+00 1.052554148451598337e+00 1.154526308548352365e+00 1.058952697845422453e+00 1.081557517188329154e+00 9.633747649946018399e-01 1.338283845682564088e+00 9.061326539566540994e-01 3.773737480771146569e+00 3.713734806501067798e+00 3.916584605317730006e+00 3.338519053567235328e+00 3.913000866169583869e+00 8.701937364957528231e-01 4.028544731982847793e+00 8.261759192774871252e-01 7.991175662738463359e-01 3.747432668425633384e+00 3.410816419091899920e+00 3.073955805548259423e+00 6.727588393832355518e-01 6.080263971453176985e-01 0.000000000000000000e+00 6.914923117248399365e-01 8.566501601757983142e-01
3.100000000000000000e+01 1.226388047242815471e+00 1.142260367254278375e+00 1.189677520358539464e+00 1.157579916105855311e+00 1.172225579952631325e+00 1.170716715497950311e+00 1.155149010692832601e+00 1.199225535748503102e+00 1.109463702453340250e+00 1.206013035573636927e+00 1.114874221256509923e+00 1.135724176212424830e+00 1.028459575655722436e+00 1.358735125435653224e+00 9.767173210086155244e-01 3.792334155459230249e+00 3.726485271501775554e+00 3.926308573236762189e+00 3.332008308478847436e+00 3.911912818264847491e+00 9.460189770952971422e-01 4.015990968600240407e+00 9.055760995212862596e-01 8.805286534036933510e-01 3.669325221351116273e+00 3.321945462072116495e+00 2.984800317631788769e+00 5.903811992465577418e-01 6.289394990947061448e-01 6.914923117248399365e-01 0.000000000000000000e+00 7.596602619188013161e-01
3.200000000000000000e+01 1.315788670738093247e+00 1.231498368492619067e+00 1.273352721512830632e+00 1.243088443896846806e+00 1.256382724679096397e+00 1.254179135176537896e+00 1.239847984873529319e+00 1.280210468074243435e+00 1.197829111307457728e+00 1.288616863570443583e+00 1.202618672200422401e+00 1.221844005047380000e+00 1.125532069180412043e+00 1.397946470778322903e+00 1.080248568146338739e+00 3.835410540058964202e+00 3.756357561306139736e+00 3.956104139433567646e+00 3.327027114766972993e+00 3.921943453098232446e+00 1.059773782505733619e+00 4.018781746489152873e+00 1.025063520126636041e+00 1.005557808486490456e+00 3.639880555899492443e+00 3.219988564295637623e+00 2.843007498428185897e+00 8.135251555752673891e-01 8.342258147871313145e-01 8.566501601757983142e-01 7.596602619188013161e-01 0.000000000000000000e+00
