0.000000000000000000e+00 1.000000000000000000e+00 2.000000000000000000e+00 3.000000000000000000e+00 4.000000000000000000e+00 5.000000000000000000e+00 6.000000000000000000e+00 7.000000000000000000e+00 8.000000000000000000e+00 9.000000000000000000e+00 1.000000000000000000e+01 1.100000000000000000e+01 1.200000000000000000e+01 1.300000000000000000e+01 1.400000000000000000e+01 1.500000000000000000e+01 1.600000000000000000e+01 1.700000000000000000e+01 1.800000000000000000e+01 1.900000000000000000e+01 2.000000000000000000e+01 2.100000000000000000e+01 2.200000000000000000e+01 2.300000000000000000e+01 2.400000000000000000e+01 2.500000000000000000e+01 2.600000000000000000e+01 2.700000000000000000e+01 2.800000000000000000e+01 2.900000000000000000e+01 3.000000000000000000e+01 3.100000000000000000e+01 3.200000000000000000e+01
1.000000000000000000e+00 0.000000000000000000e+00 7.116439179190875430e-01 7.350680632322845742e-01 6.791013328653239256e-01 7.337790795317429282e-01 7.608164395131039592e-01 7.540456863034944446e-01 7.921695445871199670e-01 6.893793188558136054e-01 7.819085958130237435e-01 7.631464662867020188e-01 7.790621722487590661e-01 7.924643347291284723e-01 9.764834051558959338e-01 8.110567659186802558e-01 9.123273057237833994e-01 9.383027759248956379e-01 9.207433465270052908e-01 9.737629932836368019e-01 9.374315878730423712e-01 8.284531899483335016e-01 9.196361075303399746e-01 8.322646121678370923e-01 8.358801980918847407e-01 8.969603606852971645e-01 9.096881443932094413e-01 9.178455085804925195e-01 8.556235861404173360e-01 8.498234394729390351e-01 8.401756265214038732e-01 8.557831100379305056e-01 8.888772936431728056e-01
2.000000000000000000e+00 7.116439179190875430e-01 0.000000000000000000e+00 7.060288490146580109e-01 6.482762788873586146e-01 7.046655982898133441e-01 7.331877210815708201e-01 7.260704123742128813e-01 7.666986670352851085e-01 6.566789009832912916e-01 7.558665040113813349e-01 7.349509395431774728e-01 7.530738064622423122e-01 7.695349151257866449e-01 9.633874026376227917e-01 7.972630179176274368e-01 9.000889874330392226e-01 9.261792382940630119e-01 9.090885743104778483e-01 9.626038781451639048e-01 9.263808362153596043e-01 8.174033392825058586e-01 9.097902750852150389e-01 8.232082684165594744e-01 8.278635716229246766e-01 8.913117121210123450e-01 9.053241954572186501e-01 9.144032781475971428e-01 8.528198881828068512e-01 8.474067991404151678e-01 8.392554994371260735e-01 8.545425824572328022e-01 8.885622753537938401e-01
3.000000000000000000e+00 7.350680632322845742e-01 7.060288490146580109e-01 0.000000000000000000e+00 5.779459870663434806e-01 4.597985352487559130e-01 5.717115921088077313e-01 6.171515006734712427e-01 6.545058682204281109e-01 6.554618933230350608e-01 6.430663658433203311e-01 7.051455435355573620e-01 7.008096522335501843e-01 7.792056436393639540e-01 9.335408624610437300e-01 7.998537157151197619e-01 8.732477820782719169e-01 8.992975836208041418e-01 8.837567179084458990e-01 9.382310098229288409e-01 9.025154583951626730e-01 8.112900769261169875e-01 8.894398342058006390e-01 8.187640995260708765e-01 8.235455535156018803e-01 8.819133715958611397e-01 8.984724318748948946e-01 9.094541106724255419e-01 8.520092909955454541e-01 8.479753302014839678e-01 8.433771778811559594e-01 8.562704423705624901e-01 8.906124375893651468e-01
4.000000000000000000e+00 6.791013328653239256e-01 6.482762788873586146e-01 5.779459870663434806e-01 0.000000000000000000e+00 5.548357545123441259e-01 6.190854385810738991e-01 6.139292510669599467e-01 6.788757762685555530e-01 6.027100902140291039e-01 6.619103435867855767e-01 6.696298537157847619e-01 6.782075077942110175e-01 7.356771117799028037e-01 9.097142754234859297e-01 7.590732117569705117e-01 8.477229481370952557e-01 8.738536239214349521e-01 8.574579874510394051e-01 9.114867062433403833e-01 8.754739912891653653e-01 7.744487416156987658e-01 8.605257500589961195e-01 7.812403109349644881e-01 7.860163964315182161e-01 8.473152007967394983e-01 8.626009959826881346e-01 8.726225388807117289e-01 8.129699876664320257e-01 8.082318712194324073e-01 8.018571036733349588e-01 8.159813587754563002e-01 8.502145123219171374e-01
5.000000000000000000e+00 7.337790795317429282e-01 7.046655982898133441e-01 4.597985352487559130e-01 5.548357545123441259e-01 0.000000000000000000e+00 5.443431840155829038e-01 5.844781086936626791e-01 6.544492042182916691e-01 6.494280210397741504e-01 6.322872671553013690e-01 6.947658758458477024e-01 6.887993342214854264e-01 7.750978969691144638e-01 9.326421603690238094e-01 7.961720602200523800e-01 8.719229371600657474e-01 8.981152394300486730e-01 8.824092853012729387e-01 9.369761488594822163e-01 9.011653203943763568e-01 8.078919963791378889e-01 8.878687505024461801e-01 8.156444232855794008e-01 8.205911667140718402e-01 8.799795887305223996e-01 8.965640619607291306e-01 9.075461487995496457e-01 8.497683108413935926e-01 8.456890732822200940e-01 8.410816134280111322e-01 8.541110094240247363e-01 8.886219527929168915e-01
6.000000000000000000e+00 7.608164395131039592e-01 7.331877210815708201e-01 5.717115921088077313e-01 6.190854385810738991e-01 5.443431840155829038e-01 0.000000000000000000e+00 5.298878765560109949e-01 5.981155475736541494e-01 6.687441311177736436e-01 5.455280613536431789e-01 6.921131170326468851e-01 6.687234346443923227e-01 7.866526188910329953e-01 9.308790690524131328e-01 8.055330394336159827e-01 8.708585445902997657e-01 8.972785606061348673e-01 8.820342901089487375e-01 9.372196912266695934e-01 9.014892639992431178e-01 8.138171790979936704e-01 8.895044840385580853e-01 8.226441811501369328e-01 8.278500515053784925e-01 8.862278682341671043e-01 9.040446470946323920e-01 9.159196185632053622e-01 8.596065655007534279e-01 8.561080712641880863e-01 8.531438291049034950e-01 8.652522167642482387e-01 9.001565539797793392e-01
7.000000000000000000e+00 7.540456863034944446e-01 7.260704123742128813e-01 6.171515006734712427e-01 6.139292510669599467e-01 5.844781086936626791e-01 5.298878765560109949e-01 0.000000000000000000e+00 6.401866119304502334e-01 6.490342640811183061e-01 5.783241605491143966e-01 6.573093242928775837e-01 6.290069822907117247e-01 7.731751922612846162e-01 9.302565284152959357e-01 7.940032184857117592e-01 8.689820034837932861e-01 8.957213587510128860e-01 8.799412926099313692e-01 9.352335298453279266e-01 8.992351813724610565e-01 8.040324606713579181e-01 8.863764147825555773e-01 8.135941492896675564e-01 8.193111196973669186e-01 8.811560430271994093e-01 8.988164900092168175e-01 9.105266845765142003e-01 8.529092647195437582e-01 8.491551937001119432e-01 8.458478493614386418e-01 8.585688075341850745e-01 8.939301744727097265e-01
8.000000000000000000e+00 7.921695445871199670e-01 7.666986670352851085e-01 6.545058682204281109e-01 6.788757762685555530e-01 6.544492042182916691e-01 5.981155475736541494e-01 6.401866119304502334e-01 0.000000000000000000e+00 7.051263039315739389e-01 5.325697910359220577e-01 7.221203820406127960e-01 6.910380392599501098e-01 8.080022957011190332e-01 9.185037729039566834e-01 8.218873216990671970e-01 8.610164368339702223e-01 8.873002593567378415e-01 8.733530647765942456e-01 9.291739603214034249e-01 8.939019177258957782e-01 8.237574816830685043e-01 8.847376543886916744e-01 8.328319104886415802e-01 8.376268527943423470e-01 8.898239290114342559e-01 9.093589513942357261e-01 9.225514889830784826e-01 8.698727617143682256e-01 8.674415197262600463e-01 8.669538155442900740e-01 8.770765345433764182e-01 9.118070221436980205e-01
9.000000000000000000e+00 6.893793188558136054e-01 6.566789009832912916e-01 6.554618933230350608e-01 6.027100902140291039e-01 6.494280210397741504e-01 6.687441311177736436e-01 6.490342640811183061e-01 7.051263039315739389e-01 0.000000000000000000e+00 6.875259658875859659e-01 6.116498784393074040e-01 6.581585336530332286e-01 7.100931569007158384e-01 9.133846203708131384e-01 7.441381803088056301e-01 8.500715794007597248e-01 8.766391048135333541e-01 8.597071791897791249e-01 9.140256067067858980e-01 8.777039976301903579e-01 7.650472032593690352e-01 8.620098220003721279e-01 7.738664502541626744e-01 7.799502526323615070e-01 8.476134360828084802e-01 8.631506770142038931e-01 8.732826128066882854e-01 8.119240489289707430e-01 8.069302845082643172e-01 8.005822032714237091e-01 8.155638535864540017e-01 8.508576858465546344e-01
1.000000000000000000e+01 7.819085958130237435e-01 7.558665040113813349e-01 6.430663658433203311e-01 6.619103435867855767e-01 6.322872671553013690e-01 5.455280613536431789e-01 5.783241605491143966e-01 5.325697910359220577e-01 6.875259658875859659e-01 0.000000000000000000e+00 6.937605817776373307e-01 6.518939798389694618e-01 7.939600612668671342e-01 9.227770362150415906e-01 8.097743525706508905e-01 8.632395816033123781e-01 8.899970777848862369e-01 8.751549723722858998e-01 9.310653507534284445e-01 8.953658337958283475e-01 8.138967284958661397e-01 8.846769477328962905e-01 8.237096873453403356e-01 8.290920986455126984e-01 8.861597118854600552e-01 9.052667524372992602e-01 9.180709101132006333e-01 8.633053599101898623e-01 8.604277875143003795e-01 8.591929772584078195e-01 8.702968694081931744e-01 9.055873435382948422e-01
1.100000000000000000e+01 7.631464662867020188e-01 7.349509395431774728e-01 7.051455435355573620e-01 6.696298537157847619e-01 6.947658758458477024e-01 6.921131170326468851e-01 6.573093242928775837e-01 7.221203820406127960e-01 6.116498784393074040e-01 6.937605817776373307e-01 0.000000000000000000e+00 5.742370488192966027e-01 7.302747354439274030e-01 9.378638069934082111e-01 7.636434520651405045e-01 8.736805373013377674e-01 9.012549096639090873e-01 8.842359923882835426e-01 9.399527600995288834e-01 9.032942269317085771e-01 7.826083235094541957e-01 8.885227844474722358e-01 7.962448222574457501e-01 8.045353695914804204e-01 8.795990857410860286e-01 8.974586777032245166e-01 9.091604812764323418e-01 8.476936079474712837e-01 8.432979941755861519e-01 8.396913391763632939e-01 8.543008479087497165e-01 8.916931043386611133e-01
1.200000000000000000e+01 7.790621722487590661e-01 7.530738064622423122e-01 7.008096522335501843e-01 6.782075077942110175e-01 6.887993342214854264e-01 6.687234346443923227e-01 6.290069822907117247e-01 6.910380392599501098e-01 6.581585336530332286e-01 6.518939798389694618e-01 5.742370488192966027e-01 0.000000000000000000e+00 7.561309605409607393e-01 9.284412932326455703e-01 7.772923539144751537e-01 8.649345437624330613e-01 8.928088936485996108e-01 8.762792723442099918e-01 9.327143387489092996e-01 8.961311169840633362e-01 7.866682054630375065e-01 8.828188622397007412e-01 8.003461793174163619e-01 8.081051277844676362e-01 8.790614024636509427e-01 8.981742872662303867e-01 9.107904172432107481e-01 8.515512299364216275e-01 8.479312587337221041e-01 8.461714055171046800e-01 8.593082505835152318e-01 8.966702065388481024e-01
1.300000000000000000e+01 7.924643347291284723e-01 7.695349151257866449e-01 7.792056436393639540e-01 7.356771117799028037e-01 7.750978969691144638e-01 7.866526188910329953e-01 7.731751922612846162e-01 8.080022957011190332e-01 7.100931569007158384e-01 7.939600612668671342e-01 7.302747354439274030e-01 7.561309605409607393e-01 0.000000000000000000e+00 9.724015632438431922e-01 6.790344152942622280e-01 9.051282174383602497e-01 9.329077750969057004e-01 9.142904038023268454e-01 9.693609167107465341e-01 9.320905789035158762e-01 7.631231704751294531e-01 9.138580807271329265e-01 7.811052534257084679e-01 7.945187424888241479e-01 8.949635079511768510e-01 9.116172473984500702e-01 9.223122720864277424e-01 8.526150037768249756e-01 8.460522040334478300e-01 8.391786285211343399e-01 8.593362667222899098e-01 9.001031511004145003e-01
1.400000000000000000e+01 9.764834051558959338e-01 9.633874026376227917e-01 9.335408624610437300e-01 9.097142754234859297e-01 9.326421603690238094e-01 9.308790690524131328e-01 9.302565284152959357e-01 9.185037729039566834e-01 9.133846203708131384e-01 9.227770362150415906e-01 9.378638069934082111e-01 9.284412932326455703e-01 9.724015632438431922e-01 0.000000000000000000e+00 9.634569809920632277e-01 6.553291788700915665e-01 5.729087152588898668e-01 6.450989346833398974e-01 6.070115050741929918e-01 6.363634214582813975e-01 9.343584756090576038e-01 7.135419722088897077e-01 9.341576822791625156e-01 9.300176687238009832e-01 8.466174996104303130e-01 8.737071187251901350e-01 8.977151369323400631e-01 9.193425244439803468e-01 9.290455623201011592e-01 9.483091947585934323e-01 9.312692393083648046e-01 9.453390409268749295e-01
1.500000000000000000e+01 8.110567659186802558e-01 7.972630179176274368e-01 7.998537157151197619e-01 7.590732117569705117e-01 7.961720602200523800e-01 8.055330394336159827e-01 7.940032184857117592e-01 8.218873216990671970e-01 7.441381803088056301e-01 8.097743525706508905e-01 7.636434520651405045e-01 7.772923539144751537e-01 6.790344152942622280e-01 9.634569809920632277e-01 0.000000000000000000e+00 8.938462826304293118e-01 9.224407600312765076e-01 9.028172140895970310e-01 9.585459389762164273e-01 9.206533039262132512e-01 6.896928345427900675e-01 9.009927540651031519e-01 7.188950222133320134e-01 7.424682398506140535e-01 8.801936168192203702e-01 8.985002754655644353e-01 9.101931819157241810e-01 8.325110016324246409e-01 8.244419854116485924e-01 8.176589154654657632e-01 8.430910876096491258e-01 8.898032256003785001e-01
1.600000000000000000e+01 9.123273057237833994e-01 9.000889874330392226e-01 8.732477820782719169e-01 8.477229481370952557e-01 8.719229371600657474e-01 8.708585445902997657e-01 8.689820034837932861e-01 8.610164368339702223e-01 8.500715794007597248e-01 8.632395816033123781e-01 8.736805373013377674e-01 8.649345437624330613e-01 9.051282174383602497e-01 6.553291788700915665e-01 8.938462826304293118e-01 0.000000000000000000e+00 5.481924238059441290e-01 4.618094022337418947e-01 6.508504429513203293e-01 5.784506855034599049e-01 8.609721562311248855e-01 6.174127529049123764e-01 8.598918074896989561e-01 8.548004990939787051e-01 7.679997054893363817e-01 8.012197540609435897e-01 8.272411207214364071e-01 8.427390166014487871e-01 8.532670037499122673e-01 8.745112399754556565e-01 8.565277317219368580e-01 8.736654281692652901e-01
1.700000000000000000e+01 9.383027759248956379e-01 9.261792382940630119e-01 8.992975836208041418e-01 8.738536239214349521e-01 8.981152394300486730e-01 8.972785606061348673e-01 8.957213587510128860e-01 8.873002593567378415e-01 8.766391048135333541e-01 8.899970777848862369e-01 9.012549096639090873e-01 8.928088936485996108e-01 9.329077750969057004e-01 5.729087152588898668e-01 9.224407600312765076e-01 5.481924238059441290e-01 0.000000000000000000e+00 5.052334724504009555e-01 5.622668770430739871e-01 5.098024131784288926e-01 8.912806020625795300e-01 6.265950834766219613e-01 8.901077164897032157e-01 8.850988372734510667e-01 7.874398667032966870e-01 8.165752566778246013e-01 8.420397861385368055e-01 8.695751982091046717e-01 8.804722835983810336e-01 9.015642948613548091e-01 8.819233404567348167e-01 8.944117826617785649e-01
1.800000000000000000e+01 9.207433465270052908e-01 9.090885743104778483e-01 8.837567179084458990e-01 8.574579874510394051e-01 8.824092853012729387e-01 8.820342901089487375e-01 8.799412926099313692e-01 8.733530647765942456e-01 8.597071791897791249e-01 8.751549723722858998e-01 8.842359923882835426e-01 8.762792723442099918e-01 9.142904038023268454e-01 6.450989346833398974e-01 9.028172140895970310e-01 4.618094022337418947e-01 5.052334724504009555e-01 0.000000000000000000e+00 6.118243471334267047e-01 5.050931023538411946e-01 8.701154518873802646e-01 5.780096536811306640e-01 8.683929322405027351e-01 8.628538806724680432e-01 7.601256199170753902e-01 7.924894135783797644e-01 8.191778156699071056e-01 8.454667036373890721e-01 8.569450244777813142e-01 8.791319115324779387e-01 8.585504960612342362e-01 8.719009480003414581e-01
1.900000000000000000e+01 9.737629932836368019e-01 9.626038781451639048e-01 9.382310098229288409e-01 9.114867062433403833e-01 9.369761488594822163e-01 9.372196912266695934e-01 9.352335298453279266e-01 9.291739603214034249e-01 9.140256067067858980e-01 9.310653507534284445e-01 9.399527600995288834e-01 9.327143387489092996e-01 9.693609167107465341e-01 6.070115050741929918e-01 9.585459389762164273e-01 6.508504429513203293e-01 5.622668770430739871e-01 6.118243471334267047e-01 0.000000000000000000e+00 5.345393417278669901e-01 9.276160300442343187e-01 6.382588285703633124e-01 9.255350862971073456e-01 9.199087658413128699e-01 7.992800530660209013e-01 8.236517483796985672e-01 8.489831035153599936e-01 8.965742855993725779e-01 9.088262891248125586e-01 9.311800754186706497e-01 9.075012363395533743e-01 9.127821134594973351e-01
2.000000000000000000e+01 9.374315878730423712e-01 9.263808362153596043e-01 9.025154583951626730e-01 8.754739912891653653e-01 9.011653203943763568e-01 9.014892639992431178e-01 8.992351813724610565e-01 8.939019177258957782e-01 8.777039976301903579e-01 8.953658337958283475e-01 9.032942269317085771e-01 8.961311169840633362e-01 9.320905789035158762e-01 6.363634214582813975e-01 9.206533039262132512e-01 5.784506855034599049e-01 5.098024131784288926e-01 5.050931023538411946e-01 5.345393417278669901e-01 0.000000000000000000e+00 8.886009192734595219e-01 5.581776026481483077e-01 8.863141769006440684e-01 8.804338761973541372e-01 7.601085217870517940e-01 7.889919813426269357e-01 8.157439134335057185e-01 8.573108044468973343e-01 8.697257636048464358e-01 8.926396588321224845e-01 8.691370654572376786e-01 8.769365355157199282e-01
2.100000000000000000e+01 8.284531899483335016e-01 8.174033392825058586e-01 8.112900769261169875e-01 7.744487416156987658e-01 8.078919963791378889e-01 8.138171790979936704e-01 8.040324606713579181e-01 8.237574816830685043e-01 7.650472032593690352e-01 8.138967284958661397e-01 7.826083235094541957e-01 7.866682054630375065e-01 7.631231704751294531e-01 9.343584756090576038e-01 6.896928345427900675e-01 8.609721562311248855e-01 8.912806020625795300e-01 8.701154518873802646e-01 9.276160300442343187e-01 8.886009192734595219e-01 0.000000000000000000e+00 8.672763475837818037e-01 5.492965231863889963e-01 6.215491554103033112e-01 8.471062261901352031e-01 8.697222959369119710e-01 8.840688337926972951e-01 7.957820685385306181e-01 7.871812226090094677e-01 7.863812114683884635e-01 8.147142784764749290e-01 8.702076890587990832e-01
2.200000000000000000e+01 9.196361075303399746e-01 9.097902750852150389e-01 8.894398342058006390e-01 8.605257500589961195e-01 8.878687505024461801e-01 8.895044840385580853e-01 8.863764147825555773e-01 8.847376543886916744e-01 8.620098220003721279e-01 8.846769477328962905e-01 8.885227844474722358e-01 8.828188622397007412e-01 9.138580807271329265e-01 7.135419722088897077e-01 9.009927540651031519e-01 6.174127529049123764e-01 6.265950834766219613e-01 5.780096536811306640e-01 6.382588285703633124e-01 5.581776026481483077e-01 8.672763475837818037e-01 0.000000000000000000e+00 8.635699971907518924e-01 8.565125291374714456e-01 7.088016516667399181e-01 7.440294584637578978e-01 7.743836767527644271e-01 8.246710135204211589e-01 8.389956577618439271e-01 8.644666608119205842e-01 8.367620496324399415e-01 8.421720113833357502e-01
2.300000000000000000e+01 8.322646121678370923e-01 8.232082684165594744e-01 8.187640995260708765e-01 7.812403109349644881e-01 8.156444232855794008e-01 8.226441811501369328e-01 8.135941492896675564e-01 8.328319104886415802e-01 7.738664502541626744e-01 8.237096873453403356e-01 7.962448222574457501e-01 8.003461793174163619e-01 7.811052534257084679e-01 9.341576822791625156e-01 7.188950222133320134e-01 8.598918074896989561e-01 8.901077164897032157e-01 8.683929322405027351e-01 9.255350862971073456e-01 8.863141769006440684e-01 5.492965231863889963e-01 8.635699971907518924e-01 0.000000000000000000e+00 5.158022486705154952e-01 8.389107393194681350e-01 8.619218889285145124e-01 8.764663954101447052e-01 7.790915026889739803e-01 7.683480013603808390e-01 7.671893547857083773e-01 8.010702984549125105e-01 8.619434033559294495e-01
2.400000000000000000e+01 8.358801980918847407e-01 8.278635716229246766e-01 8.235455535156018803e-01 7.860163964315182161e-01 8.205911667140718402e-01 8.278500515053784925e-01 8.193111196973669186e-01 8.376268527943423470e-01 7.799502526323615070e-01 8.290920986455126984e-01 8.045353695914804204e-01 8.081051277844676362e-01 7.945187424888241479e-01 9.300176687238009832e-01 7.424682398506140535e-01 8.548004990939787051e-01 8.850988372734510667e-01 8.628538806724680432e-01 9.199087658413128699e-01 8.804338761973541372e-01 6.215491554103033112e-01 8.565125291374714456e-01 5.158022486705154952e-01 0.000000000000000000e+00 8.286573560274823613e-01 8.525544540921650150e-01 8.676139914873229886e-01 7.619607899692957265e-01 7.497439229184951204e-01 7.504950802956288358e-01 7.876890811388992386e-01 8.535617985363543880e-01
2.500000000000000000e+01 8.969603606852971645e-01 8.913117121210123450e-01 8.819133715958611397e-01 8.473152007967394983e-01 8.799795887305223996e-01 8.862278682341671043e-01 8.811560430271994093e-01 8.898239290114342559e-01 8.476134360828084802e-01 8.861597118854600552e-01 8.795990857410860286e-01 8.790614024636509427e-01 8.949635079511768510e-01 8.466174996104303130e-01 8.801936168192203702e-01 7.679997054893363817e-01 7.874398667032966870e-01 7.601256199170753902e-01 7.992800530660209013e-01 7.601085217870517940e-01 8.471062261901352031e-01 7.088016516667399181e-01 8.389107393194681350e-01 8.286573560274823613e-01 0.000000000000000000e+00 5.844447157972387785e-01 6.549549235097839039e-01 7.504377721408113100e-01 7.744276119695238103e-01 8.092271363546502672e-01 7.573635390529487310e-01 7.464028136888933851e-01
2.600000000000000000e+01 9.096881443932094413e-01 9.053241954572186501e-01 8.984724318748948946e-01 8.626009959826881346e-01 8.965640619607291306e-01 9.040446470946323920e-01 8.988164900092168175e-01 9.093589513942357261e-01 8.631506770142038931e-01 9.052667524372992602e-01 8.974586777032245166e-01 8.981742872662303867e-01 9.116172473984500702e-01 8.737071187251901350e-01 8.985002754655644353e-01 8.012197540609435897e-01 8.165752566778246013e-01 7.924894135783797644e-01 8.236517483796985672e-01 7.889919813426269357e-01 8.697222959369119710e-01 7.440294584637578978e-01 8.619218889285145124e-01 8.525544540921650150e-01 5.844447157972387785e-01 0.000000000000000000e+00 5.300419099936425349e-01 7.728058367140480112e-01 7.950376939197419945e-01 8.258489728208157077e-01 7.700009639876213008e-01 7.176578006089253670e-01
2.700000000000000000e+01 9.178455085804925195e-01 9.144032781475971428e-01 9.094541106724255419e-01 8.726225388807117289e-01 9.075461487995496457e-01 9.159196185632053622e-01 9.105266845765142003e-01 9.225514889830784826e-01 8.732826128066882854e-01 9.180709101132006333e-01 9.091604812764323418e-01 9.107904172432107481e-01 9.223122720864277424e-01 8.977151369323400631e-01 9.101931819157241810e-01 8.272411207214364071e-01 8.420397861385368055e-01 8.191778156699071056e-01 8.489831035153599936e-01 8.157439134335057185e-01 8.840688337926972951e-01 7.743836767527644271e-01 8.764663954101447052e-01 8.676139914873229886e-01 6.549549235097839039e-01 5.300419099936425349e-01 0.000000000000000000e+00 7.886766455925886543e-01 8.092544661419581731e-01 8.371755399027841493e-01 7.809773481775972304e-01 7.000329166187071461e-01
2.800000000000000000e+01 8.556235861404173360e-01 8.528198881828068512e-01 8.520092909955454541e-01 8.129699876664320257e-01 8.497683108413935926e-01 8.596065655007534279e-01 8.529092647195437582e-01 8.698727617143682256e-01 8.119240489289707430e-01 8.633053599101898623e-01 8.476936079474712837e-01 8.515512299364216275e-01 8.526150037768249756e-01 9.193425244439803468e-01 8.325110016324246409e-01 8.427390166014487871e-01 8.695751982091046717e-01 8.454667036373890721e-01 8.965742855993725779e-01 8.573108044468973343e-01 7.957820685385306181e-01 8.246710135204211589e-01 7.790915026889739803e-01 7.619607899692957265e-01 7.504377721408113100e-01 7.728058367140480112e-01 7.886766455925886543e-01 0.000000000000000000e+00 5.293664394689069352e-01 6.616079029807379053e-01 5.844128876651135673e-01 7.626433129078664663e-01
2.900000000000000000e+01 8.498234394729390351e-01 8.474067991404151678e-01 8.479753302014839678e-01 8.082318712194324073e-01 8.456890732822200940e-01 8.561080712641880863e-01 8.491551937001119432e-01 8.674415197262600463e-01 8.069302845082643172e-01 8.604277875143003795e-01 8.432979941755861519e-01 8.479312587337221041e-01 8.460522040334478300e-01 9.290455623201011592e-01 8.244419854116485924e-01 8.532670037499122673e-01 8.804722835983810336e-01 8.569450244777813142e-01 9.088262891248125586e-01 8.697257636048464358e-01 7.871812226090094677e-01 8.389956577618439271e-01 7.683480013603808390e-01 7.497439229184951204e-01 7.744276119695238103e-01 7.950376939197419945e-01 8.092544661419581731e-01 5.293664394689069352e-01 0.000000000000000000e+00 6.044832409115862282e-01 6.208852258712442840e-01 7.807450126184463102e-01
3.000000000000000000e+01 8.401756265214038732e-01 8.392554994371260735e-01 8.433771778811559594e-01 8.018571036733349588e-01 8.410816134280111322e-01 8.531438291049034950e-01 8.458478493614386418e-01 8.669538155442900740e-01 8.005822032714237091e-01 8.591929772584078195e-01 8.396913391763632939e-01 8.461714055171046800e-01 8.391786285211343399e-01 9.483091947585934323e-01 8.176589154654657632e-01 8.745112399754556565e-01 9.015642948613548091e-01 8.791319115324779387e-01 9.311800754186706497e-01 8.926396588321224845e-01 7.863812114683884635e-01 8.644666608119205842e-01 7.671893547857083773e-01 7.504950802956288358e-01 8.092271363546502672e-01 8.258489728208157077e-01 8.371755399027841493e-01 6.616079029807379053e-01 6.044832409115862282e-01 0.000000000000000000e+00 6.796847138458281812e-01 8.030735244193603073e-01
3.100000000000000000e+01 8.557831100379305056e-01 8.545425824572328022e-01 8.562704423705624901e-01 8.159813587754563002e-01 8.541110094240247363e-01 8.652522167642482387e-01 8.585688075341850745e-01 8.770765345433764182e-01 8.155638535864540017e-01 8.702968694081931744e-01 8.543008479087497165e-01 8.593082505835152318e-01 8.593362667222899098e-01 9.312692393083648046e-01 8.430910876096491258e-01 8.565277317219368580e-01 8.819233404567348167e-01 8.585504960612342362e-01 9.075012363395533743e-01 8.691370654572376786e-01 8.147142784764749290e-01 8.367620496324399415e-01 8.010702984549125105e-01 7.876890811388992386e-01 7.573635390529487310e-01 7.700009639876213008e-01 7.809773481775972304e-01 5.844128876651135673e-01 6.208852258712442840e-01 6.796847138458281812e-01 0.000000000000000000e+00 7.341970644058704032e-01
3.200000000000000000e+01 8.888772936431728056e-01 8.885622753537938401e-01 8.906124375893651468e-01 8.502145123219171374e-01 8.886219527929168915e-01 9.001565539797793392e-01 8.939301744727097265e-01 9.118070221436980205e-01 8.508576858465546344e-01 9.055873435382948422e-01 8.916931043386611133e-01 8.966702065388481024e-01 9.001031511004145003e-01 9.453390409268749295e-01 8.898032256003785001e-01 8.736654281692652901e-01 8.944117826617785649e-01 8.719009480003414581e-01 9.127821134594973351e-01 8.769365355157199282e-01 8.702076890587990832e-01 8.421720113833357502e-01 8.619434033559294495e-01 8.535617985363543880e-01 7.464028136888933851e-01 7.176578006089253670e-01 7.000329166187071461e-01 7.626433129078664663e-01 7.807450126184463102e-01 8.030735244193603073e-01 7.341970644058704032e-01 0.000000000000000000e+00
