0.000000000000000000e+00 1.000000000000000000e+00 2.000000000000000000e+00 3.000000000000000000e+00 4.000000000000000000e+00 5.000000000000000000e+00 6.000000000000000000e+00 7.000000000000000000e+00 8.000000000000000000e+00 9.000000000000000000e+00 1.000000000000000000e+01 1.100000000000000000e+01 1.200000000000000000e+01 1.300000000000000000e+01 1.400000000000000000e+01 1.500000000000000000e+01 1.600000000000000000e+01 1.700000000000000000e+01 1.800000000000000000e+01 1.900000000000000000e+01 2.000000000000000000e+01 2.100000000000000000e+01 2.200000000000000000e+01 2.300000000000000000e+01 2.400000000000000000e+01 2.500000000000000000e+01 2.600000000000000000e+01 2.700000000000000000e+01 2.800000000000000000e+01 2.900000000000000000e+01 3.000000000000000000e+01 3.100000000000000000e+01 3.200000000000000000e+01
1.000000000000000000e+00 0.000000000000000000e+00 7.783495956794906911e-01 8.580273807909980510e-01 8.425839741693625928e-01 8.522490861581137889e-01 8.530960505268810889e-01 8.428070318738996036e-01 8.647536053346028817e-01 8.113647598836141173e-01 8.539397263875915245e-01 8.148005703110348108e-01 8.275796729889741687e-01 7.191297999636599991e-01 9.610992981481196740e-01 5.333807937184328329e-01 8.899515819461649713e-01 9.153953682733333430e-01 8.941457989379474336e-01 9.435535119994054032e-01 9.063045388714511263e-01 7.371961681873229200e-01 8.789079227643756820e-01 7.315833854018313209e-01 7.467683346768873021e-01 8.152153828656162338e-01 8.093665486714658464e-01 8.029650157474395034e-01 7.407645742558024438e-01 7.310393437623986523e-01 6.129119991296825276e-01 6.538643597409796726e-01 4.079893485493529814e-01
2.000000000000000000e+00 7.783495956794906911e-01 0.000000000000000000e+00 8.130900958585590699e-01 7.875613641487468897e-01 8.071630512505885147e-01 8.157027904190764511e-01 8.055642785219867541e-01 8.357169961203142483e-01 7.628320265300531089e-01 8.237237681727939131e-01 7.883438080093878586e-01 8.041296559277397726e-01 7.383178301797016507e-01 9.670080610899447482e-01 5.667720157830945515e-01 8.985343479006133727e-01 9.238858434141876685e-01 9.039768478341912994e-01 9.541356615192777557e-01 9.173472646329153823e-01 7.628379132042304445e-01 8.929412191393126808e-01 7.594267392359405067e-01 7.744612681843096036e-01 8.387096540479320739e-01 8.349760077249701595e-01 8.300661494301333487e-01 7.713770868937226410e-01 7.624450730021908873e-01 6.465790691136039658e-01 6.869581808937561540e-01 4.416945595699515170e-01
3.000000000000000000e+00 8.580273807909980510e-01 8.130900958585590699e-01 0.000000000000000000e+00 5.991616138190052343e-01 4.613646375445150660e-01 5.757108354630054992e-01 6.275015699369350664e-01 6.612690740346301999e-01 7.296642278137420723e-01 6.504765430338238508e-01 7.359671071734825709e-01 7.216451292251744309e-01 7.907756135888409643e-01 9.473432291952106343e-01 6.349728238573552064e-01 8.877270369100909164e-01 9.126094812017928604e-01 8.971054460786284102e-01 9.494813759842244405e-01 9.142561452818546153e-01 8.099498229816777251e-01 8.994812118089723363e-01 8.116241767210917724e-01 8.257771188588237665e-01 8.751072947222081622e-01 8.778430799401115703e-01 8.775364065690751669e-01 8.300705599258826339e-01 8.235778448753484637e-01 7.144844113215180759e-01 7.531003916215190941e-01 5.096723309787503098e-01
4.000000000000000000e+00 8.425839741693625928e-01 7.875613641487468897e-01 5.991616138190052343e-01 0.000000000000000000e+00 5.679702083075002239e-01 6.399320198618757560e-01 6.336318426101521517e-01 7.122596134651054678e-01 6.822938807557367147e-01 6.901027066599308979e-01 7.134269049536872132e-01 7.145148422969100910e-01 7.739298243027586954e-01 9.529141741598532445e-01 6.198731463786765206e-01 8.907650217607945287e-01 9.159668054349547894e-01 8.992730020666613866e-01 9.513202509875446911e-01 9.156174268191418220e-01 7.980116913910608734e-01 8.984595219553297429e-01 7.992572648084507181e-01 8.137430780125120000e-01 8.672160690698241803e-01 8.685971827152436653e-01 8.672976822110394224e-01 8.171802229552789232e-01 8.101694505664539525e-01 6.997283926960407019e-01 7.387167702003714087e-01 4.949205115824552026e-01
5.000000000000000000e+00 8.522490861581137889e-01 8.071630512505885147e-01 4.613646375445150660e-01 5.679702083075002239e-01 0.000000000000000000e+00 5.464150011075862290e-01 5.897355801725889801e-01 6.611975650715952169e-01 7.114359543807399211e-01 6.378108052971823705e-01 7.182275067625782938e-01 7.041233564566471426e-01 7.824584108045281594e-01 9.445591116548812671e-01 6.280083235618222348e-01 8.841069377880330649e-01 9.092012649423910631e-01 8.933510760782036320e-01 9.457939284513836586e-01 9.103959421022173037e-01 8.028585183525345226e-01 8.950606139943830808e-01 8.047237696196122281e-01 8.189757577215274198e-01 8.693773906061622592e-01 8.719283037893281740e-01 8.714681779504640513e-01 8.234652682150866987e-01 8.168975255784908240e-01 7.076537755555882825e-01 7.463228387751827952e-01 5.028522838683331386e-01
6.000000000000000000e+00 8.530960505268810889e-01 8.157027904190764511e-01 5.757108354630054992e-01 6.399320198618757560e-01 5.464150011075862290e-01 0.000000000000000000e+00 5.317683770224852502e-01 6.000144275887030476e-01 7.175197786572499181e-01 5.464104045518883845e-01 7.055221874828929707e-01 6.758284511591090560e-01 7.794165818976125371e-01 9.321505722123768489e-01 6.259189012940790109e-01 8.721644961117753780e-01 8.974619557819139004e-01 8.819483512233482481e-01 9.348829485274403606e-01 8.995369035129637814e-01 7.975452391148993847e-01 8.852025718175096092e-01 8.001922963566397984e-01 8.143320566036292840e-01 8.631382848262797447e-01 8.665718527843100372e-01 8.667168706148431490e-01 8.200416386812303671e-01 8.138014392438978062e-01 7.055076712157797303e-01 7.439396040561383483e-01 5.007256052024121606e-01
7.000000000000000000e+00 8.428070318738996036e-01 8.055642785219867541e-01 6.275015699369350664e-01 6.336318426101521517e-01 5.897355801725889801e-01 5.317683770224852502e-01 0.000000000000000000e+00 6.455734524476482994e-01 6.842988922030958099e-01 5.806174458578915454e-01 6.646949179789956030e-01 6.326729900498844206e-01 7.643670633322504626e-01 9.313387444535234927e-01 6.138748166604649503e-01 8.695191804349404752e-01 8.951987836720594061e-01 8.788820820392445610e-01 9.318271385211278623e-01 8.961111480628390913e-01 7.856694626969937811e-01 8.803569574958951538e-01 7.886837889720174077e-01 8.030904361028189387e-01 8.546784225020641612e-01 8.575276169441168328e-01 8.572136321457259900e-01 8.090812408690446489e-01 8.026101923716567610e-01 6.938043375441915739e-01 7.324001735864491547e-01 4.890432195298255458e-01
8.000000000000000000e+00 8.647536053346028817e-01 8.357169961203142483e-01 6.612690740346301999e-01 7.122596134651054678e-01 6.611975650715952169e-01 6.000144275887030476e-01 6.455734524476482994e-01 0.000000000000000000e+00 7.572375305207786900e-01 5.332762701633834146e-01 7.356196737236748717e-01 6.980818516275040242e-01 7.915496651866847921e-01 9.153968824699820761e-01 6.357573679086420126e-01 8.581771399049298310e-01 8.832865570556167611e-01 8.691668003290250466e-01 9.227269863236433611e-01 8.878878977166825281e-01 8.034223392776513872e-01 8.765450760897262050e-01 8.064948012183733583e-01 8.201497577344466494e-01 8.634326053402908707e-01 8.686711739119359343e-01 8.701272797141104132e-01 8.269071131467984337e-01 8.213540679203655825e-01 7.148460859966130343e-01 7.527850778218341254e-01 5.100596733588563803e-01
9.000000000000000000e+00 8.113647598836141173e-01 7.628320265300531089e-01 7.296642278137420723e-01 6.822938807557367147e-01 7.114359543807399211e-01 7.175197786572499181e-01 6.842988922030958099e-01 7.572375305207786900e-01 0.000000000000000000e+00 7.310226821695638977e-01 6.267552401545821716e-01 6.820257446710937810e-01 7.226945362226065983e-01 9.428397225164644180e-01 5.807778624626732666e-01 8.767454283389513048e-01 9.025822588698568794e-01 8.840915537792403134e-01 9.358561751344571800e-01 8.993872506949996959e-01 7.615816903595280518e-01 8.788016607964592719e-01 7.630793655453446123e-01 7.781897780251162411e-01 8.381081680038989790e-01 8.377467835916652117e-01 8.351415113484272901e-01 7.813076733091421922e-01 7.736225709527863037e-01 6.615231525138873803e-01 7.009942790637420096e-01 4.567416699048237883e-01
1.000000000000000000e+01 8.539397263875915245e-01 8.237237681727939131e-01 6.504765430338238508e-01 6.901027066599308979e-01 6.378108052971823705e-01 5.464104045518883845e-01 5.806174458578915454e-01 5.332762701633834146e-01 7.310226821695638977e-01 0.000000000000000000e+00 7.029390437906324340e-01 6.558999606417754702e-01 7.773755780557632944e-01 9.187057092237853606e-01 6.240414762281861760e-01 8.590535620738466438e-01 8.846630175675278540e-01 8.694689804352210283e-01 9.230288441039549152e-01 8.876990622221571092e-01 7.920833692865689724e-01 8.744468488418672969e-01 7.955320018466439658e-01 8.095135268139578288e-01 8.564664062600778616e-01 8.609166161611754298e-01 8.617539344008491309e-01 8.165762070110176296e-01 8.107123499045000292e-01 7.035094611117094221e-01 7.416692704685661219e-01 4.987501195258575715e-01
1.100000000000000000e+01 8.148005703110348108e-01 7.883438080093878586e-01 7.359671071734825709e-01 7.134269049536872132e-01 7.182275067625782938e-01 7.055221874828929707e-01 6.646949179789956030e-01 7.356196737236748717e-01 6.267552401545821716e-01 7.029390437906324340e-01 0.000000000000000000e+00 5.752460311952158900e-01 7.145863745099528819e-01 9.276775456855805846e-01 5.787694755870557151e-01 8.614552849164951454e-01 8.878858544241201578e-01 8.695572510398478228e-01 9.222587444965804071e-01 8.856713590618979781e-01 7.508970071743024111e-01 8.661313543748543342e-01 7.553715167113049800e-01 7.706973673003624237e-01 8.303005343646226999e-01 8.314065856796739595e-01 8.297556756261912358e-01 7.775390093632625899e-01 7.703852503575857602e-01 6.600359387404428624e-01 6.991159725922695412e-01 4.553284915100529462e-01
1.200000000000000000e+01 8.275796729889741687e-01 8.041296559277397726e-01 7.216451292251744309e-01 7.145148422969100910e-01 7.041233564566471426e-01 6.758284511591090560e-01 6.326729900498844206e-01 6.980818516275040242e-01 6.820257446710937810e-01 6.558999606417754702e-01 5.752460311952158900e-01 0.000000000000000000e+00 7.355159492450346059e-01 9.183177100707098361e-01 5.919488736636077109e-01 8.534919235128770598e-01 8.801794606630402029e-01 8.626901974144979279e-01 9.162815515575655212e-01 8.798959770404545244e-01 7.582841825548827241e-01 8.625788868293391420e-01 7.637388344158196896e-01 7.786716587529426414e-01 8.344137273802475496e-01 8.373230858869589177e-01 8.369218469581680697e-01 7.875580703054967380e-01 7.810786039348586174e-01 6.726370882333885248e-01 7.112296242964288862e-01 4.679586846645032994e-01
1.300000000000000000e+01 7.191297999636599991e-01 7.383178301797016507e-01 7.907756135888409643e-01 7.739298243027586954e-01 7.824584108045281594e-01 7.794165818976125371e-01 7.643670633322504626e-01 7.915496651866847921e-01 7.226945362226065983e-01 7.773755780557632944e-01 7.145863745099528819e-01 7.355159492450346059e-01 0.000000000000000000e+00 8.922537215511636699e-01 4.692335776552795101e-01 8.207734273346720677e-01 8.466924057341502774e-01 8.254417911289041454e-01 8.755279877504749120e-01 8.381380969742643350e-01 6.657693948289391539e-01 8.112781761192076058e-01 6.645079617178636378e-01 6.804819773008251582e-01 7.506157956657174557e-01 7.458256461727938991e-01 7.400928203243271053e-01 6.787631572881691611e-01 6.694074422288592841e-01 5.526553975961014942e-01 5.933414794319069596e-01 3.478311601783169449e-01
1.400000000000000000e+01 9.610992981481196740e-01 9.670080610899447482e-01 9.473432291952106343e-01 9.529141741598532445e-01 9.445591116548812671e-01 9.321505722123768489e-01 9.313387444535234927e-01 9.153968824699820761e-01 9.428397225164644180e-01 9.187057092237853606e-01 9.276775456855805846e-01 9.183177100707098361e-01 8.922537215511636699e-01 0.000000000000000000e+00 7.193433361069195842e-01 6.553591096705886354e-01 5.728796437056722368e-01 6.450676593198559905e-01 6.065871314969799588e-01 6.360460277364871073e-01 8.838205290709251205e-01 7.126952600575717778e-01 8.821651213379532175e-01 8.913690528962939785e-01 8.374791982307271399e-01 8.555109045102278209e-01 8.706872912930021524e-01 8.865548378518326444e-01 8.872764818290187483e-01 7.927530160974494144e-01 8.261061711137889230e-01 5.866729493370748116e-01
1.500000000000000000e+01 5.333807937184328329e-01 5.667720157830945515e-01 6.349728238573552064e-01 6.198731463786765206e-01 6.280083235618222348e-01 6.259189012940790109e-01 6.138748166604649503e-01 6.357573679086420126e-01 5.807778624626732666e-01 6.240414762281861760e-01 5.787694755870557151e-01 5.919488736636077109e-01 4.692335776552795101e-01 7.193433361069195842e-01 0.000000000000000000e+00 6.468608991552735610e-01 6.725033357116600996e-01 6.506382284446744491e-01 6.999268676706129622e-01 6.624191929905282050e-01 4.836162499264478054e-01 6.338261458309151219e-01 4.791629360347972044e-01 4.950477995664582798e-01 5.667993692862033361e-01 5.603497279883553617e-01 5.534958904290530057e-01 4.899208471466687254e-01 4.799462507779800324e-01 3.612799198734988337e-01 4.024386205605208211e-01 1.564243276077226241e-01
1.600000000000000000e+01 8.899515819461649713e-01 8.985343479006133727e-01 8.877270369100909164e-01 8.907650217607945287e-01 8.841069377880330649e-01 8.721644961117753780e-01 8.695191804349404752e-01 8.581771399049298310e-01 8.767454283389513048e-01 8.590535620738466438e-01 8.614552849164951454e-01 8.534919235128770598e-01 8.207734273346720677e-01 6.553591096705886354e-01 6.468608991552735610e-01 0.000000000000000000e+00 5.481372075643298203e-01 4.617305789912974356e-01 6.503523162834696780e-01 5.780597173679001832e-01 8.096780378041972259e-01 6.164566959416817316e-01 8.075859936855108723e-01 8.160355285776806911e-01 7.587492813857968921e-01 7.826212598222153094e-01 7.995363451443660008e-01 8.108410022152234831e-01 8.123503827466572735e-01 7.198117527105365454e-01 7.527157681559870639e-01 5.139346739669251596e-01
1.700000000000000000e+01 9.153953682733333430e-01 9.238858434141876685e-01 9.126094812017928604e-01 9.159668054349547894e-01 9.092012649423910631e-01 8.974619557819139004e-01 8.951987836720594061e-01 8.832865570556167611e-01 9.025822588698568794e-01 8.846630175675278540e-01 8.878858544241201578e-01 8.801794606630402029e-01 8.466924057341502774e-01 5.728796437056722368e-01 6.725033357116600996e-01 5.481372075643298203e-01 0.000000000000000000e+00 5.052341940046153335e-01 5.620534201703950572e-01 5.096589094655729069e-01 8.373120772687392410e-01 6.260579225024816008e-01 8.351059460835156267e-01 8.439092539852929287e-01 7.795036333900490222e-01 8.000427319822791539e-01 8.169215041836281888e-01 8.374233278953164827e-01 8.387908495130685926e-01 7.453965130752546742e-01 7.783017440981878643e-01 5.392073149955131095e-01
1.800000000000000000e+01 8.941457989379474336e-01 9.039768478341912994e-01 8.971054460786284102e-01 8.992730020666613866e-01 8.933510760782036320e-01 8.819483512233482481e-01 8.788820820392445610e-01 8.691668003290250466e-01 8.840915537792403134e-01 8.694689804352210283e-01 8.695572510398478228e-01 8.626901974144979279e-01 8.254417911289041454e-01 6.450676593198559905e-01 6.506382284446744491e-01 4.617305789912974356e-01 5.052341940046153335e-01 0.000000000000000000e+00 6.116407205708127570e-01 5.049737365357344077e-01 8.151300859227090800e-01 5.775242545421850338e-01 8.126211890382145642e-01 8.210825128928230798e-01 7.524674537524452811e-01 7.762308529380705924e-01 7.942863329684233253e-01 8.138828365834787082e-01 8.156974186094018142e-01 7.232566957979571498e-01 7.558944915442313839e-01 5.171180485392342652e-01
1.900000000000000000e+01 9.435535119994054032e-01 9.541356615192777557e-01 9.494813759842244405e-01 9.513202509875446911e-01 9.457939284513836586e-01 9.348829485274403606e-01 9.318271385211278623e-01 9.227269863236433611e-01 9.358561751344571800e-01 9.230288441039549152e-01 9.222587444965804071e-01 9.162815515575655212e-01 8.755279877504749120e-01 6.065871314969799588e-01 6.999268676706129622e-01 6.503523162834696780e-01 5.620534201703950572e-01 6.116407205708127570e-01 0.000000000000000000e+00 5.345314425110928580e-01 8.672989158643786833e-01 6.381717577971282029e-01 8.645054299781232965e-01 8.733915603473857425e-01 7.935940383034078005e-01 8.106828229308258305e-01 8.282848561866302806e-01 8.642153175037741164e-01 8.658798362972875973e-01 7.723283679309975724e-01 8.048969270056709480e-01 5.656649191539818711e-01
2.000000000000000000e+01 9.063045388714511263e-01 9.173472646329153823e-01 9.142561452818546153e-01 9.156174268191418220e-01 9.103959421022173037e-01 8.995369035129637814e-01 8.961111480628390913e-01 8.878878977166825281e-01 8.993872506949996959e-01 8.876990622221571092e-01 8.856713590618979781e-01 8.798959770404545244e-01 8.381380969742643350e-01 6.360460277364871073e-01 6.624191929905282050e-01 5.780597173679001832e-01 5.096589094655729069e-01 5.049737365357344077e-01 5.345314425110928580e-01 0.000000000000000000e+00 8.290261445946514041e-01 5.580490647408475891e-01 8.261378484877682782e-01 8.347556008402597927e-01 7.541412983256768898e-01 7.754151751289091177e-01 7.941856949015202449e-01 8.255272364752932468e-01 8.274956833297445469e-01 7.347276623050027489e-01 7.671559179115647886e-01 5.282178514756261656e-01
2.100000000000000000e+01 7.371961681873229200e-01 7.628379132042304445e-01 8.099498229816777251e-01 7.980116913910608734e-01 8.028585183525345226e-01 7.975452391148993847e-01 7.856694626969937811e-01 8.034223392776513872e-01 7.615816903595280518e-01 7.920833692865689724e-01 7.508970071743024111e-01 7.582841825548827241e-01 6.657693948289391539e-01 8.838205290709251205e-01 4.836162499264478054e-01 8.096780378041972259e-01 8.373120772687392410e-01 8.151300859227090800e-01 8.672989158643786833e-01 8.290261445946514041e-01 0.000000000000000000e+00 8.019598138505175111e-01 5.429106331422953735e-01 6.067532025353171710e-01 7.469608109886568537e-01 7.464046146849887542e-01 7.431045096256225779e-01 6.802051137198461550e-01 6.720404862399286250e-01 5.637149108611134718e-01 6.032779391655886947e-01 3.598165541909160714e-01
2.200000000000000000e+01 8.789079227643756820e-01 8.929412191393126808e-01 8.994812118089723363e-01 8.984595219553297429e-01 8.950606139943830808e-01 8.852025718175096092e-01 8.803569574958951538e-01 8.765450760897262050e-01 8.788016607964592719e-01 8.744468488418672969e-01 8.661313543748543342e-01 8.625788868293391420e-01 8.112781761192076058e-01 7.126952600575717778e-01 6.338261458309151219e-01 6.164566959416817316e-01 6.260579225024816008e-01 5.775242545421850338e-01 6.381717577971282029e-01 5.580490647408475891e-01 8.019598138505175111e-01 0.000000000000000000e+00 7.982216556053775003e-01 8.064216772244937603e-01 7.044869153402723017e-01 7.328511531579666727e-01 7.556202103078206722e-01 7.937309732422286324e-01 7.967239377528428923e-01 7.054106183994910406e-01 7.371479600246999553e-01 4.987010021101924151e-01
2.300000000000000000e+01 7.315833854018313209e-01 7.594267392359405067e-01 8.116241767210917724e-01 7.992572648084507181e-01 8.047237696196122281e-01 8.001922963566397984e-01 7.886837889720174077e-01 8.064948012183733583e-01 7.630793655453446123e-01 7.955320018466439658e-01 7.553715167113049800e-01 7.637388344158196896e-01 6.645079617178636378e-01 8.821651213379532175e-01 4.791629360347972044e-01 8.075859936855108723e-01 8.351059460835156267e-01 8.126211890382145642e-01 8.645054299781232965e-01 8.261378484877682782e-01 5.429106331422953735e-01 7.982216556053775003e-01 0.000000000000000000e+00 5.113830192185103707e-01 7.405336901745470657e-01 7.400066373343310300e-01 7.366339031633448720e-01 6.706115905306622160e-01 6.620698182245704499e-01 5.560696755966481053e-01 5.956762597341807020e-01 3.526728249661948977e-01
2.400000000000000000e+01 7.467683346768873021e-01 7.744612681843096036e-01 8.257771188588237665e-01 8.137430780125120000e-01 8.189757577215274198e-01 8.143320566036292840e-01 8.030904361028189387e-01 8.201497577344466494e-01 7.781897780251162411e-01 8.095135268139578288e-01 7.706973673003624237e-01 7.786716587529426414e-01 6.804819773008251582e-01 8.913690528962939785e-01 4.950477995664582798e-01 8.160355285776806911e-01 8.439092539852929287e-01 8.210825128928230798e-01 8.733915603473857425e-01 8.347556008402597927e-01 6.067532025353171710e-01 8.064216772244937603e-01 5.113830192185103707e-01 0.000000000000000000e+00 7.491037030011452602e-01 7.502164073905470687e-01 7.477422202258201533e-01 6.779469923872261106e-01 6.693336823568246663e-01 5.693268294735089885e-01 6.085513101538020386e-01 3.668509702416183904e-01
2.500000000000000000e+01 8.152153828656162338e-01 8.387096540479320739e-01 8.751072947222081622e-01 8.672160690698241803e-01 8.693773906061622592e-01 8.631382848262797447e-01 8.546784225020641612e-01 8.634326053402908707e-01 8.381081680038989790e-01 8.564664062600778616e-01 8.303005343646226999e-01 8.344137273802475496e-01 7.506157956657174557e-01 8.374791982307271399e-01 5.667993692862033361e-01 7.587492813857968921e-01 7.795036333900490222e-01 7.524674537524452811e-01 7.935940383034078005e-01 7.541412983256768898e-01 7.469608109886568537e-01 7.044869153402723017e-01 7.405336901745470657e-01 7.491037030011452602e-01 0.000000000000000000e+00 5.817690606498155947e-01 6.468184595575505735e-01 7.179026441703846295e-01 7.250566067577287610e-01 6.358588624770358244e-01 6.644988853983462285e-01 4.273858194004834798e-01
2.600000000000000000e+01 8.093665486714658464e-01 8.349760077249701595e-01 8.778430799401115703e-01 8.685971827152436653e-01 8.719283037893281740e-01 8.665718527843100372e-01 8.575276169441168328e-01 8.686711739119359343e-01 8.377467835916652117e-01 8.609166161611754298e-01 8.314065856796739595e-01 8.373230858869589177e-01 7.458256461727938991e-01 8.555109045102278209e-01 5.603497279883553617e-01 7.826212598222153094e-01 8.000427319822791539e-01 7.762308529380705924e-01 8.106828229308258305e-01 7.754151751289091177e-01 7.464046146849887542e-01 7.328511531579666727e-01 7.400066373343310300e-01 7.502164073905470687e-01 5.817690606498155947e-01 0.000000000000000000e+00 5.284792449250217405e-01 7.235675733092978845e-01 7.265111169383912104e-01 6.295218186391573489e-01 6.598810376145838319e-01 4.188396144042105806e-01
2.700000000000000000e+01 8.029650157474395034e-01 8.300661494301333487e-01 8.775364065690751669e-01 8.672976822110394224e-01 8.714681779504640513e-01 8.667168706148431490e-01 8.572136321457259900e-01 8.701272797141104132e-01 8.351415113484272901e-01 8.617539344008491309e-01 8.297556756261912358e-01 8.369218469581680697e-01 7.400928203243271053e-01 8.706872912930021524e-01 5.534958904290530057e-01 7.995363451443660008e-01 8.169215041836281888e-01 7.942863329684233253e-01 8.282848561866302806e-01 7.941856949015202449e-01 7.431045096256225779e-01 7.556202103078206722e-01 7.366339031633448720e-01 7.477422202258201533e-01 6.468184595575505735e-01 5.284792449250217405e-01 0.000000000000000000e+00 7.240563327703171126e-01 7.242968013787128845e-01 6.226919222403506371e-01 6.542902601657352157e-01 4.106970180464004638e-01
2.800000000000000000e+01 7.407645742558024438e-01 7.713770868937226410e-01 8.300705599258826339e-01 8.171802229552789232e-01 8.234652682150866987e-01 8.200416386812303671e-01 8.090812408690446489e-01 8.269071131467984337e-01 7.813076733091421922e-01 8.165762070110176296e-01 7.775390093632625899e-01 7.875580703054967380e-01 6.787631572881691611e-01 8.865548378518326444e-01 4.899208471466687254e-01 8.108410022152234831e-01 8.374233278953164827e-01 8.138828365834787082e-01 8.642153175037741164e-01 8.255272364752932468e-01 6.802051137198461550e-01 7.937309732422286324e-01 6.706115905306622160e-01 6.779469923872261106e-01 7.179026441703846295e-01 7.235675733092978845e-01 7.240563327703171126e-01 0.000000000000000000e+00 5.225904306923555565e-01 5.476949152192429615e-01 5.462433696111732573e-01 3.513366339473413813e-01
2.900000000000000000e+01 7.310393437623986523e-01 7.624450730021908873e-01 8.235778448753484637e-01 8.101694505664539525e-01 8.168975255784908240e-01 8.138014392438978062e-01 8.026101923716567610e-01 8.213540679203655825e-01 7.736225709527863037e-01 8.107123499045000292e-01 7.703852503575857602e-01 7.810786039348586174e-01 6.694074422288592841e-01 8.872764818290187483e-01 4.799462507779800324e-01 8.123503827466572735e-01 8.387908495130685926e-01 8.156974186094018142e-01 8.658798362972875973e-01 8.274956833297445469e-01 6.720404862399286250e-01 7.967239377528428923e-01 6.620698182245704499e-01 6.693336823568246663e-01 7.250566067577287610e-01 7.265111169383912104e-01 7.242968013787128845e-01 5.225904306923555565e-01 0.000000000000000000e+00 5.264250551178888404e-01 5.564803401459088583e-01 3.425391307983525202e-01
3.000000000000000000e+01 6.129119991296825276e-01 6.465790691136039658e-01 7.144844113215180759e-01 6.997283926960407019e-01 7.076537755555882825e-01 7.055076712157797303e-01 6.938043375441915739e-01 7.148460859966130343e-01 6.615231525138873803e-01 7.035094611117094221e-01 6.600359387404428624e-01 6.726370882333885248e-01 5.526553975961014942e-01 7.927530160974494144e-01 3.612799198734988337e-01 7.198117527105365454e-01 7.453965130752546742e-01 7.232566957979571498e-01 7.723283679309975724e-01 7.347276623050027489e-01 5.637149108611134718e-01 7.054106183994910406e-01 5.560696755966481053e-01 5.693268294735089885e-01 6.358588624770358244e-01 6.295218186391573489e-01 6.226919222403506371e-01 5.476949152192429615e-01 5.264250551178888404e-01 0.000000000000000000e+00 4.683911895557204552e-01 2.252848561938862737e-01
3.100000000000000000e+01 6.538643597409796726e-01 6.869581808937561540e-01 7.531003916215190941e-01 7.387167702003714087e-01 7.463228387751827952e-01 7.439396040561383483e-01 7.324001735864491547e-01 7.527850778218341254e-01 7.009942790637420096e-01 7.416692704685661219e-01 6.991159725922695412e-01 7.112296242964288862e-01 5.933414794319069596e-01 8.261061711137889230e-01 4.024386205605208211e-01 7.527157681559870639e-01 7.783017440981878643e-01 7.558944915442313839e-01 8.048969270056709480e-01 7.671559179115647886e-01 6.032779391655886947e-01 7.371479600246999553e-01 5.956762597341807020e-01 6.085513101538020386e-01 6.644988853983462285e-01 6.598810376145838319e-01 6.542902601657352157e-01 5.462433696111732573e-01 5.564803401459088583e-01 4.683911895557204552e-01 0.000000000000000000e+00 2.607548779878916534e-01
3.200000000000000000e+01 4.079893485493529814e-01 4.416945595699515170e-01 5.096723309787503098e-01 4.949205115824552026e-01 5.028522838683331386e-01 5.007256052024121606e-01 4.890432195298255458e-01 5.100596733588563803e-01 4.567416699048237883e-01 4.987501195258575715e-01 4.553284915100529462e-01 4.679586846645032994e-01 3.478311601783169449e-01 5.866729493370748116e-01 1.564243276077226241e-01 5.139346739669251596e-01 5.392073149955131095e-01 5.171180485392342652e-01 5.656649191539818711e-01 5.282178514756261656e-01 3.598165541909160714e-01 4.987010021101924151e-01 3.526728249661948977e-01 3.668509702416183904e-01 4.273858194004834798e-01 4.188396144042105806e-01 4.106970180464004638e-01 3.513366339473413813e-01 3.425391307983525202e-01 2.252848561938862737e-01 2.607548779878916534e-01 0.000000000000000000e+00
