0.000000000000000000e+00 1.000000000000000000e+00 2.000000000000000000e+00 3.000000000000000000e+00 4.000000000000000000e+00 5.000000000000000000e+00 6.000000000000000000e+00 7.000000000000000000e+00 8.000000000000000000e+00 9.000000000000000000e+00 1.000000000000000000e+01 1.100000000000000000e+01 1.200000000000000000e+01 1.300000000000000000e+01 1.400000000000000000e+01 1.500000000000000000e+01 1.600000000000000000e+01 1.700000000000000000e+01 1.800000000000000000e+01 1.900000000000000000e+01 2.000000000000000000e+01 2.100000000000000000e+01 2.200000000000000000e+01 2.300000000000000000e+01 2.400000000000000000e+01 2.500000000000000000e+01 2.600000000000000000e+01 2.700000000000000000e+01 2.800000000000000000e+01 2.900000000000000000e+01 3.000000000000000000e+01 3.100000000000000000e+01 3.200000000000000000e+01
1.000000000000000000e+00 0.000000000000000000e+00 1.272389967900505736e-01 5.245657926451997577e-01 5.043963491998962878e-01 5.209854818695965895e-01 5.284405269792833426e-01 5.201343081602229912e-01 5.423984680854261331e-01 4.572168524379973675e-01 5.353433804103555627e-01 4.969194852186085698e-01 5.173575144539711568e-01 1.918356151220634298e-01 3.266433111943574663e-01 2.291976346707360890e-01 5.774185911030327301e-01 5.607118929432259868e-01 5.851824607152437130e-01 6.002426352557497236e-01 5.972009495214452013e-01 5.352846471655032801e-01 6.176426894407164303e-01 5.552949780177713901e-01 5.695472150889385743e-01 6.571654374786842778e-01 6.861311962213543225e-01 7.090448097296294661e-01 6.417112057430393035e-01 6.369252129265935425e-01 6.367962593609383104e-01 6.603843272950815635e-01 7.204460705465993708e-01
2.000000000000000000e+00 1.272389967900505736e-01 0.000000000000000000e+00 4.783331291896194548e-01 4.539626111019496868e-01 4.733618849549233731e-01 4.812143595595566037e-01 4.707868310961780267e-01 4.975381624963484128e-01 3.985626287436669912e-01 4.886775910966238978e-01 4.432437460839558363e-01 4.667353404488077118e-01 1.372367265188169649e-01 2.868321267374135952e-01 1.772049122805055277e-01 5.371764794160547307e-01 5.207611143431076783e-01 5.450542590855370628e-01 5.603883112493364127e-01 5.572233938643822437e-01 4.890193933533910631e-01 5.775933486328371780e-01 5.108413454186329083e-01 5.262390625144078848e-01 6.176708065787815949e-01 6.470583330180588177e-01 6.702278733652412557e-01 6.026166783477210354e-01 5.978991114436408294e-01 5.984126274683979618e-01 6.220205464340058388e-01 6.825601462259485164e-01
3.000000000000000000e+00 5.245657926451997577e-01 4.783331291896194548e-01 0.000000000000000000e+00 5.966869764422050304e-01 4.610722133817470869e-01 5.742083567398912347e-01 6.245617665597278378e-01 6.555470720747427205e-01 7.079805699781722694e-01 6.462296583592024302e-01 7.224483801639209890e-01 7.116863663748035362e-01 4.989949792500712467e-01 5.385244827654054323e-01 5.295451697082066422e-01 7.999281952502266257e-01 7.792276623486760201e-01 8.091416296922907536e-01 8.224296764450282904e-01 8.223153746281264276e-01 8.155241763198537441e-01 8.510428171624550009e-01 8.350705223882421979e-01 8.471675671002313335e-01 9.104025568439452210e-01 9.419136869299720161e-01 9.669369391199486019e-01 9.132902964418511127e-01 9.117820939508604061e-01 9.182190957949433185e-01 9.340279288458945839e-01 9.898998539003078800e-01
4.000000000000000000e+00 5.043963491998962878e-01 4.539626111019496868e-01 5.966869764422050304e-01 0.000000000000000000e+00 5.664791837676618202e-01 6.359673778516141684e-01 6.301533186056760272e-01 7.011299809952515893e-01 6.675542611030138573e-01 6.825184098444558867e-01 7.013177176168732263e-01 7.042084690431743565e-01 4.788931619909536086e-01 5.493841219924882058e-01 5.115909721487263973e-01 8.074877459810501090e-01 7.881147998288189349e-01 8.163691836384375788e-01 8.303406602138976300e-01 8.293165394408690272e-01 8.044488719744657956e-01 8.556542779844559243e-01 8.249853809355174317e-01 8.381474471908657575e-01 9.097729618624567083e-01 9.408076352014922428e-01 9.653807581230898771e-01 9.078478086405336045e-01 9.054981571915784455e-01 9.104970981088739146e-01 9.283805477504440962e-01 9.856199370155198647e-01
5.000000000000000000e+00 5.209854818695965895e-01 4.733618849549233731e-01 4.610722133817470869e-01 5.664791837676618202e-01 0.000000000000000000e+00 5.454911206461903195e-01 5.881425871473036082e-01 6.558708263878407774e-01 6.936947503336399201e-01 6.344757449753473111e-01 7.076390187860894798e-01 6.964962176761023693e-01 4.926717400192278107e-01 5.419653112032594144e-01 5.234566832883980059e-01 8.018349186670967743e-01 7.818163905679602621e-01 8.109882169196073187e-01 8.246833282129784060e-01 8.241520816811267469e-01 8.108111690091499568e-01 8.519193376615442626e-01 8.308024603927768315e-01 8.432587895146402834e-01 9.094949988570487642e-01 9.409311671253139941e-01 9.658450815271414358e-01 9.108644304219947196e-01 9.091169210448465376e-01 9.152187300453721308e-01 9.316362433287646017e-01 9.880120815175759130e-01
6.000000000000000000e+00 5.284405269792833426e-01 4.812143595595566037e-01 5.742083567398912347e-01 6.359673778516141684e-01 5.454911206461903195e-01 0.000000000000000000e+00 5.311586003292296798e-01 5.979779619682956682e-01 6.998474474145672808e-01 5.456374776406864857e-01 6.975818524698680356e-01 6.712107386310269819e-01 4.943576436211947756e-01 5.370154159809068517e-01 5.237254318868643788e-01 7.963504827036558265e-01 7.767096795442629542e-01 8.056876137087317646e-01 8.197160069046718345e-01 8.190535944323908968e-01 8.076742259612712527e-01 8.468145184159717731e-01 8.277114596207004737e-01 8.399650745808894259e-01 9.051707634735525199e-01 9.368849470920372902e-01 9.619693591606915950e-01 9.075572406558228833e-01 9.060510499257256045e-01 9.127318433099004258e-01 9.285974491775654815e-01 9.848498128275524621e-01
7.000000000000000000e+00 5.201343081602229912e-01 4.707868310961780267e-01 6.245617665597278378e-01 6.301533186056760272e-01 5.881425871473036082e-01 5.311586003292296798e-01 0.000000000000000000e+00 6.419734119310007703e-01 6.715572453622977722e-01 5.793791793282305758e-01 6.600561317063835531e-01 6.301290712727224408e-01 4.810151690060496255e-01 5.438213766975896757e-01 5.108855530645830534e-01 8.003507345434968112e-01 7.819215869204427793e-01 8.095229767068593540e-01 8.242501383770621803e-01 8.228192866880357226e-01 7.980524141315095132e-01 8.487350668236520734e-01 8.190434197554676832e-01 8.320790212197534119e-01 9.034856592502743533e-01 9.350078855530583599e-01 9.598522640942322992e-01 9.027244509998607613e-01 9.007073460919871044e-01 9.066452109763444289e-01 9.238007671484982364e-01 9.810706684235488417e-01
8.000000000000000000e+00 5.423984680854261331e-01 4.975381624963484128e-01 6.555470720747427205e-01 7.011299809952515893e-01 6.558708263878407774e-01 5.979779619682956682e-01 6.419734119310007703e-01 0.000000000000000000e+00 7.316019902552062248e-01 5.325582054905908524e-01 7.241609534064998854e-01 6.916496664398085192e-01 5.070220714342497104e-01 5.189448345362499548e-01 5.342789769221383267e-01 7.807379333248383180e-01 7.602279096838051586e-01 7.905052202169452480e-01 8.041797873202887192e-01 8.042134651534538214e-01 8.106704185059048218e-01 8.340502661746617141e-01 8.296142537240676074e-01 8.407076694922638316e-01 8.974677783529331210e-01 9.297361013650660144e-01 9.552991373705389533e-01 9.046886476012664380e-01 9.040582182627109331e-01 9.122760545541040988e-01 9.259999230196749309e-01 9.809315726536482760e-01
9.000000000000000000e+00 4.572168524379973675e-01 3.985626287436669912e-01 7.079805699781722694e-01 6.675542611030138573e-01 6.936947503336399201e-01 6.998474474145672808e-01 6.715572453622977722e-01 7.316019902552062248e-01 0.000000000000000000e+00 7.115561018590208509e-01 6.172025707560733210e-01 6.682924430784272785e-01 4.165169775747530889e-01 5.494904381907663726e-01 4.530037962136074237e-01 8.005187867048182415e-01 7.840918684964401919e-01 8.088330083547848881e-01 8.244093263396539140e-01 8.214425853947968648e-01 7.594229523895514866e-01 8.428868733017388370e-01 7.823706768470104489e-01 7.978327640407417709e-01 8.867732036282164332e-01 9.170368990068509252e-01 9.408144279118259012e-01 8.755752368320909307e-01 8.716348142514765973e-01 8.740840051195618576e-01 8.959383282575614782e-01 9.559868761520746716e-01
1.000000000000000000e+01 5.353433804103555627e-01 4.886775910966238978e-01 6.462296583592024302e-01 6.825184098444558867e-01 6.344757449753473111e-01 5.456374776406864857e-01 5.793791793282305758e-01 5.325582054905908524e-01 7.115561018590208509e-01 0.000000000000000000e+00 6.959369988055956746e-01 6.526577595418990851e-01 4.960560223921444689e-01 5.300446168113051026e-01 5.237724095052654905e-01 7.886562370503529262e-01 7.695188272127237994e-01 7.982320599422073615e-01 8.126987085062766791e-01 8.118593953727268886e-01 8.033043188666719736e-01 8.395963338655739738e-01 8.232865197378644861e-01 8.352223503857431064e-01 8.989223052608438236e-01 9.309787818803099135e-01 9.562722587138080543e-01 9.025959911191053786e-01 9.013960069177610057e-01 9.087901688682499257e-01 9.239510115584264049e-01 9.800285955875269739e-01
1.100000000000000000e+01 4.969194852186085698e-01 4.432437460839558363e-01 7.224483801639209890e-01 7.013177176168732263e-01 7.076390187860894798e-01 6.975818524698680356e-01 6.600561317063835531e-01 7.241609534064998854e-01 6.172025707560733210e-01 6.959369988055956746e-01 0.000000000000000000e+00 5.741341009290980013e-01 4.350961609706510136e-01 5.560436890904454366e-01 4.660346005634455890e-01 8.057547938995959225e-01 7.901803922448187301e-01 8.143910240111159604e-01 8.307017469343096483e-01 8.273892014654185001e-01 7.648341544958590088e-01 8.486004728311534739e-01 7.889578127772112204e-01 8.045240643920293921e-01 8.937152671193585585e-01 9.246501943552103420e-01 9.488221323443492006e-01 8.842680045641221342e-01 8.807912188433281164e-01 8.845985440851568127e-01 9.054363760150556661e-01 9.655151342800156744e-01
1.200000000000000000e+01 5.173575144539711568e-01 4.667353404488077118e-01 7.116863663748035362e-01 7.042084690431743565e-01 6.964962176761023693e-01 6.712107386310269819e-01 6.301290712727224408e-01 6.916496664398085192e-01 6.682924430784272785e-01 6.526577595418990851e-01 5.741341009290980013e-01 0.000000000000000000e+00 4.591728428398917372e-01 5.473159843941115543e-01 4.866608343969770489e-01 7.982244833060458955e-01 7.824049824671170938e-01 8.073228505950301725e-01 8.237107008403001807e-01 8.207501187901276030e-01 7.735086749373589754e-01 8.433765097049242820e-01 7.966979311497255356e-01 8.110077326564019140e-01 8.927840957235276820e-01 9.244032660043806082e-01 9.490875916162037074e-01 8.878259601360231068e-01 8.852487966240197848e-01 8.907917167492930277e-01 9.094538056937631065e-01 9.684400819569483065e-01
1.300000000000000000e+01 1.918356151220634298e-01 1.372367265188169649e-01 4.989949792500712467e-01 4.788931619909536086e-01 4.926717400192278107e-01 4.943576436211947756e-01 4.810151690060496255e-01 5.070220714342497104e-01 4.165169775747530889e-01 4.960560223921444689e-01 4.350961609706510136e-01 4.591728428398917372e-01 0.000000000000000000e+00 2.924369067841426362e-01 9.855288173190299150e-02 5.361798356569051904e-01 5.226721887789254062e-01 5.437343662783514775e-01 5.608265032348636048e-01 5.558352141115645573e-01 4.411650266061097891e-01 5.719469652318848185e-01 4.692906604151323435e-01 4.894439109108438268e-01 6.041674169370802039e-01 6.336161695824495954e-01 6.565460945202098442e-01 5.816460369551846865e-01 5.756228881349408910e-01 5.750609863381016540e-01 6.022499450807212718e-01 6.661392702192063808e-01
1.400000000000000000e+01 3.266433111943574663e-01 2.868321267374135952e-01 5.385244827654054323e-01 5.493841219924882058e-01 5.419653112032594144e-01 5.370154159809068517e-01 5.438213766975896757e-01 5.189448345362499548e-01 5.494904381907663726e-01 5.300446168113051026e-01 5.560436890904454366e-01 5.473159843941115543e-01 2.924369067841426362e-01 0.000000000000000000e+00 3.149231455546939173e-01 3.790456400237776080e-01 3.237843665758965983e-01 3.840288192613635632e-01 3.702168626300885723e-01 3.907729362802607742e-01 5.682461156749560871e-01 4.530462991109701631e-01 5.788684624648186006e-01 5.830009885590236030e-01 5.661341469083275291e-01 5.992368310686311261e-01 6.273973311314214873e-01 6.132618767186689412e-01 6.184607003031182826e-01 6.347024143277121278e-01 6.334146228605139761e-01 6.747201335486376905e-01
1.500000000000000000e+01 2.291976346707360890e-01 1.772049122805055277e-01 5.295451697082066422e-01 5.115909721487263973e-01 5.234566832883980059e-01 5.237254318868643788e-01 5.108855530645830534e-01 5.342789769221383267e-01 4.530037962136074237e-01 5.237724095052654905e-01 4.660346005634455890e-01 4.866608343969770489e-01 9.855288173190299150e-02 3.149231455546939173e-01 0.000000000000000000e+00 5.560930901956380179e-01 5.436819597665156767e-01 5.634644546632211481e-01 5.811991789533428321e-01 5.754871786549866641e-01 4.352908584752938070e-01 5.898422834169440021e-01 4.673527454699146766e-01 4.908515015004478732e-01 6.186327497144120668e-01 6.481209229252560267e-01 6.709620274101480986e-01 5.925680995533656459e-01 5.858777288620645729e-01 5.848466311278391894e-01 6.138547689121198747e-01 6.794153957331419136e-01
1.600000000000000000e+01 5.774185911030327301e-01 5.371764794160547307e-01 7.999281952502266257e-01 8.074877459810501090e-01 8.018349186670967743e-01 7.963504827036558265e-01 8.003507345434968112e-01 7.807379333248383180e-01 8.005187867048182415e-01 7.886562370503529262e-01 8.057547938995959225e-01 7.982244833060458955e-01 5.361798356569051904e-01 3.790456400237776080e-01 5.560930901956380179e-01 0.000000000000000000e+00 5.337442517014086008e-01 4.599575779952239651e-01 6.177517139699475468e-01 5.689697485841176405e-01 7.987231274970256756e-01 6.120890090663585470e-01 8.057768450551410222e-01 8.067710250087111179e-01 7.592474148465252481e-01 7.968494590233632380e-01 8.273018013695739858e-01 8.227111793459372935e-01 8.305932584267735619e-01 8.508638488103433817e-01 8.432744186550975574e-01 8.811612120094067802e-01
1.700000000000000000e+01 5.607118929432259868e-01 5.207611143431076783e-01 7.792276623486760201e-01 7.881147998288189349e-01 7.818163905679602621e-01 7.767096795442629542e-01 7.819215869204427793e-01 7.602279096838051586e-01 7.840918684964401919e-01 7.695188272127237994e-01 7.901803922448187301e-01 7.824049824671170938e-01 5.226721887789254062e-01 3.237843665758965983e-01 5.436819597665156767e-01 5.337442517014086008e-01 0.000000000000000000e+00 4.981559055161725036e-01 5.441061423744149028e-01 5.042146154432527450e-01 7.910261308669475078e-01 6.123913300165161333e-01 7.992808327323377426e-01 8.014086147301385799e-01 7.577047775617217207e-01 7.914957575910226417e-01 8.208041623606071591e-01 8.200455336452606714e-01 8.272503812781001331e-01 8.460764877214016488e-01 8.395733669582503556e-01 8.758678120923826249e-01
1.800000000000000000e+01 5.851824607152437130e-01 5.450542590855370628e-01 8.091416296922907536e-01 8.163691836384375788e-01 8.109882169196073187e-01 8.056876137087317646e-01 8.095229767068593540e-01 7.905052202169452480e-01 8.088330083547848881e-01 7.982320599422073615e-01 8.143910240111159604e-01 8.073228505950301725e-01 5.437343662783514775e-01 3.840288192613635632e-01 5.634644546632211481e-01 4.599575779952239651e-01 4.981559055161725036e-01 0.000000000000000000e+00 5.909560177421042670e-01 5.018831372784571254e-01 8.054912519835015772e-01 5.752372809615767801e-01 8.118388149874187221e-01 8.123084379989905512e-01 7.506421962876587139e-01 7.872629080070070451e-01 8.180010276520180978e-01 8.227957869071330643e-01 8.314995115047566498e-01 8.524910009289506929e-01 8.424508274965398780e-01 8.767380957465087388e-01
1.900000000000000000e+01 6.002426352557497236e-01 5.603883112493364127e-01 8.224296764450282904e-01 8.303406602138976300e-01 8.246833282129784060e-01 8.197160069046718345e-01 8.242501383770621803e-01 8.041797873202887192e-01 8.244093263396539140e-01 8.126987085062766791e-01 8.307017469343096483e-01 8.237107008403001807e-01 5.608265032348636048e-01 3.702168626300885723e-01 5.811991789533428321e-01 6.177517139699475468e-01 5.441061423744149028e-01 5.909560177421042670e-01 0.000000000000000000e+00 5.264873049004032968e-01 8.262334121621215388e-01 6.208887191708510889e-01 8.330375374154237456e-01 8.340425740170093194e-01 7.661349133227975949e-01 7.952916313712465879e-01 8.240506010845983775e-01 8.427992346684275438e-01 8.514896563085029291e-01 8.717020848730442362e-01 8.605633956011997654e-01 8.893668274728512291e-01
2.000000000000000000e+01 5.972009495214452013e-01 5.572233938643822437e-01 8.223153746281264276e-01 8.293165394408690272e-01 8.241520816811267469e-01 8.190535944323908968e-01 8.228192866880357226e-01 8.042134651534538214e-01 8.214425853947968648e-01 8.118593953727268886e-01 8.273892014654185001e-01 8.207501187901276030e-01 5.558352141115645573e-01 3.907729362802607742e-01 5.754871786549866641e-01 5.689697485841176405e-01 5.042146154432527450e-01 5.018831372784571254e-01 5.264873049004032968e-01 0.000000000000000000e+00 8.174594247542952274e-01 5.546771926596881785e-01 8.232314018668638322e-01 8.233170070752836578e-01 7.463991140818649894e-01 7.794637919811449045e-01 8.098226032496930182e-01 8.281463770540006264e-01 8.376301689480761814e-01 8.591060602754506670e-01 8.463640985396028160e-01 8.754402605426954143e-01
2.100000000000000000e+01 5.352846471655032801e-01 4.890193933533910631e-01 8.155241763198537441e-01 8.044488719744657956e-01 8.108111690091499568e-01 8.076742259612712527e-01 7.980524141315095132e-01 8.106704185059048218e-01 7.594229523895514866e-01 8.033043188666719736e-01 7.648341544958590088e-01 7.735086749373589754e-01 4.411650266061097891e-01 5.682461156749560871e-01 4.352908584752938070e-01 7.987231274970256756e-01 7.910261308669475078e-01 8.054912519835015772e-01 8.262334121621215388e-01 8.174594247542952274e-01 0.000000000000000000e+00 8.247068743304363236e-01 5.489015353001052144e-01 6.207111762493467966e-01 8.412475068191113126e-01 8.723798041000934145e-01 8.957393758240440595e-01 8.029410882864428389e-01 7.946342533993521196e-01 7.967688119112955603e-01 8.298803873606612758e-01 9.028648712875173565e-01
2.200000000000000000e+01 6.176426894407164303e-01 5.775933486328371780e-01 8.510428171624550009e-01 8.556542779844559243e-01 8.519193376615442626e-01 8.468145184159717731e-01 8.487350668236520734e-01 8.340502661746617141e-01 8.428868733017388370e-01 8.395963338655739738e-01 8.486004728311534739e-01 8.433765097049242820e-01 5.719469652318848185e-01 4.530462991109701631e-01 5.898422834169440021e-01 6.120890090663585470e-01 6.123913300165161333e-01 5.752372809615767801e-01 6.208887191708510889e-01 5.546771926596881785e-01 8.247068743304363236e-01 0.000000000000000000e+00 8.272940550415410765e-01 8.247172767578635488e-01 7.057495317953917935e-01 7.443274856523556249e-01 7.781179365451079688e-01 8.126575670539263330e-01 8.250748832375082165e-01 8.501943744505010558e-01 8.300830415751530023e-01 8.531361649753075316e-01
2.300000000000000000e+01 5.552949780177713901e-01 5.108413454186329083e-01 8.350705223882421979e-01 8.249853809355174317e-01 8.308024603927768315e-01 8.277114596207004737e-01 8.190434197554676832e-01 8.296142537240676074e-01 7.823706768470104489e-01 8.232865197378644861e-01 7.889578127772112204e-01 7.966979311497255356e-01 4.692906604151323435e-01 5.788684624648186006e-01 4.673527454699146766e-01 8.057768450551410222e-01 7.992808327323377426e-01 8.118388149874187221e-01 8.330375374154237456e-01 8.232314018668638322e-01 5.489015353001052144e-01 8.272940550415410765e-01 0.000000000000000000e+00 5.156865390326387244e-01 8.355672856607579968e-01 8.664333468882736700e-01 8.894436064409608766e-01 7.863135575621830187e-01 7.756377257019942961e-01 7.768153744623126356e-01 8.155287303864333648e-01 8.934435491660333017e-01
2.400000000000000000e+01 5.695472150889385743e-01 5.262390625144078848e-01 8.471675671002313335e-01 8.381474471908657575e-01 8.432587895146402834e-01 8.399650745808894259e-01 8.320790212197534119e-01 8.407076694922638316e-01 7.978327640407417709e-01 8.352223503857431064e-01 8.045240643920293921e-01 8.110077326564019140e-01 4.894439109108438268e-01 5.830009885590236030e-01 4.908515015004478732e-01 8.067710250087111179e-01 8.014086147301385799e-01 8.123084379989905512e-01 8.340425740170093194e-01 8.233170070752836578e-01 6.207111762493467966e-01 8.247172767578635488e-01 5.156865390326387244e-01 0.000000000000000000e+00 8.265573253713348612e-01 8.576619637633047244e-01 8.806560084046083370e-01 7.685251922916932488e-01 7.562293266874043907e-01 7.588825374712054872e-01 8.007795163814932504e-01 8.830717198299111725e-01
2.500000000000000000e+01 6.571654374786842778e-01 6.176708065787815949e-01 9.104025568439452210e-01 9.097729618624567083e-01 9.094949988570487642e-01 9.051707634735525199e-01 9.034856592502743533e-01 8.974677783529331210e-01 8.867732036282164332e-01 8.989223052608438236e-01 8.937152671193585585e-01 8.927840957235276820e-01 6.041674169370802039e-01 5.661341469083275291e-01 6.186327497144120668e-01 7.592474148465252481e-01 7.577047775617217207e-01 7.506421962876587139e-01 7.661349133227975949e-01 7.463991140818649894e-01 8.412475068191113126e-01 7.057495317953917935e-01 8.355672856607579968e-01 8.265573253713348612e-01 0.000000000000000000e+00 5.853392916676898317e-01 6.580032236284013569e-01 7.498021356683427507e-01 7.736769213878419427e-01 8.096196074092022466e-01 7.587593862769004271e-01 7.570331711337907610e-01
2.600000000000000000e+01 6.861311962213543225e-01 6.470583330180588177e-01 9.419136869299720161e-01 9.408076352014922428e-01 9.409311671253139941e-01 9.368849470920372902e-01 9.350078855530583599e-01 9.297361013650660144e-01 9.170368990068509252e-01 9.309787818803099135e-01 9.246501943552103420e-01 9.244032660043806082e-01 6.336161695824495954e-01 5.992368310686311261e-01 6.481209229252560267e-01 7.968494590233632380e-01 7.914957575910226417e-01 7.872629080070070451e-01 7.952916313712465879e-01 7.794637919811449045e-01 8.723798041000934145e-01 7.443274856523556249e-01 8.664333468882736700e-01 8.576619637633047244e-01 5.853392916676898317e-01 0.000000000000000000e+00 5.306830806883165996e-01 7.747197740474721650e-01 7.973364574882534361e-01 8.297475056132405102e-01 7.728336489532021680e-01 7.270504775905441974e-01
2.700000000000000000e+01 7.090448097296294661e-01 6.702278733652412557e-01 9.669369391199486019e-01 9.653807581230898771e-01 9.658450815271414358e-01 9.619693591606915950e-01 9.598522640942322992e-01 9.552991373705389533e-01 9.408144279118259012e-01 9.562722587138080543e-01 9.488221323443492006e-01 9.490875916162037074e-01 6.565460945202098442e-01 6.273973311314214873e-01 6.709620274101480986e-01 8.273018013695739858e-01 8.208041623606071591e-01 8.180010276520180978e-01 8.240506010845983775e-01 8.098226032496930182e-01 8.957393758240440595e-01 7.781179365451079688e-01 8.894436064409608766e-01 8.806560084046083370e-01 6.580032236284013569e-01 5.306830806883165996e-01 0.000000000000000000e+00 7.948455569964941736e-01 8.162687418635906633e-01 8.462715978387059801e-01 7.873121444594819440e-01 7.108919368475727918e-01
2.800000000000000000e+01 6.417112057430393035e-01 6.026166783477210354e-01 9.132902964418511127e-01 9.078478086405336045e-01 9.108644304219947196e-01 9.075572406558228833e-01 9.027244509998607613e-01 9.046886476012664380e-01 8.755752368320909307e-01 9.025959911191053786e-01 8.842680045641221342e-01 8.878259601360231068e-01 5.816460369551846865e-01 6.132618767186689412e-01 5.925680995533656459e-01 8.227111793459372935e-01 8.200455336452606714e-01 8.227957869071330643e-01 8.427992346684275438e-01 8.281463770540006264e-01 8.029410882864428389e-01 8.126575670539263330e-01 7.863135575621830187e-01 7.685251922916932488e-01 7.498021356683427507e-01 7.747197740474721650e-01 7.948455569964941736e-01 0.000000000000000000e+00 5.294281939771797729e-01 6.622605146917456276e-01 5.853126509890111961e-01 7.717901647719422886e-01
2.900000000000000000e+01 6.369252129265935425e-01 5.978991114436408294e-01 9.117820939508604061e-01 9.054981571915784455e-01 9.091169210448465376e-01 9.060510499257256045e-01 9.007073460919871044e-01 9.040582182627109331e-01 8.716348142514765973e-01 9.013960069177610057e-01 8.807912188433281164e-01 8.852487966240197848e-01 5.756228881349408910e-01 6.184607003031182826e-01 5.858777288620645729e-01 8.305932584267735619e-01 8.272503812781001331e-01 8.314995115047566498e-01 8.514896563085029291e-01 8.376301689480761814e-01 7.946342533993521196e-01 8.250748832375082165e-01 7.756377257019942961e-01 7.562293266874043907e-01 7.736769213878419427e-01 7.973364574882534361e-01 8.162687418635906633e-01 5.294281939771797729e-01 0.000000000000000000e+00 6.048275222055975453e-01 6.221259775523368951e-01 7.912929733730329485e-01
3.000000000000000000e+01 6.367962593609383104e-01 5.984126274683979618e-01 9.182190957949433185e-01 9.104970981088739146e-01 9.152187300453721308e-01 9.127318433099004258e-01 9.066452109763444289e-01 9.122760545541040988e-01 8.740840051195618576e-01 9.087901688682499257e-01 8.845985440851568127e-01 8.907917167492930277e-01 5.750609863381016540e-01 6.347024143277121278e-01 5.848466311278391894e-01 8.508638488103433817e-01 8.460764877214016488e-01 8.524910009289506929e-01 8.717020848730442362e-01 8.591060602754506670e-01 7.967688119112955603e-01 8.501943744505010558e-01 7.768153744623126356e-01 7.588825374712054872e-01 8.096196074092022466e-01 8.297475056132405102e-01 8.462715978387059801e-01 6.622605146917456276e-01 6.048275222055975453e-01 0.000000000000000000e+00 6.814498439490888071e-01 8.154277629440387365e-01
3.100000000000000000e+01 6.603843272950815635e-01 6.220205464340058388e-01 9.340279288458945839e-01 9.283805477504440962e-01 9.316362433287646017e-01 9.285974491775654815e-01 9.238007671484982364e-01 9.259999230196749309e-01 8.959383282575614782e-01 9.239510115584264049e-01 9.054363760150556661e-01 9.094538056937631065e-01 6.022499450807212718e-01 6.334146228605139761e-01 6.138547689121198747e-01 8.432744186550975574e-01 8.395733669582503556e-01 8.424508274965398780e-01 8.605633956011997654e-01 8.463640985396028160e-01 8.298803873606612758e-01 8.300830415751530023e-01 8.155287303864333648e-01 8.007795163814932504e-01 7.587593862769004271e-01 7.728336489532021680e-01 7.873121444594819440e-01 5.853126509890111961e-01 6.221259775523368951e-01 6.814498439490888071e-01 0.000000000000000000e+00 7.392491103388512119e-01
3.200000000000000000e+01 7.204460705465993708e-01 6.825601462259485164e-01 9.898998539003078800e-01 9.856199370155198647e-01 9.880120815175759130e-01 9.848498128275524621e-01 9.810706684235488417e-01 9.809315726536482760e-01 9.559868761520746716e-01 9.800285955875269739e-01 9.655151342800156744e-01 9.684400819569483065e-01 6.661392702192063808e-01 6.747201335486376905e-01 6.794153957331419136e-01 8.811612120094067802e-01 8.758678120923826249e-01 8.767380957465087388e-01 8.893668274728512291e-01 8.754402605426954143e-01 9.028648712875173565e-01 8.531361649753075316e-01 8.934435491660333017e-01 8.830717198299111725e-01 7.570331711337907610e-01 7.270504775905441974e-01 7.108919368475727918e-01 7.717901647719422886e-01 7.912929733730329485e-01 8.154277629440387365e-01 7.392491103388512119e-01 0.000000000000000000e+00
