0.000000000000000000e+00 1.000000000000000000e+00 2.000000000000000000e+00 3.000000000000000000e+00 4.000000000000000000e+00 5.000000000000000000e+00 6.000000000000000000e+00 7.000000000000000000e+00 8.000000000000000000e+00 9.000000000000000000e+00 1.000000000000000000e+01 1.100000000000000000e+01 1.200000000000000000e+01 1.300000000000000000e+01 1.400000000000000000e+01 1.500000000000000000e+01 1.600000000000000000e+01 1.700000000000000000e+01 1.800000000000000000e+01 1.900000000000000000e+01 2.000000000000000000e+01 2.100000000000000000e+01 2.200000000000000000e+01 2.300000000000000000e+01 2.400000000000000000e+01 2.500000000000000000e+01 2.600000000000000000e+01 2.700000000000000000e+01 2.800000000000000000e+01 2.900000000000000000e+01 3.000000000000000000e+01 3.100000000000000000e+01 3.200000000000000000e+01
1.000000000000000000e+00 0.000000000000000000e+00 8.747978206836426462e-01 3.901906557558756372e+00 3.673174740361430324e+00 4.005036499451112064e+00 4.175932216601362157e+00 4.142259502326024467e+00 4.200665259502936344e+00 3.713204139363929457e+00 4.021175137479795048e+00 4.119924630062320681e+00 4.089517709483877717e+00 1.091351977659911210e+00 1.552471938060782097e+00 1.129568097288284001e+00 1.529166183606626372e+00 1.523261580080121025e+00 1.514389446636730474e+00 1.544944990999598033e+00 1.516495431841878849e+00 3.953834289076121777e+00 1.501672971883292407e+00 4.010291157734769740e+00 4.102540084691690403e+00 1.516594803448104711e+00 1.562229175527514391e+00 1.630781375045749382e+00 4.190062304328802334e+00 4.181113965767304208e+00 3.288165635153223132e+00 3.681503596857713667e+00 1.567013701272583992e+00
2.000000000000000000e+00 8.747978206836426462e-01 0.000000000000000000e+00 3.750046221033582317e+00 3.498698403660974066e+00 3.850355875225179858e+00 4.032867422946418756e+00 3.995634334571465551e+00 4.072524730778623869e+00 3.529135420157620828e+00 3.890333301984473913e+00 3.978219092454954087e+00 3.958274676925584323e+00 9.883734728546160753e-01 1.461045308027068668e+00 1.040298558857028155e+00 1.439576681106354616e+00 1.433247189658427789e+00 1.425090062931403390e+00 1.455659617466234401e+00 1.427511292851302072e+00 3.865779073343645678e+00 1.413844839782147700e+00 3.926039046673741595e+00 4.019271864766083446e+00 1.431670660368813630e+00 1.478494172972519616e+00 1.548002522212499787e+00 4.114388085487070690e+00 4.107763573174874949e+00 3.220791941756185661e+00 3.611632098655179313e+00 1.497569826925622793e+00
3.000000000000000000e+00 3.901906557558756372e+00 3.750046221033582317e+00 0.000000000000000000e+00 5.658786656431638917e+00 4.576741031608413834e+00 5.617650390613338374e+00 6.001135698894745296e+00 6.209909288971348751e+00 6.318987643333965565e+00 6.021736447442029849e+00 6.624470477918030120e+00 6.438844166009057624e+00 3.953833727965606837e+00 4.225888406082312088e+00 3.991374059003072183e+00 4.219680503390108584e+00 4.209167932115585486e+00 4.207005187669470736e+00 4.236344297299480921e+00 4.211063800899216503e+00 6.736079225896522971e+00 4.206430705893902555e+00 6.804624409798508466e+00 6.889895987933198462e+00 4.244046297185563255e+00 4.295985625287197962e+00 4.370077642944636409e+00 6.982798301228259952e+00 6.991105817825069124e+00 6.138593975334124764e+00 6.506594539301201685e+00 4.390588062847514905e+00
4.000000000000000000e+00 3.673174740361430324e+00 3.498698403660974066e+00 5.658786656431638917e+00 0.000000000000000000e+00 5.496016852733569991e+00 6.058339398099596096e+00 6.010165007291074168e+00 6.389234825396083117e+00 6.012363343177700159e+00 6.160352423946869216e+00 6.431493098219541515e+00 6.346332280707588147e+00 3.732390529345225527e+00 4.084869739379870524e+00 3.777124921177104078e+00 4.072397135624120423e+00 4.063668352803752271e+00 4.059046035506797878e+00 4.089020982955675620e+00 4.062531986918128446e+00 6.550853430804929545e+00 4.054265752390292299e+00 6.617599352838588800e+00 6.706240322782266894e+00 4.084226354148902338e+00 4.134465410045273792e+00 4.206962118933610384e+00 6.802433254359992354e+00 6.805360319563940052e+00 5.940677089711659420e+00 6.317046642890384867e+00 4.201929843795218389e+00
5.000000000000000000e+00 4.005036499451112064e+00 3.850355875225179858e+00 4.576741031608413834e+00 5.496016852733569991e+00 0.000000000000000000e+00 5.392446817328972131e+00 5.754881038007780170e+00 6.256852186779510383e+00 6.358698022508681547e+00 5.990377171646438903e+00 6.632626560124287529e+00 6.428015585236576790e+00 4.039960514458012852e+00 4.315801010547236416e+00 4.077485872091442864e+00 4.307597612107768370e+00 4.297865218041229340e+00 4.294960601817196633e+00 4.324899189196399263e+00 4.299158293199242920e+00 6.816588486153579041e+00 4.293691090901186946e+00 6.887059055101168781e+00 6.972675676353257579e+00 4.330426870963122177e+00 4.382806656158718894e+00 4.457116995822071104e+00 7.069561218731624130e+00 7.078240220805925631e+00 6.227041195612523339e+00 6.594652354565762487e+00 4.478950277967980398e+00
6.000000000000000000e+00 4.175932216601362157e+00 4.032867422946418756e+00 5.617650390613338374e+00 6.058339398099596096e+00 5.392446817328972131e+00 0.000000000000000000e+00 5.257291368011691723e+00 5.808836175992095896e+00 6.494652478312730182e+00 5.302145566882535910e+00 6.611246037141083498e+00 6.237354979362854657e+00 4.164997901259805957e+00 4.370570460018878833e+00 4.195387429949327007e+00 4.363647152779231320e+00 4.354068505757293650e+00 4.351775472636767894e+00 4.382550261647235601e+00 4.356876748155128709e+00 6.892988212462098474e+00 4.352958350774554397e+00 6.969448719819311577e+00 7.052479326292174555e+00 4.395079537359191768e+00 4.450148676434761086e+00 4.526523498837546455e+00 7.155128275455441944e+00 7.169921963890580230e+00 6.333635485223682693e+00 6.692166693027831847e+00 4.576300237634102430e+00
7.000000000000000000e+00 4.142259502326024467e+00 3.995634334571465551e+00 6.001135698894745296e+00 6.010165007291074168e+00 5.754881038007780170e+00 5.257291368011691723e+00 0.000000000000000000e+00 6.078731303255856311e+00 6.338672126887297864e+00 5.528382225020592067e+00 6.357240244111978633e+00 5.967232426022055058e+00 4.107762453870533292e+00 4.341089701734270889e+00 4.139716154625694422e+00 4.329378179169793839e+00 4.321483563309646669e+00 4.317361114961640212e+00 4.349228362116772217e+00 4.322509340907539688e+00 6.835294969188129954e+00 4.316275619259928753e+00 6.914836890774683553e+00 6.999451310380945479e+00 4.354884370219475720e+00 4.410230832998452755e+00 4.486543255493293358e+00 7.110061855807969344e+00 7.124038376747018120e+00 6.286727523774846560e+00 6.646840033431879569e+00 4.531725755428142932e+00
8.000000000000000000e+00 4.200665259502936344e+00 4.072524730778623869e+00 6.209909288971348751e+00 6.389234825396083117e+00 6.256852186779510383e+00 5.808836175992095896e+00 6.078731303255856311e+00 0.000000000000000000e+00 6.584985057846287404e+00 5.122935438085892024e+00 6.636709434207111791e+00 6.147797622164779874e+00 4.160723308993368619e+00 4.254041522764023142e+00 4.181677036632199140e+00 4.254400426941103319e+00 4.242953023942265034e+00 4.243588756862991751e+00 4.273995200200996436e+00 4.249671026199401069e+00 6.835473934076853553e+00 4.250352347842018652e+00 6.915016578914556789e+00 6.993237511591840594e+00 4.302923239170451275e+00 4.360711415058936780e+00 4.439511823236957255e+00 7.092738662977088104e+00 7.115477537919755235e+00 6.297379503390271083e+00 6.643687476634899447e+00 4.526722391662035605e+00
9.000000000000000000e+00 3.713204139363929457e+00 3.529135420157620828e+00 6.318987643333965565e+00 6.012363343177700159e+00 6.358698022508681547e+00 6.494652478312730182e+00 6.338672126887297864e+00 6.584985057846287404e+00 0.000000000000000000e+00 6.349281179496442995e+00 5.991836670260110687e+00 6.256747847140762708e+00 3.678163869638853445e+00 4.123516088709100913e+00 3.734692083207619362e+00 4.100928738238042826e+00 4.095602422437368162e+00 4.087081322247771986e+00 4.119082825811058335e+00 4.090434428628957342e+00 6.521560364289598510e+00 4.077029805034042553e+00 6.594377086842802882e+00 6.687862784830918450e+00 4.098422749629826889e+00 4.148609800453939123e+00 4.220495864135093811e+00 6.801343105729363181e+00 6.800978678456916171e+00 5.930423415520870378e+00 6.312718646469787309e+00 4.199370701051608812e+00
1.000000000000000000e+01 4.021175137479795048e+00 3.890333301984473913e+00 6.021736447442029849e+00 6.160352423946869216e+00 5.990377171646438903e+00 5.302145566882535910e+00 5.528382225020592067e+00 5.122935438085892024e+00 6.349281179496442995e+00 0.000000000000000000e+00 6.322633329297304705e+00 5.729789482739016115e+00 3.963116729209934963e+00 4.091106002320724855e+00 3.984860373149921919e+00 4.084306955310745835e+00 4.075399871714244782e+00 4.073314388787342644e+00 4.105386171634012982e+00 4.079499616332359579e+00 6.633772361798351724e+00 4.076776490322908231e+00 6.717115188727673214e+00 6.797221541150984869e+00 4.124275715522496277e+00 4.182477501038434298e+00 4.261194122382772065e+00 6.907206556518741714e+00 6.928832801477446068e+00 6.109346127881391197e+00 6.457756714129170739e+00 4.341821819248481873e+00
1.100000000000000000e+01 4.119924630062320681e+00 3.978219092454954087e+00 6.624470477918030120e+00 6.431493098219541515e+00 6.632626560124287529e+00 6.611246037141083498e+00 6.357240244111978633e+00 6.636709434207111791e+00 5.991836670260110687e+00 6.322633329297304705e+00 0.000000000000000000e+00 5.608976754295952993e+00 3.957298732293488275e+00 4.341664376970140182e+00 4.002101220443024410e+00 4.313229241661327151e+00 4.310876186996223325e+00 4.300215453895638973e+00 4.335320380714067667e+00 4.305010378995691056e+00 6.711604299172160282e+00 4.289984494364921019e+00 6.805139836248464746e+00 6.898759694849769808e+00 4.313700712134755477e+00 4.369175332288074642e+00 4.444574141576493886e+00 7.043282911324872053e+00 7.051969722161837595e+00 6.205823305480631547e+00 6.575510112922777317e+00 4.463533714915436157e+00
1.200000000000000000e+01 4.089517709483877717e+00 3.958274676925584323e+00 6.438844166009057624e+00 6.346332280707588147e+00 6.428015585236576790e+00 6.237354979362854657e+00 5.967232426022055058e+00 6.147797622164779874e+00 6.256747847140762708e+00 5.729789482739016115e+00 5.608976754295952993e+00 0.000000000000000000e+00 3.958619796652839806e+00 4.194811297560759655e+00 3.985586986666021403e+00 4.173098913727633530e+00 4.169191407478711753e+00 4.161277007006406237e+00 4.196344022262779916e+00 4.167231302956033723e+00 6.632917586281294575e+00 4.156737384316319783e+00 6.727863129335393211e+00 6.814616796273321064e+00 4.191376153528706183e+00 4.249986342727973820e+00 4.328102156879930718e+00 6.953736215077589655e+00 6.971423204587392064e+00 6.145873414517168953e+00 6.501411805864358406e+00 4.388132382802389486e+00
1.300000000000000000e+01 1.091351977659911210e+00 9.883734728546160753e-01 3.953833727965606837e+00 3.732390529345225527e+00 4.039960514458012852e+00 4.164997901259805957e+00 4.107762453870533292e+00 4.160723308993368619e+00 3.678163869638853445e+00 3.963116729209934963e+00 3.957298732293488275e+00 3.958619796652839806e+00 0.000000000000000000e+00 1.442220346205653758e+00 7.261074439363266464e-01 1.402208503688929131e+00 1.402132737725185319e+00 1.386837045345714392e+00 1.421158492889746938e+00 1.389043558823998437e+00 3.687100258018761068e+00 1.365985785149569365e+00 3.763949151636250434e+00 3.875050288677967636e+00 1.368156873651507288e+00 1.415043620157130144e+00 1.483546620369860847e+00 4.021056738104545225e+00 4.006956528106501381e+00 3.106962925348895954e+00 3.513664866692880473e+00 1.404510560409131026e+00
1.400000000000000000e+01 1.552471938060782097e+00 1.461045308027068668e+00 4.225888406082312088e+00 4.084869739379870524e+00 4.315801010547236416e+00 4.370570460018878833e+00 4.341089701734270889e+00 4.254041522764023142e+00 4.123516088709100913e+00 4.091106002320724855e+00 4.341664376970140182e+00 4.194811297560759655e+00 1.442220346205653758e+00 0.000000000000000000e+00 1.423580562324048948e+00 6.915906489318728312e-01 5.821531773923416253e-01 6.691502784552245675e-01 6.175668672346312782e-01 6.544462231949530473e-01 3.973299377542092614e+00 7.507178622807784141e-01 4.018307959424411990e+00 4.051223909707387882e+00 9.422302182956763250e-01 1.001654588798094325e+00 1.091561876751967475e+00 3.984596770633213048e+00 4.060581389739564173e+00 3.346036911000882075e+00 3.603941140311476055e+00 1.463810195390764290e+00
1.500000000000000000e+01 1.129568097288284001e+00 1.040298558857028155e+00 3.991374059003072183e+00 3.777124921177104078e+00 4.077485872091442864e+00 4.195387429949327007e+00 4.139716154625694422e+00 4.181677036632199140e+00 3.734692083207619362e+00 3.984860373149921919e+00 4.002101220443024410e+00 3.985586986666021403e+00 7.261074439363266464e-01 1.423580562324048948e+00 0.000000000000000000e+00 1.379177069116841015e+00 1.380483562727501390e+00 1.363485459391921895e+00 1.398511824397901115e+00 1.365494319622446495e+00 3.596106085338458769e+00 1.340073451349707012e+00 3.681120779371474860e+00 3.805794627889606652e+00 1.337777331750659160e+00 1.384243424693089031e+00 1.452186603756723038e+00 3.978939231846211122e+00 3.961115972350908621e+00 3.054199937355741579e+00 3.469034614801424610e+00 1.361917986681603354e+00
1.600000000000000000e+01 1.529166183606626372e+00 1.439576681106354616e+00 4.219680503390108584e+00 4.072397135624120423e+00 4.307597612107768370e+00 4.363647152779231320e+00 4.329378179169793839e+00 4.254400426941103319e+00 4.100928738238042826e+00 4.084306955310745835e+00 4.313229241661327151e+00 4.173098913727633530e+00 1.402208503688929131e+00 6.915906489318728312e-01 1.379177069116841015e+00 0.000000000000000000e+00 5.587626672081782431e-01 4.652388968931304714e-01 6.670215557938274920e-01 5.886566163262278994e-01 3.908996230057089960e+00 6.357916475452694005e-01 3.951809625928278891e+00 3.979153206275552357e+00 8.438972356631107008e-01 9.148402027736677322e-01 1.010063178412936136e+00 3.902110228412719373e+00 3.984840170995035180e+00 3.285656464176393232e+00 3.535497248611009447e+00 1.398436714573858319e+00
1.700000000000000000e+01 1.523261580080121025e+00 1.433247189658427789e+00 4.209167932115585486e+00 4.063668352803752271e+00 4.297865218041229340e+00 4.354068505757293650e+00 4.321483563309646669e+00 4.242953023942265034e+00 4.095602422437368162e+00 4.075399871714244782e+00 4.310876186996223325e+00 4.169191407478711753e+00 1.402132737725185319e+00 5.821531773923416253e-01 1.380483562727501390e+00 5.587626672081782431e-01 0.000000000000000000e+00 5.093018860502092071e-01 5.645852284815746636e-01 5.129273914007759227e-01 3.919442965074290797e+00 6.416015401723351719e-01 3.962648764931500978e+00 3.992138603797793728e+00 8.554393214581954563e-01 9.180681596898752073e-01 1.010062498599691327e+00 3.915323522756179564e+00 3.995648263715859017e+00 3.290063280483247699e+00 3.541534028347899543e+00 1.400978783467631716e+00
1.800000000000000000e+01 1.514389446636730474e+00 1.425090062931403390e+00 4.207005187669470736e+00 4.059046035506797878e+00 4.294960601817196633e+00 4.351775472636767894e+00 4.317361114961640212e+00 4.243588756862991751e+00 4.087081322247771986e+00 4.073314388787342644e+00 4.300215453895638973e+00 4.161277007006406237e+00 1.386837045345714392e+00 6.691502784552245675e-01 1.363485459391921895e+00 4.652388968931304714e-01 5.093018860502092071e-01 0.000000000000000000e+00 6.173300629376088366e-01 5.070146520627749620e-01 3.894703430505837893e+00 5.856243394902234112e-01 3.936994052153711010e+00 3.964248103189844663e+00 8.164955284991244344e-01 8.845967057580941262e-01 9.790990964911441274e-01 3.883093814600850457e+00 3.966179060639968057e+00 3.266819650430423660e+00 3.515101805914008892e+00 1.375990283047318963e+00
1.900000000000000000e+01 1.544944990999598033e+00 1.455659617466234401e+00 4.236344297299480921e+00 4.089020982955675620e+00 4.324899189196399263e+00 4.382550261647235601e+00 4.349228362116772217e+00 4.273995200200996436e+00 4.119082825811058335e+00 4.105386171634012982e+00 4.335320380714067667e+00 4.196344022262779916e+00 1.421158492889746938e+00 6.175668672346312782e-01 1.398511824397901115e+00 6.670215557938274920e-01 5.645852284815746636e-01 6.173300629376088366e-01 0.000000000000000000e+00 5.358938238237269669e-01 3.938722576937580655e+00 6.469154921360915633e-01 3.980872523915756744e+00 4.009936416196750564e+00 8.506023650857621465e-01 9.045543635801391869e-01 9.936141516515188954e-01 3.925203624472314523e+00 4.006250567617257730e+00 3.300659102641810616e+00 3.548624880552151417e+00 1.403355143208218747e+00
2.000000000000000000e+01 1.516495431841878849e+00 1.427511292851302072e+00 4.211063800899216503e+00 4.062531986918128446e+00 4.299158293199242920e+00 4.356876748155128709e+00 4.322509340907539688e+00 4.249671026199401069e+00 4.090434428628957342e+00 4.079499616332359579e+00 4.305010378995691056e+00 4.167231302956033723e+00 1.389043558823998437e+00 6.544462231949530473e-01 1.365494319622446495e+00 5.886566163262278994e-01 5.129273914007759227e-01 5.070146520627749620e-01 5.358938238237269669e-01 0.000000000000000000e+00 3.900156363879031751e+00 5.627082285746711765e-01 3.941917579243321867e+00 3.969536261039142921e+00 8.064045398123311781e-01 8.674514021940942232e-01 9.596589579862935260e-01 3.883473714321023174e+00 3.966366794347081282e+00 3.265220527966840702e+00 3.511805172809152609e+00 1.368909522311591465e+00
2.100000000000000000e+01 3.953834289076121777e+00 3.865779073343645678e+00 6.736079225896522971e+00 6.550853430804929545e+00 6.816588486153579041e+00 6.892988212462098474e+00 6.835294969188129954e+00 6.835473934076853553e+00 6.521560364289598510e+00 6.633772361798351724e+00 6.711604299172160282e+00 6.632917586281294575e+00 3.687100258018761068e+00 3.973299377542092614e+00 3.596106085338458769e+00 3.908996230057089960e+00 3.919442965074290797e+00 3.894703430505837893e+00 3.938722576937580655e+00 3.900156363879031751e+00 0.000000000000000000e+00 3.867037724131187737e+00 5.375405541125910958e+00 5.937417893112479028e+00 3.864604035885870204e+00 3.927988931445558940e+00 4.006726473732035387e+00 6.575653653213406891e+00 6.583620792472514083e+00 5.758843445524570726e+00 6.134217993870559660e+00 4.032885403270850766e+00
2.200000000000000000e+01 1.501672971883292407e+00 1.413844839782147700e+00 4.206430705893902555e+00 4.054265752390292299e+00 4.293691090901186946e+00 4.352958350774554397e+00 4.316275619259928753e+00 4.250352347842018652e+00 4.077029805034042553e+00 4.076776490322908231e+00 4.289984494364921019e+00 4.156737384316319783e+00 1.365985785149569365e+00 7.507178622807784141e-01 1.340073451349707012e+00 6.357916475452694005e-01 6.416015401723351719e-01 5.856243394902234112e-01 6.469154921360915633e-01 5.627082285746711765e-01 3.867037724131187737e+00 0.000000000000000000e+00 3.907082080532549462e+00 3.931861430685411385e+00 7.364799969327260332e-01 8.047813047545087084e-01 9.012079674564446030e-01 3.835208131172318069e+00 3.922206672798594695e+00 3.228892562814893008e+00 3.469741317181834539e+00 1.326976623825651069e+00
2.300000000000000000e+01 4.010291157734769740e+00 3.926039046673741595e+00 6.804624409798508466e+00 6.617599352838588800e+00 6.887059055101168781e+00 6.969448719819311577e+00 6.914836890774683553e+00 6.915016578914556789e+00 6.594377086842802882e+00 6.717115188727673214e+00 6.805139836248464746e+00 6.727863129335393211e+00 3.763949151636250434e+00 4.018307959424411990e+00 3.681120779371474860e+00 3.951809625928278891e+00 3.962648764931500978e+00 3.936994052153711010e+00 3.980872523915756744e+00 3.941917579243321867e+00 5.375405541125910958e+00 3.907082080532549462e+00 0.000000000000000000e+00 5.096203725348121161e+00 3.899689559486379409e+00 3.962515667106506712e+00 4.040607310794213092e+00 6.589655002644922099e+00 6.588972112393873815e+00 5.764445811488048577e+00 6.151427716423401471e+00 4.054281847274019412e+00
2.400000000000000000e+01 4.102540084691690403e+00 4.019271864766083446e+00 6.889895987933198462e+00 6.706240322782266894e+00 6.972675676353257579e+00 7.052479326292174555e+00 6.999451310380945479e+00 6.993237511591840594e+00 6.687862784830918450e+00 6.797221541150984869e+00 6.898759694849769808e+00 6.814616796273321064e+00 3.875050288677967636e+00 4.051223909707387882e+00 3.805794627889606652e+00 3.979153206275552357e+00 3.992138603797793728e+00 3.964248103189844663e+00 4.009936416196750564e+00 3.969536261039142921e+00 5.937417893112479028e+00 3.931861430685411385e+00 5.096203725348121161e+00 0.000000000000000000e+00 3.920726655099221247e+00 3.987493192468539505e+00 4.067900024657365776e+00 6.607338240215333336e+00 6.603717740484073673e+00 5.808446699115165757e+00 6.193973730430641034e+00 4.102588107106631909e+00
2.500000000000000000e+01 1.516594803448104711e+00 1.431670660368813630e+00 4.244046297185563255e+00 4.084226354148902338e+00 4.330426870963122177e+00 4.395079537359191768e+00 4.354884370219475720e+00 4.302923239170451275e+00 4.098422749629826889e+00 4.124275715522496277e+00 4.313700712134755477e+00 4.191376153528706183e+00 1.368156873651507288e+00 9.422302182956763250e-01 1.337777331750659160e+00 8.438972356631107008e-01 8.554393214581954563e-01 8.164955284991244344e-01 8.506023650857621465e-01 8.064045398123311781e-01 3.864604035885870204e+00 7.364799969327260332e-01 3.899689559486379409e+00 3.920726655099221247e+00 0.000000000000000000e+00 6.194716919685350209e-01 7.684853622087848279e-01 3.774175465176053734e+00 3.874068735834313770e+00 3.194748199077236617e+00 3.414484582235457033e+00 1.267442153766785262e+00
2.600000000000000000e+01 1.562229175527514391e+00 1.478494172972519616e+00 4.295985625287197962e+00 4.134465410045273792e+00 4.382806656158718894e+00 4.450148676434761086e+00 4.410230832998452755e+00 4.360711415058936780e+00 4.148609800453939123e+00 4.182477501038434298e+00 4.369175332288074642e+00 4.249986342727973820e+00 1.415043620157130144e+00 1.001654588798094325e+00 1.384243424693089031e+00 9.148402027736677322e-01 9.180681596898752073e-01 8.845967057580941262e-01 9.045543635801391869e-01 8.674514021940942232e-01 3.927988931445558940e+00 8.047813047545087084e-01 3.962515667106506712e+00 3.987493192468539505e+00 6.194716919685350209e-01 0.000000000000000000e+00 5.825752185731714050e-01 3.841139561779280065e+00 3.930525329048876415e+00 3.229660648775446230e+00 3.447895583558159949e+00 1.269992118282441185e+00
2.700000000000000000e+01 1.630781375045749382e+00 1.548002522212499787e+00 4.370077642944636409e+00 4.206962118933610384e+00 4.457116995822071104e+00 4.526523498837546455e+00 4.486543255493293358e+00 4.439511823236957255e+00 4.220495864135093811e+00 4.261194122382772065e+00 4.444574141576493886e+00 4.328102156879930718e+00 1.483546620369860847e+00 1.091561876751967475e+00 1.452186603756723038e+00 1.010063178412936136e+00 1.010062498599691327e+00 9.790990964911441274e-01 9.936141516515188954e-01 9.596589579862935260e-01 4.006726473732035387e+00 9.012079674564446030e-01 4.040607310794213092e+00 4.067900024657365776e+00 7.684853622087848279e-01 5.825752185731714050e-01 0.000000000000000000e+00 3.920508638853191563e+00 4.003076675807182738e+00 3.288465835019227956e+00 3.505866453888592638e+00 1.306259810398721966e+00
2.800000000000000000e+01 4.190062304328802334e+00 4.114388085487070690e+00 6.982798301228259952e+00 6.802433254359992354e+00 7.069561218731624130e+00 7.155128275455441944e+00 7.110061855807969344e+00 7.092738662977088104e+00 6.801343105729363181e+00 6.907206556518741714e+00 7.043282911324872053e+00 6.953736215077589655e+00 4.021056738104545225e+00 3.984596770633213048e+00 3.978939231846211122e+00 3.902110228412719373e+00 3.915323522756179564e+00 3.883093814600850457e+00 3.925203624472314523e+00 3.883473714321023174e+00 6.575653653213406891e+00 3.835208131172318069e+00 6.589655002644922099e+00 6.607338240215333336e+00 3.774175465176053734e+00 3.841139561779280065e+00 3.920508638853191563e+00 0.000000000000000000e+00 5.218272205690762888e+00 5.569102940505064936e+00 5.458523924865496646e+00 3.874200827904181743e+00
2.900000000000000000e+01 4.181113965767304208e+00 4.107763573174874949e+00 6.991105817825069124e+00 6.805360319563940052e+00 7.078240220805925631e+00 7.169921963890580230e+00 7.124038376747018120e+00 7.115477537919755235e+00 6.800978678456916171e+00 6.928832801477446068e+00 7.051969722161837595e+00 6.971423204587392064e+00 4.006956528106501381e+00 4.060581389739564173e+00 3.961115972350908621e+00 3.984840170995035180e+00 3.995648263715859017e+00 3.966179060639968057e+00 4.006250567617257730e+00 3.966366794347081282e+00 6.583620792472514083e+00 3.922206672798594695e+00 6.588972112393873815e+00 6.603717740484073673e+00 3.874068735834313770e+00 3.930525329048876415e+00 4.003076675807182738e+00 5.218272205690762888e+00 0.000000000000000000e+00 5.355266197882663448e+00 5.652590824245286250e+00 3.898071498068843788e+00
3.000000000000000000e+01 3.288165635153223132e+00 3.220791941756185661e+00 6.138593975334124764e+00 5.940677089711659420e+00 6.227041195612523339e+00 6.333635485223682693e+00 6.286727523774846560e+00 6.297379503390271083e+00 5.930423415520870378e+00 6.109346127881391197e+00 6.205823305480631547e+00 6.145873414517168953e+00 3.106962925348895954e+00 3.346036911000882075e+00 3.054199937355741579e+00 3.285656464176393232e+00 3.290063280483247699e+00 3.266819650430423660e+00 3.300659102641810616e+00 3.265220527966840702e+00 5.758843445524570726e+00 3.228892562814893008e+00 5.764445811488048577e+00 5.808446699115165757e+00 3.194748199077236617e+00 3.229660648775446230e+00 3.288465835019227956e+00 5.569102940505064936e+00 5.355266197882663448e+00 0.000000000000000000e+00 5.072378296785152507e+00 3.052226753339319032e+00
3.100000000000000000e+01 3.681503596857713667e+00 3.611632098655179313e+00 6.506594539301201685e+00 6.317046642890384867e+00 6.594652354565762487e+00 6.692166693027831847e+00 6.646840033431879569e+00 6.643687476634899447e+00 6.312718646469787309e+00 6.457756714129170739e+00 6.575510112922777317e+00 6.501411805864358406e+00 3.513664866692880473e+00 3.603941140311476055e+00 3.469034614801424610e+00 3.535497248611009447e+00 3.541534028347899543e+00 3.515101805914008892e+00 3.548624880552151417e+00 3.511805172809152609e+00 6.134217993870559660e+00 3.469741317181834539e+00 6.151427716423401471e+00 6.193973730430641034e+00 3.414484582235457033e+00 3.447895583558159949e+00 3.505866453888592638e+00 5.458523924865496646e+00 5.652590824245286250e+00 5.072378296785152507e+00 0.000000000000000000e+00 3.203078824451109696e+00
3.200000000000000000e+01 1.567013701272583992e+00 1.497569826925622793e+00 4.390588062847514905e+00 4.201929843795218389e+00 4.478950277967980398e+00 4.576300237634102430e+00 4.531725755428142932e+00 4.526722391662035605e+00 4.199370701051608812e+00 4.341821819248481873e+00 4.463533714915436157e+00 4.388132382802389486e+00 1.404510560409131026e+00 1.463810195390764290e+00 1.361917986681603354e+00 1.398436714573858319e+00 1.400978783467631716e+00 1.375990283047318963e+00 1.403355143208218747e+00 1.368909522311591465e+00 4.032885403270850766e+00 1.326976623825651069e+00 4.054281847274019412e+00 4.102588107106631909e+00 1.267442153766785262e+00 1.269992118282441185e+00 1.306259810398721966e+00 3.874200827904181743e+00 3.898071498068843788e+00 3.052226753339319032e+00 3.203078824451109696e+00 0.000000000000000000e+00
