0.000000000000000000e+00 1.000000000000000000e+00 2.000000000000000000e+00 3.000000000000000000e+00 4.000000000000000000e+00 5.000000000000000000e+00 6.000000000000000000e+00 7.000000000000000000e+00 8.000000000000000000e+00 9.000000000000000000e+00 1.000000000000000000e+01 1.100000000000000000e+01 1.200000000000000000e+01 1.300000000000000000e+01 1.400000000000000000e+01 1.500000000000000000e+01 1.600000000000000000e+01 1.700000000000000000e+01 1.800000000000000000e+01 1.900000000000000000e+01 2.000000000000000000e+01 2.100000000000000000e+01 2.200000000000000000e+01 2.300000000000000000e+01 2.400000000000000000e+01 2.500000000000000000e+01 2.600000000000000000e+01 2.700000000000000000e+01 2.800000000000000000e+01 2.900000000000000000e+01 3.000000000000000000e+01 3.100000000000000000e+01 3.200000000000000000e+01
1.000000000000000000e+00 0.000000000000000000e+00 8.682662302357041506e-01 9.798193445510622324e-01 9.614015455733675442e-01 9.766744627465305806e-01 9.866517570875962262e-01 9.801875605828216376e-01 1.006670956175166332e+00 9.498546049301671568e-01 9.968779835795508193e-01 9.716621717882653053e-01 9.854643991517216817e-01 9.659161337377597523e-01 1.195828634430447623e+00 9.976986640110226956e-01 1.133452245224113808e+00 1.160893140325206740e+00 1.144693636977126561e+00 1.201311274429206932e+00 1.164802217431255116e+00 1.030522182132904474e+00 1.152360494041684724e+00 1.041362326856385190e+00 1.050851711653675302e+00 1.154791126266749179e+00 1.182597074784932367e+00 1.203600762338779218e+00 1.118701682091112204e+00 1.111483213892007438e+00 1.106935031765308608e+00 1.136429363321323383e+00 1.202210862141551928e+00
2.000000000000000000e+00 8.682662302357041506e-01 0.000000000000000000e+00 8.362153940104036787e-01 8.065370064844208375e-01 8.308114276646724194e-01 8.448386698815514295e-01 8.353020047540486992e-01 8.719132716869855138e-01 7.862041269022052026e-01 8.590541081713704008e-01 8.257753964794848356e-01 8.453249012179161470e-01 8.406005147665298605e-01 1.081754258212842990e+00 8.863934155307645613e-01 1.020395066277890672e+00 1.048004598037669322e+00 1.032391010488480587e+00 1.089632577970387928e+00 1.053263721568698852e+00 9.213166708823872231e-01 1.042366038681060481e+00 9.352149285819526536e-01 9.459961347985377245e-01 1.050242888314615319e+00 1.079390941060019316e+00 1.101323545956643057e+00 1.019184388753365589e+00 1.012905690034950901e+00 1.011080248434589102e+00 1.038607529527785012e+00 1.104158040462366319e+00
3.000000000000000000e+00 9.798193445510622324e-01 8.362153940104036787e-01 0.000000000000000000e+00 5.995196126939894565e-01 4.613916841354114284e-01 5.761305503660726357e-01 6.281611850580086642e-01 6.629545928805713473e-01 7.325549721436622752e-01 6.519456766350776311e-01 7.397542782392622085e-01 7.251560515950020713e-01 8.437718170951347130e-01 9.917170162796742350e-01 8.727317585903201502e-01 9.364654834690051555e-01 9.634058881306546418e-01 9.507508491847611598e-01 1.008908163694470783e+00 9.737172997206084979e-01 8.852012052397331132e-01 9.688986429926917943e-01 9.007189074950914254e-01 9.102436788540648749e-01 9.943517595943196508e-01 1.026288395082071148e+00 1.050339146721221750e+00 9.803176514275326880e-01 9.772681174617279254e-01 9.822903300717213959e-01 1.002133174302451302e+00 1.064077740209294909e+00
4.000000000000000000e+00 9.614015455733675442e-01 8.065370064844208375e-01 5.995196126939894565e-01 0.000000000000000000e+00 5.683061839572184359e-01 6.412093163512869731e-01 6.349760568379692049e-01 7.156612610359831539e-01 6.840957828356483139e-01 6.930302676058820444e-01 7.176006439162453399e-01 7.193130170321923034e-01 8.260673258561037624e-01 1.004827535864928789e+00 8.618018041825071807e-01 9.474198250234324714e-01 9.747816477955555392e-01 9.611551252330576833e-01 1.019293247574065475e+00 9.836577888137369996e-01 8.804671006512072573e-01 9.770713136436040003e-01 8.965656247289259806e-01 9.068894566139171776e-01 9.979897079402795246e-01 1.029403724477921500e+00 1.053014438596257429e+00 9.796501580937602149e-01 9.758179284526606878e-01 9.794170866711464640e-01 1.001177403941579502e+00 1.064270588273676488e+00
5.000000000000000000e+00 9.766744627465305806e-01 8.308114276646724194e-01 4.613916841354114284e-01 5.683061839572184359e-01 0.000000000000000000e+00 5.467385589186729566e-01 5.902012617533898275e-01 6.628081617147314475e-01 7.138814442757906997e-01 6.391321796117649390e-01 7.214349280819564170e-01 7.071883442978209589e-01 8.335996294843288634e-01 9.891669603139623401e-01 8.638539317854386779e-01 9.330706676717641646e-01 9.602563715095668861e-01 9.472595742446829892e-01 1.005539713690037029e+00 9.701656524259676395e-01 8.773366232484138827e-01 9.648333518530161079e-01 8.932538894298782672e-01 9.030648277409234481e-01 9.892332735146169842e-01 1.021126814757943535e+00 1.045116190432262337e+00 9.742697986491299922e-01 9.710700670078886709e-01 9.759013969599670268e-01 9.961309224151442265e-01 1.058402601318477299e+00
6.000000000000000000e+00 9.866517570875962262e-01 8.448386698815514295e-01 5.761305503660726357e-01 6.412093163512869731e-01 5.467385589186729566e-01 0.000000000000000000e+00 5.318645627539899667e-01 6.005579876501716541e-01 7.206842075146510096e-01 5.467497176156194127e-01 7.078354197508599510e-01 6.774523293992308348e-01 8.282597976795333938e-01 9.709442323940191688e-01 8.547875523095481709e-01 9.149472618196299312e-01 9.423100522004692614e-01 9.294567629230894301e-01 9.880567057868505643e-01 9.526826158795609345e-01 8.644787166155349922e-01 9.478775433307906617e-01 8.806597466010535058e-01 8.903042973549948336e-01 9.742587247359300040e-01 1.006556067406501498e+00 1.030828404662335052e+00 9.613504443686777812e-01 9.585678930833321232e-01 9.643322094159532121e-01 9.835804147824793731e-01 1.045473885845153106e+00
7.000000000000000000e+00 9.801875605828216376e-01 8.353020047540486992e-01 6.281611850580086642e-01 6.349760568379692049e-01 5.902012617533898275e-01 5.318645627539899667e-01 0.000000000000000000e+00 6.463691051800561915e-01 6.867233895693066748e-01 5.810447351057960175e-01 6.661881394112473265e-01 6.338283168796224887e-01 8.098027161606142776e-01 9.718643187917723747e-01 8.396196052229975004e-01 9.140757952278504295e-01 9.419015599933735494e-01 9.282877125226327575e-01 9.870551666842866112e-01 9.512959100374027699e-01 8.522572831114951786e-01 9.452576162699468654e-01 8.693723992520550059e-01 8.797337449271074306e-01 9.688872303925248897e-01 1.001007438037768704e+00 1.025086937970513867e+00 9.534754615679039702e-01 9.502709004941531923e-01 9.554290871802906260e-01 9.757447696090260081e-01 1.038455815860760634e+00
8.000000000000000000e+00 1.006670956175166332e+00 8.719132716869855138e-01 6.629545928805713473e-01 7.156612610359831539e-01 6.628081617147314475e-01 6.005579876501716541e-01 6.463691051800561915e-01 0.000000000000000000e+00 7.631226750353813371e-01 5.333600904240715090e-01 7.387967833571728038e-01 6.995145663349756626e-01 8.424993704906769132e-01 9.460468843579314946e-01 8.610089218491233654e-01 8.923157789858537914e-01 9.193596693920986773e-01 9.076119511428364373e-01 9.664343983626255685e-01 9.315224941068560582e-01 8.626956069393776350e-01 9.289009199818618612e-01 8.779886769755107512e-01 8.865223565947921713e-01 9.611734972909353747e-01 9.941865472254356462e-01 1.019046633878432973e+00 9.539317654784738032e-01 9.521882096359175485e-01 9.598443836668817397e-01 9.765561226382954985e-01 1.036955499082433008e+00
9.000000000000000000e+00 9.498546049301671568e-01 7.862041269022052026e-01 7.325549721436622752e-01 6.840957828356483139e-01 7.138814442757906997e-01 7.206842075146510096e-01 6.867233895693066748e-01 7.631226750353813371e-01 0.000000000000000000e+00 7.357779018264681836e-01 6.290023821768918610e-01 6.864128256619187463e-01 7.625355339513399944e-01 1.001988350881163337e+00 8.152896161281152354e-01 9.407703029925922333e-01 9.690084178040998530e-01 9.537194937494242186e-01 1.012044003223205646e+00 9.756012968940663832e-01 8.456847604608879188e-01 9.661630153183105030e-01 8.639326395230129130e-01 8.761493910085513814e-01 9.802623638374015069e-01 1.011106226661736329e+00 1.034174375464087747e+00 9.554579420312867555e-01 9.504715008566888557e-01 9.522753658065497007e-01 9.769441909528961965e-01 1.042067262013690154e+00
1.000000000000000000e+01 9.968779835795508193e-01 8.590541081713704008e-01 6.519456766350776311e-01 6.930302676058820444e-01 6.391321796117649390e-01 5.467497176156194127e-01 5.810447351057960175e-01 5.333600904240715090e-01 7.357779018264681836e-01 0.000000000000000000e+00 7.051928793003466867e-01 6.568235392723388300e-01 8.253024322493835996e-01 9.518672378030019754e-01 8.469578403942267242e-01 8.958155400180241035e-01 9.234513973784270746e-01 9.107098677089473515e-01 9.697332065746784302e-01 9.343231112142489359e-01 8.518765307015327970e-01 9.300781022666790854e-01 8.682046482953387212e-01 8.775640901884520506e-01 9.587063445170216358e-01 9.914674757425951945e-01 1.016061939202605346e+00 9.481759751249416723e-01 9.458814465975291519e-01 9.527146255079879111e-01 9.708104302272202446e-01 1.032249048200812869e+00
1.100000000000000000e+01 9.716621717882653053e-01 8.257753964794848356e-01 7.397542782392622085e-01 7.176006439162453399e-01 7.214349280819564170e-01 7.078354197508599510e-01 6.661881394112473265e-01 7.387967833571728038e-01 6.290023821768918610e-01 7.051928793003466867e-01 0.000000000000000000e+00 5.759044588840437351e-01 7.472275143778808193e-01 9.736119528806492784e-01 7.902816282842880513e-01 9.113973818030680629e-01 9.402524826394049740e-01 9.246890449911175924e-01 9.836945776533996266e-01 9.469858280495246916e-01 8.145112975409809497e-01 9.376114066156886473e-01 8.350852115988880442e-01 8.480063211307271587e-01 9.534305130477982448e-01 9.850157865236619514e-01 1.008539314819973276e+00 9.306697178976355289e-01 9.261864975637643660e-01 9.295502406605287149e-01 9.531094108619377892e-01 1.018269639341951471e+00
1.200000000000000000e+01 9.854643991517216817e-01 8.453249012179161470e-01 7.251560515950020713e-01 7.193130170321923034e-01 7.071883442978209589e-01 6.774523293992308348e-01 6.338283168796224887e-01 6.995145663349756626e-01 6.864128256619187463e-01 6.568235392723388300e-01 5.759044588840437351e-01 0.000000000000000000e+00 7.733536624242967061e-01 9.551739142937447635e-01 8.013545001298646442e-01 8.938989652276900788e-01 9.228675510324073628e-01 9.078717393712902872e-01 9.673596059983777806e-01 9.308158417200922408e-01 8.136679394866723758e-01 9.228791491776036082e-01 8.336076469892990115e-01 8.454465760118932138e-01 9.433405434925841160e-01 9.756759678788244905e-01 9.997550967515025366e-01 9.253976574063900173e-01 9.218779415028000024e-01 9.271292754815569914e-01 9.483484231817529420e-01 1.012342416781570442e+00
1.300000000000000000e+01 9.659161337377597523e-01 8.406005147665298605e-01 8.437718170951347130e-01 8.260673258561037624e-01 8.335996294843288634e-01 8.282597976795333938e-01 8.098027161606142776e-01 8.424993704906769132e-01 7.625355339513399944e-01 8.253024322493835996e-01 7.472275143778808193e-01 7.733536624242967061e-01 0.000000000000000000e+00 1.000934167104313266e+00 6.829211547838128782e-01 9.339059153001938451e-01 9.630438999339170358e-01 9.450102965624151974e-01 1.002932441108768558e+00 9.652964893604130125e-01 7.750266213243772739e-01 9.505268159321098587e-01 7.977522879562668479e-01 8.152572572356455716e-01 9.502822443244214323e-01 9.796090151323051387e-01 1.001395603728259198e+00 9.107104831018126845e-01 9.028180480338758862e-01 8.999099291713688054e-01 9.319776285803640370e-01 1.001783881627268613e+00
1.400000000000000000e+01 1.195828634430447623e+00 1.081754258212842990e+00 9.917170162796742350e-01 1.004827535864928789e+00 9.891669603139623401e-01 9.709442323940191688e-01 9.718643187917723747e-01 9.460468843579314946e-01 1.001988350881163337e+00 9.518672378030019754e-01 9.736119528806492784e-01 9.551739142937447635e-01 1.000934167104313266e+00 0.000000000000000000e+00 9.823348174367995123e-01 6.554992693656067626e-01 5.731015566300263764e-01 6.455153930201944501e-01 6.078191043358187606e-01 6.372200311160867159e-01 9.436208219774770978e-01 7.156499015701207611e-01 9.435716695003930621e-01 9.391405098646208316e-01 8.574894060634565829e-01 8.905412328565658342e-01 9.205429728399205924e-01 9.372656653517887904e-01 9.478553987244944246e-01 9.723174291852370033e-01 9.567826074265717295e-01 9.864360768444528915e-01
1.500000000000000000e+01 9.976986640110226956e-01 8.863934155307645613e-01 8.727317585903201502e-01 8.618018041825071807e-01 8.638539317854386779e-01 8.547875523095481709e-01 8.396196052229975004e-01 8.610089218491233654e-01 8.152896161281152354e-01 8.469578403942267242e-01 7.902816282842880513e-01 8.013545001298646442e-01 6.829211547838128782e-01 9.823348174367995123e-01 0.000000000000000000e+00 9.121178631517199431e-01 9.418462631128559082e-01 9.223112169565841345e-01 9.802045435538917495e-01 9.418684614342303085e-01 6.927915436317200193e-01 9.242849944297315545e-01 7.243117117544741745e-01 7.504085891150200638e-01 9.170236337502066792e-01 9.462305211957859896e-01 9.677642368954779695e-01 8.692383806607786312e-01 8.596192549178995890e-01 8.552569924382418254e-01 8.919957157196551911e-01 9.656601912648459241e-01
1.600000000000000000e+01 1.133452245224113808e+00 1.020395066277890672e+00 9.364654834690051555e-01 9.474198250234324714e-01 9.330706676717641646e-01 9.149472618196299312e-01 9.140757952278504295e-01 8.923157789858537914e-01 9.407703029925922333e-01 8.958155400180241035e-01 9.113973818030680629e-01 8.938989652276900788e-01 9.339059153001938451e-01 6.554992693656067626e-01 9.121178631517199431e-01 0.000000000000000000e+00 5.482170828934278539e-01 4.618870271252857318e-01 6.512051758901775678e-01 5.788000501712078361e-01 8.692438070621986146e-01 6.186214099708995384e-01 8.679229824588254871e-01 8.623127051109125141e-01 7.766669960948784368e-01 8.154965024559723830e-01 8.472673568509911934e-01 8.575801882248497154e-01 8.689187135305944665e-01 8.950127119652782071e-01 8.784536797086235360e-01 9.107109600682949946e-01
1.700000000000000000e+01 1.160893140325206740e+00 1.048004598037669322e+00 9.634058881306546418e-01 9.747816477955555392e-01 9.602563715095668861e-01 9.423100522004692614e-01 9.419015599933735494e-01 9.193596693920986773e-01 9.690084178040998530e-01 9.234513973784270746e-01 9.402524826394049740e-01 9.228675510324073628e-01 9.630438999339170358e-01 5.731015566300263764e-01 9.418462631128559082e-01 5.482170828934278539e-01 0.000000000000000000e+00 5.052774277780127665e-01 5.624949520338078379e-01 5.100442900130128798e-01 9.003322836573934840e-01 6.276279341138097934e-01 8.988329870386850828e-01 8.932125717484040717e-01 7.956657100434494367e-01 8.301432867084268530e-01 8.611337385218311713e-01 8.843415867860571211e-01 8.961398518855774320e-01 9.221868391949468169e-01 9.036267625465814746e-01 9.308499514252854823e-01
1.800000000000000000e+01 1.144693636977126561e+00 1.032391010488480587e+00 9.507508491847611598e-01 9.611551252330576833e-01 9.472595742446829892e-01 9.294567629230894301e-01 9.282877125226327575e-01 9.076119511428364373e-01 9.537194937494242186e-01 9.107098677089473515e-01 9.246890449911175924e-01 9.078717393712902872e-01 9.450102965624151974e-01 6.455153930201944501e-01 9.223112169565841345e-01 4.618870271252857318e-01 5.052774277780127665e-01 0.000000000000000000e+00 6.119327470944295744e-01 5.051915135974534010e-01 8.789726478271375765e-01 5.786869983902049874e-01 8.767019299630998130e-01 8.704127192983976968e-01 7.672764537689353848e-01 8.047536588203740848e-01 8.368041128411134455e-01 8.587699888562738693e-01 8.711289097692680450e-01 8.981120969851672520e-01 8.784964149938376821e-01 9.062552379464987595e-01
1.900000000000000000e+01 1.201311274429206932e+00 1.089632577970387928e+00 1.008908163694470783e+00 1.019293247574065475e+00 1.005539713690037029e+00 9.880567057868505643e-01 9.870551666842866112e-01 9.664343983626255685e-01 1.012044003223205646e+00 9.697332065746784302e-01 9.836945776533996266e-01 9.673596059983777806e-01 1.002932441108768558e+00 6.078191043358187606e-01 9.802045435538917495e-01 6.512051758901775678e-01 5.624949520338078379e-01 6.119327470944295744e-01 0.000000000000000000e+00 5.345475941683024423e-01 9.378689378429185819e-01 6.385826543661694554e-01 9.349528713545811609e-01 9.283317999259541597e-01 8.051401616888826940e-01 8.339921518086956809e-01 8.641697874219282927e-01 9.090138714473474657e-01 9.222910629709528685e-01 9.495246734354045870e-01 9.261495903979954925e-01 9.449884784311404218e-01
2.000000000000000000e+01 1.164802217431255116e+00 1.053263721568698852e+00 9.737172997206084979e-01 9.836577888137369996e-01 9.701656524259676395e-01 9.526826158795609345e-01 9.512959100374027699e-01 9.315224941068560582e-01 9.756012968940663832e-01 9.343231112142489359e-01 9.469858280495246916e-01 9.308158417200922408e-01 9.652964893604130125e-01 6.372200311160867159e-01 9.418684614342303085e-01 5.788000501712078361e-01 5.100442900130128798e-01 5.051915135974534010e-01 5.345475941683024423e-01 0.000000000000000000e+00 8.984549216295871776e-01 5.584558942227595413e-01 8.952937449962456995e-01 8.884096834266479448e-01 7.658026418047407802e-01 7.992165719234436416e-01 8.308680216607184921e-01 8.692748110081036650e-01 8.826689565671159698e-01 9.103631314410929321e-01 8.872683085053370000e-01 9.086654930246798045e-01
2.100000000000000000e+01 1.030522182132904474e+00 9.213166708823872231e-01 8.852012052397331132e-01 8.804671006512072573e-01 8.773366232484138827e-01 8.644787166155349922e-01 8.522572831114951786e-01 8.626956069393776350e-01 8.456847604608879188e-01 8.518765307015327970e-01 8.145112975409809497e-01 8.136679394866723758e-01 7.750266213243772739e-01 9.436208219774770978e-01 6.927915436317200193e-01 8.692438070621986146e-01 9.003322836573934840e-01 8.789726478271375765e-01 9.378689378429185819e-01 8.984549216295871776e-01 0.000000000000000000e+00 8.781796315764691663e-01 5.497520984214137041e-01 6.228866115398368208e-01 8.673135622583025839e-01 8.987386663156433642e-01 9.214195936097226980e-01 8.154963871395204400e-01 8.058143883156696496e-01 8.071696320025536497e-01 8.439054576329820812e-01 9.221979007429332853e-01
2.200000000000000000e+01 1.152360494041684724e+00 1.042366038681060481e+00 9.688986429926917943e-01 9.770713136436040003e-01 9.648333518530161079e-01 9.478775433307906617e-01 9.452576162699468654e-01 9.289009199818618612e-01 9.661630153183105030e-01 9.300781022666790854e-01 9.376114066156886473e-01 9.228791491776036082e-01 9.505268159321098587e-01 7.156499015701207611e-01 9.242849944297315545e-01 6.186214099708995384e-01 6.276279341138097934e-01 5.786869983902049874e-01 6.385826543661694554e-01 5.584558942227595413e-01 8.781796315764691663e-01 0.000000000000000000e+00 8.729944549881507587e-01 8.645150551525691007e-01 7.122828214457790352e-01 7.512583655665139304e-01 7.859243886790754363e-01 8.338506377369934164e-01 8.491968481132303737e-01 8.791820479203942273e-01 8.512658496079739123e-01 8.691028412257728597e-01
2.300000000000000000e+01 1.041362326856385190e+00 9.352149285819526536e-01 9.007189074950914254e-01 8.965656247289259806e-01 8.932538894298782672e-01 8.806597466010535058e-01 8.693723992520550059e-01 8.779886769755107512e-01 8.639326395230129130e-01 8.682046482953387212e-01 8.350852115988880442e-01 8.336076469892990115e-01 7.977522879562668479e-01 9.435716695003930621e-01 7.243117117544741745e-01 8.679229824588254871e-01 8.988329870386850828e-01 8.767019299630998130e-01 9.349528713545811609e-01 8.952937449962456995e-01 5.497520984214137041e-01 8.729944549881507587e-01 0.000000000000000000e+00 5.160538033245223311e-01 8.554242122611193100e-01 8.864725912786273199e-01 9.088108431202599480e-01 7.939606694965224420e-01 7.820959420400486195e-01 7.825401204822366452e-01 8.243433168913734121e-01 9.069202279362809094e-01
2.400000000000000000e+01 1.050851711653675302e+00 9.459961347985377245e-01 9.102436788540648749e-01 9.068894566139171776e-01 9.030648277409234481e-01 8.903042973549948336e-01 8.797337449271074306e-01 8.865223565947921713e-01 8.761493910085513814e-01 8.775640901884520506e-01 8.480063211307271587e-01 8.454465760118932138e-01 8.152572572356455716e-01 9.391405098646208316e-01 7.504085891150200638e-01 8.623127051109125141e-01 8.932125717484040717e-01 8.704127192983976968e-01 9.283317999259541597e-01 8.884096834266479448e-01 6.228866115398368208e-01 8.645150551525691007e-01 5.160538033245223311e-01 0.000000000000000000e+00 8.421423150914384426e-01 8.734025599188015576e-01 8.957757959889385280e-01 7.733399746605087444e-01 7.600912494884126680e-01 7.622397525450335110e-01 8.065745247911566551e-01 8.929060986680017464e-01
2.500000000000000000e+01 1.154791126266749179e+00 1.050242888314615319e+00 9.943517595943196508e-01 9.979897079402795246e-01 9.892332735146169842e-01 9.742587247359300040e-01 9.688872303925248897e-01 9.611734972909353747e-01 9.802623638374015069e-01 9.587063445170216358e-01 9.534305130477982448e-01 9.433405434925841160e-01 9.502822443244214323e-01 8.574894060634565829e-01 9.170236337502066792e-01 7.766669960948784368e-01 7.956657100434494367e-01 7.672764537689353848e-01 8.051401616888826940e-01 7.658026418047407802e-01 8.673135622583025839e-01 7.122828214457790352e-01 8.554242122611193100e-01 8.421423150914384426e-01 0.000000000000000000e+00 5.854059151384536364e-01 6.581827226537864117e-01 7.541137086289149138e-01 7.794126190076560157e-01 8.179684164299527716e-01 7.630642977472446020e-01 7.593673486836931552e-01
2.600000000000000000e+01 1.182597074784932367e+00 1.079390941060019316e+00 1.026288395082071148e+00 1.029403724477921500e+00 1.021126814757943535e+00 1.006556067406501498e+00 1.001007438037768704e+00 9.941865472254356462e-01 1.011106226661736329e+00 9.914674757425951945e-01 9.850157865236619514e-01 9.756759678788244905e-01 9.796090151323051387e-01 8.905412328565658342e-01 9.462305211957859896e-01 8.154965024559723830e-01 8.301432867084268530e-01 8.047536588203740848e-01 8.339921518086956809e-01 7.992165719234436416e-01 8.987386663156433642e-01 7.512583655665139304e-01 8.864725912786273199e-01 8.734025599188015576e-01 5.854059151384536364e-01 0.000000000000000000e+00 5.307197069341351714e-01 7.789080747769263624e-01 8.029226674052178936e-01 8.378496976698095455e-01 7.768838528056278836e-01 7.290051454595518621e-01
2.700000000000000000e+01 1.203600762338779218e+00 1.101323545956643057e+00 1.050339146721221750e+00 1.053014438596257429e+00 1.045116190432262337e+00 1.030828404662335052e+00 1.025086937970513867e+00 1.019046633878432973e+00 1.034174375464087747e+00 1.016061939202605346e+00 1.008539314819973276e+00 9.997550967515025366e-01 1.001395603728259198e+00 9.205429728399205924e-01 9.677642368954779695e-01 8.472673568509911934e-01 8.611337385218311713e-01 8.368041128411134455e-01 8.641697874219282927e-01 8.308680216607184921e-01 9.214195936097226980e-01 7.859243886790754363e-01 9.088108431202599480e-01 8.957757959889385280e-01 6.581827226537864117e-01 5.307197069341351714e-01 0.000000000000000000e+00 7.985779790321765326e-01 8.213217520318578657e-01 8.536973926220277065e-01 7.908378752125599931e-01 7.123978374407395897e-01
2.800000000000000000e+01 1.118701682091112204e+00 1.019184388753365589e+00 9.803176514275326880e-01 9.796501580937602149e-01 9.742697986491299922e-01 9.613504443686777812e-01 9.534754615679039702e-01 9.539317654784738032e-01 9.554579420312867555e-01 9.481759751249416723e-01 9.306697178976355289e-01 9.253976574063900173e-01 9.107104831018126845e-01 9.372656653517887904e-01 8.692383806607786312e-01 8.575801882248497154e-01 8.843415867860571211e-01 8.587699888562738693e-01 9.090138714473474657e-01 8.692748110081036650e-01 8.154963871395204400e-01 8.338506377369934164e-01 7.939606694965224420e-01 7.733399746605087444e-01 7.541137086289149138e-01 7.789080747769263624e-01 7.985779790321765326e-01 0.000000000000000000e+00 5.295367947331000025e-01 6.629951231764867892e-01 5.854084868979860801e-01 7.728999908149485343e-01
2.900000000000000000e+01 1.111483213892007438e+00 1.012905690034950901e+00 9.772681174617279254e-01 9.758179284526606878e-01 9.710700670078886709e-01 9.585678930833321232e-01 9.502709004941531923e-01 9.521882096359175485e-01 9.504715008566888557e-01 9.458814465975291519e-01 9.261864975637643660e-01 9.218779415028000024e-01 9.028180480338758862e-01 9.478553987244944246e-01 8.596192549178995890e-01 8.689187135305944665e-01 8.961398518855774320e-01 8.711289097692680450e-01 9.222910629709528685e-01 8.826689565671159698e-01 8.058143883156696496e-01 8.491968481132303737e-01 7.820959420400486195e-01 7.600912494884126680e-01 7.794126190076560157e-01 8.029226674052178936e-01 8.213217520318578657e-01 5.295367947331000025e-01 0.000000000000000000e+00 6.051181221198453919e-01 6.223645637172787737e-01 7.930521913552435187e-01
3.000000000000000000e+01 1.106935031765308608e+00 1.011080248434589102e+00 9.822903300717213959e-01 9.794170866711464640e-01 9.759013969599670268e-01 9.643322094159532121e-01 9.554290871802906260e-01 9.598443836668817397e-01 9.522753658065497007e-01 9.527146255079879111e-01 9.295502406605287149e-01 9.271292754815569914e-01 8.999099291713688054e-01 9.723174291852370033e-01 8.552569924382418254e-01 8.950127119652782071e-01 9.221868391949468169e-01 8.981120969851672520e-01 9.495246734354045870e-01 9.103631314410929321e-01 8.071696320025536497e-01 8.791820479203942273e-01 7.825401204822366452e-01 7.622397525450335110e-01 8.179684164299527716e-01 8.378496976698095455e-01 8.536973926220277065e-01 6.629951231764867892e-01 6.051181221198453919e-01 0.000000000000000000e+00 6.822812294959654800e-01 8.184866026061161648e-01
3.100000000000000000e+01 1.136429363321323383e+00 1.038607529527785012e+00 1.002133174302451302e+00 1.001177403941579502e+00 9.961309224151442265e-01 9.835804147824793731e-01 9.757447696090260081e-01 9.765561226382954985e-01 9.769441909528961965e-01 9.708104302272202446e-01 9.531094108619377892e-01 9.483484231817529420e-01 9.319776285803640370e-01 9.567826074265717295e-01 8.919957157196551911e-01 8.784536797086235360e-01 9.036267625465814746e-01 8.784964149938376821e-01 9.261495903979954925e-01 8.872683085053370000e-01 8.439054576329820812e-01 8.512658496079739123e-01 8.243433168913734121e-01 8.065745247911566551e-01 7.630642977472446020e-01 7.768838528056278836e-01 7.908378752125599931e-01 5.854084868979860801e-01 6.223645637172787737e-01 6.822812294959654800e-01 0.000000000000000000e+00 7.399884122885911353e-01
3.200000000000000000e+01 1.202210862141551928e+00 1.104158040462366319e+00 1.064077740209294909e+00 1.064270588273676488e+00 1.058402601318477299e+00 1.045473885845153106e+00 1.038455815860760634e+00 1.036955499082433008e+00 1.042067262013690154e+00 1.032249048200812869e+00 1.018269639341951471e+00 1.012342416781570442e+00 1.001783881627268613e+00 9.864360768444528915e-01 9.656601912648459241e-01 9.107109600682949946e-01 9.308499514252854823e-01 9.062552379464987595e-01 9.449884784311404218e-01 9.086654930246798045e-01 9.221979007429332853e-01 8.691028412257728597e-01 9.069202279362809094e-01 8.929060986680017464e-01 7.593673486836931552e-01 7.290051454595518621e-01 7.123978374407395897e-01 7.728999908149485343e-01 7.930521913552435187e-01 8.184866026061161648e-01 7.399884122885911353e-01 0.000000000000000000e+00
