0.000000000000000000e+00 1.000000000000000000e+00 2.000000000000000000e+00 3.000000000000000000e+00 4.000000000000000000e+00 5.000000000000000000e+00 6.000000000000000000e+00 7.000000000000000000e+00 8.000000000000000000e+00 9.000000000000000000e+00 1.000000000000000000e+01 1.100000000000000000e+01 1.200000000000000000e+01 1.300000000000000000e+01 1.400000000000000000e+01 1.500000000000000000e+01 1.600000000000000000e+01 1.700000000000000000e+01 1.800000000000000000e+01 1.900000000000000000e+01 2.000000000000000000e+01 2.100000000000000000e+01 2.200000000000000000e+01 2.300000000000000000e+01 2.400000000000000000e+01 2.500000000000000000e+01 2.600000000000000000e+01 2.700000000000000000e+01 2.800000000000000000e+01 2.900000000000000000e+01 3.000000000000000000e+01 3.100000000000000000e+01 3.200000000000000000e+01
1.000000000000000000e+00 0.000000000000000000e+00 8.682100918385161625e-01 9.792710630622738499e-01 9.610227658247934013e-01 9.761748093117147418e-01 9.860795951533418702e-01 9.797036347104489673e-01 1.005843151592497930e+00 9.496007366378496073e-01 9.962129512766716433e-01 9.713018638081347689e-01 9.849893746624746038e-01 9.656386247947456036e-01 1.180979733730004533e+00 9.972693175467689519e-01 1.127823506429846967e+00 1.152375376625742076e+00 1.138131913907982407e+00 1.186864749441521427e+00 1.156161764934177105e+00 1.029810094580979163e+00 1.145548664120615179e+00 1.040558038988967038e+00 1.049939287997307291e+00 1.149693825573395722e+00 1.175469904919522968e+00 1.194319867960759174e+00 1.116449040968752415e+00 1.109529303826755298e+00 1.105230222264420137e+00 1.133635683039975195e+00 1.194742201383814706e+00
2.000000000000000000e+00 8.682100918385161625e-01 0.000000000000000000e+00 8.359467959562123518e-01 8.063869190470527304e-01 8.305779991655036776e-01 8.445481089645574535e-01 8.350723596594006315e-01 8.714142010727183862e-01 7.861195318405798105e-01 8.586839361001462612e-01 8.256082529865469422e-01 8.450774322055493171e-01 8.404182298584136346e-01 1.067261760968898798e+00 8.860501249640081456e-01 1.015093670599223286e+00 1.039821256313018916e+00 1.026153682661191224e+00 1.075506786021232175e+00 1.044947025455125855e+00 9.207189807557927264e-01 1.035864776644393803e+00 9.345128362083898743e-01 9.451844645315612414e-01 1.045386083654464615e+00 1.072512134181900834e+00 1.092286299999754240e+00 1.017029025656123631e+00 1.011027536617908007e+00 1.009405063203925978e+00 1.035894614964389504e+00 1.096802889464757680e+00
3.000000000000000000e+00 9.792710630622738499e-01 8.359467959562123518e-01 0.000000000000000000e+00 5.995004943945767550e-01 4.613880522348458024e-01 5.761073647289567390e-01 6.281166046095946198e-01 6.628577543404563510e-01 7.324296995640251495e-01 6.518717780995256783e-01 7.395849936015226334e-01 7.249926551920892193e-01 8.433087617240172529e-01 9.770376714811730423e-01 8.720392245362643679e-01 9.310573186608930296e-01 9.550413566548441313e-01 9.443540081980537071e-01 9.944519268800886547e-01 9.651725204990964091e-01 8.842650492664845263e-01 9.621775853507994469e-01 8.996268428572731235e-01 9.090184472874731636e-01 9.891392841361124066e-01 1.019026717564599060e+00 1.040879873472229322e+00 9.775926415300035810e-01 9.747922764187053613e-01 9.799357126484682379e-01 9.987853363405725382e-01 1.056047026292501023e+00
4.000000000000000000e+00 9.610227658247934013e-01 8.063869190470527304e-01 5.995004943945767550e-01 0.000000000000000000e+00 5.682953027506060240e-01 6.411714392638636628e-01 6.349411675027422097e-01 7.155147348359329751e-01 6.840401529640129930e-01 6.929374032622729329e-01 7.174966346427187336e-01 7.191938606482314311e-01 8.257461041810606472e-01 9.904066722421474012e-01 8.612768380589116424e-01 9.422089529584576351e-01 9.666540456990857511e-01 9.549772260788975675e-01 1.005131546748198934e+00 9.753619328177463021e-01 8.797081090801888159e-01 9.705845754933148939e-01 8.956670517247169450e-01 9.058672185158276324e-01 9.930264283730745323e-01 1.022404819086448313e+00 1.043830395203991346e+00 9.771919649178035794e-01 9.736102227342182669e-01 9.773425413101672898e-01 9.981150041325794753e-01 1.056555948076271623e+00
5.000000000000000000e+00 9.761748093117147418e-01 8.305779991655036776e-01 4.613880522348458024e-01 5.682953027506060240e-01 0.000000000000000000e+00 5.467258351523480719e-01 5.901774754788392530e-01 6.627222296229196008e-01 7.137921614524114222e-01 6.390774830647710791e-01 7.213110619964080428e-01 7.070687549214614842e-01 8.332086450118948440e-01 9.747292898301123110e-01 8.632506958189335444e-01 9.278514525920493750e-01 9.521065795366399076e-01 9.410611248478535362e-01 9.913212045916870441e-01 9.618334555238627903e-01 8.765057505409739047e-01 9.583077463295577303e-01 8.922742081415215853e-01 9.019575775505235260e-01 9.841965206632068419e-01 1.014046178332261849e+00 1.035840850962742143e+00 9.716966601739931431e-01 9.687420843595904163e-01 9.736908191689634950e-01 9.929400639450731703e-01 1.050548234931402813e+00
6.000000000000000000e+00 9.860795951533418702e-01 8.445481089645574535e-01 5.761073647289567390e-01 6.411714392638636628e-01 5.467258351523480719e-01 0.000000000000000000e+00 5.318554801376021990e-01 6.005218461881651759e-01 7.205881973885119862e-01 5.467348812535596236e-01 7.077334326442170642e-01 6.773718148673845141e-01 8.278816556730220766e-01 9.568327201462469844e-01 8.542149311095080799e-01 9.099816519157737371e-01 9.344387441429280461e-01 9.235133030414963695e-01 9.741147105343592738e-01 9.446101263459618647e-01 8.637091619792374164e-01 9.415824811159545504e-01 8.797428140726539780e-01 8.892642918233850668e-01 9.693862841773495109e-01 9.996385767434174952e-01 1.021710346980335027e+00 9.588646243174545614e-01 9.563159899496518346e-01 9.621763200098427671e-01 9.804706367161464264e-01 1.037716969755900553e+00
7.000000000000000000e+00 9.797036347104489673e-01 8.350723596594006315e-01 6.281166046095946198e-01 6.349411675027422097e-01 5.901774754788392530e-01 5.318554801376021990e-01 0.000000000000000000e+00 6.463089173469349635e-01 6.866724825410628341e-01 5.810256137584276503e-01 6.661376567541381633e-01 6.337896124775456164e-01 8.095283923514097202e-01 9.580694461250702787e-01 8.391765029093242179e-01 9.093511881081812742e-01 9.343135312037367246e-01 9.226045532680238193e-01 9.734459595164299817e-01 9.435116511957313268e-01 8.516366577361684786e-01 9.392289212432154422e-01 8.686174383357037065e-01 8.788648974984598627e-01 9.642682375787587912e-01 9.943558925588518171e-01 1.016243472451571206e+00 9.512207024336440941e-01 9.482456944530988086e-01 9.534991424395793391e-01 9.728785216291977456e-01 1.030977156345017409e+00
8.000000000000000000e+00 1.005843151592497930e+00 8.714142010727183862e-01 6.628577543404563510e-01 7.155147348359329751e-01 6.627222296229196008e-01 6.005218461881651759e-01 6.463089173469349635e-01 0.000000000000000000e+00 7.629075108895100321e-01 5.333461779864162589e-01 7.386122181742802439e-01 6.993872583112116237e-01 8.419724857613263280e-01 9.320241141011429420e-01 8.602874288483018939e-01 8.874117383251582947e-01 9.115396190281097599e-01 9.017092680041429720e-01 9.524812474434833920e-01 9.234646899686620447e-01 8.618019015220232948e-01 9.225997674304822205e-01 8.769359036734529766e-01 8.853432694879626030e-01 9.562091494252713542e-01 9.871595775740305001e-01 1.009799884315626395e+00 9.512699174497811772e-01 9.497492718835778280e-01 9.574721691491963060e-01 9.732472644294167807e-01 1.028982056341398277e+00
9.000000000000000000e+00 9.496007366378496073e-01 7.861195318405798105e-01 7.324296995640251495e-01 6.840401529640129930e-01 7.137921614524114222e-01 7.205881973885119862e-01 6.866724825410628341e-01 7.629075108895100321e-01 0.000000000000000000e+00 7.356536898486986109e-01 6.289841358342040945e-01 6.863656205621614381e-01 7.624221660782760646e-01 9.883027724468540498e-01 8.150425087658207390e-01 9.361253384855350301e-01 9.615386053191274929e-01 9.481466890983740736e-01 9.986411609883460994e-01 9.679678864453402642e-01 8.452587714207460134e-01 9.602861445141765984e-01 8.633987347825282654e-01 8.755145819723684220e-01 9.758745576253395893e-01 1.004708048294386202e+00 1.025609893754694690e+00 9.535293030589275798e-01 9.487835618126936321e-01 9.507195270401400666e-01 9.744403691048861837e-01 1.034989151334120283e+00
1.000000000000000000e+01 9.962129512766716433e-01 8.586839361001462612e-01 6.518717780995256783e-01 6.929374032622729329e-01 6.390774830647710791e-01 5.467348812535596236e-01 5.810256137584276503e-01 5.333461779864162589e-01 7.356536898486986109e-01 0.000000000000000000e+00 7.050941291951460244e-01 6.567636203995123045e-01 8.249231274677665260e-01 9.381455672067788853e-01 8.464057799657577208e-01 8.911416599668899874e-01 9.159070330378569214e-01 9.050621426382494672e-01 9.561211033721332964e-01 9.265552261670564338e-01 8.511636346727557978e-01 9.240499558904078370e-01 8.673471029113672959e-01 8.765893565182849567e-01 9.540196851396924860e-01 9.847350199409130589e-01 1.007122176936764868e+00 9.457830782794018898e-01 9.437090420847200622e-01 9.506132745555875285e-01 9.677869767639091236e-01 1.024599349274804005e+00
1.100000000000000000e+01 9.713018638081347689e-01 8.256082529865469422e-01 7.395849936015226334e-01 7.174966346427187336e-01 7.213110619964080428e-01 7.077334326442170642e-01 6.661376567541381633e-01 7.386122181742802439e-01 6.289841358342040945e-01 7.050941291951460244e-01 0.000000000000000000e+00 5.758941823554569739e-01 7.471310768056066420e-01 9.604583512667468348e-01 7.900813572516179883e-01 9.071555545768503759e-01 9.332420951609099458e-01 9.195348678719053037e-01 9.707845294015127191e-01 9.397971408382892466e-01 8.141813475951578116e-01 9.321334834480743403e-01 8.346537034873671157e-01 8.474837957843395220e-01 9.493497361283169678e-01 9.789360107230189456e-01 1.000292713731690819e+00 9.289123962601755213e-01 9.246492372587014064e-01 9.281094495858008830e-01 9.507745024530307454e-01 1.011411812084181516e+00
1.200000000000000000e+01 9.849893746624746038e-01 8.450774322055493171e-01 7.249926551920892193e-01 7.191938606482314311e-01 7.070687549214614842e-01 6.773718148673845141e-01 6.337896124775456164e-01 6.993872583112116237e-01 6.863656205621614381e-01 6.567636203995123045e-01 5.758941823554569739e-01 0.000000000000000000e+00 7.732006824328149230e-01 9.421857535181921151e-01 8.010943421799637809e-01 8.897761072247563074e-01 9.159851856473786302e-01 9.028306890775994464e-01 9.545556394454035587e-01 9.237347078470035111e-01 8.132949849927177954e-01 9.174881122085256635e-01 8.331252172020433555e-01 8.448714730750908064e-01 9.392759431420520944e-01 9.696056764235310155e-01 9.915058390373439057e-01 9.235705412845496287e-01 9.202595973204041879e-01 9.255809318182663947e-01 9.459276100957079159e-01 1.005397918219925746e+00
1.300000000000000000e+01 9.656386247947456036e-01 8.404182298584136346e-01 8.433087617240172529e-01 8.257461041810606472e-01 8.332086450118948440e-01 8.278816556730220766e-01 8.095283923514097202e-01 8.419724857613263280e-01 7.624221660782760646e-01 8.249231274677665260e-01 7.471310768056066420e-01 7.732006824328149230e-01 0.000000000000000000e+00 9.878816295165662176e-01 6.828919447876719007e-01 9.297252769297721375e-01 9.561472714688201702e-01 9.399576289491811121e-01 9.902543629155731164e-01 9.582623940183772060e-01 7.748884803948030697e-01 9.452017851990746067e-01 7.975571241608010453e-01 8.149952053643536587e-01 9.464739471747962707e-01 9.738347861351117629e-01 9.934961350182753836e-01 9.093753219058926529e-01 9.017186470644686924e-01 8.989625012219544242e-01 9.301245853085120530e-01 9.954752185189104097e-01
1.400000000000000000e+01 1.180979733730004533e+00 1.067261760968898798e+00 9.770376714811730423e-01 9.904066722421474012e-01 9.747292898301123110e-01 9.568327201462469844e-01 9.580694461250702787e-01 9.320241141011429420e-01 9.883027724468540498e-01 9.381455672067788853e-01 9.604583512667468348e-01 9.421857535181921151e-01 9.878816295165662176e-01 0.000000000000000000e+00 9.696856635677432168e-01 6.511102893793847546e-01 5.702891674592034388e-01 6.410495827972348959e-01 6.002831132739292475e-01 6.318995755448395535e-01 9.317661898598703640e-01 7.081677167674871320e-01 9.317069532486290662e-01 9.273523357342099427e-01 8.457698702197620211e-01 8.760728491917380012e-01 9.031238845318150243e-01 9.247223241332693799e-01 9.351650348361457699e-01 9.589965863526004330e-01 9.432246655730578411e-01 9.680497254530151530e-01
1.500000000000000000e+01 9.972693175467689519e-01 8.860501249640081456e-01 8.720392245362643679e-01 8.612768380589116424e-01 8.632506958189335444e-01 8.542149311095080799e-01 8.391765029093242179e-01 8.602874288483018939e-01 8.150425087658207390e-01 8.464057799657577208e-01 7.900813572516179883e-01 8.010943421799637809e-01 6.828919447876719007e-01 9.696856635677432168e-01 0.000000000000000000e+00 9.082362777251302699e-01 9.353189569992210739e-01 9.175948236176345585e-01 9.679932985583261651e-01 9.352246341424625964e-01 6.927407655760602356e-01 9.193229973991297044e-01 7.242304639571901514e-01 7.502821315342054209e-01 9.135814712218597311e-01 9.408666203537361383e-01 9.603074814029299855e-01 8.681932867081310068e-01 8.587922596368386952e-01 8.545658370364916934e-01 8.904661501491406561e-01 9.597911762503263944e-01
1.600000000000000000e+01 1.127823506429846967e+00 1.015093670599223286e+00 9.310573186608930296e-01 9.422089529584576351e-01 9.278514525920493750e-01 9.099816519157737371e-01 9.093511881081812742e-01 8.874117383251582947e-01 9.361253384855350301e-01 8.911416599668899874e-01 9.071555545768503759e-01 8.897761072247563074e-01 9.297252769297721375e-01 6.511102893793847546e-01 9.082362777251302699e-01 0.000000000000000000e+00 5.477057814279049364e-01 4.617802699345527895e-01 6.471667378098302503e-01 5.779832995426021913e-01 8.659704229594462621e-01 6.177746169364033424e-01 8.646488572561517039e-01 8.591048571659791744e-01 7.738160912658178514e-01 8.104943486478126680e-01 8.396577281342418875e-01 8.539015320829725919e-01 8.650892604959667942e-01 8.906116990262049615e-01 8.739417975609451439e-01 9.019416892178777623e-01
1.700000000000000000e+01 1.152375376625742076e+00 1.039821256313018916e+00 9.550413566548441313e-01 9.666540456990857511e-01 9.521065795366399076e-01 9.344387441429280461e-01 9.343135312037367246e-01 9.115396190281097599e-01 9.615386053191274929e-01 9.159070330378569214e-01 9.332420951609099458e-01 9.159851856473786302e-01 9.561472714688201702e-01 5.702891674592034388e-01 9.353189569992210739e-01 5.477057814279049364e-01 0.000000000000000000e+00 5.049715712426445791e-01 5.601747051938748001e-01 5.095579151596629774e-01 8.945367654462559326e-01 6.261637229460648157e-01 8.930512754439863254e-01 8.875202240706012713e-01 7.908098129711054192e-01 8.228756969294936940e-01 8.510247455202490929e-01 8.781909826741503000e-01 8.897980389857036432e-01 9.151850536023047322e-01 8.965476796673477189e-01 9.192931970318451995e-01
1.800000000000000000e+01 1.138131913907982407e+00 1.026153682661191224e+00 9.443540081980537071e-01 9.549772260788975675e-01 9.410611248478535362e-01 9.235133030414963695e-01 9.226045532680238193e-01 9.017092680041429720e-01 9.481466890983740736e-01 9.050621426382494672e-01 9.195348678719053037e-01 9.028306890775994464e-01 9.399576289491811121e-01 6.410495827972348959e-01 9.175948236176345585e-01 4.617802699345527895e-01 5.049715712426445791e-01 0.000000000000000000e+00 6.089680390669249821e-01 5.048536057757704310e-01 8.749289814657730258e-01 5.781389808347290327e-01 8.726749841192011914e-01 8.664718671032702879e-01 7.642471469639844361e-01 7.995501008324419345e-01 8.289089681734476134e-01 8.544711049206330511e-01 8.666364248187805597e-01 8.929775319380681697e-01 8.733354679890816818e-01 8.968425547860507940e-01
1.900000000000000000e+01 1.186864749441521427e+00 1.075506786021232175e+00 9.944519268800886547e-01 1.005131546748198934e+00 9.913212045916870441e-01 9.741147105343592738e-01 9.734459595164299817e-01 9.524812474434833920e-01 9.986411609883460994e-01 9.561211033721332964e-01 9.707845294015127191e-01 9.545556394454035587e-01 9.902543629155731164e-01 6.002831132739292475e-01 9.679932985583261651e-01 6.471667378098302503e-01 5.601747051938748001e-01 6.089680390669249821e-01 0.000000000000000000e+00 5.330567023933674431e-01 9.265512700458169437e-01 6.350841148137775782e-01 9.236961187092367354e-01 9.172154644225531950e-01 7.961959336589221614e-01 8.223779643231785563e-01 8.493764865219299853e-01 8.976874964386853950e-01 9.106769430533014908e-01 9.370875188955369861e-01 9.137997999135403226e-01 9.280279373875366389e-01
2.000000000000000000e+01 1.156161764934177105e+00 1.044947025455125855e+00 9.651725204990964091e-01 9.753619328177463021e-01 9.618334555238627903e-01 9.446101263459618647e-01 9.435116511957313268e-01 9.234646899686620447e-01 9.679678864453402642e-01 9.265552261670564338e-01 9.397971408382892466e-01 9.237347078470035111e-01 9.582623940183772060e-01 6.318995755448395535e-01 9.352246341424625964e-01 5.779832995426021913e-01 5.095579151596629774e-01 5.048536057757704310e-01 5.330567023933674431e-01 0.000000000000000000e+00 8.925812429048380903e-01 5.578855860449414283e-01 8.894596619729058240e-01 8.826892492339135643e-01 7.617957792693712538e-01 7.929247974979665159e-01 8.216965452841524797e-01 8.633257931124214135e-01 8.764668469672189932e-01 9.034160503965062983e-01 8.803952644109687142e-01 8.974636027531284199e-01
2.100000000000000000e+01 1.029810094580979163e+00 9.207189807557927264e-01 8.842650492664845263e-01 8.797081090801888159e-01 8.765057505409739047e-01 8.637091619792374164e-01 8.516366577361684786e-01 8.618019015220232948e-01 8.452587714207460134e-01 8.511636346727557978e-01 8.141813475951578116e-01 8.132949849927177954e-01 7.748884803948030697e-01 9.317661898598703640e-01 6.927407655760602356e-01 8.659704229594462621e-01 8.945367654462559326e-01 8.749289814657730258e-01 9.265512700458169437e-01 8.925812429048380903e-01 0.000000000000000000e+00 8.739396401413039861e-01 5.497443137323070328e-01 6.228617328951810972e-01 8.645242970020301509e-01 8.941187962184349303e-01 9.147563036542909476e-01 8.147774091147621522e-01 8.052557101580366528e-01 8.066565292625957895e-01 8.427312186073692146e-01 9.169241823801592695e-01
2.200000000000000000e+01 1.145548664120615179e+00 1.035864776644393803e+00 9.621775853507994469e-01 9.705845754933148939e-01 9.583077463295577303e-01 9.415824811159545504e-01 9.392289212432154422e-01 9.225997674304822205e-01 9.602861445141765984e-01 9.240499558904078370e-01 9.321334834480743403e-01 9.174881122085256635e-01 9.452017851990746067e-01 7.081677167674871320e-01 9.193229973991297044e-01 6.177746169364033424e-01 6.261637229460648157e-01 5.781389808347290327e-01 6.350841148137775782e-01 5.578855860449414283e-01 8.739396401413039861e-01 0.000000000000000000e+00 8.688065625626963939e-01 8.604465047521416832e-01 7.103284278454957690e-01 7.474689241223746450e-01 7.795228898163713005e-01 8.297796915172639398e-01 8.448411338073509302e-01 8.740628420998073356e-01 8.463669587471587263e-01 8.603034513395875216e-01
2.300000000000000000e+01 1.040558038988967038e+00 9.345128362083898743e-01 8.996268428572731235e-01 8.956670517247169450e-01 8.922742081415215853e-01 8.797428140726539780e-01 8.686174383357037065e-01 8.769359036734529766e-01 8.633987347825282654e-01 8.673471029113672959e-01 8.346537034873671157e-01 8.331252172020433555e-01 7.975571241608010453e-01 9.317069532486290662e-01 7.242304639571901514e-01 8.646488572561517039e-01 8.930512754439863254e-01 8.726749841192011914e-01 9.236961187092367354e-01 8.894596619729058240e-01 5.497443137323070328e-01 8.688065625626963939e-01 0.000000000000000000e+00 5.160483747486190875e-01 8.527549465456074618e-01 8.820102520312822492e-01 9.023380881490659089e-01 7.933597362303692613e-01 7.816477130680341556e-01 7.821346764947001429e-01 8.233177725029823257e-01 9.018834874057843898e-01
2.400000000000000000e+01 1.049939287997307291e+00 9.451844645315612414e-01 9.090184472874731636e-01 9.058672185158276324e-01 9.019575775505235260e-01 8.892642918233850668e-01 8.788648974984598627e-01 8.853432694879626030e-01 8.755145819723684220e-01 8.765893565182849567e-01 8.474837957843395220e-01 8.448714730750908064e-01 8.149952053643536587e-01 9.273523357342099427e-01 7.502821315342054209e-01 8.591048571659791744e-01 8.875202240706012713e-01 8.664718671032702879e-01 9.172154644225531950e-01 8.826892492339135643e-01 6.228617328951810972e-01 8.604465047521416832e-01 5.160483747486190875e-01 0.000000000000000000e+00 8.396321402117654653e-01 8.691407166308451337e-01 8.895347034639382588e-01 7.728397551503614071e-01 7.597283403069987617e-01 7.619002218937958038e-01 8.056735582377561045e-01 8.880954133703400366e-01
2.500000000000000000e+01 1.149693825573395722e+00 1.045386083654464615e+00 9.891392841361124066e-01 9.930264283730745323e-01 9.841965206632068419e-01 9.693862841773495109e-01 9.642682375787587912e-01 9.562091494252713542e-01 9.758745576253395893e-01 9.540196851396924860e-01 9.493497361283169678e-01 9.392759431420520944e-01 9.464739471747962707e-01 8.457698702197620211e-01 9.135814712218597311e-01 7.738160912658178514e-01 7.908098129711054192e-01 7.642471469639844361e-01 7.961959336589221614e-01 7.617957792693712538e-01 8.645242970020301509e-01 7.103284278454957690e-01 8.527549465456074618e-01 8.396321402117654653e-01 0.000000000000000000e+00 5.849606797082276266e-01 6.564716902630498563e-01 7.524660734045027777e-01 7.773903272251316832e-01 8.151442101421813025e-01 7.610286474346503738e-01 7.554439244270874099e-01
2.600000000000000000e+01 1.175469904919522968e+00 1.072512134181900834e+00 1.019026717564599060e+00 1.022404819086448313e+00 1.014046178332261849e+00 9.996385767434174952e-01 9.943558925588518171e-01 9.871595775740305001e-01 1.004708048294386202e+00 9.847350199409130589e-01 9.789360107230189456e-01 9.696056764235310155e-01 9.738347861351117629e-01 8.760728491917380012e-01 9.408666203537361383e-01 8.104943486478126680e-01 8.228756969294936940e-01 7.995501008324419345e-01 8.223779643231785563e-01 7.929247974979665159e-01 8.941187962184349303e-01 7.474689241223746450e-01 8.820102520312822492e-01 8.691407166308451337e-01 5.849606797082276266e-01 0.000000000000000000e+00 5.302549499158504265e-01 7.760241433484666995e-01 7.995163548382837604e-01 8.334371615946427614e-01 7.737087792581824885e-01 7.250397240244195185e-01
2.700000000000000000e+01 1.194319867960759174e+00 1.092286299999754240e+00 1.040879873472229322e+00 1.043830395203991346e+00 1.035840850962742143e+00 1.021710346980335027e+00 1.016243472451571206e+00 1.009799884315626395e+00 1.025609893754694690e+00 1.007122176936764868e+00 1.000292713731690819e+00 9.915058390373439057e-01 9.934961350182753836e-01 9.031238845318150243e-01 9.603074814029299855e-01 8.396577281342418875e-01 8.510247455202490929e-01 8.289089681734476134e-01 8.493764865219299853e-01 8.216965452841524797e-01 9.147563036542909476e-01 7.795228898163713005e-01 9.023380881490659089e-01 8.895347034639382588e-01 6.564716902630498563e-01 5.302549499158504265e-01 0.000000000000000000e+00 7.941666352930194517e-01 8.162804781820878208e-01 8.475150461484937114e-01 7.862720664886646560e-01 7.082270014845808426e-01
2.800000000000000000e+01 1.116449040968752415e+00 1.017029025656123631e+00 9.775926415300035810e-01 9.771919649178035794e-01 9.716966601739931431e-01 9.588646243174545614e-01 9.512207024336440941e-01 9.512699174497811772e-01 9.535293030589275798e-01 9.457830782794018898e-01 9.289123962601755213e-01 9.235705412845496287e-01 9.093753219058926529e-01 9.247223241332693799e-01 8.681932867081310068e-01 8.539015320829725919e-01 8.781909826741503000e-01 8.544711049206330511e-01 8.976874964386853950e-01 8.633257931124214135e-01 8.147774091147621522e-01 8.297796915172639398e-01 7.933597362303692613e-01 7.728397551503614071e-01 7.524660734045027777e-01 7.760241433484666995e-01 7.941666352930194517e-01 0.000000000000000000e+00 5.295044188837869648e-01 6.627619499898014244e-01 5.853259060576183614e-01 7.702989411442655587e-01
2.900000000000000000e+01 1.109529303826755298e+00 1.011027536617908007e+00 9.747922764187053613e-01 9.736102227342182669e-01 9.687420843595904163e-01 9.563159899496518346e-01 9.482456944530988086e-01 9.497492718835778280e-01 9.487835618126936321e-01 9.437090420847200622e-01 9.246492372587014064e-01 9.202595973204041879e-01 9.017186470644686924e-01 9.351650348361457699e-01 8.587922596368386952e-01 8.650892604959667942e-01 8.897980389857036432e-01 8.666364248187805597e-01 9.106769430533014908e-01 8.764668469672189932e-01 8.052557101580366528e-01 8.448411338073509302e-01 7.816477130680341556e-01 7.597283403069987617e-01 7.773903272251316832e-01 7.995163548382837604e-01 8.162804781820878208e-01 5.295044188837869648e-01 0.000000000000000000e+00 6.050247953316099103e-01 6.222265106864073303e-01 7.900276133172547954e-01
3.000000000000000000e+01 1.105230222264420137e+00 1.009405063203925978e+00 9.799357126484682379e-01 9.773425413101672898e-01 9.736908191689634950e-01 9.621763200098427671e-01 9.534991424395793391e-01 9.574721691491963060e-01 9.507195270401400666e-01 9.506132745555875285e-01 9.281094495858008830e-01 9.255809318182663947e-01 8.989625012219544242e-01 9.589965863526004330e-01 8.545658370364916934e-01 8.906116990262049615e-01 9.151850536023047322e-01 8.929775319380681697e-01 9.370875188955369861e-01 9.034160503965062983e-01 8.066565292625957895e-01 8.740628420998073356e-01 7.821346764947001429e-01 7.619002218937958038e-01 8.151442101421813025e-01 8.334371615946427614e-01 8.475150461484937114e-01 6.627619499898014244e-01 6.050247953316099103e-01 0.000000000000000000e+00 6.819265751231484707e-01 8.147085883573619292e-01
3.100000000000000000e+01 1.133635683039975195e+00 1.035894614964389504e+00 9.987853363405725382e-01 9.981150041325794753e-01 9.929400639450731703e-01 9.804706367161464264e-01 9.728785216291977456e-01 9.732472644294167807e-01 9.744403691048861837e-01 9.677869767639091236e-01 9.507745024530307454e-01 9.459276100957079159e-01 9.301245853085120530e-01 9.432246655730578411e-01 8.904661501491406561e-01 8.739417975609451439e-01 8.965476796673477189e-01 8.733354679890816818e-01 9.137997999135403226e-01 8.803952644109687142e-01 8.427312186073692146e-01 8.463669587471587263e-01 8.233177725029823257e-01 8.056735582377561045e-01 7.610286474346503738e-01 7.737087792581824885e-01 7.862720664886646560e-01 5.853259060576183614e-01 6.222265106864073303e-01 6.819265751231484707e-01 0.000000000000000000e+00 7.379405316306071327e-01
3.200000000000000000e+01 1.194742201383814706e+00 1.096802889464757680e+00 1.056047026292501023e+00 1.056555948076271623e+00 1.050548234931402813e+00 1.037716969755900553e+00 1.030977156345017409e+00 1.028982056341398277e+00 1.034989151334120283e+00 1.024599349274804005e+00 1.011411812084181516e+00 1.005397918219925746e+00 9.954752185189104097e-01 9.680497254530151530e-01 9.597911762503263944e-01 9.019416892178777623e-01 9.192931970318451995e-01 8.968425547860507940e-01 9.280279373875366389e-01 8.974636027531284199e-01 9.169241823801592695e-01 8.603034513395875216e-01 9.018834874057843898e-01 8.880954133703400366e-01 7.554439244270874099e-01 7.250397240244195185e-01 7.082270014845808426e-01 7.702989411442655587e-01 7.900276133172547954e-01 8.147085883573619292e-01 7.379405316306071327e-01 0.000000000000000000e+00
