0.000000000000000000e+00 1.000000000000000000e+00 2.000000000000000000e+00 3.000000000000000000e+00 4.000000000000000000e+00 5.000000000000000000e+00 6.000000000000000000e+00 7.000000000000000000e+00 8.000000000000000000e+00 9.000000000000000000e+00 1.000000000000000000e+01 1.100000000000000000e+01 1.200000000000000000e+01 1.300000000000000000e+01 1.400000000000000000e+01 1.500000000000000000e+01 1.600000000000000000e+01 1.700000000000000000e+01 1.800000000000000000e+01 1.900000000000000000e+01 2.000000000000000000e+01 2.100000000000000000e+01 2.200000000000000000e+01 2.300000000000000000e+01 2.400000000000000000e+01 2.500000000000000000e+01 2.600000000000000000e+01 2.700000000000000000e+01 2.800000000000000000e+01 2.900000000000000000e+01 3.000000000000000000e+01 3.100000000000000000e+01 3.200000000000000000e+01
1.000000000000000000e+00 0.000000000000000000e+00 9.530347293880948589e-01 1.141298808793126174e+00 1.141187582371932185e+00 1.134521288940412598e+00 1.131975963561934639e+00 1.120213302006988654e+00 1.147071923334726185e+00 1.078252618895316095e+00 1.134793979108864814e+00 1.090587798329340385e+00 1.109349502019804978e+00 1.066453087041691727e+00 1.325945934714579666e+00 1.106666817356899424e+00 1.262649151037978257e+00 1.290702970137397987e+00 1.274234280872978964e+00 1.331692543479741975e+00 1.294870441847830067e+00 1.147026569473103885e+00 1.282622473250633277e+00 1.159916593993177258e+00 1.171210991329769913e+00 1.288154342083374759e+00 1.318990827318786030e+00 1.342609026067879130e+00 1.251250667006218675e+00 1.243373759489912134e+00 1.239460902244123863e+00 1.272874110860465979e+00 1.347531352215313394e+00
2.000000000000000000e+00 9.530347293880948589e-01 0.000000000000000000e+00 9.439476901198298187e-01 9.334176954212540789e-01 9.345472084248391820e-01 9.348311055400511105e-01 9.192340561697089907e-01 9.563431312522985284e-01 8.534356622486540811e-01 9.406771122636681248e-01 8.849469332327071225e-01 9.106253660147916040e-01 8.794667688258663851e-01 1.152079459271407424e+00 9.338106098347129791e-01 1.089455688757873020e+00 1.117693069569514641e+00 1.101642845655363523e+00 1.159629130717453105e+00 1.122891440240952887e+00 9.764090704066796800e-01 1.111820040535213661e+00 9.921556538300939643e-01 1.004641113104002725e+00 1.121651203605302571e+00 1.153504443117512102e+00 1.177810868832100288e+00 1.089107610578898155e+00 1.082113800179573149e+00 1.080683446624267630e+00 1.112049402356146466e+00 1.186132728088107768e+00
3.000000000000000000e+00 1.141298808793126174e+00 9.439476901198298187e-01 0.000000000000000000e+00 6.092289576522682548e-01 4.619667985606774607e-01 5.782899526710667537e-01 6.331941459641126091e-01 6.672681712293482281e-01 7.715571456436693953e-01 6.565123199938156517e-01 7.591695876497122075e-01 7.382298354120135908e-01 8.799763486689446967e-01 1.010514336631506138e+00 9.061581580361404153e-01 9.567415588183756370e-01 9.837238561403132131e-01 9.718568274238301719e-01 1.030680733670703564e+00 9.957094242000794626e-01 9.143790762567596264e-01 9.928963103732812989e-01 9.312030847402277267e-01 9.411046155163871330e-01 1.025775956120703603e+00 1.060695817159484244e+00 1.087384728711781490e+00 1.016703744246213015e+00 1.014315211642488945e+00 1.022097112686237042e+00 1.041891954088312477e+00 1.109521161082185348e+00
4.000000000000000000e+00 1.141187582371932185e+00 9.334176954212540789e-01 6.092289576522682548e-01 0.000000000000000000e+00 5.750988465926891724e-01 6.535515501834725516e-01 6.482390708125926881e-01 7.348467223099606205e-01 7.364650154721468223e-01 7.103409072306186012e-01 7.497066397059903853e-01 7.449426124660241122e-01 8.789185810496213946e-01 1.041836425243910069e+00 9.121345808581182713e-01 9.857218201813489067e-01 1.013217534176556800e+00 1.000318763106605946e+00 1.059215609295093952e+00 1.023751969854967081e+00 9.267344979385729875e-01 1.019133653682367857e+00 9.443522664644330433e-01 9.551800328608488488e-01 1.047568151775293943e+00 1.082079662355382998e+00 1.108403838649170803e+00 1.034152306599849469e+00 1.030962391735783745e+00 1.037367940225039975e+00 1.059203403245772446e+00 1.128192967455862838e+00
5.000000000000000000e+00 1.134521288940412598e+00 9.345472084248391820e-01 4.619667985606774607e-01 5.750988465926891724e-01 0.000000000000000000e+00 5.481431785778447807e-01 5.933065468784566310e-01 6.670195521517008341e-01 7.485146267580518042e-01 6.428855722828030750e-01 7.377964005820196736e-01 7.179231112520529923e-01 8.667431786843091679e-01 1.006993646123930608e+00 8.945504190850079862e-01 9.521886653732316574e-01 9.794605790803139200e-01 9.671714744299459987e-01 1.026129522321939103e+00 9.909353654277850421e-01 9.041861592880173770e-01 9.874725054337298857e-01 9.214401033041501599e-01 9.316817466603775078e-01 1.018968868417050588e+00 1.053819167254144373e+00 1.080423141686895461e+00 1.008629901821305852e+00 1.006027416361382043e+00 1.013503983495302796e+00 1.033851920743954267e+00 1.101921604804384724e+00
6.000000000000000000e+00 1.131975963561934639e+00 9.348311055400511105e-01 5.782899526710667537e-01 6.535515501834725516e-01 5.481431785778447807e-01 0.000000000000000000e+00 5.326536863047532933e-01 6.015363841926038013e-01 7.460439315041249575e-01 5.473414360287331970e-01 7.171673256791730733e-01 6.824201643805254403e-01 8.514081024549198240e-01 9.814418942346578856e-01 8.758147700960465798e-01 9.265005581301011262e-01 9.539660095129707251e-01 9.417043120302057702e-01 1.000929921706385617e+00 9.656932640170043936e-01 8.822324441834579201e-01 9.625085419974803713e-01 8.996268317910116608e-01 9.096955714063945653e-01 9.952339143641506514e-01 1.030333340401859532e+00 1.057105182484586292e+00 9.863090231103421868e-01 9.840149691867188242e-01 9.921593289560115547e-01 1.011741651180142920e+00 1.079467556863153543e+00
7.000000000000000000e+00 1.120213302006988654e+00 9.192340561697089907e-01 6.331941459641126091e-01 6.482390708125926881e-01 5.933065468784566310e-01 5.326536863047532933e-01 0.000000000000000000e+00 6.484982172290456592e-01 7.058799609511086093e-01 5.819451331787148796e-01 6.719968405788143695e-01 6.365740188086768114e-01 8.288643382149869510e-01 9.818107510946412209e-01 8.571942833733439127e-01 9.247991716146199970e-01 9.527938671980922258e-01 9.396514873448138516e-01 9.990627524452642128e-01 9.633811911972747222e-01 8.672864759486269559e-01 9.587594186629821991e-01 8.856680096125133517e-01 8.965493625568556890e-01 9.882400588048889656e-01 1.023134537450518744e+00 1.049687443090659533e+00 9.762680400752759002e-01 9.734441001509759328e-01 9.807934379295135674e-01 1.001737277149941541e+00 1.070493832342962470e+00
8.000000000000000000e+00 1.147071923334726185e+00 9.563431312522985284e-01 6.672681712293482281e-01 7.348467223099606205e-01 6.670195521517008341e-01 6.015363841926038013e-01 6.484982172290456592e-01 0.000000000000000000e+00 7.877175863424301649e-01 5.336650211414046829e-01 7.471899458103010705e-01 7.036866308791294156e-01 8.621661485799214653e-01 9.527407314117553039e-01 8.782828871053449671e-01 9.000351569835673970e-01 9.271430045637547579e-01 9.159578708781359602e-01 9.753290543261639023e-01 9.405580945604470333e-01 8.766236166586194312e-01 9.394480235762534548e-01 8.929369411121053091e-01 9.017920741371632243e-01 9.776286795506494709e-01 1.013279662634048561e+00 1.040521363044192737e+00 9.741414019896723619e-01 9.728662247630188720e-01 9.827780521286133553e-01 9.997764346166184701e-01 1.065824335454390148e+00
9.000000000000000000e+00 1.078252618895316095e+00 8.534356622486540811e-01 7.715571456436693953e-01 7.364650154721468223e-01 7.485146267580518042e-01 7.460439315041249575e-01 7.058799609511086093e-01 7.877175863424301649e-01 0.000000000000000000e+00 7.569113475462767582e-01 6.351324691576514248e-01 6.969591551234046722e-01 7.765051254432306926e-01 1.024889041541195089e+00 8.320997408203789636e-01 9.633551732735563533e-01 9.920325797332956164e-01 9.767429414957291556e-01 1.035802849828535432e+00 9.991982292208818617e-01 8.639764656908537344e-01 9.903860773332082701e-01 8.839091019056057874e-01 8.972038289513919462e-01 1.008486322201091800e+00 1.042077606391156541e+00 1.067571756262419624e+00 9.849071860356961583e-01 9.798343643520339707e-01 9.830857827447305741e-01 1.009730241314671151e+00 1.081966608834405985e+00
1.000000000000000000e+01 1.134793979108864814e+00 9.406771122636681248e-01 6.565123199938156517e-01 7.103409072306186012e-01 6.428855722828030750e-01 5.473414360287331970e-01 5.819451331787148796e-01 5.336650211414046829e-01 7.569113475462767582e-01 0.000000000000000000e+00 7.114558661292817998e-01 6.595019728259956526e-01 8.429089092951218554e-01 9.585765915165056494e-01 8.625589314979664746e-01 9.033929588767861674e-01 9.311397742765392671e-01 9.188963009206019272e-01 9.784952006561620230e-01 9.431901383096461533e-01 8.645593989254616307e-01 9.403594362320140121e-01 8.819706067726236220e-01 8.917249965323243988e-01 9.746946944602010721e-01 1.010112788228258340e+00 1.037099528468349741e+00 9.676369065225449706e-01 9.657492081253040705e-01 9.747466213393789491e-01 9.933186585179396566e-01 1.060574038955191423e+00
1.100000000000000000e+01 1.090587798329340385e+00 8.849469332327071225e-01 7.591695876497122075e-01 7.497066397059903853e-01 7.377964005820196736e-01 7.171673256791730733e-01 6.719968405788143695e-01 7.471899458103010705e-01 6.351324691576514248e-01 7.114558661292817998e-01 0.000000000000000000e+00 5.767188851067577282e-01 7.531048255604018138e-01 9.815117586894899215e-01 7.966554789033424289e-01 9.192878016958512255e-01 9.484609736127000978e-01 9.330131166492083850e-01 9.926518916722435470e-01 9.558571717716330962e-01 8.208564994135196802e-01 9.472424925405467100e-01 8.426776202900021495e-01 8.563524291270903088e-01 9.671768320029501265e-01 1.001374946597318738e+00 1.027242895803148981e+00 9.459543040686353432e-01 9.414701367408226940e-01 9.462944032272535555e-01 9.714911453541752451e-01 1.043351458361823969e+00
1.200000000000000000e+01 1.109349502019804978e+00 9.106253660147916040e-01 7.382298354120135908e-01 7.449426124660241122e-01 7.179231112520529923e-01 6.824201643805254403e-01 6.365740188086768114e-01 7.036866308791294156e-01 6.969591551234046722e-01 6.595019728259956526e-01 5.767188851067577282e-01 0.000000000000000000e+00 7.815328322955454876e-01 9.605777284527270421e-01 8.088686675802116977e-01 8.995488776941211739e-01 9.287582767382880355e-01 9.139844701798365278e-01 9.740591629150485709e-01 9.374893384907718730e-01 8.200219328437816646e-01 9.304730987277967103e-01 8.410583384140402075e-01 8.534729257039310735e-01 9.553715231644372974e-01 9.902635172729701285e-01 1.016652751459374171e+00 9.394933249718808721e-01 9.360993223043789779e-01 9.429856063223016616e-01 9.654315962884325586e-01 1.035747217600353487e+00
1.300000000000000000e+01 1.066453087041691727e+00 8.794667688258663851e-01 8.799763486689446967e-01 8.789185810496213946e-01 8.667431786843091679e-01 8.514081024549198240e-01 8.288643382149869510e-01 8.621661485799214653e-01 7.765051254432306926e-01 8.429089092951218554e-01 7.531048255604018138e-01 7.815328322955454876e-01 0.000000000000000000e+00 1.012499073158333429e+00 6.841056937412641759e-01 9.448168569783179649e-01 9.743954759594255499e-01 9.561797147150166154e-01 1.014733920795188205e+00 9.768713678921387977e-01 7.787028574939067749e-01 9.623057621506152515e-01 8.024562141506672575e-01 8.209118561269774794e-01 9.646886238613914255e-01 9.965988766325184489e-01 1.020709199004076195e+00 9.245585808710432563e-01 9.161822878175509555e-01 9.138207560951869812e-01 9.489473085201294289e-01 1.026517011038900584e+00
1.400000000000000000e+01 1.325945934714579666e+00 1.152079459271407424e+00 1.010514336631506138e+00 1.041836425243910069e+00 1.006993646123930608e+00 9.814418942346578856e-01 9.818107510946412209e-01 9.527407314117553039e-01 1.024889041541195089e+00 9.585765915165056494e-01 9.815117586894899215e-01 9.605777284527270421e-01 1.012499073158333429e+00 0.000000000000000000e+00 9.901616058223214889e-01 6.555564934622171158e-01 5.731516273927135252e-01 6.456277323115677813e-01 6.080042115944161996e-01 6.374248565318338944e-01 9.476558434416315624e-01 7.161499051874025135e-01 9.476138497450534715e-01 9.429291961064831806e-01 8.599157770265397627e-01 8.941714166057102009e-01 9.254621845090029719e-01 9.418061562576973689e-01 9.527854033867788619e-01 9.787888220894773728e-01 9.628957591751197143e-01 9.966051292473747658e-01
1.500000000000000000e+01 1.106666817356899424e+00 9.338106098347129791e-01 9.061581580361404153e-01 9.121345808581182713e-01 8.945504190850079862e-01 8.758147700960465798e-01 8.571942833733439127e-01 8.782828871053449671e-01 8.320997408203789636e-01 8.625589314979664746e-01 7.966554789033424289e-01 8.088686675802116977e-01 6.841056937412641759e-01 9.901616058223214889e-01 0.000000000000000000e+00 9.192532353595312955e-01 9.493674887552896458e-01 9.296139014507338594e-01 9.880336107257008393e-01 9.494764785321267997e-01 6.937620717254124880e-01 9.319511716604411689e-01 7.257819818810338219e-01 7.524751231042992039e-01 9.266707418958322062e-01 9.582357506016079274e-01 9.819482377085815283e-01 8.778554915046508089e-01 8.677035722738459800e-01 8.635832811261974218e-01 9.033503710585208957e-01 9.845328039575718115e-01
1.600000000000000000e+01 1.262649151037978257e+00 1.089455688757873020e+00 9.567415588183756370e-01 9.857218201813489067e-01 9.521886653732316574e-01 9.265005581301011262e-01 9.247991716146199970e-01 9.000351569835673970e-01 9.633551732735563533e-01 9.033929588767861674e-01 9.192878016958512255e-01 8.995488776941211739e-01 9.448168569783179649e-01 6.555564934622171158e-01 9.192532353595312955e-01 0.000000000000000000e+00 5.482246972215287784e-01 4.619032292999838418e-01 6.512809875279601535e-01 5.788731653868210980e-01 8.726734759715844003e-01 6.188813926499765472e-01 8.712934963536875799e-01 8.654069591097506287e-01 7.785223676135923920e-01 8.185002887779726510e-01 8.515242220081578051e-01 8.612469371342850177e-01 8.729346572830019024e-01 9.004598007341229060e-01 8.835990967838114329e-01 9.198700047202166274e-01
1.700000000000000000e+01 1.290702970137397987e+00 1.117693069569514641e+00 9.837238561403132131e-01 1.013217534176556800e+00 9.794605790803139200e-01 9.539660095129707251e-01 9.527938671980922258e-01 9.271430045637547579e-01 9.920325797332956164e-01 9.311397742765392671e-01 9.484609736127000978e-01 9.287582767382880355e-01 9.743954759594255499e-01 5.731516273927135252e-01 9.493674887552896458e-01 5.482246972215287784e-01 0.000000000000000000e+00 5.052903282732632562e-01 5.625438599370569115e-01 5.100985892281924006e-01 9.040431932545003324e-01 6.278642817492776640e-01 9.024714785032177389e-01 8.965535250418412705e-01 7.974689061497508558e-01 8.330299213582341711e-01 8.652178451558472094e-01 8.880953776242705988e-01 9.002736405835152222e-01 9.277974351897320116e-01 9.088296629514380776e-01 9.399724995351612655e-01
1.800000000000000000e+01 1.274234280872978964e+00 1.101642845655363523e+00 9.718568274238301719e-01 1.000318763106605946e+00 9.671714744299459987e-01 9.417043120302057702e-01 9.396514873448138516e-01 9.159578708781359602e-01 9.767429414957291556e-01 9.188963009206019272e-01 9.330131166492083850e-01 9.139844701798365278e-01 9.561797147150166154e-01 6.456277323115677813e-01 9.296139014507338594e-01 4.619032292999838418e-01 5.052903282732632562e-01 0.000000000000000000e+00 6.119577515023326697e-01 5.052122764836008972e-01 8.824802041308472678e-01 5.788349855117829179e-01 8.800993221575339476e-01 8.734952906063779832e-01 7.688185216590486259e-01 8.073396237377676865e-01 8.405600158160864144e-01 8.621339280281505868e-01 8.748590348103653103e-01 9.032724093219413053e-01 8.832534742625868240e-01 9.148854018552365908e-01
1.900000000000000000e+01 1.331692543479741975e+00 1.159629130717453105e+00 1.030680733670703564e+00 1.059215609295093952e+00 1.026129522321939103e+00 1.000929921706385617e+00 9.990627524452642128e-01 9.753290543261639023e-01 1.035802849828535432e+00 9.784952006561620230e-01 9.926518916722435470e-01 9.740591629150485709e-01 1.014733920795188205e+00 6.080042115944161996e-01 9.880336107257008393e-01 6.512809875279601535e-01 5.625438599370569115e-01 6.119577515023326697e-01 0.000000000000000000e+00 5.345509206747227626e-01 9.417476071890928946e-01 6.386656398567578385e-01 9.386761563721890411e-01 9.316949871119108995e-01 8.064505501573238089e-01 8.362017839720590207e-01 8.674284354903367689e-01 9.123131143699831913e-01 9.259997780772499798e-01 9.547115059710893359e-01 9.307595120361007446e-01 9.532952735258541921e-01
2.000000000000000000e+01 1.294870441847830067e+00 1.122891440240952887e+00 9.957094242000794626e-01 1.023751969854967081e+00 9.909353654277850421e-01 9.656932640170043936e-01 9.633811911972747222e-01 9.405580945604470333e-01 9.991982292208818617e-01 9.431901383096461533e-01 9.558571717716330962e-01 9.374893384907718730e-01 9.768713678921387977e-01 6.374248565318338944e-01 9.494764785321267997e-01 5.788731653868210980e-01 5.100985892281924006e-01 5.052122764836008972e-01 5.345509206747227626e-01 0.000000000000000000e+00 9.021546840065000072e-01 5.585211176236779540e-01 8.988302235350316138e-01 8.915880816124157615e-01 7.670522119253295745e-01 8.013834648971276398e-01 8.341021411873661418e-01 8.724054024793861384e-01 8.861918437204525656e-01 9.153296344127526130e-01 8.917008007876994213e-01 9.168099188167317948e-01
2.100000000000000000e+01 1.147026569473103885e+00 9.764090704066796800e-01 9.143790762567596264e-01 9.267344979385729875e-01 9.041861592880173770e-01 8.822324441834579201e-01 8.672864759486269559e-01 8.766236166586194312e-01 8.639764656908537344e-01 8.645593989254616307e-01 8.208564994135196802e-01 8.200219328437816646e-01 7.787028574939067749e-01 9.476558434416315624e-01 6.937620717254124880e-01 8.726734759715844003e-01 9.040431932545003324e-01 8.824802041308472678e-01 9.417476071890928946e-01 9.021546840065000072e-01 0.000000000000000000e+00 8.818588003225658056e-01 5.498423404425873962e-01 6.231570112044961807e-01 8.724261895058551541e-01 9.058253225146513099e-01 9.304216319023266291e-01 8.197989968600227773e-01 8.097583224591382578e-01 8.114320255418105976e-01 8.503571542042638320e-01 9.351441871276420237e-01
2.200000000000000000e+01 1.282622473250633277e+00 1.111820040535213661e+00 9.928963103732812989e-01 1.019133653682367857e+00 9.874725054337298857e-01 9.625085419974803713e-01 9.587594186629821991e-01 9.394480235762534548e-01 9.903860773332082701e-01 9.403594362320140121e-01 9.472424925405467100e-01 9.304730987277967103e-01 9.623057621506152515e-01 7.161499051874025135e-01 9.319511716604411689e-01 6.188813926499765472e-01 6.278642817492776640e-01 5.788349855117829179e-01 6.386656398567578385e-01 5.585211176236779540e-01 8.818588003225658056e-01 0.000000000000000000e+00 8.764081920866608755e-01 8.675075309265258827e-01 7.130383471685901586e-01 7.527789817854066978e-01 7.883975562854088626e-01 8.363180254295456972e-01 8.520560141123139086e-01 8.834227436570485370e-01 8.548710119733042845e-01 8.762026882224014379e-01
2.300000000000000000e+01 1.159916593993177258e+00 9.921556538300939643e-01 9.312030847402277267e-01 9.443522664644330433e-01 9.214401033041501599e-01 8.996268317910116608e-01 8.856680096125133517e-01 8.929369411121053091e-01 8.839091019056057874e-01 8.819706067726236220e-01 8.426776202900021495e-01 8.410583384140402075e-01 8.024562141506672575e-01 9.476138497450534715e-01 7.257819818810338219e-01 8.712934963536875799e-01 9.024714785032177389e-01 8.800993221575339476e-01 9.386761563721890411e-01 8.988302235350316138e-01 5.498423404425873962e-01 8.764081920866608755e-01 0.000000000000000000e+00 5.161088651182363929e-01 8.598863742140065991e-01 8.927942000518360732e-01 9.169736145491642620e-01 7.973448451417819438e-01 7.851028753323656684e-01 7.857399591459752752e-01 8.296792094687805985e-01 9.185917795914080308e-01
2.400000000000000000e+01 1.171210991329769913e+00 1.004641113104002725e+00 9.411046155163871330e-01 9.551800328608488488e-01 9.316817466603775078e-01 9.096955714063945653e-01 8.965493625568556890e-01 9.017920741371632243e-01 8.972038289513919462e-01 8.917249965323243988e-01 8.563524291270903088e-01 8.534729257039310735e-01 8.209118561269774794e-01 9.429291961064831806e-01 7.524751231042992039e-01 8.654069591097506287e-01 8.965535250418412705e-01 8.734952906063779832e-01 9.316949871119108995e-01 8.915880816124157615e-01 6.231570112044961807e-01 8.675075309265258827e-01 5.161088651182363929e-01 0.000000000000000000e+00 8.459114031765440078e-01 8.789117644574593324e-01 9.030456738155809848e-01 7.759652116029476243e-01 7.623683607210971491e-01 7.646884534586873006e-01 8.109628034789602147e-01 9.033524646421904336e-01
2.500000000000000000e+01 1.288154342083374759e+00 1.121651203605302571e+00 1.025775956120703603e+00 1.047568151775293943e+00 1.018968868417050588e+00 9.952339143641506514e-01 9.882400588048889656e-01 9.776286795506494709e-01 1.008486322201091800e+00 9.746946944602010721e-01 9.671768320029501265e-01 9.553715231644372974e-01 9.646886238613914255e-01 8.599157770265397627e-01 9.266707418958322062e-01 7.785223676135923920e-01 7.974689061497508558e-01 7.688185216590486259e-01 8.064505501573238089e-01 7.670522119253295745e-01 8.724261895058551541e-01 7.130383471685901586e-01 8.598863742140065991e-01 8.459114031765440078e-01 0.000000000000000000e+00 5.856325633127814623e-01 6.589726645773066327e-01 7.552837780762662323e-01 7.810360252432284600e-01 8.208487279759137945e-01 7.646820793214046397e-01 7.632846392503127575e-01
2.600000000000000000e+01 1.318990827318786030e+00 1.153504443117512102e+00 1.060695817159484244e+00 1.082079662355382998e+00 1.053819167254144373e+00 1.030333340401859532e+00 1.023134537450518744e+00 1.013279662634048561e+00 1.042077606391156541e+00 1.010112788228258340e+00 1.001374946597318738e+00 9.902635172729701285e-01 9.965988766325184489e-01 8.941714166057102009e-01 9.582357506016079274e-01 8.185002887779726510e-01 8.330299213582341711e-01 8.073396237377676865e-01 8.362017839720590207e-01 8.013834648971276398e-01 9.058253225146513099e-01 7.527789817854066978e-01 8.927942000518360732e-01 8.789117644574593324e-01 5.856325633127814623e-01 0.000000000000000000e+00 5.308950670110492709e-01 7.808348108411891086e-01 8.054439616029520632e-01 8.417993265760970178e-01 7.790166274508369959e-01 7.327909698188155296e-01
2.700000000000000000e+01 1.342609026067879130e+00 1.177810868832100288e+00 1.087384728711781490e+00 1.108403838649170803e+00 1.080423141686895461e+00 1.057105182484586292e+00 1.049687443090659533e+00 1.040521363044192737e+00 1.067571756262419624e+00 1.037099528468349741e+00 1.027242895803148981e+00 1.016652751459374171e+00 1.020709199004076195e+00 9.254621845090029719e-01 9.819482377085815283e-01 8.515242220081578051e-01 8.652178451558472094e-01 8.405600158160864144e-01 8.674284354903367689e-01 8.341021411873661418e-01 9.304216319023266291e-01 7.883975562854088626e-01 9.169736145491642620e-01 9.030456738155809848e-01 6.589726645773066327e-01 5.308950670110492709e-01 0.000000000000000000e+00 8.016016957732323700e-01 8.250513635580227767e-01 8.589998515455994355e-01 7.939276208907024568e-01 7.167333101469290924e-01
2.800000000000000000e+01 1.251250667006218675e+00 1.089107610578898155e+00 1.016703744246213015e+00 1.034152306599849469e+00 1.008629901821305852e+00 9.863090231103421868e-01 9.762680400752759002e-01 9.741414019896723619e-01 9.849071860356961583e-01 9.676369065225449706e-01 9.459543040686353432e-01 9.394933249718808721e-01 9.245585808710432563e-01 9.418061562576973689e-01 8.778554915046508089e-01 8.612469371342850177e-01 8.880953776242705988e-01 8.621339280281505868e-01 9.123131143699831913e-01 8.724054024793861384e-01 8.197989968600227773e-01 8.363180254295456972e-01 7.973448451417819438e-01 7.759652116029476243e-01 7.552837780762662323e-01 7.808348108411891086e-01 8.016016957732323700e-01 0.000000000000000000e+00 5.295990459379715798e-01 6.634952823287161294e-01 5.856535202565991138e-01 7.761982728616141358e-01
2.900000000000000000e+01 1.243373759489912134e+00 1.082113800179573149e+00 1.014315211642488945e+00 1.030962391735783745e+00 1.006027416361382043e+00 9.840149691867188242e-01 9.734441001509759328e-01 9.728662247630188720e-01 9.798343643520339707e-01 9.657492081253040705e-01 9.414701367408226940e-01 9.360993223043789779e-01 9.161822878175509555e-01 9.527854033867788619e-01 8.677035722738459800e-01 8.729346572830019024e-01 9.002736405835152222e-01 8.748590348103653103e-01 9.259997780772499798e-01 8.861918437204525656e-01 8.097583224591382578e-01 8.520560141123139086e-01 7.851028753323656684e-01 7.623683607210971491e-01 7.810360252432284600e-01 8.054439616029520632e-01 8.250513635580227767e-01 5.295990459379715798e-01 0.000000000000000000e+00 6.053376805237451475e-01 6.227832101483063987e-01 7.970920886050887333e-01
3.000000000000000000e+01 1.239460902244123863e+00 1.080683446624267630e+00 1.022097112686237042e+00 1.037367940225039975e+00 1.013503983495302796e+00 9.921593289560115547e-01 9.807934379295135674e-01 9.827780521286133553e-01 9.830857827447305741e-01 9.747466213393789491e-01 9.462944032272535555e-01 9.429856063223016616e-01 9.138207560951869812e-01 9.787888220894773728e-01 8.635832811261974218e-01 9.004598007341229060e-01 9.277974351897320116e-01 9.032724093219413053e-01 9.547115059710893359e-01 9.153296344127526130e-01 8.114320255418105976e-01 8.834227436570485370e-01 7.857399591459752752e-01 7.646884534586873006e-01 8.208487279759137945e-01 8.417993265760970178e-01 8.589998515455994355e-01 6.634952823287161294e-01 6.053376805237451475e-01 0.000000000000000000e+00 6.832050930466984084e-01 8.238948149609441884e-01
3.100000000000000000e+01 1.272874110860465979e+00 1.112049402356146466e+00 1.041891954088312477e+00 1.059203403245772446e+00 1.033851920743954267e+00 1.011741651180142920e+00 1.001737277149941541e+00 9.997764346166184701e-01 1.009730241314671151e+00 9.933186585179396566e-01 9.714911453541752451e-01 9.654315962884325586e-01 9.489473085201294289e-01 9.628957591751197143e-01 9.033503710585208957e-01 8.835990967838114329e-01 9.088296629514380776e-01 8.832534742625868240e-01 9.307595120361007446e-01 8.917008007876994213e-01 8.503571542042638320e-01 8.548710119733042845e-01 8.296792094687805985e-01 8.109628034789602147e-01 7.646820793214046397e-01 7.790166274508369959e-01 7.939276208907024568e-01 5.856535202565991138e-01 6.227832101483063987e-01 6.832050930466984084e-01 0.000000000000000000e+00 7.420368740245160133e-01
3.200000000000000000e+01 1.347531352215313394e+00 1.186132728088107768e+00 1.109521161082185348e+00 1.128192967455862838e+00 1.101921604804384724e+00 1.079467556863153543e+00 1.070493832342962470e+00 1.065824335454390148e+00 1.081966608834405985e+00 1.060574038955191423e+00 1.043351458361823969e+00 1.035747217600353487e+00 1.026517011038900584e+00 9.966051292473747658e-01 9.845328039575718115e-01 9.198700047202166274e-01 9.399724995351612655e-01 9.148854018552365908e-01 9.532952735258541921e-01 9.168099188167317948e-01 9.351441871276420237e-01 8.762026882224014379e-01 9.185917795914080308e-01 9.033524646421904336e-01 7.632846392503127575e-01 7.327909698188155296e-01 7.167333101469290924e-01 7.761982728616141358e-01 7.970920886050887333e-01 8.238948149609441884e-01 7.420368740245160133e-01 0.000000000000000000e+00
