0.000000000000000000e+00 1.000000000000000000e+00 2.000000000000000000e+00 3.000000000000000000e+00 4.000000000000000000e+00 5.000000000000000000e+00 6.000000000000000000e+00 7.000000000000000000e+00 8.000000000000000000e+00 9.000000000000000000e+00 1.000000000000000000e+01 1.100000000000000000e+01 1.200000000000000000e+01 1.300000000000000000e+01 1.400000000000000000e+01 1.500000000000000000e+01 1.600000000000000000e+01 1.700000000000000000e+01 1.800000000000000000e+01 1.900000000000000000e+01 2.000000000000000000e+01 2.100000000000000000e+01 2.200000000000000000e+01 2.300000000000000000e+01 2.400000000000000000e+01 2.500000000000000000e+01 2.600000000000000000e+01 2.700000000000000000e+01 2.800000000000000000e+01 2.900000000000000000e+01 3.000000000000000000e+01 3.100000000000000000e+01 3.200000000000000000e+01
1.000000000000000000e+00 0.000000000000000000e+00 8.106633746283536945e-01 9.017272669242656358e-01 8.852701051711671099e-01 8.969010082293800146e-01 9.009628509037251876e-01 8.920218915102531287e-01 9.155159699929623640e-01 8.608118155659362225e-01 9.050775882579880083e-01 8.705357186190468832e-01 8.837871974906312822e-01 7.986323349868346133e-01 1.042777872183929810e+00 6.585835283743335378e-01 9.744658297259943813e-01 1.000533280827280880e+00 9.809017891577201942e-01 1.032570238621536296e+00 9.955698628636960867e-01 8.320239509565373615e-01 9.728896898601842036e-01 8.304910413320477636e-01 8.446988136446726969e-01 9.294772599479803610e-01 9.334750661578613551e-01 9.349171859464431300e-01 8.633070698393421338e-01 8.519597822836126877e-01 7.515236494668255940e-01 8.016567343929902334e-01 6.030246052402844503e-01
2.000000000000000000e+00 8.106633746283536945e-01 0.000000000000000000e+00 8.193017593308248303e-01 7.926746383196283663e-01 8.135433576865409577e-01 8.236180771579574289e-01 8.136855672693663610e-01 8.455786892207549643e-01 7.692992070700078733e-01 8.333723310344525181e-01 7.986458284019976039e-01 8.154625217576856322e-01 7.632742618555848901e-01 9.992706811949900736e-01 6.349366390315611675e-01 9.327867738621132832e-01 9.588214355046282833e-01 9.401223887186939132e-01 9.923508137693837217e-01 9.556640107134134476e-01 8.026689602162043746e-01 9.351007882375610425e-01 8.029769135263317148e-01 8.171754161086677293e-01 8.984501680702563498e-01 9.039086592063313441e-01 9.063783124033855110e-01 8.377826996821093886e-01 8.271972288062292566e-01 7.287902230062075493e-01 7.777842063152974328e-01 5.792172771954765542e-01
3.000000000000000000e+00 9.017272669242656358e-01 8.193017593308248303e-01 0.000000000000000000e+00 5.992496236316391389e-01 4.613727805214891120e-01 5.758419932951651665e-01 6.277102944760033498e-01 6.617570889469456263e-01 7.303800043646869744e-01 6.509205168950045195e-01 7.370450833779290667e-01 7.227038559615472924e-01 8.022257221474310418e-01 9.598061330215859055e-01 6.819598672184268295e-01 9.014125230699784330e-01 9.268766551473590631e-01 9.121690302495474301e-01 9.661683275688794925e-01 9.309519305196102268e-01 8.279208674665491374e-01 9.189572896518332090e-01 8.323286470921985591e-01 8.453005072896528915e-01 9.083693999043320755e-01 9.190259548835509884e-01 9.252332622481893587e-01 8.687159474521219948e-01 8.610070919294112723e-01 7.697442725694789711e-01 8.142123306275924621e-01 6.156089608707989713e-01
4.000000000000000000e+00 8.852701051711671099e-01 7.926746383196283663e-01 5.992496236316391389e-01 0.000000000000000000e+00 5.680582643928060449e-01 6.402865320930660742e-01 6.340275393429037898e-01 7.131865169089991463e-01 6.827776869282667915e-01 6.909246764418375264e-01 7.146469006786365652e-01 7.159269686991081016e-01 7.853857035727137559e-01 9.673360518674705144e-01 6.679106275114565783e-01 9.065034098359446846e-01 9.323192110523634835e-01 9.164775902188418977e-01 9.702381197254126288e-01 9.345499515325564888e-01 8.176519761113735241e-01 9.203359927086685044e-01 8.218447473589577390e-01 8.352864913981346007e-01 9.035144450595300469e-01 9.130641165928380376e-01 9.184451783345826126e-01 8.589787551130203536e-01 8.506343304177708120e-01 7.579034246352149840e-01 8.033838006713357460e-01 6.048390045925192693e-01
5.000000000000000000e+00 8.969010082293800146e-01 8.135433576865409577e-01 4.613727805214891120e-01 5.680582643928060449e-01 0.000000000000000000e+00 5.465103850244824590e-01 5.898811520490461202e-01 6.616448309884418455e-01 7.120307180579280582e-01 6.381957147649108819e-01 7.191343239537971721e-01 7.050386323820885259e-01 7.934274875122852011e-01 9.569770860606976459e-01 6.744500497709722264e-01 8.977382239374637196e-01 9.234225812499834429e-01 9.083662634671935132e-01 9.624440818270501019e-01 9.270511229860435298e-01 8.205014049844095991e-01 9.144993262954612678e-01 8.251287469056981516e-01 8.382402521581671095e-01 9.026382183568135709e-01 9.131393983456700392e-01 9.192124323233423766e-01 8.620710655923233823e-01 8.542608360998718009e-01 7.628142985808217258e-01 8.074496610076541403e-01 6.088805922092789258e-01
6.000000000000000000e+00 9.009628509037251876e-01 8.236180771579574289e-01 5.758419932951651665e-01 6.402865320930660742e-01 5.465103850244824590e-01 0.000000000000000000e+00 5.317935456891980106e-01 6.001570785240751826e-01 7.182529796665039212e-01 5.465078927710402823e-01 7.061214464279458314e-01 6.763006835675917650e-01 7.895690975588643967e-01 9.428412608768643732e-01 6.704622361986334322e-01 8.839615893846496375e-01 9.098363374202795839e-01 8.950593139793100450e-01 9.495692465550382710e-01 9.142148599668830089e-01 8.131466129471088822e-01 9.025182368637032493e-01 8.184143677307301745e-01 8.313689428377921686e-01 8.937583223113061415e-01 9.049727890911017925e-01 9.115358113770302140e-01 8.558165266632689061e-01 8.483882132111186802e-01 7.579334772360659667e-01 8.019738919850071257e-01 6.034253092816052044e-01
7.000000000000000000e+00 8.920218915102531287e-01 8.136855672693663610e-01 6.277102944760033498e-01 6.340275393429037898e-01 5.898811520490461202e-01 5.317935456891980106e-01 0.000000000000000000e+00 6.457648742414320298e-01 6.848588166046908343e-01 5.807240058199942823e-01 6.650806057537720362e-01 6.330072898346017496e-01 7.737249766587060984e-01 9.423319185979415202e-01 6.575993541347371352e-01 8.816184609779992298e-01 9.078963758314186894e-01 8.923214703307028595e-01 9.468791000167879890e-01 9.111488039104617132e-01 8.009837518188308580e-01 8.980672278052599378e-01 8.067104775324352994e-01 8.200352054413568847e-01 8.858721247769818508e-01 8.966006409522734311e-01 9.027695866658085322e-01 8.453797303254029227e-01 8.376511307525940087e-01 7.466022054014274101e-01 7.911305708705284045e-01 5.926561676912390775e-01
8.000000000000000000e+00 9.155159699929623640e-01 8.455786892207549643e-01 6.617570889469456263e-01 7.131865169089991463e-01 6.616448309884418455e-01 6.001570785240751826e-01 6.457648742414320298e-01 0.000000000000000000e+00 7.586126406656560350e-01 5.332962840836610319e-01 7.363608049079161111e-01 6.984467823799547226e-01 8.018748552729674239e-01 9.238704711573968442e-01 6.792318562842551977e-01 8.676240362779245041e-01 8.932695562694172864e-01 8.798086383366202634e-01 9.348248931567015862e-01 8.999679927526632595e-01 8.171395361385435097e-01 8.910389951035122547e-01 8.225477273893281316e-01 8.348339044825854316e-01 8.903694985577406129e-01 9.030584047604738318e-01 9.107101280168761193e-01 8.588248658970214500e-01 8.522359895588218492e-01 7.637188382746826765e-01 8.064270528190805587e-01 6.078074059837054177e-01
9.000000000000000000e+00 8.608118155659362225e-01 7.692992070700078733e-01 7.303800043646869744e-01 6.827776869282667915e-01 7.120307180579280582e-01 7.182529796665039212e-01 6.848588166046908343e-01 7.586126406656560350e-01 0.000000000000000000e+00 7.321339150118482131e-01 6.273361092037291753e-01 6.831163426413429107e-01 7.311658944983553399e-01 9.583195764601912803e-01 6.263894299518735220e-01 8.935227155741568561e-01 9.200374162731197458e-01 9.024060476803167363e-01 9.559902144914331767e-01 9.195154508443145192e-01 7.805186892122187858e-01 9.019600703830674693e-01 7.852530604054842600e-01 7.996052911442261824e-01 8.761666489191393126e-01 8.842450533296618564e-01 8.884977378598382103e-01 8.247170346775738459e-01 8.154997773371326364e-01 7.208722749139868657e-01 7.677610542925329407e-01 5.693511235406570892e-01
1.000000000000000000e+01 9.050775882579880083e-01 8.333723310344525181e-01 6.509205168950045195e-01 6.909246764418375264e-01 6.381957147649108819e-01 5.465078927710402823e-01 5.807240058199942823e-01 5.332962840836610319e-01 7.321339150118482131e-01 0.000000000000000000e+00 7.034638929064390700e-01 6.561424253449503752e-01 7.870530057387684630e-01 9.277621453456279532e-01 6.669720974956980797e-01 8.691058363991627234e-01 8.952762228417592283e-01 8.807586626857039080e-01 9.358265970175303483e-01 9.004754944394887106e-01 8.058121105180880983e-01 8.897047112062161922e-01 8.117165566482934524e-01 8.244510129613038529e-01 8.844652852091452466e-01 8.965072953647698073e-01 9.036345228956679243e-01 8.495352879537660939e-01 8.425488404114538366e-01 7.532383380938305617e-01 7.965908569692238261e-01 5.980671863996086524e-01
1.100000000000000000e+01 8.705357186190468832e-01 7.986458284019976039e-01 7.370450833779290667e-01 7.146469006786365652e-01 7.191343239537971721e-01 7.061214464279458314e-01 6.650806057537720362e-01 7.363608049079161111e-01 6.273361092037291753e-01 7.034638929064390700e-01 0.000000000000000000e+00 5.753919857067733012e-01 7.210225891633502693e-01 9.394513879910635357e-01 6.188909649569507287e-01 8.742844834576105617e-01 9.013824729105506250e-01 8.837877914101702759e-01 9.382067783253933424e-01 9.015778027474904421e-01 7.647180751674195198e-01 8.847677252808547887e-01 7.721990606539658186e-01 7.867988717774521135e-01 8.628220120401952631e-01 8.720752645492272359e-01 8.770813458152102449e-01 8.149268840207981590e-01 8.062996248762750451e-01 7.134478705149907007e-01 7.594320835516353840e-01 5.611556807620171616e-01
1.200000000000000000e+01 8.837871974906312822e-01 8.154625217576856322e-01 7.227038559615472924e-01 7.159269686991081016e-01 7.050386323820885259e-01 6.763006835675917650e-01 6.330072898346017496e-01 6.984467823799547226e-01 6.831163426413429107e-01 6.561424253449503752e-01 5.753919857067733012e-01 0.000000000000000000e+00 7.428572413556037146e-01 9.279178964226999504e-01 6.315928762461180401e-01 8.640428409654056230e-01 8.913538062419357200e-01 8.745339987992178932e-01 9.297289456925619255e-01 8.932971762098428359e-01 7.704432279153966556e-01 8.785133801539779519e-01 7.785921649374533127e-01 7.926123330904708553e-01 8.634524802439660363e-01 8.742029020948495210e-01 8.802544418115012537e-01 8.213124370843756239e-01 8.135071066080343805e-01 7.227116051883906156e-01 7.674004837659583744e-01 5.691325360399225319e-01
1.300000000000000000e+01 7.986323349868346133e-01 7.632742618555848901e-01 8.022257221474310418e-01 7.853857035727137559e-01 7.934274875122852011e-01 7.895690975588643967e-01 7.737249766587060984e-01 8.018748552729674239e-01 7.311658944983553399e-01 7.870530057387684630e-01 7.210225891633502693e-01 7.428572413556037146e-01 0.000000000000000000e+00 9.153696769364529917e-01 5.070168711489924096e-01 8.448870866703624971e-01 8.716775103548601855e-01 8.511861517061408700e-01 9.033289237490433887e-01 8.658337445915053054e-01 6.853966544449950904e-01 8.419862324510873908e-01 6.883309379854453125e-01 7.044484734822966665e-01 7.967667838284020476e-01 8.009663147020710250e-01 8.024361393633197004e-01 7.294655074385774096e-01 7.180363699969578573e-01 6.180785943359350387e-01 6.685399771050707374e-01 4.702323941950431463e-01
1.400000000000000000e+01 1.042777872183929810e+00 9.992706811949900736e-01 9.598061330215859055e-01 9.673360518674705144e-01 9.569770860606976459e-01 9.428412608768643732e-01 9.423319185979415202e-01 9.238704711573968442e-01 9.583195764601912803e-01 9.277621453456279532e-01 9.394513879910635357e-01 9.279178964226999504e-01 9.153696769364529917e-01 0.000000000000000000e+00 7.707379438528878524e-01 6.553960597435840585e-01 5.729417276153134786e-01 6.451925870131091090e-01 6.069254533801322626e-01 6.363714475886140809e-01 8.977983876012533004e-01 7.135127857867222811e-01 8.961711315773667197e-01 9.017004281864640092e-01 8.429174826314689284e-01 8.648460418840336894e-01 8.837979151700134928e-01 8.972871819318868347e-01 8.989466990004113534e-01 8.247011402757908893e-01 8.531140774439048835e-01 6.501961262716594581e-01
1.500000000000000000e+01 6.585835283743335378e-01 6.349366390315611675e-01 6.819598672184268295e-01 6.679106275114565783e-01 6.744500497709722264e-01 6.704622361986334322e-01 6.575993541347371352e-01 6.792318562842551977e-01 6.263894299518735220e-01 6.669720974956980797e-01 6.188909649569507287e-01 6.315928762461180401e-01 5.070168711489924096e-01 7.707379438528878524e-01 0.000000000000000000e+00 6.987445876751005036e-01 7.254228125298975982e-01 7.041011988214663786e-01 7.555596131316086872e-01 7.178212820198762723e-01 5.209654300631020307e-01 6.919260799442821241e-01 5.225245972990776311e-01 5.401136872885912155e-01 6.398619689798397125e-01 6.425971708221792644e-01 6.430420298519465838e-01 5.666773054587417313e-01 5.543467458721764718e-01 4.523091494816957603e-01 5.043246211177011551e-01 3.060967808804909707e-01
1.600000000000000000e+01 9.744658297259943813e-01 9.327867738621132832e-01 9.014125230699784330e-01 9.065034098359446846e-01 8.977382239374637196e-01 8.839615893846496375e-01 8.816184609779992298e-01 8.676240362779245041e-01 8.935227155741568561e-01 8.691058363991627234e-01 8.742844834576105617e-01 8.640428409654056230e-01 8.448870866703624971e-01 6.553960597435840585e-01 6.987445876751005036e-01 0.000000000000000000e+00 5.481565181422951571e-01 4.617725306119994100e-01 6.505740660120575836e-01 5.782563881815775408e-01 8.236813353890034550e-01 6.170445137006475012e-01 8.214491852219335533e-01 8.261194859611014074e-01 7.635776138135024205e-01 7.912867123870924724e-01 8.119548204561488625e-01 8.205984300858184533e-01 8.230792645457134515e-01 7.508113839900556474e-01 7.784699682977117563e-01 5.763970868634206157e-01
1.700000000000000000e+01 1.000533280827280880e+00 9.588214355046282833e-01 9.268766551473590631e-01 9.323192110523634835e-01 9.234225812499834429e-01 9.098363374202795839e-01 9.078963758314186894e-01 8.932695562694172864e-01 9.200374162731197458e-01 8.952762228417592283e-01 9.013824729105506250e-01 8.913538062419357200e-01 8.716775103548601855e-01 5.729417276153134786e-01 7.254228125298975982e-01 5.481565181422951571e-01 0.000000000000000000e+00 5.052459448738747527e-01 5.621715181962931851e-01 5.097644684747494326e-01 8.521673632170659873e-01 6.264900095595400398e-01 8.497930344419774018e-01 8.547107030144780460e-01 7.838758201519482327e-01 8.080094256263753438e-01 8.284611438578168841e-01 8.471014774950464954e-01 8.495865479697009004e-01 7.766791002698114621e-01 8.037608445805665136e-01 6.005504544673750944e-01
1.800000000000000000e+01 9.809017891577201942e-01 9.401223887186939132e-01 9.121690302495474301e-01 9.164775902188418977e-01 9.083662634671935132e-01 8.950593139793100450e-01 8.923214703307028595e-01 8.798086383366202634e-01 9.024060476803167363e-01 8.807586626857039080e-01 8.837877914101702759e-01 8.745339987992178932e-01 8.511861517061408700e-01 6.451925870131091090e-01 7.041011988214663786e-01 4.617725306119994100e-01 5.052459448738747527e-01 0.000000000000000000e+00 6.117145441898956815e-01 5.050311052239194742e-01 8.302358044013425920e-01 5.778413267230047001e-01 8.274620124179660197e-01 8.319547381846712497e-01 7.564582943393445280e-01 7.837386997879552952e-01 8.053229284920533360e-01 8.230490211165306658e-01 8.260323415815078452e-01 7.541225430398479368e-01 7.806371817859584228e-01 5.776997259380888261e-01
1.900000000000000000e+01 1.032570238621536296e+00 9.923508137693837217e-01 9.661683275688794925e-01 9.702381197254126288e-01 9.624440818270501019e-01 9.495692465550382710e-01 9.468791000167879890e-01 9.348248931567015862e-01 9.559902144914331767e-01 9.358265970175303483e-01 9.382067783253933424e-01 9.297289456925619255e-01 9.033289237490433887e-01 6.069254533801322626e-01 7.555596131316086872e-01 6.505740660120575836e-01 5.621715181962931851e-01 6.117145441898956815e-01 0.000000000000000000e+00 5.345350990016718429e-01 8.841029895879698453e-01 6.382846867087714759e-01 8.809429270313565707e-01 8.856415634164163109e-01 7.967155230312630287e-01 8.168436326126139457e-01 8.376219923260290745e-01 8.731309449187847349e-01 8.762357496212656027e-01 8.036021286848853418e-01 8.289327382658747689e-01 6.240282216451821240e-01
2.000000000000000000e+01 9.955698628636960867e-01 9.556640107134134476e-01 9.309519305196102268e-01 9.345499515325564888e-01 9.270511229860435298e-01 9.142148599668830089e-01 9.111488039104617132e-01 8.999679927526632595e-01 9.195154508443145192e-01 9.004754944394887106e-01 9.015778027474904421e-01 8.932971762098428359e-01 8.658337445915053054e-01 6.363714475886140809e-01 7.178212820198762723e-01 5.782563881815775408e-01 5.097644684747494326e-01 5.050311052239194742e-01 5.345350990016718429e-01 0.000000000000000000e+00 8.455644716854645582e-01 5.581611915139548241e-01 8.422853870618575156e-01 8.467239835426427774e-01 7.572864793921159077e-01 7.816804808115537240e-01 8.036953568569802364e-01 8.342393699403936047e-01 8.376118237804686117e-01 7.656949633578433723e-01 7.909856018958608681e-01 5.867321989694803674e-01
2.100000000000000000e+01 8.320239509565373615e-01 8.026689602162043746e-01 8.279208674665491374e-01 8.176519761113735241e-01 8.205014049844095991e-01 8.131466129471088822e-01 8.009837518188308580e-01 8.171395361385435097e-01 7.805186892122187858e-01 8.058121105180880983e-01 7.647180751674195198e-01 7.704432279153966556e-01 6.853966544449950904e-01 8.977983876012533004e-01 5.209654300631020307e-01 8.236813353890034550e-01 8.521673632170659873e-01 8.302358044013425920e-01 8.841029895879698453e-01 8.455644716854645582e-01 0.000000000000000000e+00 8.203129695976347779e-01 5.440180453184803033e-01 6.095766357382501610e-01 7.768380640851855201e-01 7.843851702439933460e-01 7.876703715355428681e-01 7.119312690825245760e-01 7.015844685400771663e-01 6.098864890023110163e-01 6.584376506618733194e-01 4.618089085308739739e-01
2.200000000000000000e+01 9.728896898601842036e-01 9.351007882375610425e-01 9.189572896518332090e-01 9.203359927086685044e-01 9.144993262954612678e-01 9.025182368637032493e-01 8.980672278052599378e-01 8.910389951035122547e-01 9.019600703830674693e-01 8.897047112062161922e-01 8.847677252808547887e-01 8.785133801539779519e-01 8.419862324510873908e-01 7.135127857867222811e-01 6.919260799442821241e-01 6.170445137006475012e-01 6.264900095595400398e-01 5.778413267230047001e-01 6.382846867087714759e-01 5.581611915139548241e-01 8.203129695976347779e-01 0.000000000000000000e+00 8.159267644110296258e-01 8.196353651125773965e-01 7.065759352012301875e-01 7.376395121728324122e-01 7.633771361438554948e-01 8.014345414320880323e-01 8.061127920082979958e-01 7.359904789964604177e-01 7.592370450494444478e-01 5.545594441140276887e-01
2.300000000000000000e+01 8.304910413320477636e-01 8.029769135263317148e-01 8.323286470921985591e-01 8.218447473589577390e-01 8.251287469056981516e-01 8.184143677307301745e-01 8.067104775324352994e-01 8.225477273893281316e-01 7.852530604054842600e-01 8.117165566482934524e-01 7.721990606539658186e-01 7.785921649374533127e-01 6.883309379854453125e-01 8.961711315773667197e-01 5.225245972990776311e-01 8.214491852219335533e-01 8.497930344419774018e-01 8.274620124179660197e-01 8.809429270313565707e-01 8.422853870618575156e-01 5.440180453184803033e-01 8.159267644110296258e-01 0.000000000000000000e+00 5.123633404243721490e-01 7.688345833204111024e-01 7.762193833461684678e-01 7.793063192279814366e-01 6.997455055008350300e-01 6.888048144475933388e-01 5.989555003953328516e-01 6.480497701779689423e-01 4.521185637869115093e-01
2.400000000000000000e+01 8.446988136446726969e-01 8.171754161086677293e-01 8.453005072896528915e-01 8.352864913981346007e-01 8.382402521581671095e-01 8.313689428377921686e-01 8.200352054413568847e-01 8.348339044825854316e-01 7.996052911442261824e-01 8.244510129613038529e-01 7.867988717774521135e-01 7.926123330904708553e-01 7.044484734822966665e-01 9.017004281864640092e-01 5.401136872885912155e-01 8.261194859611014074e-01 8.547107030144780460e-01 8.319547381846712497e-01 8.856415634164163109e-01 8.467239835426427774e-01 6.095766357382501610e-01 8.196353651125773965e-01 5.123633404243721490e-01 0.000000000000000000e+00 7.715160545503771949e-01 7.800586650885422690e-01 7.837437856565121486e-01 7.001410310691589256e-01 6.890407616839440141e-01 6.045663682143584960e-01 6.530977767088855801e-01 4.583882424830917346e-01
2.500000000000000000e+01 9.294772599479803610e-01 8.984501680702563498e-01 9.083693999043320755e-01 9.035144450595300469e-01 9.026382183568135709e-01 8.937583223113061415e-01 8.858721247769818508e-01 8.903694985577406129e-01 8.761666489191393126e-01 8.844652852091452466e-01 8.628220120401952631e-01 8.634524802439660363e-01 7.967667838284020476e-01 8.429174826314689284e-01 6.398619689798397125e-01 7.635776138135024205e-01 7.838758201519482327e-01 7.564582943393445280e-01 7.967155230312630287e-01 7.572864793921159077e-01 7.768380640851855201e-01 7.065759352012301875e-01 7.688345833204111024e-01 7.715160545503771949e-01 0.000000000000000000e+00 5.826212183175770720e-01 6.495093698963452233e-01 7.241693250332081888e-01 7.345901725993484455e-01 6.686648112018356294e-01 6.815987382517673110e-01 4.733069748887951400e-01
2.600000000000000000e+01 9.334750661578613551e-01 9.039086592063313441e-01 9.190259548835509884e-01 9.130641165928380376e-01 9.131393983456700392e-01 9.049727890911017925e-01 8.966006409522734311e-01 9.030584047604738318e-01 8.842450533296618564e-01 8.965072953647698073e-01 8.720752645492272359e-01 8.742029020948495210e-01 8.009663147020710250e-01 8.648460418840336894e-01 6.425971708221792644e-01 7.912867123870924724e-01 8.080094256263753438e-01 7.837386997879552952e-01 8.168436326126139457e-01 7.816804808115537240e-01 7.843851702439933460e-01 7.376395121728324122e-01 7.762193833461684678e-01 7.800586650885422690e-01 5.826212183175770720e-01 0.000000000000000000e+00 5.290176011181451088e-01 7.336535579668890250e-01 7.405638445993314445e-01 6.679139791869337373e-01 6.800679028210970811e-01 4.607607580387468316e-01
2.700000000000000000e+01 9.349171859464431300e-01 9.063783124033855110e-01 9.252332622481893587e-01 9.184451783345826126e-01 9.192124323233423766e-01 9.115358113770302140e-01 9.027695866658085322e-01 9.107101280168761193e-01 8.884977378598382103e-01 9.036345228956679243e-01 8.770813458152102449e-01 8.802544418115012537e-01 8.024361393633197004e-01 8.837979151700134928e-01 6.430420298519465838e-01 8.119548204561488625e-01 8.284611438578168841e-01 8.053229284920533360e-01 8.376219923260290745e-01 8.036953568569802364e-01 7.876703715355428681e-01 7.633771361438554948e-01 7.793063192279814366e-01 7.837437856565121486e-01 6.495093698963452233e-01 5.290176011181451088e-01 0.000000000000000000e+00 7.382725677343553450e-01 7.428316977873137272e-01 6.661129187595156154e-01 6.783407377736953014e-01 4.517676754150318219e-01
2.800000000000000000e+01 8.633070698393421338e-01 8.377826996821093886e-01 8.687159474521219948e-01 8.589787551130203536e-01 8.620710655923233823e-01 8.558165266632689061e-01 8.453797303254029227e-01 8.588248658970214500e-01 8.247170346775738459e-01 8.495352879537660939e-01 8.149268840207981590e-01 8.213124370843756239e-01 7.294655074385774096e-01 8.972871819318868347e-01 5.666773054587417313e-01 8.205984300858184533e-01 8.471014774950464954e-01 8.230490211165306658e-01 8.731309449187847349e-01 8.342393699403936047e-01 7.119312690825245760e-01 8.014345414320880323e-01 6.997455055008350300e-01 7.001410310691589256e-01 7.241693250332081888e-01 7.336535579668890250e-01 7.382725677343553450e-01 0.000000000000000000e+00 5.240102097315577634e-01 5.693241397178558927e-01 5.537831631255508702e-01 4.112445831185415068e-01
2.900000000000000000e+01 8.519597822836126877e-01 8.271972288062292566e-01 8.610070919294112723e-01 8.506343304177708120e-01 8.542608360998718009e-01 8.483882132111186802e-01 8.376511307525940087e-01 8.522359895588218492e-01 8.154997773371326364e-01 8.425488404114538366e-01 8.062996248762750451e-01 8.135071066080343805e-01 7.180363699969578573e-01 8.989466990004113534e-01 5.543467458721764718e-01 8.230792645457134515e-01 8.495865479697009004e-01 8.260323415815078452e-01 8.762357496212656027e-01 8.376118237804686117e-01 7.015844685400771663e-01 8.061127920082979958e-01 6.888048144475933388e-01 6.890407616839440141e-01 7.345901725993484455e-01 7.405638445993314445e-01 7.428316977873137272e-01 5.240102097315577634e-01 0.000000000000000000e+00 5.409013406333194052e-01 5.698723159288762163e-01 4.083746843126100368e-01
3.000000000000000000e+01 7.515236494668255940e-01 7.287902230062075493e-01 7.697442725694789711e-01 7.579034246352149840e-01 7.628142985808217258e-01 7.579334772360659667e-01 7.466022054014274101e-01 7.637188382746826765e-01 7.208722749139868657e-01 7.532383380938305617e-01 7.134478705149907007e-01 7.227116051883906156e-01 6.180785943359350387e-01 8.247011402757908893e-01 4.523091494816957603e-01 7.508113839900556474e-01 7.766791002698114621e-01 7.541225430398479368e-01 8.036021286848853418e-01 7.656949633578433723e-01 6.098864890023110163e-01 7.359904789964604177e-01 5.989555003953328516e-01 6.045663682143584960e-01 6.686648112018356294e-01 6.679139791869337373e-01 6.661129187595156154e-01 5.693241397178558927e-01 5.409013406333194052e-01 0.000000000000000000e+00 5.103582415947521822e-01 3.183774030465830185e-01
3.100000000000000000e+01 8.016567343929902334e-01 7.777842063152974328e-01 8.142123306275924621e-01 8.033838006713357460e-01 8.074496610076541403e-01 8.019738919850071257e-01 7.911305708705284045e-01 8.064270528190805587e-01 7.677610542925329407e-01 7.965908569692238261e-01 7.594320835516353840e-01 7.674004837659583744e-01 6.685399771050707374e-01 8.531140774439048835e-01 5.043246211177011551e-01 7.784699682977117563e-01 8.037608445805665136e-01 7.806371817859584228e-01 8.289327382658747689e-01 7.909856018958608681e-01 6.584376506618733194e-01 7.592370450494444478e-01 6.480497701779689423e-01 6.530977767088855801e-01 6.815987382517673110e-01 6.800679028210970811e-01 6.783407377736953014e-01 5.537831631255508702e-01 5.698723159288762163e-01 5.103582415947521822e-01 0.000000000000000000e+00 3.276179001439373240e-01
3.200000000000000000e+01 6.030246052402844503e-01 5.792172771954765542e-01 6.156089608707989713e-01 6.048390045925192693e-01 6.088805922092789258e-01 6.034253092816052044e-01 5.926561676912390775e-01 6.078074059837054177e-01 5.693511235406570892e-01 5.980671863996086524e-01 5.611556807620171616e-01 5.691325360399225319e-01 4.702323941950431463e-01 6.501961262716594581e-01 3.060967808804909707e-01 5.763970868634206157e-01 6.005504544673750944e-01 5.776997259380888261e-01 6.240282216451821240e-01 5.867321989694803674e-01 4.618089085308739739e-01 5.545594441140276887e-01 4.521185637869115093e-01 4.583882424830917346e-01 4.733069748887951400e-01 4.607607580387468316e-01 4.517676754150318219e-01 4.112445831185415068e-01 4.083746843126100368e-01 3.183774030465830185e-01 3.276179001439373240e-01 0.000000000000000000e+00
