0.000000000000000000e+00 1.000000000000000000e+00 2.000000000000000000e+00 3.000000000000000000e+00 4.000000000000000000e+00 5.000000000000000000e+00 6.000000000000000000e+00 7.000000000000000000e+00 8.000000000000000000e+00 9.000000000000000000e+00 1.000000000000000000e+01 1.100000000000000000e+01 1.200000000000000000e+01 1.300000000000000000e+01 1.400000000000000000e+01 1.500000000000000000e+01 1.600000000000000000e+01 1.700000000000000000e+01 1.800000000000000000e+01 1.900000000000000000e+01 2.000000000000000000e+01 2.100000000000000000e+01 2.200000000000000000e+01 2.300000000000000000e+01 2.400000000000000000e+01 2.500000000000000000e+01 2.600000000000000000e+01 2.700000000000000000e+01 2.800000000000000000e+01 2.900000000000000000e+01 3.000000000000000000e+01 3.100000000000000000e+01 3.200000000000000000e+01
1.000000000000000000e+00 0.000000000000000000e+00 8.660557116159007807e-01 7.963444289365101403e-01 7.900202432829959154e-01 7.924874375151985673e-01 7.955519381246706212e-01 7.911684595542070042e-01 8.092948215326348782e-01 7.789214282652439092e-01 8.058644536993705421e-01 7.852234106321348550e-01 7.941350146484832395e-01 9.372437428326200193e-01 1.123008479745484678e+00 9.634992565267482822e-01 1.052683984716989096e+00 1.087790964129326854e+00 1.071789820395317561e+00 1.134494553519987736e+00 1.096869477638759971e+00 8.383143341222144551e-01 1.087840583908240566e+00 8.450515402027855005e-01 8.506206381864025445e-01 1.087407755755592564e+00 1.101535609594896270e+00 1.105996914340815263e+00 9.047087984571556829e-01 8.990691445009122429e-01 9.148444423794499514e-01 9.284457012578418711e-01 1.092067805486323984e+00
2.000000000000000000e+00 8.660557116159007807e-01 0.000000000000000000e+00 6.541787639578405811e-01 6.404420318863393025e-01 6.487290104165214233e-01 6.543115033095560085e-01 6.476549409104757071e-01 6.728661071534419724e-01 6.224470947052196390e-01 6.670463448215017133e-01 6.404578446746559406e-01 6.534408832013655077e-01 8.077268336982944552e-01 1.001610824459831406e+00 8.465081600930598471e-01 9.318494762092373040e-01 9.673668149588230403e-01 9.518335905740225034e-01 1.015381422989170002e+00 9.778037283501705978e-01 7.225504104651861992e-01 9.703228470951510420e-01 7.317627516868013826e-01 7.384685588111128407e-01 9.757688917346118984e-01 9.912741260544108979e-01 9.965962310650935407e-01 7.970028278067117222e-01 7.919173601023159481e-01 8.094694256197914051e-01 8.217905696431305751e-01 9.853261138001525588e-01
3.000000000000000000e+00 7.963444289365101403e-01 6.541787639578405811e-01 0.000000000000000000e+00 3.060867707385457326e-01 2.313287388156594071e-01 2.903350209121019487e-01 3.187443918043473268e-01 3.388734776881329180e-01 3.891660736072217741e-01 3.342697713744809951e-01 3.860720135552634380e-01 3.785974549386038612e-01 6.176320919924517261e-01 7.410223078799975660e-01 6.420884115187123209e-01 6.745565691833996791e-01 7.103944439774576569e-01 6.967661887534857268e-01 7.618349259287140463e-01 7.248487196092057161e-01 5.021723429990475607e-01 7.221496405550122955e-01 5.124424079237485108e-01 5.186372812491906181e-01 7.430982265160914757e-01 7.612298120863221218e-01 7.682702613850271867e-01 5.759648214268687783e-01 5.726365432693212298e-01 5.938979105309756257e-01 6.018309988406916888e-01 7.627459647479621907e-01
4.000000000000000000e+00 7.900202432829959154e-01 6.404420318863393025e-01 3.060867707385457326e-01 0.000000000000000000e+00 2.878414504707217381e-01 3.277473621571110884e-01 3.243187244254486234e-01 3.735228629417189916e-01 3.646503621618728541e-01 3.614252762392712315e-01 3.759576962280212209e-01 3.772250096589649937e-01 6.106750052154333863e-01 7.543663000667180096e-01 6.403356130595835305e-01 6.867742614446952221e-01 7.227321480629882444e-01 7.085547264768490283e-01 7.734737463366918586e-01 7.362579374431863499e-01 5.041021739144216918e-01 7.324201377577317373e-01 5.148895154259524043e-01 5.215729441448013759e-01 7.501576112120977857e-01 7.678867284068526811e-01 7.746434836364248788e-01 5.805637737336134530e-01 5.768702972222237157e-01 5.975412188703028704e-01 6.064041488192738472e-01 7.680920734712595177e-01
5.000000000000000000e+00 7.924874375151985673e-01 6.487290104165214233e-01 2.313287388156594071e-01 2.878414504707217381e-01 0.000000000000000000e+00 2.746741638277067077e-01 2.976308561735572233e-01 3.385269109137035715e-01 3.758559824746723343e-01 3.267048297645543942e-01 3.735906381830745859e-01 3.667590394847705104e-01 6.091135148345764305e-01 7.381264561423495074e-01 6.347778092611379153e-01 6.711874206129524456e-01 7.071310210430181709e-01 6.933004271175604583e-01 7.583948595341580834e-01 7.213073380132617451e-01 4.956605329558957385e-01 7.182573378965833033e-01 5.061913045836016201e-01 5.125717158298515042e-01 7.383597584055823226e-01 7.564211203937281081e-01 7.634040811472835308e-01 5.705850481675437402e-01 5.671654303889803739e-01 5.883162996091124697e-01 5.964858716736481936e-01 7.576468659487467505e-01
6.000000000000000000e+00 7.955519381246706212e-01 6.543115033095560085e-01 2.903350209121019487e-01 3.277473621571110884e-01 2.746741638277067077e-01 0.000000000000000000e+00 2.671950954294965985e-01 3.042437143909569874e-01 3.772618416552906417e-01 2.765113734280323365e-01 3.649425163724632215e-01 3.506101825954516249e-01 6.035392013626074137e-01 7.250560656954285754e-01 6.267463799950182546e-01 6.581232964630938653e-01 6.942001361962490957e-01 6.804437469851418729e-01 7.457535183348360519e-01 7.086565045084278758e-01 4.857762885964990174e-01 7.059265663065492635e-01 4.963347926354938489e-01 5.026257131785283327e-01 7.272658821511490679e-01 7.455593271948124379e-01 7.526880760326206676e-01 5.604649852608848404e-01 5.571991934903202104e-01 5.786734691678536713e-01 5.864597476182372704e-01 7.474053287699629067e-01
7.000000000000000000e+00 7.911684595542070042e-01 6.476549409104757071e-01 3.187443918043473268e-01 3.243187244254486234e-01 2.976308561735572233e-01 2.671950954294965985e-01 0.000000000000000000e+00 3.312359948974582524e-01 3.555944073299592834e-01 2.964841732766126947e-01 3.401622439293515709e-01 3.252390722502097598e-01 5.904552993096100488e-01 7.259361344529950966e-01 6.165546655036858725e-01 6.579856732439905986e-01 6.942517548745825717e-01 6.800352990587978930e-01 7.453387299635492180e-01 7.080253667647617988e-01 4.776708987402179529e-01 7.044420859136377722e-01 4.888735463249210822e-01 4.956313987854581438e-01 7.236127266668364033e-01 7.417039762365080779e-01 7.486755002849851959e-01 5.551528008580023377e-01 5.516476923723725445e-01 5.728141922868312808e-01 5.812169573491999808e-01 7.427758443761205420e-01
8.000000000000000000e+00 8.092948215326348782e-01 6.728661071534419724e-01 3.388734776881329180e-01 3.735228629417189916e-01 3.385269109137035715e-01 3.042437143909569874e-01 3.312359948974582524e-01 0.000000000000000000e+00 4.059410194554609053e-01 2.710974512064693309e-01 3.872886708468982198e-01 3.684148964988417374e-01 6.158676304842861660e-01 7.109909916080585646e-01 6.328552708797378079e-01 6.452782854692558079e-01 6.813159353079785152e-01 6.682185752551488278e-01 7.338385291949389710e-01 6.969878542089640305e-01 4.871135207231404030e-01 6.957358919985570100e-01 4.968754955852393573e-01 5.024590000303252868e-01 7.213905829492559540e-01 7.402327463081730397e-01 7.477443120583058267e-01 5.579243334841598179e-01 5.551553607541714896e-01 5.774232037247004623e-01 5.839466203360018648e-01 7.438405111704144979e-01
9.000000000000000000e+00 7.789214282652439092e-01 6.224470947052196390e-01 3.891660736072217741e-01 3.646503621618728541e-01 3.758559824746723343e-01 3.772618416552906417e-01 3.555944073299592834e-01 4.059410194554609053e-01 0.000000000000000000e+00 3.907264944304619236e-01 3.197703502360579320e-01 3.539306871907518248e-01 5.611740245224464685e-01 7.518658513254012909e-01 6.061531351440833104e-01 6.820763359875352538e-01 7.183233135388149559e-01 7.030975890043815735e-01 7.678171953343286837e-01 7.301443030117888977e-01 4.784002122775757870e-01 7.241992070458820319e-01 4.907885511047170857e-01 4.987461741656604719e-01 7.361779721281105360e-01 7.532804152652654572e-01 7.595803986714473321e-01 5.620553683208232565e-01 5.576824255576731115e-01 5.774018677578318659e-01 5.880124282713660167e-01 7.513067527238921350e-01
1.000000000000000000e+01 8.058644536993705421e-01 6.670463448215017133e-01 3.342697713744809951e-01 3.614252762392712315e-01 3.267048297645543942e-01 2.765113734280323365e-01 2.964841732766126947e-01 2.710974512064693309e-01 3.907264944304619236e-01 0.000000000000000000e+00 3.698791780005689089e-01 3.475200153843104323e-01 6.072274870081667553e-01 7.187004638973637505e-01 6.271147422950632544e-01 6.517354775992665328e-01 6.879925396631658696e-01 6.743172665768872864e-01 7.399050803431248546e-01 7.027888224746807744e-01 4.837247993403145374e-01 7.004466863200506932e-01 4.941947947655779272e-01 5.003075177915687899e-01 7.233016524683790749e-01 7.418695213353403428e-01 7.491707625358130507e-01 5.577177795910986946e-01 5.546455433541008784e-01 5.765025645380132957e-01 5.838047326838863293e-01 7.444541382966454179e-01
1.100000000000000000e+01 7.852234106321348550e-01 6.404578446746559406e-01 3.860720135552634380e-01 3.759576962280212209e-01 3.735906381830745859e-01 3.649425163724632215e-01 3.401622439293515709e-01 3.872886708468982198e-01 3.197703502360579320e-01 3.698791780005689089e-01 0.000000000000000000e+00 2.902621612046339949e-01 5.481204581033009005e-01 7.270298436037099243e-01 5.845279398496129319e-01 6.566725281346090792e-01 6.932934343342609385e-01 6.779343960860539919e-01 7.430804704102613734e-01 7.052578114471779180e-01 4.528797724168084349e-01 6.994261079560033512e-01 4.663028359868642836e-01 4.746250126904434374e-01 7.126371623124150290e-01 7.301603075588183334e-01 7.367002981838601805e-01 5.394760252173670390e-01 5.352753461431991600e-01 5.555800736929152883e-01 5.657748551897520128e-01 7.291137511624885548e-01
1.200000000000000000e+01 7.941350146484832395e-01 6.534408832013655077e-01 3.785974549386038612e-01 3.772250096589649937e-01 3.667590394847705104e-01 3.506101825954516249e-01 3.252390722502097598e-01 3.684148964988417374e-01 3.539306871907518248e-01 3.475200153843104323e-01 2.902621612046339949e-01 0.000000000000000000e+00 5.658267403594027245e-01 7.149543683615551259e-01 5.905186401656931094e-01 6.448764176108980894e-01 6.817442447525838833e-01 6.666612469608452773e-01 7.322803279503067309e-01 6.944932575986555445e-01 4.518967712391698255e-01 6.895804632160653647e-01 4.647543370569996446e-01 4.724555654302680097e-01 7.060912215260015667e-01 7.241552054692663720e-01 7.310412717821010986e-01 5.356421178533076199e-01 5.318779177436259165e-01 5.529623505011735940e-01 5.620531983122051267e-01 7.246235997529213435e-01
1.300000000000000000e+01 9.372437428326200193e-01 8.077268336982944552e-01 6.176320919924517261e-01 6.106750052154333863e-01 6.091135148345764305e-01 6.035392013626074137e-01 5.904552993096100488e-01 6.158676304842861660e-01 5.611740245224464685e-01 6.072274870081667553e-01 5.481204581033009005e-01 5.658267403594027245e-01 0.000000000000000000e+00 9.097775607827069955e-01 6.639948409506225557e-01 8.369257155217748601e-01 8.730153341009605494e-01 8.560485238283634946e-01 9.196142923579371242e-01 8.813450935448554624e-01 5.842288014234263693e-01 8.711757808778124446e-01 5.998027595170530857e-01 6.111123308793073861e-01 8.700393125065652988e-01 8.854549101621753682e-01 8.906138145797686256e-01 6.849407974340225858e-01 6.787934243068083351e-01 6.958699381865440792e-01 7.110712292774105103e-01 8.782115517044091213e-01
1.400000000000000000e+01 1.123008479745484678e+00 1.001610824459831406e+00 7.410223078799975660e-01 7.543663000667180096e-01 7.381264561423495074e-01 7.250560656954285754e-01 7.259361344529950966e-01 7.109909916080585646e-01 7.518658513254012909e-01 7.187004638973637505e-01 7.270298436037099243e-01 7.149543683615551259e-01 9.097775607827069955e-01 0.000000000000000000e+00 8.955998436563695764e-01 6.458218295845739032e-01 5.709110099439242969e-01 6.393589868421620803e-01 6.050391506004508813e-01 6.326123300935599936e-01 7.221824401554511885e-01 7.057242382525237279e-01 7.212050018668553220e-01 7.184902727113475773e-01 8.279436102711832390e-01 8.486121604551704056e-01 8.610065484482656295e-01 7.273114709809150868e-01 7.320254055674417781e-01 7.629825142668940074e-01 7.494422118961777679e-01 8.833976275521626675e-01
1.500000000000000000e+01 9.634992565267482822e-01 8.465081600930598471e-01 6.420884115187123209e-01 6.403356130595835305e-01 6.347778092611379153e-01 6.267463799950182546e-01 6.165546655036858725e-01 6.328552708797378079e-01 6.061531351440833104e-01 6.271147422950632544e-01 5.845279398496129319e-01 5.905186401656931094e-01 6.639948409506225557e-01 8.955998436563695764e-01 0.000000000000000000e+00 8.205837345289506146e-01 8.566343809937828624e-01 8.384356624055862017e-01 9.013347441879560051e-01 8.626056044394805333e-01 5.134120963213114619e-01 8.495213312346818757e-01 5.360664494541248493e-01 5.538637638213688152e-01 8.397732930908576865e-01 8.546150682375268648e-01 8.593391843876778680e-01 6.462553630168895724e-01 6.386509418254531223e-01 6.546396904939653094e-01 6.736603888168838372e-01 8.449705461163228293e-01
1.600000000000000000e+01 1.052683984716989096e+00 9.318494762092373040e-01 6.745565691833996791e-01 6.867742614446952221e-01 6.711874206129524456e-01 6.581232964630938653e-01 6.579856732439905986e-01 6.452782854692558079e-01 6.820763359875352538e-01 6.517354775992665328e-01 6.566725281346090792e-01 6.448764176108980894e-01 8.369257155217748601e-01 6.458218295845739032e-01 8.205837345289506146e-01 0.000000000000000000e+00 5.450164911840793547e-01 4.608323597848402731e-01 6.462560566784163463e-01 5.755831752056006501e-01 6.448815547621297162e-01 6.126541462840964236e-01 6.432418818061925725e-01 6.399842936578483688e-01 7.492661190300573537e-01 7.744236921428495624e-01 7.877726538393652334e-01 6.481705926728872358e-01 6.530459811718158925e-01 6.845177996271747389e-01 6.710084138784183638e-01 8.076583700561386081e-01
1.700000000000000000e+01 1.087790964129326854e+00 9.673668149588230403e-01 7.103944439774576569e-01 7.227321480629882444e-01 7.071310210430181709e-01 6.942001361962490957e-01 6.942517548745825717e-01 6.813159353079785152e-01 7.183233135388149559e-01 6.879925396631658696e-01 6.932934343342609385e-01 6.817442447525838833e-01 8.730153341009605494e-01 5.709110099439242969e-01 8.566343809937828624e-01 5.450164911840793547e-01 0.000000000000000000e+00 5.040197599588360777e-01 5.616211418169099190e-01 5.089765137197446165e-01 6.812362636212637712e-01 6.228354855889575159e-01 6.791676046236622133e-01 6.756246599081503490e-01 7.719388669491675792e-01 7.940093229755305071e-01 8.073051748342940925e-01 6.790185863174414971e-01 6.845763860315712268e-01 7.164504334535228836e-01 7.007130576509138509e-01 8.321308497231252321e-01
1.800000000000000000e+01 1.071789820395317561e+00 9.518335905740225034e-01 6.967661887534857268e-01 7.085547264768490283e-01 6.933004271175604583e-01 6.804437469851418729e-01 6.800352990587978930e-01 6.682185752551488278e-01 7.030975890043815735e-01 6.743172665768872864e-01 6.779343960860539919e-01 6.666612469608452773e-01 8.560485238283634946e-01 6.393589868421620803e-01 8.384356624055862017e-01 4.608323597848402731e-01 5.040197599588360777e-01 0.000000000000000000e+00 6.102837962907949887e-01 5.045619432985168906e-01 6.618332713926596833e-01 5.761675209947274556e-01 6.592008384353130745e-01 6.552190893932618998e-01 7.467137690076892653e-01 7.713332977528144507e-01 7.853943618305385677e-01 6.565032831196214724e-01 6.624071879988415734e-01 6.947592417283197097e-01 6.783047428722174255e-01 8.099603677154201264e-01
1.900000000000000000e+01 1.134494553519987736e+00 1.015381422989170002e+00 7.618349259287140463e-01 7.734737463366918586e-01 7.583948595341580834e-01 7.457535183348360519e-01 7.453387299635492180e-01 7.338385291949389710e-01 7.678171953343286837e-01 7.399050803431248546e-01 7.430804704102613734e-01 7.322803279503067309e-01 9.196142923579371242e-01 6.050391506004508813e-01 9.013347441879560051e-01 6.462560566784163463e-01 5.616211418169099190e-01 6.102837962907949887e-01 0.000000000000000000e+00 5.341925944018666161e-01 7.246283662187121832e-01 6.362162418846759593e-01 7.211493866553936316e-01 7.165869675115905668e-01 7.878965301040017355e-01 8.058158506928079223e-01 8.192175924244091689e-01 7.099189481880491259e-01 7.169516697844267039e-01 7.500165340996445273e-01 7.298260928911260992e-01 8.524423550171964514e-01
2.000000000000000000e+01 1.096869477638759971e+00 9.778037283501705978e-01 7.248487196092057161e-01 7.362579374431863499e-01 7.213073380132617451e-01 7.086565045084278758e-01 7.080253667647617988e-01 6.969878542089640305e-01 7.301443030117888977e-01 7.027888224746807744e-01 7.052578114471779180e-01 6.944932575986555445e-01 8.813450935448554624e-01 6.326123300935599936e-01 8.626056044394805333e-01 5.755831752056006501e-01 5.089765137197446165e-01 5.045619432985168906e-01 5.341925944018666161e-01 0.000000000000000000e+00 6.853288480059306353e-01 5.570922460179694724e-01 6.817410489835150633e-01 6.770756589816193660e-01 7.493559869307084842e-01 7.711431768522272190e-01 7.855123969536297324e-01 6.709717697833469385e-01 6.779589337573297403e-01 7.111427889796990698e-01 6.913865098914079299e-01 8.164011688729049254e-01
2.100000000000000000e+01 8.383143341222144551e-01 7.225504104651861992e-01 5.021723429990475607e-01 5.041021739144216918e-01 4.956605329558957385e-01 4.857762885964990174e-01 4.776708987402179529e-01 4.871135207231404030e-01 4.784002122775757870e-01 4.837247993403145374e-01 4.528797724168084349e-01 4.518967712391698255e-01 5.842288014234263693e-01 7.221824401554511885e-01 5.134120963213114619e-01 6.448815547621297162e-01 6.812362636212637712e-01 6.618332713926596833e-01 7.246283662187121832e-01 6.853288480059306353e-01 0.000000000000000000e+00 6.697786604209687855e-01 2.781191910887085283e-01 3.194682899305325563e-01 6.542230298424427382e-01 6.697586786344540410e-01 6.747759232354888503e-01 4.540075247888696319e-01 4.454925828672866572e-01 4.632985387154315848e-01 4.843437389059400688e-01 6.604853197973072909e-01
2.200000000000000000e+01 1.087840583908240566e+00 9.703228470951510420e-01 7.221496405550122955e-01 7.324201377577317373e-01 7.182573378965833033e-01 7.059265663065492635e-01 7.044420859136377722e-01 6.957358919985570100e-01 7.241992070458820319e-01 7.004466863200506932e-01 6.994261079560033512e-01 6.895804632160653647e-01 8.711757808778124446e-01 7.057242382525237279e-01 8.495213312346818757e-01 6.126541462840964236e-01 6.228354855889575159e-01 5.761675209947274556e-01 6.362162418846759593e-01 5.570922460179694724e-01 6.697786604209687855e-01 0.000000000000000000e+00 6.643705496889947826e-01 6.583394479070274752e-01 7.018851294245198602e-01 7.294181376583006582e-01 7.466523055187845870e-01 6.416476617384841985e-01 6.502824269823281877e-01 6.851240893833998591e-01 6.611265887130407526e-01 7.816120384283475886e-01
2.300000000000000000e+01 8.450515402027855005e-01 7.317627516868013826e-01 5.124424079237485108e-01 5.148895154259524043e-01 5.061913045836016201e-01 4.963347926354938489e-01 4.888735463249210822e-01 4.968754955852393573e-01 4.907885511047170857e-01 4.941947947655779272e-01 4.663028359868642836e-01 4.647543370569996446e-01 5.998027595170530857e-01 7.212050018668553220e-01 5.360664494541248493e-01 6.432418818061925725e-01 6.791676046236622133e-01 6.592008384353130745e-01 7.211493866553936316e-01 6.817410489835150633e-01 2.781191910887085283e-01 6.643705496889947826e-01 0.000000000000000000e+00 2.595628191858923017e-01 6.422508586667250441e-01 6.571771437688356254e-01 6.618098268510221871e-01 4.346520796752454396e-01 4.247833455909384437e-01 4.419131823014681437e-01 4.662058421290599108e-01 6.459232248511035390e-01
2.400000000000000000e+01 8.506206381864025445e-01 7.384685588111128407e-01 5.186372812491906181e-01 5.215729441448013759e-01 5.125717158298515042e-01 5.026257131785283327e-01 4.956313987854581438e-01 5.024590000303252868e-01 4.987461741656604719e-01 5.003075177915687899e-01 4.746250126904434374e-01 4.724555654302680097e-01 6.111123308793073861e-01 7.184902727113475773e-01 5.538637638213688152e-01 6.399842936578483688e-01 6.756246599081503490e-01 6.552190893932618998e-01 7.165869675115905668e-01 6.770756589816193660e-01 3.194682899305325563e-01 6.583394479070274752e-01 2.595628191858923017e-01 0.000000000000000000e+00 6.314420282656876271e-01 6.461128524544219598e-01 6.505726161529774565e-01 4.181491902077120182e-01 4.073760499375180810e-01 4.249531615748478597e-01 4.510987667016236324e-01 6.337895607469736792e-01
2.500000000000000000e+01 1.087407755755592564e+00 9.757688917346118984e-01 7.430982265160914757e-01 7.501576112120977857e-01 7.383597584055823226e-01 7.272658821511490679e-01 7.236127266668364033e-01 7.213905829492559540e-01 7.361779721281105360e-01 7.233016524683790749e-01 7.126371623124150290e-01 7.060912215260015667e-01 8.700393125065652988e-01 8.279436102711832390e-01 8.397732930908576865e-01 7.492661190300573537e-01 7.719388669491675792e-01 7.467137690076892653e-01 7.878965301040017355e-01 7.493559869307084842e-01 6.542230298424427382e-01 7.018851294245198602e-01 6.422508586667250441e-01 6.314420282656876271e-01 0.000000000000000000e+00 5.742036784216397738e-01 6.236639058278266035e-01 5.622639198881372868e-01 5.795766918617113461e-01 6.215952696845066239e-01 5.737987158637013474e-01 6.692877135417534262e-01
2.600000000000000000e+01 1.101535609594896270e+00 9.912741260544108979e-01 7.612298120863221218e-01 7.678867284068526811e-01 7.564211203937281081e-01 7.455593271948124379e-01 7.417039762365080779e-01 7.402327463081730397e-01 7.532804152652654572e-01 7.418695213353403428e-01 7.301603075588183334e-01 7.241552054692663720e-01 8.854549101621753682e-01 8.486121604551704056e-01 8.546150682375268648e-01 7.744236921428495624e-01 7.940093229755305071e-01 7.713332977528144507e-01 8.058158506928079223e-01 7.711431768522272190e-01 6.697586786344540410e-01 7.294181376583006582e-01 6.571771437688356254e-01 6.461128524544219598e-01 5.742036784216397738e-01 0.000000000000000000e+00 5.130972064628376295e-01 5.691985911856275449e-01 5.866816690723493100e-01 6.275659540646805201e-01 5.739337102115463773e-01 6.283258231229078561e-01
2.700000000000000000e+01 1.105996914340815263e+00 9.965962310650935407e-01 7.682702613850271867e-01 7.746434836364248788e-01 7.634040811472835308e-01 7.526880760326206676e-01 7.486755002849851959e-01 7.477443120583058267e-01 7.595803986714473321e-01 7.491707625358130507e-01 7.367002981838601805e-01 7.310412717821010986e-01 8.906138145797686256e-01 8.610065484482656295e-01 8.593391843876778680e-01 7.877726538393652334e-01 8.073051748342940925e-01 7.853943618305385677e-01 8.192175924244091689e-01 7.855123969536297324e-01 6.747759232354888503e-01 7.466523055187845870e-01 6.618098268510221871e-01 6.505726161529774565e-01 6.236639058278266035e-01 5.130972064628376295e-01 0.000000000000000000e+00 5.705574286270288509e-01 5.877151556319695214e-01 6.276319729202930464e-01 5.721432969321490480e-01 5.990033858575805059e-01
2.800000000000000000e+01 9.047087984571556829e-01 7.970028278067117222e-01 5.759648214268687783e-01 5.805637737336134530e-01 5.705850481675437402e-01 5.604649852608848404e-01 5.551528008580023377e-01 5.579243334841598179e-01 5.620553683208232565e-01 5.577177795910986946e-01 5.394760252173670390e-01 5.356421178533076199e-01 6.849407974340225858e-01 7.273114709809150868e-01 6.462553630168895724e-01 6.481705926728872358e-01 6.790185863174414971e-01 6.565032831196214724e-01 7.099189481880491259e-01 6.709717697833469385e-01 4.540075247888696319e-01 6.416476617384841985e-01 4.346520796752454396e-01 4.181491902077120182e-01 5.622639198881372868e-01 5.691985911856275449e-01 5.705574286270288509e-01 0.000000000000000000e+00 2.663815884439850734e-01 3.524115088394479400e-01 3.001415413238494034e-01 5.416064775608870896e-01
2.900000000000000000e+01 8.990691445009122429e-01 7.919173601023159481e-01 5.726365432693212298e-01 5.768702972222237157e-01 5.671654303889803739e-01 5.571991934903202104e-01 5.516476923723725445e-01 5.551553607541714896e-01 5.576824255576731115e-01 5.546455433541008784e-01 5.352753461431991600e-01 5.318779177436259165e-01 6.787934243068083351e-01 7.320254055674417781e-01 6.386509418254531223e-01 6.530459811718158925e-01 6.845763860315712268e-01 6.624071879988415734e-01 7.169516697844267039e-01 6.779589337573297403e-01 4.454925828672866572e-01 6.502824269823281877e-01 4.247833455909384437e-01 4.073760499375180810e-01 5.795766918617113461e-01 5.866816690723493100e-01 5.877151556319695214e-01 2.663815884439850734e-01 0.000000000000000000e+00 3.162176562359952925e-01 3.227459741800547954e-01 5.582333425360721524e-01
3.000000000000000000e+01 9.148444423794499514e-01 8.094694256197914051e-01 5.938979105309756257e-01 5.975412188703028704e-01 5.883162996091124697e-01 5.786734691678536713e-01 5.728141922868312808e-01 5.774232037247004623e-01 5.774018677578318659e-01 5.765025645380132957e-01 5.555800736929152883e-01 5.529623505011735940e-01 6.958699381865440792e-01 7.629825142668940074e-01 6.546396904939653094e-01 6.845177996271747389e-01 7.164504334535228836e-01 6.947592417283197097e-01 7.500165340996445273e-01 7.111427889796990698e-01 4.632985387154315848e-01 6.851240893833998591e-01 4.419131823014681437e-01 4.249531615748478597e-01 6.215952696845066239e-01 6.275659540646805201e-01 6.276319729202930464e-01 3.524115088394479400e-01 3.162176562359952925e-01 0.000000000000000000e+00 3.768168532021537454e-01 5.960166283961267908e-01
3.100000000000000000e+01 9.284457012578418711e-01 8.217905696431305751e-01 6.018309988406916888e-01 6.064041488192738472e-01 5.964858716736481936e-01 5.864597476182372704e-01 5.812169573491999808e-01 5.839466203360018648e-01 5.880124282713660167e-01 5.838047326838863293e-01 5.657748551897520128e-01 5.620531983122051267e-01 7.110712292774105103e-01 7.494422118961777679e-01 6.736603888168838372e-01 6.710084138784183638e-01 7.007130576509138509e-01 6.783047428722174255e-01 7.298260928911260992e-01 6.913865098914079299e-01 4.843437389059400688e-01 6.611265887130407526e-01 4.662058421290599108e-01 4.510987667016236324e-01 5.737987158637013474e-01 5.739337102115463773e-01 5.721432969321490480e-01 3.001415413238494034e-01 3.227459741800547954e-01 3.768168532021537454e-01 0.000000000000000000e+00 5.333605384924458015e-01
3.200000000000000000e+01 1.092067805486323984e+00 9.853261138001525588e-01 7.627459647479621907e-01 7.680920734712595177e-01 7.576468659487467505e-01 7.474053287699629067e-01 7.427758443761205420e-01 7.438405111704144979e-01 7.513067527238921350e-01 7.444541382966454179e-01 7.291137511624885548e-01 7.246235997529213435e-01 8.782115517044091213e-01 8.833976275521626675e-01 8.449705461163228293e-01 8.076583700561386081e-01 8.321308497231252321e-01 8.099603677154201264e-01 8.524423550171964514e-01 8.164011688729049254e-01 6.604853197973072909e-01 7.816120384283475886e-01 6.459232248511035390e-01 6.337895607469736792e-01 6.692877135417534262e-01 6.283258231229078561e-01 5.990033858575805059e-01 5.416064775608870896e-01 5.582333425360721524e-01 5.960166283961267908e-01 5.333605384924458015e-01 0.000000000000000000e+00
