0.000000000000000000e+00 1.000000000000000000e+00 2.000000000000000000e+00 3.000000000000000000e+00 4.000000000000000000e+00 5.000000000000000000e+00 6.000000000000000000e+00 7.000000000000000000e+00 8.000000000000000000e+00 9.000000000000000000e+00 1.000000000000000000e+01 1.100000000000000000e+01 1.200000000000000000e+01 1.300000000000000000e+01 1.400000000000000000e+01 1.500000000000000000e+01 1.600000000000000000e+01 1.700000000000000000e+01 1.800000000000000000e+01 1.900000000000000000e+01 2.000000000000000000e+01 2.100000000000000000e+01 2.200000000000000000e+01 2.300000000000000000e+01 2.400000000000000000e+01 2.500000000000000000e+01 2.600000000000000000e+01 2.700000000000000000e+01 2.800000000000000000e+01 2.900000000000000000e+01 3.000000000000000000e+01 3.100000000000000000e+01 3.200000000000000000e+01
1.000000000000000000e+00 0.000000000000000000e+00 8.732094227083796456e-01 2.311226286112373796e+00 2.191346607013625380e+00 2.345509086537120869e+00 2.425267008049178052e+00 2.406218886204678498e+00 2.456407254592462230e+00 2.198810095128188369e+00 2.375555369169136455e+00 2.388190084956882675e+00 2.399524849760713341e+00 1.054849757416213007e+00 1.427393462650519362e+00 1.092620501325920479e+00 1.390217040644382340e+00 1.394697517555030020e+00 1.381836218993386822e+00 1.420857834375848894e+00 1.389003616420670495e+00 2.367856443159334745e+00 1.372130421533715117e+00 2.399897097192058126e+00 2.445308808087107266e+00 1.380280728224539510e+00 1.427779190048167779e+00 1.487295085719411381e+00 2.535569920822693391e+00 2.524379420458881196e+00 2.157902848578095334e+00 2.349943219344189593e+00 1.471211248417486406e+00
2.000000000000000000e+00 8.732094227083796456e-01 0.000000000000000000e+00 2.162334760112871290e+00 2.022093912470782406e+00 2.193540094301796639e+00 2.282563499330203527e+00 2.259618421406982769e+00 2.326580198828589907e+00 2.019326990917935216e+00 2.242459300932399202e+00 2.244164984240582417e+00 2.264897645387224490e+00 9.454868176222583909e-01 1.330713765135133508e+00 9.974535681198659631e-01 1.295329663602641901e+00 1.299467005559063582e+00 1.287340466207455236e+00 1.326478356429854566e+00 1.294918757600213022e+00 2.274571246969023797e+00 1.279346665928412952e+00 2.310382870842519587e+00 2.356964172686084602e+00 1.291137117587770833e+00 1.339852733887799685e+00 1.400345805686642686e+00 2.454388142776278592e+00 2.445149918208012974e+00 2.083812781801116731e+00 2.273180997189808927e+00 1.394589492761715288e+00
3.000000000000000000e+00 2.311226286112373796e+00 2.162334760112871290e+00 0.000000000000000000e+00 2.867023566785610988e+00 2.292845905939020934e+00 2.826907575263532202e+00 3.035398238209177535e+00 3.154891545187804347e+00 3.260425193378295727e+00 3.071299345713439877e+00 3.396848607542688026e+00 3.313915615862576214e+00 2.306955015705391077e+00 2.529919800758555937e+00 2.342915749222903798e+00 2.508447622951510692e+00 2.508904930706465031e+00 2.502411976995842835e+00 2.540519224717479041e+00 2.511668062524518241e+00 3.565453064366431946e+00 2.504905041285693024e+00 3.606272983935969734e+00 3.647667279812628394e+00 2.536951634145631296e+00 2.589488725232859778e+00 2.653557486347070338e+00 3.739927768707904221e+00 3.740693305723095552e+00 3.401944741170484843e+00 3.573223200240948749e+00 2.691279434035088958e+00
4.000000000000000000e+00 2.191346607013625380e+00 2.022093912470782406e+00 2.867023566785610988e+00 0.000000000000000000e+00 2.768281108824143910e+00 3.067312029432044618e+00 3.042528000896600915e+00 3.276421591253598109e+00 3.075499670957829945e+00 3.164912612035903905e+00 3.290561176272290833e+00 3.267515677996017498e+00 2.193527476481762051e+00 2.480127758635978452e+00 2.237216927990781201e+00 2.453090281727421385e+00 2.455112874497618947e+00 2.446380410303954811e+00 2.485070049558835592e+00 2.455103401652576345e+00 3.478362583287043286e+00 2.444953791118601671e+00 3.518733232071351580e+00 3.562411501231922628e+00 2.469650413303852154e+00 2.521078941588993594e+00 2.584022204207270690e+00 3.658997017621615555e+00 3.656426943064195800e+00 3.310421658988365490e+00 3.487874861905098989e+00 2.607293060889469327e+00
5.000000000000000000e+00 2.345509086537120869e+00 2.193540094301796639e+00 2.292845905939020934e+00 2.768281108824143910e+00 0.000000000000000000e+00 2.705155926012928980e+00 2.895493496382981036e+00 3.170137718419010930e+00 3.253531667508870573e+00 3.041775515312405531e+00 3.377620198147032848e+00 3.287240847699420154e+00 2.327150109052128713e+00 2.558358775337579161e+00 2.363612883411816412e+00 2.535078705829776347e+00 2.536200471930349920e+00 2.529026697938062007e+00 2.567598907176675382e+00 2.538344894648292716e+00 3.584973985681216391e+00 2.530761074639124253e+00 3.626906169797769586e+00 3.668764055722210315e+00 2.561699252371475666e+00 2.614426407354764059e+00 2.678543433076340463e+00 3.763735023879947406e+00 3.764426585283782156e+00 3.425827227242228989e+00 3.597373087141667369e+00 2.715749752342725198e+00
6.000000000000000000e+00 2.425267008049178052e+00 2.282563499330203527e+00 2.826907575263532202e+00 3.067312029432044618e+00 2.705155926012928980e+00 0.000000000000000000e+00 2.635344155929487897e+00 2.925714591378831386e+00 3.317189208249618826e+00 2.669310595973211520e+00 3.352868899369339406e+00 3.176010724304025867e+00 2.369089643240215537e+00 2.557294641133628588e+00 2.399114038560108852e+00 2.535028690632112003e+00 2.536250037736212271e+00 2.529605837592350248e+00 2.568749534794592115e+00 2.539602611036007040e+00 3.599520398266730759e+00 2.533338521329184800e+00 3.644295498621403340e+00 3.684938566832304474e+00 2.568775053077609449e+00 2.623019373673701971e+00 2.688336022077929321e+00 3.781790732464126670e+00 3.785537582232909148e+00 3.454289713520434457e+00 3.620476638415779824e+00 2.738275973016472964e+00
7.000000000000000000e+00 2.406218886204678498e+00 2.259618421406982769e+00 3.035398238209177535e+00 3.042528000896600915e+00 2.895493496382981036e+00 2.635344155929487897e+00 0.000000000000000000e+00 3.080149235600537772e+00 3.222720949626619369e+00 2.792894993665861136e+00 3.209856505186262421e+00 3.022074859619029663e+00 2.329703768529962638e+00 2.546740573409840280e+00 2.362102084494183352e+00 2.520375925384054305e+00 2.522975236402745125e+00 2.514737092255457718e+00 2.554711934490203618e+00 2.524678557409843371e+00 3.564787621215348423e+00 2.516298375994085568e+00 3.611574800283921860e+00 3.653629845483339800e+00 2.548161878628577348e+00 2.602456418055310472e+00 2.667587016156060642e+00 3.756374185850649638e+00 3.759206780347955412e+00 3.426515458850182494e+00 3.594612262071403386e+00 2.713275307574912976e+00
8.000000000000000000e+00 2.456407254592462230e+00 2.326580198828589907e+00 3.154891545187804347e+00 3.276421591253598109e+00 3.170137718419010930e+00 2.925714591378831386e+00 3.080149235600537772e+00 0.000000000000000000e+00 3.396793690100875285e+00 2.583159982218845130e+00 3.393495807435166878e+00 3.164806014506852616e+00 2.377292806994910634e+00 2.481868727181704593e+00 2.397631515313442208e+00 2.465720976343626081e+00 2.465404611185681993e+00 2.461308621197866309e+00 2.500126655796956143e+00 2.472174670133993502e+00 3.571882566078798504e+00 2.470027010797384293e+00 3.617418740503507202e+00 3.654950408194904909e+00 2.515064974022052979e+00 2.570995410311326168e+00 2.637923690412608657e+00 3.746657153729347378e+00 3.755042063080383574e+00 3.434013050818410573e+00 3.591701738434141866e+00 2.707775655964478556e+00
9.000000000000000000e+00 2.198810095128188369e+00 2.019326990917935216e+00 3.260425193378295727e+00 3.075499670957829945e+00 3.253531667508870573e+00 3.317189208249618826e+00 3.222720949626619369e+00 3.396793690100875285e+00 0.000000000000000000e+00 3.277214537925334348e+00 3.031165109519457612e+00 3.202388077095297714e+00 2.117834918767737662e+00 2.491258396783038620e+00 2.175678073901265108e+00 2.455715999395059690e+00 2.460483853084436845e+00 2.448412780766053842e+00 2.488631298939476544e+00 2.456852941986862326e+00 3.433487903810506836e+00 2.442111657233006383e+00 3.477927976951147748e+00 3.525486221715938839e+00 2.458460947235122873e+00 2.509627324790640657e+00 2.571906272958266015e+00 3.635170832591811063e+00 3.629872400528195708e+00 3.278953244242499121e+00 3.462003991621292798e+00 2.583468385882557339e+00
1.000000000000000000e+01 2.375555369169136455e+00 2.242459300932399202e+00 3.071299345713439877e+00 3.164912612035903905e+00 3.041775515312405531e+00 2.669310595973211520e+00 2.792894993665861136e+00 2.583159982218845130e+00 3.277214537925334348e+00 0.000000000000000000e+00 3.233033478975616770e+00 2.949270105967401800e+00 2.281650163408684762e+00 2.421642759923463117e+00 2.303721512989302944e+00 2.399623181520436077e+00 2.401298180734577237e+00 2.394926754574907779e+00 2.434959403003066569e+00 2.405737331209095942e+00 3.479294802664665731e+00 2.400596854452708762e+00 3.527226284265102763e+00 3.566435839062713775e+00 2.440652158010014006e+00 2.496660634841411763e+00 2.563332775254837159e+00 3.665652516737817557e+00 3.672812122027353521e+00 3.349836704075439098e+00 3.510047988742353020e+00 2.627276700929129571e+00
1.100000000000000000e+01 2.388190084956882675e+00 2.244164984240582417e+00 3.396848607542688026e+00 3.290561176272290833e+00 3.377620198147032848e+00 3.352868899369339406e+00 3.209856505186262421e+00 3.393495807435166878e+00 3.031165109519457612e+00 3.233033478975616770e+00 0.000000000000000000e+00 2.824839288037167773e+00 2.204993013119938894e+00 2.548719227867748849e+00 2.252102998452630178e+00 2.509762229463455174e+00 2.516369596683357024e+00 2.503113536877767942e+00 2.545277737213027081e+00 2.512542530268758512e+00 3.475278998478112946e+00 2.497139420081442296e+00 3.530866694726601196e+00 3.579498801399390473e+00 2.516159498728419486e+00 2.570251630334880133e+00 2.634490519981881107e+00 3.705526061533888083e+00 3.704441113350178671e+00 3.365150130412537077e+00 3.541364329523778665e+00 2.663258729540982639e+00
1.200000000000000000e+01 2.399524849760713341e+00 2.264897645387224490e+00 3.313915615862576214e+00 3.267515677996017498e+00 3.287240847699420154e+00 3.176010724304025867e+00 3.022074859619029663e+00 3.164806014506852616e+00 3.202388077095297714e+00 2.949270105967401800e+00 2.824839288037167773e+00 0.000000000000000000e+00 2.240664779038117338e+00 2.478774225030900169e+00 2.269271635938050480e+00 2.444562341766586488e+00 2.450173940960694630e+00 2.438947799201004241e+00 2.481197376423673440e+00 2.449341063308904332e+00 3.452872494336434173e+00 2.437476913470112194e+00 3.508733418340415966e+00 3.553277460699346690e+00 2.465553926811552721e+00 2.521585180079775057e+00 2.587554105150944750e+00 3.673866499335524338e+00 3.677767700043940824e+00 3.349613995747855011e+00 3.516568361301669832e+00 2.636735176973222128e+00
1.300000000000000000e+01 1.054849757416213007e+00 9.454868176222583909e-01 2.306955015705391077e+00 2.193527476481762051e+00 2.327150109052128713e+00 2.369089643240215537e+00 2.329703768529962638e+00 2.377292806994910634e+00 2.117834918767737662e+00 2.281650163408684762e+00 2.204993013119938894e+00 2.240664779038117338e+00 0.000000000000000000e+00 1.286780236731736915e+00 7.172978521689818976e-01 1.236342541600040423e+00 1.245508981260591730e+00 1.227492688910433394e+00 1.269668143196181598e+00 1.234829424224764383e+00 2.101321341255891539e+00 1.211354605525233774e+00 2.152193477755357520e+00 2.212758535426465833e+00 1.209669478497571005e+00 1.258942796986673107e+00 1.318986553913326754e+00 2.353316693104201107e+00 2.339507470363776154e+00 1.971598716578091715e+00 2.172414821638763982e+00 1.298937413836910526e+00
1.400000000000000000e+01 1.427393462650519362e+00 1.330713765135133508e+00 2.529919800758555937e+00 2.480127758635978452e+00 2.558358775337579161e+00 2.557294641133628588e+00 2.546740573409840280e+00 2.481868727181704593e+00 2.491258396783038620e+00 2.421642759923463117e+00 2.548719227867748849e+00 2.478774225030900169e+00 1.286780236731736915e+00 0.000000000000000000e+00 1.266090421101432550e+00 6.821580071935811063e-01 5.796491865090522833e-01 6.627528369292932098e-01 6.149588026227947868e-01 6.497466246144953939e-01 2.359691365456694889e+00 7.412352695674251368e-01 2.376965379860983774e+00 2.382073847587457216e+00 9.208506406305321246e-01 9.756639939820608287e-01 1.050842359212999844e+00 2.338115332134135471e+00 2.382322792953005308e+00 2.126550870042130281e+00 2.212933646594231085e+00 1.300005425366414169e+00
1.500000000000000000e+01 1.092620501325920479e+00 9.974535681198659631e-01 2.342915749222903798e+00 2.237216927990781201e+00 2.363612883411816412e+00 2.399114038560108852e+00 2.362102084494183352e+00 2.397631515313442208e+00 2.175678073901265108e+00 2.303721512989302944e+00 2.252102998452630178e+00 2.269271635938050480e+00 7.172978521689818976e-01 1.266090421101432550e+00 0.000000000000000000e+00 1.211205843145587213e+00 1.221746426311962841e+00 1.201957901645479332e+00 1.244843837381892415e+00 1.209059690418399891e+00 2.009569308842476865e+00 1.183043647465895409e+00 2.069539643902079895e+00 2.142511157710035974e+00 1.176403725318191595e+00 1.225589892276689019e+00 1.285299754547754469e+00 2.310689927529320897e+00 2.294086729290404580e+00 1.921758040194180506e+00 2.129555641630161311e+00 1.258610546719867163e+00
1.600000000000000000e+01 1.390217040644382340e+00 1.295329663602641901e+00 2.508447622951510692e+00 2.453090281727421385e+00 2.535078705829776347e+00 2.535028690632112003e+00 2.520375925384054305e+00 2.465720976343626081e+00 2.455715999395059690e+00 2.399623181520436077e+00 2.509762229463455174e+00 2.444562341766586488e+00 1.236342541600040423e+00 6.821580071935811063e-01 1.211205843145587213e+00 0.000000000000000000e+00 5.561898067310504512e-01 4.644488205762953292e-01 6.632173174082731659e-01 5.863497247258406819e-01 2.292354112660596854e+00 6.318031596363533620e-01 2.307200669654717373e+00 2.308415978660661949e+00 8.289459679285500204e-01 8.933756699797166245e-01 9.727399808394741054e-01 2.255354184430131248e+00 2.303716784474783008e+00 2.057179187731494441e+00 2.137882714909725479e+00 1.227548972040048980e+00
1.700000000000000000e+01 1.394697517555030020e+00 1.299467005559063582e+00 2.508904930706465031e+00 2.455112874497618947e+00 2.536200471930349920e+00 2.536250037736212271e+00 2.522975236402745125e+00 2.465404611185681993e+00 2.460483853084436845e+00 2.401298180734577237e+00 2.516369596683357024e+00 2.450173940960694630e+00 1.245508981260591730e+00 5.796491865090522833e-01 1.221746426311962841e+00 5.561898067310504512e-01 0.000000000000000000e+00 5.082939251645697265e-01 5.641496207031526655e-01 5.122548641460471508e-01 2.308588032140855617e+00 6.381638897446400005e-01 2.323863970152373781e+00 2.326409224925130914e+00 8.415523418725212590e-01 8.987661898145871131e-01 9.755834500684408273e-01 2.272555906053080221e+00 2.319733343254080982e+00 2.069606983778309317e+00 2.150631950571631812e+00 1.236538850413161139e+00
1.800000000000000000e+01 1.381836218993386822e+00 1.287340466207455236e+00 2.502411976995842835e+00 2.446380410303954811e+00 2.529026697938062007e+00 2.529605837592350248e+00 2.514737092255457718e+00 2.461308621197866309e+00 2.448412780766053842e+00 2.394926754574907779e+00 2.503113536877767942e+00 2.438947799201004241e+00 1.227492688910433394e+00 6.627528369292932098e-01 1.201957901645479332e+00 4.644488205762953292e-01 5.082939251645697265e-01 0.000000000000000000e+00 6.159835011425760509e-01 5.065917393470174002e-01 2.283954369326858469e+00 5.840009820791334239e-01 2.298166141071659396e+00 2.299092686950156228e+00 8.055132161514741984e-01 8.673698631739592546e-01 9.462278203392877618e-01 2.241066266256408923e+00 2.290029972974526817e+00 2.043766676083841549e+00 2.122379675222701323e+00 1.209447209629801012e+00
1.900000000000000000e+01 1.420857834375848894e+00 1.326478356429854566e+00 2.540519224717479041e+00 2.485070049558835592e+00 2.567598907176675382e+00 2.568749534794592115e+00 2.554711934490203618e+00 2.500126655796956143e+00 2.488631298939476544e+00 2.434959403003066569e+00 2.545277737213027081e+00 2.481197376423673440e+00 1.269668143196181598e+00 6.149588026227947868e-01 1.244843837381892415e+00 6.632173174082731659e-01 5.641496207031526655e-01 6.159835011425760509e-01 0.000000000000000000e+00 5.355270849672724154e-01 2.332364821074211392e+00 6.446516627171490210e-01 2.346465261337775665e+00 2.348378982932669778e+00 8.396490058670422751e-01 8.887757484406992869e-01 9.630972819129646201e-01 2.285697657193481724e+00 2.333866702116099479e+00 2.084202359091034129e+00 2.161160929286386256e+00 1.241409112019492333e+00
2.000000000000000000e+01 1.389003616420670495e+00 1.294918757600213022e+00 2.511668062524518241e+00 2.455103401652576345e+00 2.538344894648292716e+00 2.539602611036007040e+00 2.524678557409843371e+00 2.472174670133993502e+00 2.456852941986862326e+00 2.405737331209095942e+00 2.512542530268758512e+00 2.449341063308904332e+00 1.234829424224764383e+00 6.497466246144953939e-01 1.209059690418399891e+00 5.863497247258406819e-01 5.122548641460471508e-01 5.065917393470174002e-01 5.355270849672724154e-01 0.000000000000000000e+00 2.293153340776750149e+00 5.616176647026684954e-01 2.306779053785551703e+00 2.307712791675023745e+00 7.970600315114004797e-01 8.525446878763196512e-01 9.295590494630883160e-01 2.243971878929793107e+00 2.293242839931358024e+00 2.046268860627311614e+00 2.122470445382818482e+00 1.205114706745480380e+00
2.100000000000000000e+01 2.367856443159334745e+00 2.274571246969023797e+00 3.565453064366431946e+00 3.478362583287043286e+00 3.584973985681216391e+00 3.599520398266730759e+00 3.564787621215348423e+00 3.571882566078798504e+00 3.433487903810506836e+00 3.479294802664665731e+00 3.475278998478112946e+00 3.452872494336434173e+00 2.101321341255891539e+00 2.359691365456694889e+00 2.009569308842476865e+00 2.292354112660596854e+00 2.308588032140855617e+00 2.283954369326858469e+00 2.332364821074211392e+00 2.293153340776750149e+00 0.000000000000000000e+00 2.262343370034450629e+00 2.698426353430857461e+00 2.993722806278105608e+00 2.256769942431742670e+00 2.315957633293630913e+00 2.381951394610791972e+00 3.421037790515002897e+00 3.416550344105403259e+00 3.086652266619809293e+00 3.272820056235579145e+00 2.405459573324297384e+00
2.200000000000000000e+01 1.372130421533715117e+00 1.279346665928412952e+00 2.504905041285693024e+00 2.444953791118601671e+00 2.530761074639124253e+00 2.533338521329184800e+00 2.516298375994085568e+00 2.470027010797384293e+00 2.442111657233006383e+00 2.400596854452708762e+00 2.497139420081442296e+00 2.437476913470112194e+00 1.211354605525233774e+00 7.412352695674251368e-01 1.183043647465895409e+00 6.318031596363533620e-01 6.381638897446400005e-01 5.840009820791334239e-01 6.446516627171490210e-01 5.616176647026684954e-01 2.262343370034450629e+00 0.000000000000000000e+00 2.273940378390671313e+00 2.272562772341292892e+00 7.311506085936680943e-01 7.931245260804888897e-01 8.739378624634730475e-01 2.197508069346227444e+00 2.249909600392712594e+00 2.008301559449798379e+00 2.079079673532354455e+00 1.160932437631963854e+00
2.300000000000000000e+01 2.399897097192058126e+00 2.310382870842519587e+00 3.606272983935969734e+00 3.518733232071351580e+00 3.626906169797769586e+00 3.644295498621403340e+00 3.611574800283921860e+00 3.617418740503507202e+00 3.477927976951147748e+00 3.527226284265102763e+00 3.530866694726601196e+00 3.508733418340415966e+00 2.152193477755357520e+00 2.376965379860983774e+00 2.069539643902079895e+00 2.307200669654717373e+00 2.323863970152373781e+00 2.298166141071659396e+00 2.346465261337775665e+00 2.306779053785551703e+00 2.698426353430857461e+00 2.273940378390671313e+00 0.000000000000000000e+00 2.554279184794046031e+00 2.262629918068651769e+00 2.321658999003333612e+00 2.387270167514473407e+00 3.411312325047477501e+00 3.401413938556596239e+00 3.070945851112714120e+00 3.266422176663455801e+00 2.403320787483080867e+00
2.400000000000000000e+01 2.445308808087107266e+00 2.356964172686084602e+00 3.647667279812628394e+00 3.562411501231922628e+00 3.668764055722210315e+00 3.684938566832304474e+00 3.653629845483339800e+00 3.654950408194904909e+00 3.525486221715938839e+00 3.566435839062713775e+00 3.579498801399390473e+00 3.553277460699346690e+00 2.212758535426465833e+00 2.382073847587457216e+00 2.142511157710035974e+00 2.308415978660661949e+00 2.326409224925130914e+00 2.299092686950156228e+00 2.348378982932669778e+00 2.307712791675023745e+00 2.993722806278105608e+00 2.272562772341292892e+00 2.554279184794046031e+00 0.000000000000000000e+00 2.257398351490575550e+00 2.318894464994271765e+00 2.385870341478981693e+00 3.399705184960155613e+00 3.387774599028235745e+00 3.072202434933472670e+00 3.268237615524003381e+00 2.409765244335136725e+00
2.500000000000000000e+01 1.380280728224539510e+00 1.291137117587770833e+00 2.536951634145631296e+00 2.469650413303852154e+00 2.561699252371475666e+00 2.568775053077609449e+00 2.548161878628577348e+00 2.515064974022052979e+00 2.458460947235122873e+00 2.440652158010014006e+00 2.516159498728419486e+00 2.465553926811552721e+00 1.209669478497571005e+00 9.208506406305321246e-01 1.176403725318191595e+00 8.289459679285500204e-01 8.415523418725212590e-01 8.055132161514741984e-01 8.396490058670422751e-01 7.970600315114004797e-01 2.256769942431742670e+00 7.311506085936680943e-01 2.262629918068651769e+00 2.257398351490575550e+00 0.000000000000000000e+00 6.114059908260409681e-01 7.420367640229044159e-01 2.128280821058330829e+00 2.192406372152710059e+00 1.962203290600435412e+00 2.008694679502273317e+00 1.081609328751523602e+00
2.600000000000000000e+01 1.427779190048167779e+00 1.339852733887799685e+00 2.589488725232859778e+00 2.521078941588993594e+00 2.614426407354764059e+00 2.623019373673701971e+00 2.602456418055310472e+00 2.570995410311326168e+00 2.509627324790640657e+00 2.496660634841411763e+00 2.570251630334880133e+00 2.521585180079775057e+00 1.258942796986673107e+00 9.756639939820608287e-01 1.225589892276689019e+00 8.933756699797166245e-01 8.987661898145871131e-01 8.673698631739592546e-01 8.887757484406992869e-01 8.525446878763196512e-01 2.315957633293630913e+00 7.931245260804888897e-01 2.321658999003333612e+00 2.318894464994271765e+00 6.114059908260409681e-01 0.000000000000000000e+00 5.709607077752842930e-01 2.188492947963328383e+00 2.245321446708627544e+00 2.000255968571315268e+00 2.043293542260972373e+00 1.080484939722343274e+00
2.700000000000000000e+01 1.487295085719411381e+00 1.400345805686642686e+00 2.653557486347070338e+00 2.584022204207270690e+00 2.678543433076340463e+00 2.688336022077929321e+00 2.667587016156060642e+00 2.637923690412608657e+00 2.571906272958266015e+00 2.563332775254837159e+00 2.634490519981881107e+00 2.587554105150944750e+00 1.318986553913326754e+00 1.050842359212999844e+00 1.285299754547754469e+00 9.727399808394741054e-01 9.755834500684408273e-01 9.462278203392877618e-01 9.630972819129646201e-01 9.295590494630883160e-01 2.381951394610791972e+00 8.739378624634730475e-01 2.387270167514473407e+00 2.385870341478981693e+00 7.420367640229044159e-01 5.709607077752842930e-01 0.000000000000000000e+00 2.254051648221797599e+00 2.305974314530133018e+00 2.051314780065937260e+00 2.092838989210464185e+00 1.104643450671834337e+00
2.800000000000000000e+01 2.535569920822693391e+00 2.454388142776278592e+00 3.739927768707904221e+00 3.658997017621615555e+00 3.763735023879947406e+00 3.781790732464126670e+00 3.756374185850649638e+00 3.746657153729347378e+00 3.635170832591811063e+00 3.665652516737817557e+00 3.705526061533888083e+00 3.673866499335524338e+00 2.353316693104201107e+00 2.338115332134135471e+00 2.310689927529320897e+00 2.255354184430131248e+00 2.272555906053080221e+00 2.241066266256408923e+00 2.285697657193481724e+00 2.243971878929793107e+00 3.421037790515002897e+00 2.197508069346227444e+00 3.411312325047477501e+00 3.399705184960155613e+00 2.128280821058330829e+00 2.188492947963328383e+00 2.254051648221797599e+00 0.000000000000000000e+00 2.617022936032074032e+00 2.893888805170190093e+00 2.773322858161352045e+00 2.214967352181376636e+00
2.900000000000000000e+01 2.524379420458881196e+00 2.445149918208012974e+00 3.740693305723095552e+00 3.656426943064195800e+00 3.764426585283782156e+00 3.785537582232909148e+00 3.759206780347955412e+00 3.755042063080383574e+00 3.629872400528195708e+00 3.672812122027353521e+00 3.704441113350178671e+00 3.677767700043940824e+00 2.339507470363776154e+00 2.382322792953005308e+00 2.294086729290404580e+00 2.303716784474783008e+00 2.319733343254080982e+00 2.290029972974526817e+00 2.333866702116099479e+00 2.293242839931358024e+00 3.416550344105403259e+00 2.249909600392712594e+00 3.401413938556596239e+00 3.387774599028235745e+00 2.192406372152710059e+00 2.245321446708627544e+00 2.305974314530133018e+00 2.617022936032074032e+00 0.000000000000000000e+00 2.748846451623339515e+00 2.884736084663816591e+00 2.237550289136575277e+00
3.000000000000000000e+01 2.157902848578095334e+00 2.083812781801116731e+00 3.401944741170484843e+00 3.310421658988365490e+00 3.425827227242228989e+00 3.454289713520434457e+00 3.426515458850182494e+00 3.434013050818410573e+00 3.278953244242499121e+00 3.349836704075439098e+00 3.365150130412537077e+00 3.349613995747855011e+00 1.971598716578091715e+00 2.126550870042130281e+00 1.921758040194180506e+00 2.057179187731494441e+00 2.069606983778309317e+00 2.043766676083841549e+00 2.084202359091034129e+00 2.046268860627311614e+00 3.086652266619809293e+00 2.008301559449798379e+00 3.070945851112714120e+00 3.072202434933472670e+00 1.962203290600435412e+00 2.000255968571315268e+00 2.051314780065937260e+00 2.893888805170190093e+00 2.748846451623339515e+00 0.000000000000000000e+00 2.709069198971921999e+00 1.917143236849334187e+00
3.100000000000000000e+01 2.349943219344189593e+00 2.273180997189808927e+00 3.573223200240948749e+00 3.487874861905098989e+00 3.597373087141667369e+00 3.620476638415779824e+00 3.594612262071403386e+00 3.591701738434141866e+00 3.462003991621292798e+00 3.510047988742353020e+00 3.541364329523778665e+00 3.516568361301669832e+00 2.172414821638763982e+00 2.212933646594231085e+00 2.129555641630161311e+00 2.137882714909725479e+00 2.150631950571631812e+00 2.122379675222701323e+00 2.161160929286386256e+00 2.122470445382818482e+00 3.272820056235579145e+00 2.079079673532354455e+00 3.266422176663455801e+00 3.268237615524003381e+00 2.008694679502273317e+00 2.043293542260972373e+00 2.092838989210464185e+00 2.773322858161352045e+00 2.884736084663816591e+00 2.709069198971921999e+00 0.000000000000000000e+00 1.905020898104265115e+00
3.200000000000000000e+01 1.471211248417486406e+00 1.394589492761715288e+00 2.691279434035088958e+00 2.607293060889469327e+00 2.715749752342725198e+00 2.738275973016472964e+00 2.713275307574912976e+00 2.707775655964478556e+00 2.583468385882557339e+00 2.627276700929129571e+00 2.663258729540982639e+00 2.636735176973222128e+00 1.298937413836910526e+00 1.300005425366414169e+00 1.258610546719867163e+00 1.227548972040048980e+00 1.236538850413161139e+00 1.209447209629801012e+00 1.241409112019492333e+00 1.205114706745480380e+00 2.405459573324297384e+00 1.160932437631963854e+00 2.403320787483080867e+00 2.409765244335136725e+00 1.081609328751523602e+00 1.080484939722343274e+00 1.104643450671834337e+00 2.214967352181376636e+00 2.237550289136575277e+00 1.917143236849334187e+00 1.905020898104265115e+00 0.000000000000000000e+00
