0.000000000000000000e+00 1.000000000000000000e+00 2.000000000000000000e+00 3.000000000000000000e+00 4.000000000000000000e+00 5.000000000000000000e+00 6.000000000000000000e+00 7.000000000000000000e+00 8.000000000000000000e+00 9.000000000000000000e+00 1.000000000000000000e+01 1.100000000000000000e+01 1.200000000000000000e+01 1.300000000000000000e+01 1.400000000000000000e+01 1.500000000000000000e+01 1.600000000000000000e+01 1.700000000000000000e+01 1.800000000000000000e+01 1.900000000000000000e+01 2.000000000000000000e+01 2.100000000000000000e+01 2.200000000000000000e+01 2.300000000000000000e+01 2.400000000000000000e+01 2.500000000000000000e+01 2.600000000000000000e+01 2.700000000000000000e+01 2.800000000000000000e+01 2.900000000000000000e+01 3.000000000000000000e+01 3.100000000000000000e+01 3.200000000000000000e+01
1.000000000000000000e+00 0.000000000000000000e+00 9.293999670765776822e-01 1.062127014989525664e+00 1.042059412123033102e+00 1.060762944370605476e+00 1.076534214652641763e+00 1.072800885201351750e+00 1.101511120112488973e+00 1.044361737155911518e+00 1.092664810456724256e+00 1.078169347580395288e+00 1.091850067847187633e+00 1.145718412509058703e+00 1.341242854850260624e+00 1.341891028351488213e+00 1.284524542613631359e+00 1.312177236731030261e+00 1.299006347224263447e+00 1.358225015022569426e+00 1.322565610729406815e+00 1.232641454730717179e+00 1.317988289551554670e+00 1.261321103421944478e+00 1.273334628626336507e+00 1.352983922396012062e+00 1.395222276507216197e+00 1.429119169512510057e+00 1.368261551987634883e+00 1.378814439264112401e+00 1.501895016293078422e+00 1.461782973099701621e+00 3.196362452404704069e+00
2.000000000000000000e+00 9.293999670765776822e-01 0.000000000000000000e+00 8.522451131590269569e-01 8.196881041938817170e-01 8.471951242920467973e-01 8.649783632021004198e-01 8.558898994751258371e-01 8.967981306666394925e-01 8.024277636168479777e-01 8.834180910994298142e-01 8.520291660863017480e-01 8.739872488296691611e-01 9.210411048999482819e-01 1.153445289930271844e+00 1.134992037261830067e+00 1.096903154169152517e+00 1.125120109506518640e+00 1.112211411273080763e+00 1.172474121614861975e+00 1.136703912880938416e+00 1.037307501363888385e+00 1.133342820992609967e+00 1.070584535602391529e+00 1.085259185532026827e+00 1.173612812666689820e+00 1.218309757753741174e+00 1.254007725094812065e+00 1.190846032908912777e+00 1.201780917375101065e+00 1.327224702338730244e+00 1.286647832885657206e+00 3.026989728101667776e+00
3.000000000000000000e+00 1.062127014989525664e+00 8.522451131590269569e-01 0.000000000000000000e+00 5.997714403546299256e-01 4.614107080816034490e-01 5.764063421535789988e-01 6.286051399153871344e-01 6.640634342498936693e-01 7.346935783981172197e-01 6.529151310145240306e-01 7.424949467608825682e-01 7.275631232330050935e-01 8.887940548242714289e-01 1.017572415800377161e+00 1.063282676801481141e+00 9.651879683721300562e-01 9.928968768994892446e-01 9.819806117753100416e-01 1.042802110108356661e+00 1.007827875023250330e+00 9.407022450176469874e-01 1.008474040865283028e+00 9.721386153719944190e-01 9.849973809872341057e-01 1.059856024411670816e+00 1.106615633276418098e+00 1.144020185445741467e+00 1.086473070063159296e+00 1.099191043101604759e+00 1.228133837606738998e+00 1.183599589258751195e+00 2.923831291631911800e+00
4.000000000000000000e+00 1.042059412123033102e+00 8.196881041938817170e-01 5.997714403546299256e-01 0.000000000000000000e+00 5.685371893273682975e-01 6.420724224289788840e-01 6.358804321235891344e-01 7.179506381603599774e-01 6.854183114667578014e-01 6.950015878389772528e-01 7.205622368482291762e-01 7.225943529603857662e-01 8.699925010877043174e-01 1.035569565840603001e+00 1.055395876367491770e+00 9.813060646617313143e-01 1.009459033538347095e+00 9.977212837338691465e-01 1.058654006946408543e+00 1.023277698394412072e+00 9.417217216728759333e-01 1.022529706743745104e+00 9.747630118224233087e-01 9.887928788770117272e-01 1.070684588043999241e+00 1.117222102307897202e+00 1.154377709699093701e+00 1.094094118981632446e+00 1.106225596883403828e+00 1.234381236092388923e+00 1.191230605178637880e+00 2.932825149866460368e+00
5.000000000000000000e+00 1.060762944370605476e+00 8.471951242920467973e-01 4.614107080816034490e-01 5.685371893273682975e-01 0.000000000000000000e+00 5.469530694050754871e-01 5.905141244935250278e-01 6.638802456768426730e-01 7.156966406861193786e-01 6.400114976373050268e-01 7.237651681095333966e-01 7.092931770034314187e-01 8.771646206211565211e-01 1.015257113156253777e+00 1.053132743478882638e+00 9.620280146665598497e-01 9.900034700290964995e-01 9.787512053729359174e-01 1.039733076796508726e+00 1.004569891843158258e+00 9.325042607872688905e-01 1.004738788429394569e+00 9.645556615162291791e-01 9.778295559656338121e-01 1.055246135504944061e+00 1.102060552765212531e+00 1.139470343689205523e+00 1.080904899330568325e+00 1.093460106129060527e+00 1.222272542197349265e+00 1.178142744898089234e+00 2.919092356754319884e+00
6.000000000000000000e+00 1.076534214652641763e+00 8.649783632021004198e-01 5.764063421535789988e-01 6.420724224289788840e-01 5.469530694050754871e-01 0.000000000000000000e+00 5.319341333974438868e-01 6.009236045249914948e-01 7.230168852036509275e-01 5.469761014043166281e-01 7.095711472029837541e-01 6.785879079375098932e-01 8.703693247370531960e-01 9.934760961351187802e-01 1.039214940761511219e+00 9.400911237823883493e-01 9.682664574152666237e-01 9.570312301646288766e-01 1.018289960214814993e+00 9.830756517024894503e-01 9.141383017592668025e-01 9.835019220031642195e-01 9.459375377077305913e-01 9.589609169509318853e-01 1.035150780687307481e+00 1.082294982465903832e+00 1.119950151534985450e+00 1.061781617540691114e+00 1.074544897597330184e+00 1.203822934984682513e+00 1.159246306570224760e+00 2.900443409492273528e+00
7.000000000000000000e+00 1.072800885201351750e+00 8.558898994751258371e-01 6.286051399153871344e-01 6.358804321235891344e-01 5.905141244935250278e-01 5.319341333974438868e-01 0.000000000000000000e+00 6.469242332722873190e-01 6.885046990570355963e-01 5.813418932494240909e-01 6.673172887302751821e-01 6.346313787946871177e-01 8.491261929314781742e-01 9.956171711756724996e-01 1.021957496943579624e+00 9.404802346228848808e-01 9.691627140690164399e-01 9.571993076033673553e-01 1.018716423179479857e+00 9.831119161561907571e-01 9.021177956179808888e-01 9.824281675835335736e-01 9.354245546085135921e-01 9.494763842153148836e-01 1.031857462760846555e+00 1.079055672041445479e+00 1.116672367704692581e+00 1.056086381479411473e+00 1.068430176043382307e+00 1.197311931267027729e+00 1.153762116708522356e+00 2.896560269299147894e+00
8.000000000000000000e+00 1.101511120112488973e+00 8.967981306666394925e-01 6.640634342498936693e-01 7.179506381603599774e-01 6.638802456768426730e-01 6.009236045249914948e-01 6.469242332722873190e-01 0.000000000000000000e+00 7.673838157545720406e-01 5.334187734275943615e-01 7.411899226399236706e-01 7.005507383104785379e-01 8.866968157571590847e-01 9.635257474909564301e-01 1.042827523372134468e+00 9.120495252603022518e-01 9.398801946197183899e-01 9.295582763175525010e-01 9.908775093222517150e-01 9.560696649479643039e-01 9.062100001540587257e-01 9.582038520928286562e-01 9.358119262192676757e-01 9.472424310354266019e-01 1.014083018748631826e+00 1.061571229194049781e+00 1.099580942487178303e+00 1.044963237861714189e+00 1.058514949030632923e+00 1.188870561521777836e+00 1.142442446349054563e+00 2.881923167966320865e+00
9.000000000000000000e+00 1.044361737155911518e+00 8.024277636168479777e-01 7.346935783981172197e-01 6.854183114667578014e-01 7.156966406861193786e-01 7.230168852036509275e-01 6.885046990570355963e-01 7.673838157545720406e-01 0.000000000000000000e+00 7.392310762832148274e-01 6.305905789431076602e-01 6.895328343948479155e-01 7.960503672384089402e-01 1.038425730205535746e+00 1.004210587222593265e+00 9.805082845331825059e-01 1.009672211492882221e+00 9.963912088460182837e-01 1.057796941811385505e+00 1.021606179112704238e+00 9.100579608860925873e-01 1.018430361961288222e+00 9.472617411817978450e-01 9.641571696513704381e-01 1.061537369733596581e+00 1.108194030646132422e+00 1.145269895922207182e+00 1.079208397476930648e+00 1.090297643918396009e+00 1.217467093589856608e+00 1.176869971084580691e+00 2.922362547141708067e+00
1.000000000000000000e+01 1.092664810456724256e+00 8.834180910994298142e-01 6.529151310145240306e-01 6.950015878389772528e-01 6.400114976373050268e-01 5.469761014043166281e-01 5.813418932494240909e-01 5.334187734275943615e-01 7.392310762832148274e-01 0.000000000000000000e+00 7.069117117525924865e-01 6.574923790505884380e-01 8.670319839494828873e-01 9.709411401692156218e-01 1.027222431164578342e+00 9.172276438133171172e-01 9.456934320248466808e-01 9.344321775283641607e-01 9.960560417324773042e-01 9.607525829378824600e-01 8.961841432570620825e-01 9.614367027672499066e-01 9.274713220537158520e-01 9.400657671012067063e-01 1.014370019053171923e+00 1.061871516607152621e+00 1.099790338219127639e+00 1.042189093868246319e+00 1.055211087322857288e+00 1.185020572806761541e+00 1.139878668522218419e+00 2.881229625018215668e+00
1.100000000000000000e+01 1.078169347580395288e+00 8.520291660863017480e-01 7.424949467608825682e-01 7.205622368482291762e-01 7.237651681095333966e-01 7.095711472029837541e-01 6.673172887302751821e-01 7.411899226399236706e-01 6.305905789431076602e-01 7.069117117525924865e-01 0.000000000000000000e+00 5.764102153513577242e-01 7.758939097704273813e-01 1.001561697656316863e+00 9.630132254657048918e-01 9.420236268317709882e-01 9.719034553072491978e-01 9.580494733458295720e-01 1.020107659349157370e+00 9.835138453277865178e-01 8.639434994771804099e-01 9.798142813220203085e-01 9.027480647932026869e-01 9.205050084548580536e-01 1.022964482814963105e+00 1.070387077652610319e+00 1.107957319862310941e+00 1.039928275857859630e+00 1.050960041467803752e+00 1.178676690389924842e+00 1.138350414510359343e+00 2.886299472119321141e+00
1.200000000000000000e+01 1.091850067847187633e+00 8.739872488296691611e-01 7.275631232330050935e-01 7.225943529603857662e-01 7.092931770034314187e-01 6.785879079375098932e-01 6.346313787946871177e-01 7.005507383104785379e-01 6.895328343948479155e-01 6.574923790505884380e-01 5.764102153513577242e-01 0.000000000000000000e+00 8.069446273650462409e-01 9.768912083542109492e-01 9.723753970822541781e-01 9.179397477353565815e-01 9.478938863242525326e-01 9.344119473871193016e-01 9.967704321084016605e-01 9.602882349817087881e-01 8.559994717837273726e-01 9.575274598129490666e-01 8.924873946485352150e-01 9.085643000079399734e-01 1.003550700233556192e+00 1.051337002792870567e+00 1.089217960770320515e+00 1.023654006660168703e+00 1.035329132452008416e+00 1.163974603924292195e+00 1.122147577492911275e+00 2.868987759281968142e+00
1.300000000000000000e+01 1.145718412509058703e+00 9.210411048999482819e-01 8.887940548242714289e-01 8.699925010877043174e-01 8.771646206211565211e-01 8.703693247370531960e-01 8.491261929314781742e-01 8.866968157571590847e-01 7.960503672384089402e-01 8.670319839494828873e-01 7.758939097704273813e-01 8.069446273650462409e-01 0.000000000000000000e+00 1.083883349907324156e+00 8.688853068536004365e-01 1.020170199439326852e+00 1.050750908685887497e+00 1.034887972288030422e+00 1.096786162893826244e+00 1.059283565984842523e+00 8.734586979550269525e-01 1.051726472136566004e+00 9.228960940137920232e-01 9.485142596973870077e-01 1.085048042148538006e+00 1.132169799470257310e+00 1.169295499606899602e+00 1.089881822015907664e+00 1.098449098238877042e+00 1.223402946732689900e+00 1.189047522588230876e+00 2.944288276555624417e+00
1.400000000000000000e+01 1.341242854850260624e+00 1.153445289930271844e+00 1.017572415800377161e+00 1.035569565840603001e+00 1.015257113156253777e+00 9.934760961351187802e-01 9.956171711756724996e-01 9.635257474909564301e-01 1.038425730205535746e+00 9.709411401692156218e-01 1.001561697656316863e+00 9.768912083542109492e-01 1.083883349907324156e+00 0.000000000000000000e+00 1.185139821763435908e+00 6.556081919563918614e-01 5.732243739343239053e-01 6.457751017317354680e-01 6.084662756933965078e-01 6.378425510315988145e-01 9.787112013346734862e-01 7.172171660178869868e-01 9.832957823957011456e-01 9.766916729548031917e-01 8.678596436790613211e-01 9.094289688836147967e-01 9.486174911745164362e-01 9.842822589340023409e-01 1.010458580632795034e+00 1.153537212442166782e+00 1.075721214303284157e+00 2.760008863796280298e+00
1.500000000000000000e+01 1.341891028351488213e+00 1.134992037261830067e+00 1.063282676801481141e+00 1.055395876367491770e+00 1.053132743478882638e+00 1.039214940761511219e+00 1.021957496943579624e+00 1.042827523372134468e+00 1.004210587222593265e+00 1.027222431164578342e+00 9.630132254657048918e-01 9.723753970822541781e-01 8.688853068536004365e-01 1.185139821763435908e+00 0.000000000000000000e+00 1.116381754569028439e+00 1.148202013331298454e+00 1.130047353035776414e+00 1.192441954456969988e+00 1.153746924275285357e+00 8.698818228494555882e-01 1.142256787016157960e+00 9.378447119040238533e-01 9.778679274878636640e-01 1.166867885788741788e+00 1.215265058171095092e+00 1.253057460921861432e+00 1.157453607655053451e+00 1.163053285317920071e+00 1.286082673549293842e+00 1.259169974791834790e+00 3.027753320620865995e+00
1.600000000000000000e+01 1.284524542613631359e+00 1.096903154169152517e+00 9.651879683721300562e-01 9.813060646617313143e-01 9.620280146665598497e-01 9.400911237823883493e-01 9.404802346228848808e-01 9.120495252603022518e-01 9.805082845331825059e-01 9.172276438133171172e-01 9.420236268317709882e-01 9.179397477353565815e-01 1.020170199439326852e+00 6.556081919563918614e-01 1.116381754569028439e+00 0.000000000000000000e+00 5.482703814208780280e-01 4.619692648838678029e-01 6.516829454010717448e-01 5.791961645344576581e-01 9.034357024774397615e-01 6.197457985221641596e-01 9.058495331769904624e-01 8.976784624307856397e-01 7.858989512149356926e-01 8.334613748189463323e-01 8.746209901514860885e-01 9.012708492991043929e-01 9.278494470131355421e-01 1.071739296798544627e+00 9.934938511507938053e-01 2.683876240072181840e+00
1.700000000000000000e+01 1.312177236731030261e+00 1.125120109506518640e+00 9.928968768994892446e-01 1.009459033538347095e+00 9.900034700290964995e-01 9.682664574152666237e-01 9.691627140690164399e-01 9.398801946197183899e-01 1.009672211492882221e+00 9.456934320248466808e-01 9.719034553072491978e-01 9.478938863242525326e-01 1.050750908685887497e+00 5.732243739343239053e-01 1.148202013331298454e+00 5.482703814208780280e-01 0.000000000000000000e+00 5.053062451586216586e-01 5.627314564128225172e-01 5.102457277406049485e-01 9.365232111276147187e-01 6.284512988185733118e-01 9.388472143942987458e-01 9.305942484846028151e-01 8.040171368434769761e-01 8.465156795272608115e-01 8.863720546638791387e-01 9.291704830921705405e-01 9.566003528948572310e-01 1.100915057323639923e+00 1.020060597542920000e+00 2.699987801582377944e+00
1.800000000000000000e+01 1.299006347224263447e+00 1.112211411273080763e+00 9.819806117753100416e-01 9.977212837338691465e-01 9.787512053729359174e-01 9.570312301646288766e-01 9.571993076033673553e-01 9.295582763175525010e-01 9.963912088460182837e-01 9.344321775283641607e-01 9.580494733458295720e-01 9.344119473871193016e-01 1.034887972288030422e+00 6.457751017317354680e-01 1.130047353035776414e+00 4.619692648838678029e-01 5.053062451586216586e-01 0.000000000000000000e+00 6.121083427256439613e-01 5.053104254558971054e-01 9.152290619463432364e-01 5.792905883971701808e-01 9.163094486314644627e-01 9.071500636448788235e-01 7.749121602749502458e-01 8.203950527955883310e-01 8.613277784317598940e-01 9.020625675319708936e-01 9.299485326900693849e-01 1.074843730547694554e+00 9.931026122202140094e-01 2.674487874587312408e+00
1.900000000000000000e+01 1.358225015022569426e+00 1.172474121614861975e+00 1.042802110108356661e+00 1.058654006946408543e+00 1.039733076796508726e+00 1.018289960214814993e+00 1.018716423179479857e+00 9.908775093222517150e-01 1.057796941811385505e+00 9.960560417324773042e-01 1.020107659349157370e+00 9.967704321084016605e-01 1.096786162893826244e+00 6.084662756933965078e-01 1.192441954456969988e+00 6.516829454010717448e-01 5.627314564128225172e-01 6.121083427256439613e-01 0.000000000000000000e+00 5.345621019322448486e-01 9.777827382890587060e-01 6.388195961872085160e-01 9.781217064963656505e-01 9.684072425901404380e-01 8.111415346274517546e-01 8.467073964686622212e-01 8.848201643785473802e-01 9.538923425678953461e-01 9.833102156187036869e-01 1.129101038260080125e+00 1.042725101847085778e+00 2.705831304913525859e+00
2.000000000000000000e+01 1.322565610729406815e+00 1.136703912880938416e+00 1.007827875023250330e+00 1.023277698394412072e+00 1.004569891843158258e+00 9.830756517024894503e-01 9.831119161561907571e-01 9.560696649479643039e-01 1.021606179112704238e+00 9.607525829378824600e-01 9.835138453277865178e-01 9.602882349817087881e-01 1.059283565984842523e+00 6.378425510315988145e-01 1.153746924275285357e+00 5.791961645344576581e-01 5.102457277406049485e-01 5.053104254558971054e-01 5.345621019322448486e-01 0.000000000000000000e+00 9.375451610187091056e-01 5.586725913648857844e-01 9.374227070043854582e-01 9.273721301406991913e-01 7.718345730670983507e-01 8.122821662813541899e-01 8.521220596184646556e-01 9.129425091702556561e-01 9.422802901416766908e-01 1.088193115999882332e+00 1.002365201598972355e+00 2.670888900859803794e+00
2.100000000000000000e+01 1.232641454730717179e+00 1.037307501363888385e+00 9.407022450176469874e-01 9.417217216728759333e-01 9.325042607872688905e-01 9.141383017592668025e-01 9.021177956179808888e-01 9.062100001540587257e-01 9.100579608860925873e-01 8.961841432570620825e-01 8.639434994771804099e-01 8.559994717837273726e-01 8.734586979550269525e-01 9.787112013346734862e-01 8.698818228494555882e-01 9.034357024774397615e-01 9.365232111276147187e-01 9.152290619463432364e-01 9.777827382890587060e-01 9.375451610187091056e-01 0.000000000000000000e+00 9.201554909329694443e-01 5.574331182809215690e-01 6.397836271977008771e-01 9.303970636118754634e-01 9.805429795356968015e-01 1.019237381717496005e+00 8.970548002204983273e-01 8.976963893905036684e-01 1.017749599144947892e+00 1.002916599111483009e+00 2.792977273858187726e+00
2.200000000000000000e+01 1.317988289551554670e+00 1.133342820992609967e+00 1.008474040865283028e+00 1.022529706743745104e+00 1.004738788429394569e+00 9.835019220031642195e-01 9.824281675835335736e-01 9.582038520928286562e-01 1.018430361961288222e+00 9.614367027672499066e-01 9.798142813220203085e-01 9.575274598129490666e-01 1.051726472136566004e+00 7.172171660178869868e-01 1.142256787016157960e+00 6.197457985221641596e-01 6.284512988185733118e-01 5.792905883971701808e-01 6.388195961872085160e-01 5.586725913648857844e-01 9.201554909329694443e-01 0.000000000000000000e+00 9.169837152291320237e-01 9.046854173526281961e-01 7.163148213898242744e-01 7.615966342032680636e-01 8.039956152493588082e-01 8.755278068905532063e-01 9.069860995495471201e-01 1.054830245771857689e+00 9.638712936476352411e-01 2.625789298763085977e+00
2.300000000000000000e+01 1.261321103421944478e+00 1.070584535602391529e+00 9.721386153719944190e-01 9.747630118224233087e-01 9.645556615162291791e-01 9.459375377077305913e-01 9.354245546085135921e-01 9.358119262192676757e-01 9.472617411817978450e-01 9.274713220537158520e-01 9.027480647932026869e-01 8.924873946485352150e-01 9.228960940137920232e-01 9.832957823957011456e-01 9.378447119040238533e-01 9.058495331769904624e-01 9.388472143942987458e-01 9.163094486314644627e-01 9.781217064963656505e-01 9.374227070043854582e-01 5.574331182809215690e-01 9.169837152291320237e-01 0.000000000000000000e+00 5.194152987245872488e-01 9.174293889806670599e-01 9.677278978956578293e-01 1.006449568246527315e+00 8.655340101006319120e-01 8.615300155184653086e-01 9.772579808841495019e-01 9.735914446677025325e-01 2.777984576094787439e+00
2.400000000000000000e+01 1.273334628626336507e+00 1.085259185532026827e+00 9.849973809872341057e-01 9.887928788770117272e-01 9.778295559656338121e-01 9.589609169509318853e-01 9.494763842153148836e-01 9.472424310354266019e-01 9.641571696513704381e-01 9.400657671012067063e-01 9.205050084548580536e-01 9.085643000079399734e-01 9.485142596973870077e-01 9.766916729548031917e-01 9.778679274878636640e-01 8.976784624307856397e-01 9.305942484846028151e-01 9.071500636448788235e-01 9.684072425901404380e-01 9.273721301406991913e-01 6.397836271977008771e-01 9.046854173526281961e-01 5.194152987245872488e-01 0.000000000000000000e+00 8.978525136668689122e-01 9.483596411287869010e-01 9.871667320540897794e-01 8.321051047262073563e-01 8.248911862681840290e-01 9.383715826324940945e-01 9.420516898928155136e-01 2.757245402039361526e+00
2.500000000000000000e+01 1.352983922396012062e+00 1.173612812666689820e+00 1.059856024411670816e+00 1.070684588043999241e+00 1.055246135504944061e+00 1.035150780687307481e+00 1.031857462760846555e+00 1.014083018748631826e+00 1.061537369733596581e+00 1.014370019053171923e+00 1.022964482814963105e+00 1.003550700233556192e+00 1.085048042148538006e+00 8.678596436790613211e-01 1.166867885788741788e+00 7.858989512149356926e-01 8.040171368434769761e-01 7.749121602749502458e-01 8.111415346274517546e-01 7.718345730670983507e-01 9.303970636118754634e-01 7.163148213898242744e-01 9.174293889806670599e-01 8.978525136668689122e-01 0.000000000000000000e+00 5.880518972770891750e-01 6.664714523694226234e-01 7.957494903920767637e-01 8.392669907932752693e-01 9.961981663189305447e-01 8.737442178923586766e-01 2.493861390209718198e+00
2.600000000000000000e+01 1.395222276507216197e+00 1.218309757753741174e+00 1.106615633276418098e+00 1.117222102307897202e+00 1.102060552765212531e+00 1.082294982465903832e+00 1.079055672041445479e+00 1.061571229194049781e+00 1.108194030646132422e+00 1.061871516607152621e+00 1.070387077652610319e+00 1.051337002792870567e+00 1.132169799470257310e+00 9.094289688836147967e-01 1.215265058171095092e+00 8.334613748189463323e-01 8.465156795272608115e-01 8.203950527955883310e-01 8.467073964686622212e-01 8.122821662813541899e-01 9.805429795356968015e-01 7.615966342032680636e-01 9.677278978956578293e-01 9.483596411287869010e-01 5.880518972770891750e-01 0.000000000000000000e+00 5.323579948924261895e-01 8.389776630228367171e-01 8.834455145094683992e-01 1.039924321554061004e+00 9.097078900473452023e-01 2.440430258888131920e+00
2.700000000000000000e+01 1.429119169512510057e+00 1.254007725094812065e+00 1.144020185445741467e+00 1.154377709699093701e+00 1.139470343689205523e+00 1.119950151534985450e+00 1.116672367704692581e+00 1.099580942487178303e+00 1.145269895922207182e+00 1.099790338219127639e+00 1.107957319862310941e+00 1.089217960770320515e+00 1.169295499606899602e+00 9.486174911745164362e-01 1.253057460921861432e+00 8.746209901514860885e-01 8.863720546638791387e-01 8.613277784317598940e-01 8.848201643785473802e-01 8.521220596184646556e-01 1.019237381717496005e+00 8.039956152493588082e-01 1.006449568246527315e+00 9.871667320540897794e-01 6.664714523694226234e-01 5.323579948924261895e-01 0.000000000000000000e+00 8.755093699693359266e-01 9.199423862372180238e-01 1.075746871042876363e+00 9.431644968967645148e-01 2.410498054998477802e+00
2.800000000000000000e+01 1.368261551987634883e+00 1.190846032908912777e+00 1.086473070063159296e+00 1.094094118981632446e+00 1.080904899330568325e+00 1.061781617540691114e+00 1.056086381479411473e+00 1.044963237861714189e+00 1.079208397476930648e+00 1.042189093868246319e+00 1.039928275857859630e+00 1.023654006660168703e+00 1.089881822015907664e+00 9.842822589340023409e-01 1.157453607655053451e+00 9.012708492991043929e-01 9.291704830921705405e-01 9.020625675319708936e-01 9.538923425678953461e-01 9.129425091702556561e-01 8.970548002204983273e-01 8.755278068905532063e-01 8.655340101006319120e-01 8.321051047262073563e-01 7.957494903920767637e-01 8.389776630228367171e-01 8.755093699693359266e-01 0.000000000000000000e+00 5.345964250728965084e-01 7.608597327503143770e-01 6.201070432532640453e-01 2.620641111906468534e+00
2.900000000000000000e+01 1.378814439264112401e+00 1.201780917375101065e+00 1.099191043101604759e+00 1.106225596883403828e+00 1.093460106129060527e+00 1.074544897597330184e+00 1.068430176043382307e+00 1.058514949030632923e+00 1.090297643918396009e+00 1.055211087322857288e+00 1.050960041467803752e+00 1.035329132452008416e+00 1.098449098238877042e+00 1.010458580632795034e+00 1.163053285317920071e+00 9.278494470131355421e-01 9.566003528948572310e-01 9.299485326900693849e-01 9.833102156187036869e-01 9.422802901416766908e-01 8.976963893905036684e-01 9.069860995495471201e-01 8.615300155184653086e-01 8.248911862681840290e-01 8.392669907932752693e-01 8.834455145094683992e-01 9.199423862372180238e-01 5.345964250728965084e-01 0.000000000000000000e+00 6.736031364768504393e-01 6.727868512096417675e-01 2.667546128370538394e+00
3.000000000000000000e+01 1.501895016293078422e+00 1.327224702338730244e+00 1.228133837606738998e+00 1.234381236092388923e+00 1.222272542197349265e+00 1.203822934984682513e+00 1.197311931267027729e+00 1.188870561521777836e+00 1.217467093589856608e+00 1.185020572806761541e+00 1.178676690389924842e+00 1.163974603924292195e+00 1.223402946732689900e+00 1.153537212442166782e+00 1.286082673549293842e+00 1.071739296798544627e+00 1.100915057323639923e+00 1.074843730547694554e+00 1.129101038260080125e+00 1.088193115999882332e+00 1.017749599144947892e+00 1.054830245771857689e+00 9.772579808841495019e-01 9.383715826324940945e-01 9.961981663189305447e-01 1.039924321554061004e+00 1.075746871042876363e+00 7.608597327503143770e-01 6.736031364768504393e-01 0.000000000000000000e+00 8.505675919879305269e-01 2.823280319223446799e+00
3.100000000000000000e+01 1.461782973099701621e+00 1.286647832885657206e+00 1.183599589258751195e+00 1.191230605178637880e+00 1.178142744898089234e+00 1.159246306570224760e+00 1.153762116708522356e+00 1.142442446349054563e+00 1.176869971084580691e+00 1.139878668522218419e+00 1.138350414510359343e+00 1.122147577492911275e+00 1.189047522588230876e+00 1.075721214303284157e+00 1.259169974791834790e+00 9.934938511507938053e-01 1.020060597542920000e+00 9.931026122202140094e-01 1.042725101847085778e+00 1.002365201598972355e+00 1.002916599111483009e+00 9.638712936476352411e-01 9.735914446677025325e-01 9.420516898928155136e-01 8.737442178923586766e-01 9.097078900473452023e-01 9.431644968967645148e-01 6.201070432532640453e-01 6.727868512096417675e-01 8.505675919879305269e-01 0.000000000000000000e+00 2.673607660280618692e+00
3.200000000000000000e+01 3.196362452404704069e+00 3.026989728101667776e+00 2.923831291631911800e+00 2.932825149866460368e+00 2.919092356754319884e+00 2.900443409492273528e+00 2.896560269299147894e+00 2.881923167966320865e+00 2.922362547141708067e+00 2.881229625018215668e+00 2.886299472119321141e+00 2.868987759281968142e+00 2.944288276555624417e+00 2.760008863796280298e+00 3.027753320620865995e+00 2.683876240072181840e+00 2.699987801582377944e+00 2.674487874587312408e+00 2.705831304913525859e+00 2.670888900859803794e+00 2.792977273858187726e+00 2.625789298763085977e+00 2.777984576094787439e+00 2.757245402039361526e+00 2.493861390209718198e+00 2.440430258888131920e+00 2.410498054998477802e+00 2.620641111906468534e+00 2.667546128370538394e+00 2.823280319223446799e+00 2.673607660280618692e+00 0.000000000000000000e+00
