0.000000000000000000e+00 1.000000000000000000e+00 2.000000000000000000e+00 3.000000000000000000e+00 4.000000000000000000e+00 5.000000000000000000e+00 6.000000000000000000e+00 7.000000000000000000e+00 8.000000000000000000e+00 9.000000000000000000e+00 1.000000000000000000e+01 1.100000000000000000e+01 1.200000000000000000e+01 1.300000000000000000e+01 1.400000000000000000e+01 1.500000000000000000e+01 1.600000000000000000e+01 1.700000000000000000e+01 1.800000000000000000e+01 1.900000000000000000e+01 2.000000000000000000e+01 2.100000000000000000e+01 2.200000000000000000e+01 2.300000000000000000e+01 2.400000000000000000e+01 2.500000000000000000e+01 2.600000000000000000e+01 2.700000000000000000e+01 2.800000000000000000e+01 2.900000000000000000e+01 3.000000000000000000e+01 3.100000000000000000e+01 3.200000000000000000e+01
1.000000000000000000e+00 0.000000000000000000e+00 1.098513754563194311e+01 1.054905098513228268e+01 1.142050783701645855e+01 9.281106137380874088e+00 1.125726292122445749e+01 1.175779289957224272e+01 1.180505471988530708e+01 1.122613439947840419e+01 1.187251028540694087e+01 1.143259704873262272e+01 1.188843210796505012e+01 1.178725251174579469e+01 1.460986462180159329e+01 1.245736427832292570e+01 1.378749651510260499e+01 1.369397305412431187e+01 1.174789786789964730e+01 1.439763837256206891e+01 1.174771527273734506e+01 1.235062558012875300e+01 1.330832730858648638e+01 1.265035871285204649e+01 1.293049830900243258e+01 1.532934515732948633e+01 1.527717816759934877e+01 1.558884928062930797e+01 1.416230910238669161e+01 1.401877743246778074e+01 1.388513478438903626e+01 1.468987603912781204e+01 1.816624281947389363e+01
2.000000000000000000e+00 1.098513754563194311e+01 0.000000000000000000e+00 7.103098681654053337e+00 7.900044624926355397e+00 5.835874891018999477e+00 7.799211501123453516e+00 8.242802594756748036e+00 8.368187436192469519e+00 7.407921039938521801e+00 8.414118183849309318e+00 7.787874881077344824e+00 8.355644600285950574e+00 8.549558797744392535e+00 1.142716781726565323e+01 9.391881956562963651e+00 1.061903791312061962e+01 1.052741857095290534e+01 8.587033154641408927e+00 1.123211428434895431e+01 8.586879411862092581e+00 9.258095216109200720e+00 1.014964417929296836e+01 9.606110657002684405e+00 9.901396831605486781e+00 1.221785288045255946e+01 1.217481781599375168e+01 1.249263710149861950e+01 1.113875101237518628e+01 1.101365129730200643e+01 1.092339163023688009e+01 1.167357834730896649e+01 1.511032417040184583e+01
3.000000000000000000e+00 1.054905098513228268e+01 7.103098681654053337e+00 0.000000000000000000e+00 4.353078834383680373e+00 1.385427832026042694e+00 3.574997400435224293e+00 4.772523515302049546e+00 4.296388535695013999e+00 5.828237932105977848e+00 4.599361820157730207e+00 5.856107977575158330e+00 5.878525706656118288e+00 7.290571952741228046e+00 9.058547973323223701e+00 7.956801699158711827e+00 8.328683858542445861e+00 8.236171979843737390e+00 6.321050224719472865e+00 8.942942525043660495e+00 6.320974021089455164e+00 7.539465946189121581e+00 7.891972712248525923e+00 7.911022704304969011e+00 8.189976998072202363e+00 1.011214679058918087e+01 1.008716390891012438e+01 1.041960128456989310e+01 9.270611436940329853e+00 9.187304958595648330e+00 9.180136963967141739e+00 9.809200085090248322e+00 1.314148275850238790e+01
4.000000000000000000e+00 1.142050783701645855e+01 7.900044624926355397e+00 4.353078834383680373e+00 0.000000000000000000e+00 3.132252026498267838e+00 5.180704843794691428e+00 5.907802828656398830e+00 5.896502771991206870e+00 6.529446049478412561e+00 6.063354000113962528e+00 6.718815243127961523e+00 6.878094639910068864e+00 8.179601706649965109e+00 1.018735492288873523e+01 8.893827258871477071e+00 9.440568460970132136e+00 9.348579580090325081e+00 7.428163226644253214e+00 1.005500159115212888e+01 7.428072587937720073e+00 8.527013145757557311e+00 8.997394915750364319e+00 8.900421263222728641e+00 9.185149434661722623e+00 1.118788877406457694e+01 1.115994661135182398e+01 1.148978612148924938e+01 1.030237174009123358e+01 1.021180084756205453e+01 1.019105603830106155e+01 1.084107945920749039e+01 1.419257864020306670e+01
5.000000000000000000e+00 9.281106137380874088e+00 5.835874891018999477e+00 1.385427832026042694e+00 3.132252026498267838e+00 0.000000000000000000e+00 2.216857950494381058e+00 3.449184851643137151e+00 2.942745547021315744e+00 4.551215892994427747e+00 3.255305484115181613e+00 4.565972384325034383e+00 4.575283229696731624e+00 6.006536585334973921e+00 7.757119683132509991e+00 6.669390861464757236e+00 7.028116469220941909e+00 6.935657500089950744e+00 5.020851426381609528e+00 7.642471468853296201e+00 5.020776453260374694e+00 6.247427496037463612e+00 6.591886660924776820e+00 6.619308413013520465e+00 6.897986309472132760e+00 8.814222356991342266e+00 8.789526716705804432e+00 9.122185349227354578e+00 7.976220205833188359e+00 7.893550403345079403e+00 7.887657200198317398e+00 8.514881658805789399e+00 1.184561245567631005e+01
6.000000000000000000e+00 1.125726292122445749e+01 7.799211501123453516e+00 3.574997400435224293e+00 5.180704843794691428e+00 2.216857950494381058e+00 0.000000000000000000e+00 5.006515855734631870e+00 4.979265532046069254e+00 6.462239263059824879e+00 5.008774924199022038e+00 6.436304427274516016e+00 6.398122079534312334e+00 7.932097287997162738e+00 9.719064436084904557e+00 8.598284152969805305e+00 8.984362052875896509e+00 8.892577477369735917e+00 6.976271792771365554e+00 9.599431328416175191e+00 6.976195158867980695e+00 8.176799194505335322e+00 8.546904327108014954e+00 8.551849268496990675e+00 8.832398466453669883e+00 1.076338464589156452e+01 1.073858125754802018e+01 1.107093991326361149e+01 9.918927362554642357e+00 9.835544410482315314e+00 9.828837765105850721e+00 1.045812878377964772e+01 1.379163140121812603e+01
7.000000000000000000e+00 1.175779289957224272e+01 8.242802594756748036e+00 4.772523515302049546e+00 5.907802828656398830e+00 3.449184851643137151e+00 5.006515855734631870e+00 0.000000000000000000e+00 5.965210844974306426e+00 6.692382361108357713e+00 5.658833906227934918e+00 6.543899402875071658e+00 6.399510069155665448e+00 8.271858116507235792e+00 1.025051510613198325e+01 8.966043578501897926e+00 9.494201843499771698e+00 9.404382701696606617e+00 7.482048215053877627e+00 1.011120059068515964e+01 7.481961577591818013e+00 8.563885470403196365e+00 9.050954606121150547e+00 8.949597214776130016e+00 9.237992865945093612e+00 1.124046684997021295e+01 1.121431880065945919e+01 1.154491853140698865e+01 1.036224829243157508e+01 1.027431560576853009e+01 1.026068461719840208e+01 1.090309438136278253e+01 1.425118653553014525e+01
8.000000000000000000e+00 1.180505471988530708e+01 8.368187436192469519e+00 4.296388535695013999e+00 5.896502771991206870e+00 2.942745547021315744e+00 4.979265532046069254e+00 5.965210844974306426e+00 0.000000000000000000e+00 7.059772664404427189e+00 5.181098003717844236e+00 6.986339521701614430e+00 6.897968796517512047e+00 8.424591239003181187e+00 1.003669205478680304e+01 9.054591818897721467e+00 9.309310608504707929e+00 9.218274957129738212e+00 7.304847201568984261e+00 9.925596883868331943e+00 7.304782710190881545e+00 8.591291147017305008e+00 8.876542474057833587e+00 8.965777563260814986e+00 9.242084478673204373e+00 1.111335446026118312e+01 1.109112595427768255e+01 1.142550490408855168e+01 1.030174225110794772e+01 1.022410152374650316e+01 1.022846507251110815e+01 1.084126501588809255e+01 1.416042409337051566e+01
9.000000000000000000e+00 1.122613439947840419e+01 7.407921039938521801e+00 5.828237932105977848e+00 6.529446049478412561e+00 4.551215892994427747e+00 6.462239263059824879e+00 6.692382361108357713e+00 7.059772664404427189e+00 0.000000000000000000e+00 7.032601631807269271e+00 5.968685992458160783e+00 6.725365209707641512e+00 7.537268838833409035e+00 1.033116417568584744e+01 8.443340475112863786e+00 9.529656911630558724e+00 9.440401564367624232e+00 7.503477379129639857e+00 1.014604111239116868e+01 7.503346916918523846e+00 8.230679250106842204e+00 9.067591663075978303e+00 8.619442696833765183e+00 8.925435479592776389e+00 1.117075692412347188e+01 1.113517959731145979e+01 1.145785916899274426e+01 1.016047258693463640e+01 1.005014442040600819e+01 9.994192620041308928e+00 1.070103058572838783e+01 1.410684363072326164e+01
1.000000000000000000e+01 1.187251028540694087e+01 8.414118183849309318e+00 4.599361820157730207e+00 6.063354000113962528e+00 3.255305484115181613e+00 5.008774924199022038e+00 5.658833906227934918e+00 5.181098003717844236e+00 7.032601631807269271e+00 0.000000000000000000e+00 6.873834209822701879e+00 6.654091060174922134e+00 8.417317912923838463e+00 1.014914883787258582e+01 9.058979907491805150e+00 9.406916878444972596e+00 9.317185312936858921e+00 7.399572484073923206e+00 1.002446009111772618e+01 7.399500907028500052e+00 8.604660455631016447e+00 8.970064141083588183e+00 8.986478649904931615e+00 9.268029959492126935e+00 1.118813457340458051e+01 1.116500811135133731e+01 1.149818094460273343e+01 1.035325878673180178e+01 1.027252363912226052e+01 1.027220283295443615e+01 1.089394699460336646e+01 1.422315682675255744e+01
1.100000000000000000e+01 1.143259704873262272e+01 7.787874881077344824e+00 5.856107977575158330e+00 6.718815243127961523e+00 4.565972384325034383e+00 6.436304427274516016e+00 6.543899402875071658e+00 6.986339521701614430e+00 5.968685992458160783e+00 6.873834209822701879e+00 0.000000000000000000e+00 5.761728191479550176e+00 7.448987990263670866e+00 1.012002981564545046e+01 8.286852245046391729e+00 9.310477083089514494e+00 9.223680794842268327e+00 7.285452596755829902e+00 9.929846197137530694e+00 7.285330039886439124e+00 7.996951577383438092e+00 8.849493878909468592e+00 8.410829258123399654e+00 8.724041519599401440e+00 1.095801978010393718e+01 1.092584343695735427e+01 1.125028175591901558e+01 9.968592288828313386e+00 9.864059011358078166e+00 9.822796756117044836e+00 1.051276001833441676e+01 1.390900049511971304e+01
1.200000000000000000e+01 1.188843210796505012e+01 8.355644600285950574e+00 5.878525706656118288e+00 6.878094639910068864e+00 4.575283229696731624e+00 6.398122079534312334e+00 6.399510069155665448e+00 6.897968796517512047e+00 6.725365209707641512e+00 6.654091060174922134e+00 5.761728191479550176e+00 0.000000000000000000e+00 7.983319945350611846e+00 1.020263220285711547e+01 8.669711308165163999e+00 9.403264098138789606e+00 9.318280712274985333e+00 7.384417857796789164e+00 1.002530919230695083e+01 7.384317733575187503e+00 8.245866151214745088e+00 8.950186517699334487e+00 8.665446200928563769e+00 8.971810141642235337e+00 1.109453813170711989e+01 1.106802991896142174e+01 1.139653490831384985e+01 1.016835387361943255e+01 1.007578425370811637e+01 1.005860421441858144e+01 1.071431869397110681e+01 1.408279846921040956e+01
1.300000000000000000e+01 1.178725251174579469e+01 8.549558797744392535e+00 7.290571952741228046e+00 8.179601706649965109e+00 6.006536585334973921e+00 7.932097287997162738e+00 8.271858116507235792e+00 8.424591239003181187e+00 7.537268838833409035e+00 8.417317912923838463e+00 7.448987990263670866e+00 7.983319945350611846e+00 0.000000000000000000e+00 1.066341452898430298e+01 7.353608776022520388e+00 9.795248267760880978e+00 9.706313118396368012e+00 7.747633431065329646e+00 1.041008661415207648e+01 7.747434824297592115e+00 7.869685243279665343e+00 9.304507068823960836e+00 8.264898998977606936e+00 8.610119628263921854e+00 1.127554562825810613e+01 1.122523687974847562e+01 1.153569096485722767e+01 1.005957313111157880e+01 9.914189624723247718e+00 9.795045541107407772e+00 1.060128819503655784e+01 1.409656722760519898e+01
1.400000000000000000e+01 1.460986462180159329e+01 1.142716781726565323e+01 9.058547973323223701e+00 1.018735492288873523e+01 7.757119683132509991e+00 9.719064436084904557e+00 1.025051510613198325e+01 1.003669205478680304e+01 1.033116417568584744e+01 1.014914883787258582e+01 1.012002981564545046e+01 1.020263220285711547e+01 1.066341452898430298e+01 0.000000000000000000e+00 1.076441489363863546e+01 6.218825279387909077e+00 5.513852961009026998e+00 4.064011226683408751e+00 5.964156881174156766e+00 4.062981216797195927e+00 9.702995446561573090e+00 5.728985269225352894e+00 9.896974057193926200e+00 9.993518380501511089e+00 9.263556390981078081e+00 9.266647979515578726e+00 9.670166224634069607e+00 9.875880732157201081e+00 9.981513592933124457e+00 1.028044609644192242e+01 1.034734576491812952e+01 1.303687400016185194e+01
1.500000000000000000e+01 1.245736427832292570e+01 9.391881956562963651e+00 7.956801699158711827e+00 8.893827258871477071e+00 6.669390861464757236e+00 8.598284152969805305e+00 8.966043578501897926e+00 9.054591818897721467e+00 8.443340475112863786e+00 9.058979907491805150e+00 8.286852245046391729e+00 8.669711308165163999e+00 7.353608776022520388e+00 1.076441489363863546e+01 0.000000000000000000e+00 9.857820627600998975e+00 9.768544736526303396e+00 7.797014347626744168e+00 1.047110990804564246e+01 7.796774093504744485e+00 7.364848338717838061e+00 9.349515583073573666e+00 7.798752084242948968e+00 8.209436736272229140e+00 1.124127433845145241e+01 1.118342720254326039e+01 1.148719850163644551e+01 9.903089536120697645e+00 9.738399446144560656e+00 9.593678280710721040e+00 1.045144171831478097e+01 1.399855514537437529e+01
1.600000000000000000e+01 1.378749651510260499e+01 1.061903791312061962e+01 8.328683858542445861e+00 9.440568460970132136e+00 7.028116469220941909e+00 8.984362052875896509e+00 9.494201843499771698e+00 9.309310608504707929e+00 9.529656911630558724e+00 9.406916878444972596e+00 9.310477083089514494e+00 9.403264098138789606e+00 9.795248267760880978e+00 6.218825279387909077e+00 9.857820627600998975e+00 0.000000000000000000e+00 4.724511095596968246e+00 2.693679665785449373e+00 5.536859017815723760e+00 2.697276763600362059e+00 8.753497376941577812e+00 4.369879494722107793e+00 8.928880056024038225e+00 9.008348220654907479e+00 8.044569580708147427e+00 8.063408874544890637e+00 8.476296531711181359e+00 8.782007083711052431e+00 8.904108662812182828e+00 9.229403711388593834e+00 9.249160745289232821e+00 1.189025945338022439e+01
1.700000000000000000e+01 1.369397305412431187e+01 1.052741857095290534e+01 8.236171979843737390e+00 9.348579580090325081e+00 6.935657500089950744e+00 8.892577477369735917e+00 9.404382701696606617e+00 9.218274957129738212e+00 9.440401564367624232e+00 9.317185312936858921e+00 9.223680794842268327e+00 9.318280712274985333e+00 9.706313118396368012e+00 5.513852961009026998e+00 9.768544736526303396e+00 4.724511095596968246e+00 0.000000000000000000e+00 2.293220218707894276e+00 4.891900211614943927e+00 2.293266301531032170e+00 8.667984291498811444e+00 3.986903555280468581e+00 8.839033946167067057e+00 8.915902968300661868e+00 7.823079445934295606e+00 7.827654751888577067e+00 8.241726387987132085e+00 8.646150636163623560e+00 8.773929978945416153e+00 9.104396357035239973e+00 9.102952239869457784e+00 1.170105675690971481e+01
1.800000000000000000e+01 1.174789786789964730e+01 8.587033154641408927e+00 6.321050224719472865e+00 7.428163226644253214e+00 5.020851426381609528e+00 6.976271792771365554e+00 7.482048215053877627e+00 7.304847201568984261e+00 7.503477379129639857e+00 7.399572484073923206e+00 7.285452596755829902e+00 7.384417857796789164e+00 7.747633431065329646e+00 4.064011226683408751e+00 7.797014347626744168e+00 2.693679665785449373e+00 2.293220218707894276e+00 0.000000000000000000e+00 3.007998058633011951e+00 1.388799571963694746e-02 6.684155129840075205e+00 1.717631122662409027e+00 6.846807267705738553e+00 6.916664459815867971e+00 5.683105560009776624e+00 5.687210117891734029e+00 6.105285142168728640e+00 6.589453667076488941e+00 6.725501458112345787e+00 7.067318452972136456e+00 7.039951803268449382e+00 9.601662591643098210e+00
1.900000000000000000e+01 1.439763837256206891e+01 1.123211428434895431e+01 8.942942525043660495e+00 1.005500159115212888e+01 7.642471468853296201e+00 9.599431328416175191e+00 1.011120059068515964e+01 9.925596883868331943e+00 1.014604111239116868e+01 1.002446009111772618e+01 9.929846197137530694e+00 1.002530919230695083e+01 1.041008661415207648e+01 5.964156881174156766e+00 1.047110990804564246e+01 5.536859017815723760e+00 4.891900211614943927e+00 3.007998058633011951e+00 0.000000000000000000e+00 3.003889781856873498e+00 9.370605585438681828e+00 4.691248900487797968e+00 9.539816780290291121e+00 9.615460703208318805e+00 8.477386542573944084e+00 8.466058232737012190e+00 8.877101912019657703e+00 9.328159646678608752e+00 9.458153504676603873e+00 9.790777722813240658e+00 9.780320976986649484e+00 1.235812751027778944e+01
2.000000000000000000e+01 1.174771527273734506e+01 8.586879411862092581e+00 6.320974021089455164e+00 7.428072587937720073e+00 5.020776453260374694e+00 6.976195158867980695e+00 7.481961577591818013e+00 7.304782710190881545e+00 7.503346916918523846e+00 7.399500907028500052e+00 7.285330039886439124e+00 7.384317733575187503e+00 7.747434824297592115e+00 4.062981216797195927e+00 7.796774093504744485e+00 2.697276763600362059e+00 2.293266301531032170e+00 1.388799571963694746e-02 3.003889781856873498e+00 0.000000000000000000e+00 6.683901377181314274e+00 1.715333549028100535e+00 6.846504382458814320e+00 6.916327191193969881e+00 5.681486747639182155e+00 5.685353241833858817e+00 6.103418759197271726e+00 6.588659845215330435e+00 6.724767991545354207e+00 7.066647334499789324e+00 7.039051657185558142e+00 9.600295568247940281e+00
2.100000000000000000e+01 1.235062558012875300e+01 9.258095216109200720e+00 7.539465946189121581e+00 8.527013145757557311e+00 6.247427496037463612e+00 8.176799194505335322e+00 8.563885470403196365e+00 8.591291147017305008e+00 8.230679250106842204e+00 8.604660455631016447e+00 7.996951577383438092e+00 8.245866151214745088e+00 7.869685243279665343e+00 9.702995446561573090e+00 7.364848338717838061e+00 8.753497376941577812e+00 8.667984291498811444e+00 6.684155129840075205e+00 9.370605585438681828e+00 6.683901377181314274e+00 0.000000000000000000e+00 8.233026781834807295e+00 5.483722841696135220e+00 6.348624729069685557e+00 1.008305009711128086e+01 1.003632406083460538e+01 1.034358286601749555e+01 8.736618406897230571e+00 8.588904664950836931e+00 8.520772193138151707e+00 9.320183436532884613e+00 1.286362729895939694e+01
2.200000000000000000e+01 1.330832730858648638e+01 1.014964417929296836e+01 7.891972712248525923e+00 8.997394915750364319e+00 6.591886660924776820e+00 8.546904327108014954e+00 9.050954606121150547e+00 8.876542474057833587e+00 9.067591663075978303e+00 8.970064141083588183e+00 8.849493878909468592e+00 8.950186517699334487e+00 9.304507068823960836e+00 5.728985269225352894e+00 9.349515583073573666e+00 4.369879494722107793e+00 3.986903555280468581e+00 1.717631122662409027e+00 4.691248900487797968e+00 1.715333549028100535e+00 8.233026781834807295e+00 0.000000000000000000e+00 8.392155923756508429e+00 8.459197500327176655e+00 7.150422835235866970e+00 7.169832222667164245e+00 7.594486478518913231e+00 8.106336632431583311e+00 8.246206431704377948e+00 8.592951378927198292e+00 8.554421827671790268e+00 1.110323039291304781e+01
2.300000000000000000e+01 1.265035871285204649e+01 9.606110657002684405e+00 7.911022704304969011e+00 8.900421263222728641e+00 6.619308413013520465e+00 8.551849268496990675e+00 8.949597214776130016e+00 8.965777563260814986e+00 8.619442696833765183e+00 8.986478649904931615e+00 8.410829258123399654e+00 8.665446200928563769e+00 8.264898998977606936e+00 9.896974057193926200e+00 7.798752084242948968e+00 8.928880056024038225e+00 8.839033946167067057e+00 6.846807267705738553e+00 9.539816780290291121e+00 6.846504382458814320e+00 5.483722841696135220e+00 8.392155923756508429e+00 0.000000000000000000e+00 5.250978709803421296e+00 1.016448842377454831e+01 1.010586876219938901e+01 1.040469844104674380e+01 8.667152105820845165e+00 8.492879938873842960e+00 8.398110183155866437e+00 9.261352267175842812e+00 1.286733439531179712e+01
2.400000000000000000e+01 1.293049830900243258e+01 9.901396831605486781e+00 8.189976998072202363e+00 9.185149434661722623e+00 6.897986309472132760e+00 8.832398466453669883e+00 9.237992865945093612e+00 9.242084478673204373e+00 8.925435479592776389e+00 9.268029959492126935e+00 8.724041519599401440e+00 8.971810141642235337e+00 8.610119628263921854e+00 9.993518380501511089e+00 8.209436736272229140e+00 9.008348220654907479e+00 8.915902968300661868e+00 6.916664459815867971e+00 9.615460703208318805e+00 6.916327191193969881e+00 6.348624729069685557e+00 8.459197500327176655e+00 5.250978709803421296e+00 0.000000000000000000e+00 1.017487332122895971e+01 1.011146080523006319e+01 1.040601163024542686e+01 8.577635019959766183e+00 8.392054983432940318e+00 8.310737165020556816e+00 9.192035515306832494e+00 1.283618026608624518e+01
2.500000000000000000e+01 1.532934515732948633e+01 1.221785288045255946e+01 1.011214679058918087e+01 1.118788877406457694e+01 8.814222356991342266e+00 1.076338464589156452e+01 1.124046684997021295e+01 1.111335446026118312e+01 1.117075692412347188e+01 1.118813457340458051e+01 1.095801978010393718e+01 1.109453813170711989e+01 1.127554562825810613e+01 9.263556390981078081e+00 1.124127433845145241e+01 8.044569580708147427e+00 7.823079445934295606e+00 5.683105560009776624e+00 8.477386542573944084e+00 5.681486747639182155e+00 1.008305009711128086e+01 7.150422835235866970e+00 1.016448842377454831e+01 1.017487332122895971e+01 0.000000000000000000e+00 6.856765371421040811e+00 7.714242417776848271e+00 9.086973543111485085e+00 9.340357917317495762e+00 9.806040462555062120e+00 9.415304655180696258e+00 1.153692356283382736e+01
2.600000000000000000e+01 1.527717816759934877e+01 1.217481781599375168e+01 1.008716390891012438e+01 1.115994661135182398e+01 8.789526716705804432e+00 1.073858125754802018e+01 1.121431880065945919e+01 1.109112595427768255e+01 1.113517959731145979e+01 1.116500811135133731e+01 1.092584343695735427e+01 1.106802991896142174e+01 1.122523687974847562e+01 9.266647979515578726e+00 1.118342720254326039e+01 8.063408874544890637e+00 7.827654751888577067e+00 5.687210117891734029e+00 8.466058232737012190e+00 5.685353241833858817e+00 1.003632406083460538e+01 7.169832222667164245e+00 1.010586876219938901e+01 1.011146080523006319e+01 6.856765371421040811e+00 0.000000000000000000e+00 5.467522454331099624e+00 8.849290396775176148e+00 9.105066143895756525e+00 9.562253225109303756e+00 9.031579888042044146e+00 1.048565592760244414e+01
2.700000000000000000e+01 1.558884928062930797e+01 1.249263710149861950e+01 1.041960128456989310e+01 1.148978612148924938e+01 9.122185349227354578e+00 1.107093991326361149e+01 1.154491853140698865e+01 1.142550490408855168e+01 1.145785916899274426e+01 1.149818094460273343e+01 1.125028175591901558e+01 1.139653490831384985e+01 1.153569096485722767e+01 9.670166224634069607e+00 1.148719850163644551e+01 8.476296531711181359e+00 8.241726387987132085e+00 6.105285142168728640e+00 8.877101912019657703e+00 6.103418759197271726e+00 1.034358286601749555e+01 7.594486478518913231e+00 1.040469844104674380e+01 1.040601163024542686e+01 7.714242417776848271e+00 5.467522454331099624e+00 0.000000000000000000e+00 9.048148336801565605e+00 9.301854081926469675e+00 9.753087448693202433e+00 9.149146027137133430e+00 1.014840144332169558e+01
2.800000000000000000e+01 1.416230910238669161e+01 1.113875101237518628e+01 9.270611436940329853e+00 1.030237174009123358e+01 7.976220205833188359e+00 9.918927362554642357e+00 1.036224829243157508e+01 1.030174225110794772e+01 1.016047258693463640e+01 1.035325878673180178e+01 9.968592288828313386e+00 1.016835387361943255e+01 1.005957313111157880e+01 9.875880732157201081e+00 9.903089536120697645e+00 8.782007083711052431e+00 8.646150636163623560e+00 6.589453667076488941e+00 9.328159646678608752e+00 6.588659845215330435e+00 8.736618406897230571e+00 8.106336632431583311e+00 8.667152105820845165e+00 8.577635019959766183e+00 9.086973543111485085e+00 8.849290396775176148e+00 9.048148336801565605e+00 0.000000000000000000e+00 5.360935716245746718e+00 6.884109015375573293e+00 6.188266203166376656e+00 1.088201445866614137e+01
2.900000000000000000e+01 1.401877743246778074e+01 1.101365129730200643e+01 9.187304958595648330e+00 1.021180084756205453e+01 7.893550403345079403e+00 9.835544410482315314e+00 1.027431560576853009e+01 1.022410152374650316e+01 1.005014442040600819e+01 1.027252363912226052e+01 9.864059011358078166e+00 1.007578425370811637e+01 9.914189624723247718e+00 9.981513592933124457e+00 9.738399446144560656e+00 8.904108662812182828e+00 8.773929978945416153e+00 6.725501458112345787e+00 9.458153504676603873e+00 6.724767991545354207e+00 8.588904664950836931e+00 8.246206431704377948e+00 8.492879938873842960e+00 8.392054983432940318e+00 9.340357917317495762e+00 9.105066143895756525e+00 9.301854081926469675e+00 5.360935716245746718e+00 0.000000000000000000e+00 6.195472243743234131e+00 6.522730475715734499e+00 1.113300293786387130e+01
3.000000000000000000e+01 1.388513478438903626e+01 1.092339163023688009e+01 9.180136963967141739e+00 1.019105603830106155e+01 7.887657200198317398e+00 9.828837765105850721e+00 1.026068461719840208e+01 1.022846507251110815e+01 9.994192620041308928e+00 1.027220283295443615e+01 9.822796756117044836e+00 1.005860421441858144e+01 9.795045541107407772e+00 1.028044609644192242e+01 9.593678280710721040e+00 9.229403711388593834e+00 9.104396357035239973e+00 7.067318452972136456e+00 9.790777722813240658e+00 7.066647334499789324e+00 8.520772193138151707e+00 8.592951378927198292e+00 8.398110183155866437e+00 8.310737165020556816e+00 9.806040462555062120e+00 9.562253225109303756e+00 9.753087448693202433e+00 6.884109015375573293e+00 6.195472243743234131e+00 0.000000000000000000e+00 7.229982326087336375e+00 1.156547643083909804e+01
3.100000000000000000e+01 1.468987603912781204e+01 1.167357834730896649e+01 9.809200085090248322e+00 1.084107945920749039e+01 8.514881658805789399e+00 1.045812878377964772e+01 1.090309438136278253e+01 1.084126501588809255e+01 1.070103058572838783e+01 1.089394699460336646e+01 1.051276001833441676e+01 1.071431869397110681e+01 1.060128819503655784e+01 1.034734576491812952e+01 1.045144171831478097e+01 9.249160745289232821e+00 9.102952239869457784e+00 7.039951803268449382e+00 9.780320976986649484e+00 7.039051657185558142e+00 9.320183436532884613e+00 8.554421827671790268e+00 9.261352267175842812e+00 9.192035515306832494e+00 9.415304655180696258e+00 9.031579888042044146e+00 9.149146027137133430e+00 6.188266203166376656e+00 6.522730475715734499e+00 7.229982326087336375e+00 0.000000000000000000e+00 1.054045263897375051e+01
3.200000000000000000e+01 1.816624281947389363e+01 1.511032417040184583e+01 1.314148275850238790e+01 1.419257864020306670e+01 1.184561245567631005e+01 1.379163140121812603e+01 1.425118653553014525e+01 1.416042409337051566e+01 1.410684363072326164e+01 1.422315682675255744e+01 1.390900049511971304e+01 1.408279846921040956e+01 1.409656722760519898e+01 1.303687400016185194e+01 1.399855514537437529e+01 1.189025945338022439e+01 1.170105675690971481e+01 9.601662591643098210e+00 1.235812751027778944e+01 9.600295568247940281e+00 1.286362729895939694e+01 1.110323039291304781e+01 1.286733439531179712e+01 1.283618026608624518e+01 1.153692356283382736e+01 1.048565592760244414e+01 1.014840144332169558e+01 1.088201445866614137e+01 1.113300293786387130e+01 1.156547643083909804e+01 1.054045263897375051e+01 0.000000000000000000e+00
