0.000000000000000000e+00 1.000000000000000000e+00 2.000000000000000000e+00 3.000000000000000000e+00 4.000000000000000000e+00 5.000000000000000000e+00 6.000000000000000000e+00 7.000000000000000000e+00 8.000000000000000000e+00 9.000000000000000000e+00 1.000000000000000000e+01 1.100000000000000000e+01 1.200000000000000000e+01 1.300000000000000000e+01 1.400000000000000000e+01 1.500000000000000000e+01 1.600000000000000000e+01 1.700000000000000000e+01 1.800000000000000000e+01 1.900000000000000000e+01 2.000000000000000000e+01 2.100000000000000000e+01 2.200000000000000000e+01 2.300000000000000000e+01 2.400000000000000000e+01 2.500000000000000000e+01 2.600000000000000000e+01 2.700000000000000000e+01 2.800000000000000000e+01 2.900000000000000000e+01 3.000000000000000000e+01 3.100000000000000000e+01 3.200000000000000000e+01
1.000000000000000000e+00 0.000000000000000000e+00 3.600134266533868033e+00 1.948162778115656746e+00 1.936329735379790584e+00 1.945295016309067870e+00 1.948956965752520532e+00 1.946688394950259804e+00 1.957727010026419023e+00 1.938389649233580148e+00 1.956594691451214896e+00 1.949779847144841982e+00 1.954353384208958433e+00 3.512604605498464316e+00 4.015887982749718255e+00 3.767508515314365702e+00 4.967327434400560904e+00 5.234134861666197125e+00 5.265368329362854816e+00 5.575501793311664400e+00 5.498204088463888084e+00 2.044936428295310638e+00 5.581904346456561861e+00 2.053642372621812928e+00 2.059941845945859384e+00 5.265455704156727812e+00 4.858875957329571449e+00 4.473847100237112961e+00 2.100153713184642168e+00 2.095929279044437266e+00 2.107080427400287004e+00 2.113747467095355770e+00 3.890139236388579835e+00
2.000000000000000000e+00 3.600134266533868033e+00 0.000000000000000000e+00 1.774072632248113290e+00 1.762028149005625099e+00 1.771143563311299962e+00 1.774876456089367061e+00 1.772474726349747121e+00 1.783894051924164614e+00 1.763138228657648021e+00 1.782610628614827331e+00 1.775232184578417138e+00 1.780369681424706529e+00 3.340358084808289441e+00 3.846163261600437089e+00 3.606309798988740489e+00 4.797155715566775669e+00 5.065156630332737109e+00 5.096751719282335280e+00 5.408888740650340310e+00 5.331299307070390014e+00 1.883468947917185776e+00 5.417145449174209482e+00 1.893572643101281816e+00 1.900760116642237652e+00 5.110002384161259847e+00 4.706141432445594575e+00 4.322488683939382348e+00 1.945543970587495952e+00 1.940913970174361403e+00 1.951980456325763225e+00 1.959724241113384391e+00 3.741505833185845287e+00
3.000000000000000000e+00 1.948162778115656746e+00 1.774072632248113290e+00 0.000000000000000000e+00 6.136852154999683506e-02 4.642908797365441487e-02 5.869760812412261330e-02 6.459548977703089001e-02 7.077705593463345934e-02 7.430067422624642148e-02 7.011149396432925229e-02 8.046311078299894781e-02 8.206712856587050631e-02 1.662778061237416338e+00 2.145348265383064223e+00 1.923095760026298784e+00 3.096331246462215248e+00 3.365171167343538272e+00 3.397202340447120328e+00 3.710808455788814797e+00 3.633113987364083641e+00 1.957832751860726361e-01 3.720931116860902499e+00 2.062296071582290224e-01 2.136243015678531698e-01 3.421941738719163517e+00 3.020027574420527827e+00 2.637315007733925576e+00 2.596970205466013759e-01 2.549598677236097899e-01 2.660279758523897975e-01 2.740618863938832916e-01 2.057549852350958108e+00
4.000000000000000000e+00 1.936329735379790584e+00 1.762028149005625099e+00 6.136852154999683506e-02 0.000000000000000000e+00 5.721461750846734695e-02 6.494760985935332798e-02 6.369718167654192520e-02 7.636890364501258688e-02 6.394714483668595406e-02 7.442069176800458763e-02 7.381167911400399184e-02 7.731728920707525710e-02 1.654844169084507932e+00 2.144341013879728308e+00 1.916434862291755969e+00 3.095191100917398686e+00 3.363834611492478643e+00 3.395687763405539350e+00 3.708916003863203414e+00 3.631208420510413148e+00 1.897452389905578407e-01 3.718375802996001234e+00 2.002188117599521533e-01 2.076325681735169404e-01 3.416834487117882624e+00 3.014380477106361589e+00 2.631412950261205808e+00 2.536947299603471428e-01 2.489559268274126325e-01 2.600136311193321781e-01 2.680490910294959228e-01 2.051434099935378175e+00
5.000000000000000000e+00 1.945295016309067870e+00 1.771143563311299962e+00 4.642908797365441487e-02 5.721461750846734695e-02 0.000000000000000000e+00 5.517874044018000745e-02 5.979376387601065268e-02 7.027635243511332064e-02 7.092877953467890961e-02 6.810203802552772245e-02 7.701325679976833705e-02 7.870356619519802699e-02 1.659610164254382347e+00 2.143672650738863261e+00 1.920117805827505464e+00 3.094579139284153513e+00 3.363397179180411811e+00 3.395375647408633846e+00 3.708923577622305956e+00 3.631211629858016821e+00 1.928866068981274218e-01 3.718875088697562781e+00 2.033504684479292557e-01 2.107565360986858316e-01 3.419321598052779798e+00 3.017296668963261652e+00 2.634531668580070374e+00 2.568625018938446303e-01 2.521217498776540111e-01 2.631866702792837742e-01 2.712294414255089769e-01 2.054734804304311435e+00
6.000000000000000000e+00 1.948956965752520532e+00 1.774876456089367061e+00 5.869760812412261330e-02 6.494760985935332798e-02 5.517874044018000745e-02 0.000000000000000000e+00 5.377738912085772149e-02 6.260781268321435888e-02 7.322563781058644139e-02 5.683757234588027174e-02 7.669453369541767707e-02 7.693334898808790179e-02 1.660390251565213582e+00 2.141168856846235258e+00 1.920185021979320616e+00 3.092061176875235518e+00 3.361005024563821664e+00 3.393045563092448980e+00 3.706809826785230300e+00 3.629080826379086133e+00 1.926000080032874706e-01 3.717031803693566339e+00 2.030618202846068421e-01 2.104655954145773222e-01 3.418666861307955607e+00 3.016902955710352607e+00 2.634260581822457148e+00 2.566101466295993561e-01 2.518670885779519253e-01 2.629360361156618531e-01 2.709861932539134877e-01 2.054578010685769396e+00
7.000000000000000000e+00 1.946688394950259804e+00 1.772474726349747121e+00 6.459548977703089001e-02 6.369718167654192520e-02 5.979376387601065268e-02 5.377738912085772149e-02 0.000000000000000000e+00 6.951564346659022675e-02 6.897868825188346875e-02 6.218182661887849960e-02 7.064685657243008343e-02 7.035298743182116787e-02 1.656005496998830928e+00 2.140803260325021107e+00 1.916145806524536255e+00 3.091465938255716139e+00 3.360355730254484641e+00 3.392242057501115404e+00 3.705851029891993775e+00 3.628067772647264988e+00 1.887001085070210138e-01 3.715580510116782698e+00 1.992251656230905610e-01 2.066695282206936213e-01 3.415629646131752573e+00 3.013563724596481030e+00 2.630778725012265618e+00 2.529501381825363104e-01 2.481931048724641542e-01 2.592520352726275235e-01 2.673372531700795030e-01 2.051025808443607712e+00
8.000000000000000000e+00 1.957727010026419023e+00 1.783894051924164614e+00 7.077705593463345934e-02 7.636890364501258688e-02 7.027635243511332064e-02 6.260781268321435888e-02 6.951564346659022675e-02 0.000000000000000000e+00 8.262395090544316645e-02 5.625842219223375906e-02 8.517623957741293772e-02 8.464530664121849846e-02 1.668056826930809144e+00 2.138851355325157577e+00 1.926458091551049634e+00 3.089988644726853195e+00 3.359204823848147115e+00 3.391532230142092708e+00 3.705839079710722572e+00 3.628145882796529165e+00 1.982116588816000835e-01 3.717094385812248269e+00 2.085823185618029818e-01 2.159263240057600619e-01 3.422570421466400781e+00 3.021586726503190157e+00 2.639311258873347832e+00 2.619341959799883490e-01 2.572074334903158288e-01 2.682958603161940125e-01 2.763073415300616453e-01 2.059883258735083711e+00
9.000000000000000000e+00 1.938389649233580148e+00 1.763138228657648021e+00 7.430067422624642148e-02 6.394714483668595406e-02 7.092877953467890961e-02 7.322563781058644139e-02 6.897868825188346875e-02 8.262395090544316645e-02 0.000000000000000000e+00 8.050564858946929192e-02 6.421323888149799153e-02 7.230590530269753735e-02 1.642792171864285500e+00 2.143317902237243722e+00 1.907523065996725720e+00 3.093918584885114953e+00 3.362371681390639466e+00 3.393986426673955670e+00 3.706822905796242296e+00 3.629066821835401413e+00 1.816511698219449578e-01 3.715437366710740541e+00 1.923130914522226398e-01 1.998491750547235490e-01 3.410829714654636469e+00 3.007799535039458405e+00 2.624570140841417931e+00 2.463629659898840529e-01 2.415802021418902434e-01 2.526129060655821768e-01 2.607605244574480174e-01 2.044532099037110751e+00
1.000000000000000000e+01 1.956594691451214896e+00 1.782610628614827331e+00 7.011149396432925229e-02 7.442069176800458763e-02 6.810203802552772245e-02 5.683757234588027174e-02 6.218182661887849960e-02 5.625842219223375906e-02 8.050564858946929192e-02 0.000000000000000000e+00 8.252704135958333076e-02 8.172505951262087898e-02 1.666491852610859858e+00 2.143322640216372754e+00 1.925587736445053544e+00 3.094243044672673193e+00 3.363321371265136861e+00 3.395453106077609640e+00 3.709460444621477393e+00 3.631724942937740508e+00 1.976700491622480627e-01 3.720044202469074968e+00 2.081085004004425976e-01 2.154965010359193300e-01 3.423152745293490007e+00 3.021698441169391458e+00 2.639201135419502187e+00 2.616252828451570700e-01 2.568851323848302393e-01 2.679606699715688656e-01 2.760048068126024212e-01 2.059632448606023569e+00
1.100000000000000000e+01 1.949779847144841982e+00 1.775232184578417138e+00 8.046311078299894781e-02 7.381167911400399184e-02 7.701325679976833705e-02 7.669453369541767707e-02 7.064685657243008343e-02 8.517623957741293772e-02 6.421323888149799153e-02 8.252704135958333076e-02 0.000000000000000000e+00 5.897787782808117107e-02 1.643154172639055943e+00 2.138940996127688621e+00 1.904154322115457099e+00 3.088987852848166682e+00 3.357740196482746242e+00 3.389216410094479492e+00 3.702426878431905877e+00 3.624494015392356161e+00 1.768390426223529488e-01 3.710844731873293334e+00 1.876334651825879440e-01 1.952494531507800168e-01 3.406683709471237442e+00 3.003858028841244199e+00 2.620721948590278849e+00 2.421872077784779087e-01 2.373664345837709355e-01 2.483908180622838024e-01 2.566390467774803952e-01 2.040907328641762053e+00
1.200000000000000000e+01 1.954353384208958433e+00 1.780369681424706529e+00 8.206712856587050631e-02 7.731728920707525710e-02 7.870356619519802699e-02 7.693334898808790179e-02 7.035298743182116787e-02 8.464530664121849846e-02 7.230590530269753735e-02 8.172505951262087898e-02 5.897787782808117107e-02 0.000000000000000000e+00 1.650612401440091581e+00 2.135425099553145856e+00 1.907640298361692466e+00 3.085075723191490482e+00 3.354300739017402222e+00 3.385818781735012273e+00 3.699739008649224559e+00 3.621657382859215346e+00 1.789539440245655477e-01 3.708624950459973313e+00 1.896665256986214132e-01 1.972263783445078467e-01 3.407404628487431530e+00 3.005232033118520718e+00 2.622387381801378758e+00 2.440529202320904645e-01 2.392448105263582647e-01 2.502856011774952094e-01 2.585041422669545064e-01 2.042774479783103114e+00
1.300000000000000000e+01 3.512604605498464316e+00 3.340358084808289441e+00 1.662778061237416338e+00 1.654844169084507932e+00 1.659610164254382347e+00 1.660390251565213582e+00 1.656005496998830928e+00 1.668056826930809144e+00 1.642792171864285500e+00 1.666491852610859858e+00 1.643154172639055943e+00 1.650612401440091581e+00 0.000000000000000000e+00 3.710778642837873953e+00 3.270250836385673487e+00 4.661835080264163267e+00 4.927385226560446085e+00 4.957682588295891257e+00 5.265651169065643344e+00 5.188287548852326125e+00 1.692447822268142499e+00 5.268241620545341952e+00 1.703893799745554105e+00 1.712099482997107014e+00 4.936504303183126829e+00 4.527922056024445752e+00 4.142190285930033689e+00 1.760894985113203415e+00 1.755855394831278282e+00 1.766680254405540662e+00 1.775481093712974801e+00 3.560955631677019451e+00
1.400000000000000000e+01 4.015887982749718255e+00 3.846163261600437089e+00 2.145348265383064223e+00 2.144341013879728308e+00 2.143672650738863261e+00 2.141168856846235258e+00 2.140803260325021107e+00 2.138851355325157577e+00 2.143317902237243722e+00 2.143322640216372754e+00 2.138940996127688621e+00 2.135425099553145856e+00 3.710778642837873953e+00 0.000000000000000000e+00 3.949505823414829031e+00 4.651076694978565129e+00 4.255808662371668660e+00 4.735129670645380706e+00 4.451792794879942505e+00 4.729308932663558451e+00 2.209273933926455324e+00 5.169075478640972499e+00 2.215918896369855506e+00 2.220737698480978572e+00 5.290627955012678463e+00 4.931859954360099607e+00 4.585764024204055822e+00 2.251773716392694080e+00 2.249190784050991709e+00 2.261971354272859447e+00 2.264513556392922400e+00 4.033919901942748965e+00
1.500000000000000000e+01 3.767508515314365702e+00 3.606309798988740489e+00 1.923095760026298784e+00 1.916434862291755969e+00 1.920117805827505464e+00 1.920185021979320616e+00 1.916145806524536255e+00 1.926458091551049634e+00 1.907523065996725720e+00 1.925587736445053544e+00 1.904154322115457099e+00 1.907640298361692466e+00 3.270250836385673487e+00 3.949505823414829031e+00 0.000000000000000000e+00 4.901577319189273751e+00 5.162829087453296495e+00 5.191343226278308798e+00 5.492220678596178018e+00 5.415502702154354253e+00 1.846528449448361364e+00 5.486351539944556599e+00 1.859194903501670382e+00 1.868874193823527374e+00 5.115730337836441599e+00 4.699454577394396537e+00 4.310322793121756924e+00 1.922991968787178596e+00 1.917398779904787354e+00 1.927872753969775754e+00 1.938093583090158223e+00 3.728238046039794806e+00
1.600000000000000000e+01 4.967327434400560904e+00 4.797155715566775669e+00 3.096331246462215248e+00 3.095191100917398686e+00 3.094579139284153513e+00 3.092061176875235518e+00 3.091465938255716139e+00 3.089988644726853195e+00 3.093918584885114953e+00 3.094243044672673193e+00 3.088987852848166682e+00 3.085075723191490482e+00 4.661835080264163267e+00 4.651076694978565129e+00 4.901577319189273751e+00 0.000000000000000000e+00 5.277547204549142279e+00 4.566635129627683476e+00 6.006790005266116950e+00 5.578300115138119963e+00 3.162080551294262687e+00 5.881751513949704524e+00 3.169101090781090146e+00 3.174177168885019995e+00 6.230588059345575580e+00 5.896567004789897481e+00 5.550898232948500599e+00 3.207372255413177609e+00 3.204448529131958878e+00 3.216991294519538247e+00 3.220475806395944662e+00 4.993797493351275207e+00
1.700000000000000000e+01 5.234134861666197125e+00 5.065156630332737109e+00 3.365171167343538272e+00 3.363834611492478643e+00 3.363397179180411811e+00 3.361005024563821664e+00 3.360355730254484641e+00 3.359204823848147115e+00 3.362371681390639466e+00 3.363321371265136861e+00 3.357740196482746242e+00 3.354300739017402222e+00 4.927385226560446085e+00 4.255808662371668660e+00 5.162829087453296495e+00 5.277547204549142279e+00 0.000000000000000000e+00 4.963522525685365672e+00 5.419421678131792319e+00 5.013241125520007557e+00 3.420420424169092311e+00 5.970843408602806157e+00 3.426257418226653417e+00 3.430525546296309791e+00 6.445974711157853143e+00 6.116435306435045405e+00 5.783477911623074341e+00 3.458171286318811877e+00 3.456063725294022504e+00 3.469221352082203946e+00 3.470585739644417078e+00 5.237651400580668692e+00
1.800000000000000000e+01 5.265368329362854816e+00 5.096751719282335280e+00 3.397202340447120328e+00 3.395687763405539350e+00 3.395375647408633846e+00 3.393045563092448980e+00 3.392242057501115404e+00 3.391532230142092708e+00 3.393986426673955670e+00 3.395453106077609640e+00 3.389216410094479492e+00 3.385818781735012273e+00 4.957682588295891257e+00 4.735129670645380706e+00 5.191343226278308798e+00 4.566635129627683476e+00 4.963522525685365672e+00 0.000000000000000000e+00 5.845163494873821364e+00 4.993951051468291880e+00 3.447741777983115430e+00 5.644766330674619859e+00 3.453142512931032027e+00 3.457113000999877173e+00 6.431737357636996499e+00 6.130354918341597070e+00 5.805770578721946684e+00 3.483066321807234633e+00 3.481183369607944833e+00 3.494528883828181609e+00 3.495369813772262635e+00 5.262040952635578250e+00
1.900000000000000000e+01 5.575501793311664400e+00 5.408888740650340310e+00 3.710808455788814797e+00 3.708916003863203414e+00 3.708923577622305956e+00 3.706809826785230300e+00 3.705851029891993775e+00 3.705839079710722572e+00 3.706822905796242296e+00 3.709460444621477393e+00 3.702426878431905877e+00 3.699739008649224559e+00 5.265651169065643344e+00 4.451792794879942505e+00 5.492220678596178018e+00 6.006790005266116950e+00 5.419421678131792319e+00 5.845163494873821364e+00 0.000000000000000000e+00 5.244294760064844851e+00 3.743845661037437100e+00 6.098509677099316129e+00 3.747317163148015329e+00 3.749971703731178607e+00 6.683332776596203395e+00 6.367590191440338998e+00 6.058430575450432620e+00 3.766804688475791973e+00 3.766273570223164668e+00 3.780629787627189931e+00 3.777923760881379156e+00 5.533354626543678378e+00
2.000000000000000000e+01 5.498204088463888084e+00 5.331299307070390014e+00 3.633113987364083641e+00 3.631208420510413148e+00 3.631211629858016821e+00 3.629080826379086133e+00 3.628067772647264988e+00 3.628145882796529165e+00 3.629066821835401413e+00 3.631724942937740508e+00 3.624494015392356161e+00 3.621657382859215346e+00 5.188287548852326125e+00 4.729308932663558451e+00 5.415502702154354253e+00 5.578300115138119963e+00 5.013241125520007557e+00 4.993951051468291880e+00 5.244294760064844851e+00 0.000000000000000000e+00 3.667561774734672486e+00 5.496298357953416591e+00 3.671238447439730823e+00 3.674032671208593115e+00 6.577066919990014249e+00 6.293166823040406754e+00 5.989579699376323951e+00 3.692087230672682185e+00 3.691356475865638309e+00 3.705577986527485823e+00 3.703448730163258151e+00 5.461832468905319260e+00
2.100000000000000000e+01 2.044936428295310638e+00 1.883468947917185776e+00 1.957832751860726361e-01 1.897452389905578407e-01 1.928866068981274218e-01 1.926000080032874706e-01 1.887001085070210138e-01 1.982116588816000835e-01 1.816511698219449578e-01 1.976700491622480627e-01 1.768390426223529488e-01 1.789539440245655477e-01 1.692447822268142499e+00 2.209273933926455324e+00 1.846528449448361364e+00 3.162080551294262687e+00 3.420420424169092311e+00 3.447741777983115430e+00 3.743845661037437100e+00 3.667561774734672486e+00 0.000000000000000000e+00 3.732269276044902107e+00 5.806000841907899002e-02 7.016475905485153319e-02 3.335367230137136652e+00 2.914078949324705903e+00 2.522770410216149450e+00 1.303481503354841919e-01 1.242863554592346098e-01 1.345804178496781134e-01 1.459727702648718761e-01 1.940665724159321481e+00
2.200000000000000000e+01 5.581904346456561861e+00 5.417145449174209482e+00 3.720931116860902499e+00 3.718375802996001234e+00 3.718875088697562781e+00 3.717031803693566339e+00 3.715580510116782698e+00 3.717094385812248269e+00 3.715437366710740541e+00 3.720044202469074968e+00 3.710844731873293334e+00 3.708624950459973313e+00 5.268241620545341952e+00 5.169075478640972499e+00 5.486351539944556599e+00 5.881751513949704524e+00 5.970843408602806157e+00 5.644766330674619859e+00 6.098509677099316129e+00 5.496298357953416591e+00 3.732269276044902107e+00 0.000000000000000000e+00 3.733574047018278552e+00 3.734749098894036834e+00 6.453608646688818062e+00 6.274709421775968465e+00 6.014415139575826963e+00 3.742606934402500141e+00 3.743310699950494147e+00 3.758664270956220133e+00 3.752988052846506495e+00 5.504609275443998584e+00
2.300000000000000000e+01 2.053642372621812928e+00 1.893572643101281816e+00 2.062296071582290224e-01 2.002188117599521533e-01 2.033504684479292557e-01 2.030618202846068421e-01 1.992251656230905610e-01 2.085823185618029818e-01 1.923130914522226398e-01 2.081085004004425976e-01 1.876334651825879440e-01 1.896665256986214132e-01 1.703893799745554105e+00 2.215918896369855506e+00 1.859194903501670382e+00 3.169101090781090146e+00 3.426257418226653417e+00 3.453142512931032027e+00 3.747317163148015329e+00 3.671238447439730823e+00 5.806000841907899002e-02 3.733574047018278552e+00 0.000000000000000000e+00 5.299429983375292252e-02 3.326400321189981746e+00 2.903053748214214025e+00 2.510838143672084577e+00 1.168610077740597220e-01 1.106516189376374193e-01 1.208458520068336206e-01 1.326146917227495337e-01 1.928485974863952013e+00
2.400000000000000000e+01 2.059941845945859384e+00 1.900760116642237652e+00 2.136243015678531698e-01 2.076325681735169404e-01 2.107565360986858316e-01 2.104655954145773222e-01 2.066695282206936213e-01 2.159263240057600619e-01 1.998491750547235490e-01 2.154965010359193300e-01 1.952494531507800168e-01 1.972263783445078467e-01 1.712099482997107014e+00 2.220737698480978572e+00 1.868874193823527374e+00 3.174177168885019995e+00 3.430525546296309791e+00 3.457113000999877173e+00 3.749971703731178607e+00 3.674032671208593115e+00 7.016475905485153319e-02 3.734749098894036834e+00 5.299429983375292252e-02 0.000000000000000000e+00 3.320567806317147763e+00 2.895823488003629542e+00 2.502991509214311350e+00 1.079476927767069050e-01 1.016662537168340208e-01 1.118770840542526734e-01 1.238051144912675205e-01 1.920477765225056199e+00
2.500000000000000000e+01 5.265455704156727812e+00 5.110002384161259847e+00 3.421941738719163517e+00 3.416834487117882624e+00 3.419321598052779798e+00 3.418666861307955607e+00 3.415629646131752573e+00 3.422570421466400781e+00 3.410829714654636469e+00 3.423152745293490007e+00 3.406683709471237442e+00 3.407404628487431530e+00 4.936504303183126829e+00 5.290627955012678463e+00 5.115730337836441599e+00 6.230588059345575580e+00 6.445974711157853143e+00 6.431737357636996499e+00 6.683332776596203395e+00 6.577066919990014249e+00 3.335367230137136652e+00 6.453608646688818062e+00 3.326400321189981746e+00 3.320567806317147763e+00 0.000000000000000000e+00 5.470802532165654597e+00 5.475655877101185176e+00 3.281203519750973019e+00 3.288857931782163568e+00 3.309491237118165063e+00 3.286198124991126068e+00 5.007628152520984699e+00
2.600000000000000000e+01 4.858875957329571449e+00 4.706141432445594575e+00 3.020027574420527827e+00 3.014380477106361589e+00 3.017296668963261652e+00 3.016902955710352607e+00 3.013563724596481030e+00 3.021586726503190157e+00 3.007799535039458405e+00 3.021698441169391458e+00 3.003858028841244199e+00 3.005232033118520718e+00 4.527922056024445752e+00 4.931859954360099607e+00 4.699454577394396537e+00 5.896567004789897481e+00 6.116435306435045405e+00 6.130354918341597070e+00 6.367590191440338998e+00 6.293166823040406754e+00 2.914078949324705903e+00 6.274709421775968465e+00 2.903053748214214025e+00 2.895823488003629542e+00 5.470802532165654597e+00 0.000000000000000000e+00 4.756957978779023044e+00 2.845695267894647440e+00 2.855030274630517617e+00 2.876836896847805303e+00 2.848466410691888218e+00 4.540078997678152817e+00
2.700000000000000000e+01 4.473847100237112961e+00 4.322488683939382348e+00 2.637315007733925576e+00 2.631412950261205808e+00 2.634531668580070374e+00 2.634260581822457148e+00 2.630778725012265618e+00 2.639311258873347832e+00 2.624570140841417931e+00 2.639201135419502187e+00 2.620721948590278849e+00 2.622387381801378758e+00 4.142190285930033689e+00 4.585764024204055822e+00 4.310322793121756924e+00 5.550898232948500599e+00 5.783477911623074341e+00 5.805770578721946684e+00 6.058430575450432620e+00 5.989579699376323951e+00 2.522770410216149450e+00 6.014415139575826963e+00 2.510838143672084577e+00 2.502991509214311350e+00 5.475655877101185176e+00 4.756957978779023044e+00 0.000000000000000000e+00 2.448394277129030794e+00 2.458400179923803996e+00 2.480689088422519450e+00 2.450367704508721989e+00 4.124841219668857306e+00
2.800000000000000000e+01 2.100153713184642168e+00 1.945543970587495952e+00 2.596970205466013759e-01 2.536947299603471428e-01 2.568625018938446303e-01 2.566101466295993561e-01 2.529501381825363104e-01 2.619341959799883490e-01 2.463629659898840529e-01 2.616252828451570700e-01 2.421872077784779087e-01 2.440529202320904645e-01 1.760894985113203415e+00 2.251773716392694080e+00 1.922991968787178596e+00 3.207372255413177609e+00 3.458171286318811877e+00 3.483066321807234633e+00 3.766804688475791973e+00 3.692087230672682185e+00 1.303481503354841919e-01 3.742606934402500141e+00 1.168610077740597220e-01 1.079476927767069050e-01 3.281203519750973019e+00 2.845695267894647440e+00 2.448394277129030794e+00 0.000000000000000000e+00 5.418918644361392367e-02 8.019276501436412019e-02 6.345522660945324134e-02 1.864824220897072227e+00
2.900000000000000000e+01 2.095929279044437266e+00 1.940913970174361403e+00 2.549598677236097899e-01 2.489559268274126325e-01 2.521217498776540111e-01 2.518670885779519253e-01 2.481931048724641542e-01 2.572074334903158288e-01 2.415802021418902434e-01 2.568851323848302393e-01 2.373664345837709355e-01 2.392448105263582647e-01 1.755855394831278282e+00 2.249190784050991709e+00 1.917398779904787354e+00 3.204448529131958878e+00 3.456063725294022504e+00 3.481183369607944833e+00 3.766273570223164668e+00 3.691356475865638309e+00 1.242863554592346098e-01 3.743310699950494147e+00 1.106516189376374193e-01 1.016662537168340208e-01 3.288857931782163568e+00 2.855030274630517617e+00 2.458400179923803996e+00 5.418918644361392367e-02 0.000000000000000000e+00 6.933308557310224884e-02 7.022003607113314061e-02 1.874879476353494834e+00
3.000000000000000000e+01 2.107080427400287004e+00 1.951980456325763225e+00 2.660279758523897975e-01 2.600136311193321781e-01 2.631866702792837742e-01 2.629360361156618531e-01 2.592520352726275235e-01 2.682958603161940125e-01 2.526129060655821768e-01 2.679606699715688656e-01 2.483908180622838024e-01 2.502856011774952094e-01 1.766680254405540662e+00 2.261971354272859447e+00 1.927872753969775754e+00 3.216991294519538247e+00 3.469221352082203946e+00 3.494528883828181609e+00 3.780629787627189931e+00 3.705577986527485823e+00 1.345804178496781134e-01 3.758664270956220133e+00 1.208458520068336206e-01 1.118770840542526734e-01 3.309491237118165063e+00 2.876836896847805303e+00 2.480689088422519450e+00 8.019276501436412019e-02 6.933308557310224884e-02 0.000000000000000000e+00 9.208751457336905588e-02 1.897160482872672471e+00
3.100000000000000000e+01 2.113747467095355770e+00 1.959724241113384391e+00 2.740618863938832916e-01 2.680490910294959228e-01 2.712294414255089769e-01 2.709861932539134877e-01 2.673372531700795030e-01 2.763073415300616453e-01 2.607605244574480174e-01 2.760048068126024212e-01 2.566390467774803952e-01 2.585041422669545064e-01 1.775481093712974801e+00 2.264513556392922400e+00 1.938093583090158223e+00 3.220475806395944662e+00 3.470585739644417078e+00 3.495369813772262635e+00 3.777923760881379156e+00 3.703448730163258151e+00 1.459727702648718761e-01 3.752988052846506495e+00 1.326146917227495337e-01 1.238051144912675205e-01 3.286198124991126068e+00 2.848466410691888218e+00 2.450367704508721989e+00 6.345522660945324134e-02 7.022003607113314061e-02 9.208751457336905588e-02 0.000000000000000000e+00 1.866309697499700437e+00
3.200000000000000000e+01 3.890139236388579835e+00 3.741505833185845287e+00 2.057549852350958108e+00 2.051434099935378175e+00 2.054734804304311435e+00 2.054578010685769396e+00 2.051025808443607712e+00 2.059883258735083711e+00 2.044532099037110751e+00 2.059632448606023569e+00 2.040907328641762053e+00 2.042774479783103114e+00 3.560955631677019451e+00 4.033919901942748965e+00 3.728238046039794806e+00 4.993797493351275207e+00 5.237651400580668692e+00 5.262040952635578250e+00 5.533354626543678378e+00 5.461832468905319260e+00 1.940665724159321481e+00 5.504609275443998584e+00 1.928485974863952013e+00 1.920477765225056199e+00 5.007628152520984699e+00 4.540078997678152817e+00 4.124841219668857306e+00 1.864824220897072227e+00 1.874879476353494834e+00 1.897160482872672471e+00 1.866309697499700437e+00 0.000000000000000000e+00
