0.000000000000000000e+00 1.000000000000000000e+00 2.000000000000000000e+00 3.000000000000000000e+00 4.000000000000000000e+00 5.000000000000000000e+00 6.000000000000000000e+00 7.000000000000000000e+00 8.000000000000000000e+00 9.000000000000000000e+00 1.000000000000000000e+01 1.100000000000000000e+01 1.200000000000000000e+01 1.300000000000000000e+01 1.400000000000000000e+01 1.500000000000000000e+01 1.600000000000000000e+01 1.700000000000000000e+01 1.800000000000000000e+01 1.900000000000000000e+01 2.000000000000000000e+01 2.100000000000000000e+01 2.200000000000000000e+01 2.300000000000000000e+01 2.400000000000000000e+01 2.500000000000000000e+01 2.600000000000000000e+01 2.700000000000000000e+01 2.800000000000000000e+01 2.900000000000000000e+01 3.000000000000000000e+01 3.100000000000000000e+01 3.200000000000000000e+01
1.000000000000000000e+00 0.000000000000000000e+00 1.645882241614009445e+01 1.485459776012582545e+01 1.557557992400163194e+01 1.364704998588625173e+01 1.552232746506456529e+01 1.595740980057827407e+01 1.616857853255316613e+01 1.555614154837872221e+01 1.622660973009216789e+01 1.585649765125742228e+01 1.625196177181646462e+01 1.776528054820704483e+01 2.227992449236889172e+01 1.910596784791716729e+01 2.214084438573551594e+01 2.258457211674981835e+01 2.063784532159438712e+01 2.374574412956729219e+01 2.084550521917809718e+01 1.727322798347143618e+01 2.242306482066884143e+01 1.759429681659262457e+01 1.790102087644749673e+01 2.452288357107134686e+01 2.459481525513313116e+01 2.492031000049458456e+01 1.980427778366896874e+01 1.961669279015384859e+01 1.984564691334536590e+01 2.072681847047882542e+01 2.723776725884988181e+01
2.000000000000000000e+00 1.645882241614009445e+01 0.000000000000000000e+00 1.061573004720569635e+01 1.123149910545282459e+01 9.403753202643969189e+00 1.128854222070920166e+01 1.167383594561247229e+01 1.198007581753205741e+01 1.100690554851605540e+01 1.201049439245898398e+01 1.150666627279696819e+01 1.199140448365050204e+01 1.379990102021952225e+01 1.840570371000928418e+01 1.538525633217992450e+01 1.828407754260490847e+01 1.872996305117290916e+01 1.679356212916465196e+01 1.990506554637838121e+01 1.700910676357102247e+01 1.355399307522841568e+01 1.860370584915145287e+01 1.393338783701191730e+01 1.426344080545280946e+01 2.078871444835017712e+01 2.087505704689182906e+01 2.120949134361815069e+01 1.618426656951090692e+01 1.601833802263422513e+01 1.629724609478664021e+01 1.711179639472947400e+01 2.356625065818034059e+01
3.000000000000000000e+00 1.485459776012582545e+01 1.061573004720569635e+01 0.000000000000000000e+00 5.201253981234826185e+00 2.073079303247510552e+00 4.444066866715742137e+00 5.644655111555879401e+00 5.435074874303374770e+00 7.008133289116422304e+00 5.645618860104448800e+00 7.086025879814199513e+00 7.083790270500923469e+00 1.046656651582927822e+01 1.365405134654005792e+01 1.181363958283997206e+01 1.361760408681338319e+01 1.405508426248299259e+01 1.215950076499944643e+01 1.526854227145307874e+01 1.239372143591699071e+01 9.655309711352312974e+00 1.404433254199485503e+01 1.006101910961628931e+01 1.037853647414677383e+01 1.646296205701332127e+01 1.657839054725018357e+01 1.693305344619956188e+01 1.214001798293729806e+01 1.202005156884438009e+01 1.238689377272095626e+01 1.306571682911339849e+01 1.938399725536470086e+01
4.000000000000000000e+00 1.557557992400163194e+01 1.123149910545282459e+01 5.201253981234826185e+00 0.000000000000000000e+00 3.969149478184586854e+00 6.133859258243107959e+00 6.734689868212486275e+00 7.076411716829909437e+00 7.517910221107310775e+00 7.144589476066695255e+00 7.813800073634675769e+00 7.972348605340297212e+00 1.121255014982646259e+01 1.475152482816553601e+01 1.263585157309730889e+01 1.469271058088670756e+01 1.513376297153597960e+01 1.322816933442594589e+01 1.633927068633074242e+01 1.345890468047845090e+01 1.054382438697573576e+01 1.509679447989104517e+01 1.095554853886530822e+01 1.128118730787494073e+01 1.746698956505159828e+01 1.757745893751175359e+01 1.792835892508587747e+01 1.308923577674568506e+01 1.296109075559321866e+01 1.331401323048926955e+01 1.401653698835779949e+01 2.036109975200350775e+01
5.000000000000000000e+00 1.364704998588625173e+01 9.403753202643969189e+00 2.073079303247510552e+00 3.969149478184586854e+00 0.000000000000000000e+00 3.167679750449407194e+00 4.347369314466911661e+00 4.207663198772134905e+00 5.764240004908018022e+00 4.396499545635286665e+00 5.835990278247690455e+00 5.829485983408698502e+00 9.233761609727650921e+00 1.243067451504607845e+01 1.058223640795627318e+01 1.239274815152858267e+01 1.283067307081979180e+01 1.093455601111966047e+01 1.404394148547456922e+01 1.116876444358975462e+01 8.424196635983324910e+00 1.281886400220551536e+01 8.830817615760189199e+00 9.148852405110069697e+00 1.523620409334636605e+01 1.535162838320654188e+01 1.570624062798635734e+01 1.091224584482893079e+01 1.079220856927838668e+01 1.115909078915996133e+01 1.183808852615925389e+01 1.815684433110419960e+01
6.000000000000000000e+00 1.552232746506456529e+01 1.128854222070920166e+01 4.444066866715742137e+00 6.133859258243107959e+00 3.167679750449407194e+00 0.000000000000000000e+00 5.658874689424722604e+00 5.825094663645451476e+00 7.560251288168664985e+00 5.722940057330742292e+00 7.533423058063428712e+00 7.440079908765593331e+00 1.099983088142146670e+01 1.415746550536183435e+01 1.233381531910156781e+01 1.411700210888948348e+01 1.455641485592614970e+01 1.265982136539755842e+01 1.577051679201487389e+01 1.289476447066143194e+01 1.016027097895843667e+01 1.454512402106056612e+01 1.056979772615257218e+01 1.088837253401400318e+01 1.696688659517860032e+01 1.708342208427044895e+01 1.743863250458938907e+01 1.265025230399931999e+01 1.253171400038920780e+01 1.290191878446063001e+01 1.357643890591194946e+01 1.989163741742938996e+01
7.000000000000000000e+00 1.595740980057827407e+01 1.167383594561247229e+01 5.644655111555879401e+00 6.734689868212486275e+00 4.347369314466911661e+00 5.658874689424722604e+00 0.000000000000000000e+00 6.879768252981872223e+00 7.611724389666800761e+00 6.426462628395590571e+00 7.443792814605702191e+00 7.261816244055420810e+00 1.119427482269042429e+01 1.463861263217681596e+01 1.257251605971660169e+01 1.456888280249783563e+01 1.501526046672734083e+01 1.310691035193854148e+01 1.622259615747592676e+01 1.333967769578511664e+01 1.043234138768906760e+01 1.497692834224940839e+01 1.085690872873397694e+01 1.118640712060616949e+01 1.735643009929847835e+01 1.747020221754292280e+01 1.782273899759075064e+01 1.299745635875320815e+01 1.287361674698671266e+01 1.323681436019105107e+01 1.392631186709045465e+01 2.026165720003970350e+01
8.000000000000000000e+00 1.616857853255316613e+01 1.198007581753205741e+01 5.435074874303374770e+00 7.076411716829909437e+00 4.207663198772134905e+00 5.825094663645451476e+00 6.879768252981872223e+00 0.000000000000000000e+00 8.314095947500231176e+00 5.865838067505180220e+00 8.218702871978917912e+00 8.065560408284618177e+00 1.158503982409932576e+01 1.439983832980541933e+01 1.284836524928515544e+01 1.437568235103988812e+01 1.481386906108418344e+01 1.292556551638979201e+01 1.603608670854875839e+01 1.316451066503647738e+01 1.060867725270161799e+01 1.482650378377742584e+01 1.101118685644425810e+01 1.132097184125351674e+01 1.729589003286541526e+01 1.741770306539649127e+01 1.777675667759981692e+01 1.303458657815890476e+01 1.292443338130981090e+01 1.330898518089141547e+01 1.395926561460805715e+01 2.024801208470426772e+01
9.000000000000000000e+00 1.555614154837872221e+01 1.100690554851605540e+01 7.008133289116422304e+00 7.517910221107310775e+00 5.764240004908018022e+00 7.560251288168664985e+00 7.611724389666800761e+00 8.314095947500231176e+00 0.000000000000000000e+00 8.209379896985883107e+00 6.808016772578662668e+00 7.665268685258947556e+00 1.037241328017861974e+01 1.493981723109690307e+01 1.207537510923987512e+01 1.481712309458952248e+01 1.527051985152220226e+01 1.333763567768046343e+01 1.645680712535043000e+01 1.356067915687408387e+01 1.016549175113616599e+01 1.516558693012233050e+01 1.061050987484660624e+01 1.096556252485283522e+01 1.741749635370540261e+01 1.751756556576809132e+01 1.785995951199671694e+01 1.291137118406554052e+01 1.276535437903821446e+01 1.309122422019979481e+01 1.384461115998291092e+01 2.025033077763264444e+01
1.000000000000000000e+01 1.622660973009216789e+01 1.201049439245898398e+01 5.645618860104448800e+00 7.144589476066695255e+00 4.396499545635286665e+00 5.722940057330742292e+00 6.426462628395590571e+00 5.865838067505180220e+00 8.209379896985883107e+00 0.000000000000000000e+00 8.027338672930609320e+00 7.759847335090174880e+00 1.153669593810306537e+01 1.458056393185287902e+01 1.282841643141817300e+01 1.453287502736850811e+01 1.497636017639094064e+01 1.307835297053967949e+01 1.619258738182644919e+01 1.331521449214718089e+01 1.061479763015731592e+01 1.496611211578279210e+01 1.102823733900068248e+01 1.134639268810791535e+01 1.739875034723583269e+01 1.751795544119648795e+01 1.787460440734061606e+01 1.310000345945683264e+01 1.298501071968519227e+01 1.336270836739766921e+01 1.402678208838536023e+01 2.033338191766089054e+01
1.100000000000000000e+01 1.585649765125742228e+01 1.150666627279696819e+01 7.086025879814199513e+00 7.813800073634675769e+00 5.835990278247690455e+00 7.533423058063428712e+00 7.443792814605702191e+00 8.218702871978917912e+00 6.808016772578662668e+00 8.027338672930609320e+00 0.000000000000000000e+00 6.465445095905600681e+00 1.028004943268092219e+01 1.463936770382255048e+01 1.184392843880816670e+01 1.450216812326261717e+01 1.496239113802539578e+01 1.302555043027684789e+01 1.615062383642462152e+01 1.325102285583274053e+01 9.841180348344295226e+00 1.485450769918765701e+01 1.031170226601042827e+01 1.067561180214879002e+01 1.711693568367581264e+01 1.722156738712519441e+01 1.756614889550439429e+01 1.263490214143209656e+01 1.249487722233270404e+01 1.283581585924549628e+01 1.357084981406164559e+01 1.996456331556391106e+01
1.200000000000000000e+01 1.625196177181646462e+01 1.199140448365050204e+01 7.083790270500923469e+00 7.972348605340297212e+00 5.829485983408698502e+00 7.440079908765593331e+00 7.261816244055420810e+00 8.065560408284618177e+00 7.665268685258947556e+00 7.759847335090174880e+00 6.465445095905600681e+00 0.000000000000000000e+00 1.083361985264627236e+01 1.459526953135176086e+01 1.217968475624579128e+01 1.446512445955362480e+01 1.492829121225089750e+01 1.299697073851100626e+01 1.612541162742629552e+01 1.322774390938691269e+01 1.002169686941875426e+01 1.484151646164389149e+01 1.048795543209754300e+01 1.084105597807483434e+01 1.715629388447315762e+01 1.726863426125767020e+01 1.761817334862565687e+01 1.274240493779241135e+01 1.261381345338551796e+01 1.297564938881468422e+01 1.367765513622378393e+01 2.003878242949277322e+01
1.300000000000000000e+01 1.776528054820704483e+01 1.379990102021952225e+01 1.046656651582927822e+01 1.121255014982646259e+01 9.233761609727650921e+00 1.099983088142146670e+01 1.119427482269042429e+01 1.158503982409932576e+01 1.037241328017861974e+01 1.153669593810306537e+01 1.028004943268092219e+01 1.083361985264627236e+01 0.000000000000000000e+00 1.697722993725693641e+01 1.192124919923441340e+01 1.676764773699800415e+01 1.722999746739996851e+01 1.525553745527641425e+01 1.837794327157413221e+01 1.546004800643117605e+01 1.107756593241929721e+01 1.700811158668022927e+01 1.157144557757992942e+01 1.199279154496963073e+01 1.902756093078431832e+01 1.910176631112258505e+01 1.942540549708185083e+01 1.424743510048508810e+01 1.406005707817356409e+01 1.432072627591005798e+01 1.519092323190228910e+01 2.172678668008665070e+01
1.400000000000000000e+01 2.227992449236889172e+01 1.840570371000928418e+01 1.365405134654005792e+01 1.475152482816553601e+01 1.243067451504607845e+01 1.415746550536183435e+01 1.463861263217681596e+01 1.439983832980541933e+01 1.493981723109690307e+01 1.458056393185287902e+01 1.463936770382255048e+01 1.459526953135176086e+01 1.697722993725693641e+01 0.000000000000000000e+00 1.747267258494969511e+01 1.202321827087038386e+01 1.058518955124576877e+01 1.009889662362170881e+01 1.148304203309098170e+01 9.932924517232063266e+00 1.443481961217467813e+01 1.262984001309830262e+01 1.457954341367188533e+01 1.466046289442599715e+01 1.723396875461762789e+01 1.739078640848442703e+01 1.785511241410371142e+01 1.485439559332703752e+01 1.496258641111042209e+01 1.565429213187967505e+01 1.565765920613770135e+01 2.100650779320641348e+01
1.500000000000000000e+01 1.910596784791716729e+01 1.538525633217992450e+01 1.181363958283997206e+01 1.263585157309730889e+01 1.058223640795627318e+01 1.233381531910156781e+01 1.257251605971660169e+01 1.284836524928515544e+01 1.207537510923987512e+01 1.282841643141817300e+01 1.184392843880816670e+01 1.217968475624579128e+01 1.192124919923441340e+01 1.747267258494969511e+01 0.000000000000000000e+00 1.720179225174391391e+01 1.766942998215803584e+01 1.566485095606998712e+01 1.878881359752283942e+01 1.585531254904986653e+01 1.042938410648833170e+01 1.736135963732553478e+01 1.103058338175215169e+01 1.157065727351257323e+01 1.920929754382979127e+01 1.926673659864860255e+01 1.957763024719077194e+01 1.422977195860161359e+01 1.401538355432216321e+01 1.424926573418700215e+01 1.518930721548967000e+01 2.181729004451166887e+01
1.600000000000000000e+01 2.214084438573551594e+01 1.828407754260490847e+01 1.361760408681338319e+01 1.469271058088670756e+01 1.239274815152858267e+01 1.411700210888948348e+01 1.456888280249783563e+01 1.437568235103988812e+01 1.481712309458952248e+01 1.453287502736850811e+01 1.450216812326261717e+01 1.446512445955362480e+01 1.676764773699800415e+01 1.202321827087038386e+01 1.720179225174391391e+01 0.000000000000000000e+00 1.096057091189484112e+01 7.961187635714399136e+00 1.297749610027609890e+01 9.429921630522482445e+00 1.409603770549999524e+01 1.168669659889268075e+01 1.421655837401118561e+01 1.427613608385578914e+01 1.664199614997356491e+01 1.687953793092269095e+01 1.736555689356280752e+01 1.436194887926811603e+01 1.448570111671456573e+01 1.520305353304098261e+01 1.516881509622132995e+01 2.051096494561001649e+01
1.700000000000000000e+01 2.258457211674981835e+01 1.872996305117290916e+01 1.405508426248299259e+01 1.513376297153597960e+01 1.283067307081979180e+01 1.455641485592614970e+01 1.501526046672734083e+01 1.481386906108418344e+01 1.527051985152220226e+01 1.497636017639094064e+01 1.496239113802539578e+01 1.492829121225089750e+01 1.722999746739996851e+01 1.058518955124576877e+01 1.766942998215803584e+01 1.096057091189484112e+01 0.000000000000000000e+00 8.316923513131417423e+00 1.143708024157562875e+01 8.333938319967533204e+00 1.457380446512085115e+01 1.162236811657820823e+01 1.468782040712962811e+01 1.474328817753141863e+01 1.684439555645124642e+01 1.702218561396305674e+01 1.750670674417579065e+01 1.473921406374134691e+01 1.487488113112814858e+01 1.560161863841376473e+01 1.552365762697787233e+01 2.074792404891478625e+01
1.800000000000000000e+01 2.063784532159438712e+01 1.679356212916465196e+01 1.215950076499944643e+01 1.322816933442594589e+01 1.093455601111966047e+01 1.265982136539755842e+01 1.310691035193854148e+01 1.292556551638979201e+01 1.333763567768046343e+01 1.307835297053967949e+01 1.302555043027684789e+01 1.299697073851100626e+01 1.525553745527641425e+01 1.009889662362170881e+01 1.566485095606998712e+01 7.961187635714399136e+00 8.316923513131417423e+00 0.000000000000000000e+00 1.033918502329110112e+01 6.172101383964616161e+00 1.253738752430078307e+01 8.906985562294646996e+00 1.263524868462494766e+01 1.267719557388106111e+01 1.456162045433821106e+01 1.477966455472157392e+01 1.527953850474348130e+01 1.257926062990994254e+01 1.272805626556018410e+01 1.347268631795561689e+01 1.335882388215927108e+01 1.854452803837901698e+01
1.900000000000000000e+01 2.374574412956729219e+01 1.990506554637838121e+01 1.526854227145307874e+01 1.633927068633074242e+01 1.404394148547456922e+01 1.577051679201487389e+01 1.622259615747592676e+01 1.603608670854875839e+01 1.645680712535043000e+01 1.619258738182644919e+01 1.615062383642462152e+01 1.612541162742629552e+01 1.837794327157413221e+01 1.148304203309098170e+01 1.878881359752283942e+01 1.297749610027609890e+01 1.143708024157562875e+01 1.033918502329110112e+01 0.000000000000000000e+00 9.135166705850817692e+00 1.566837129959256458e+01 1.217584022237858221e+01 1.575789721863255721e+01 1.579435543906918582e+01 1.736952287257507521e+01 1.745600386402486137e+01 1.793812727884072089e+01 1.558294166508549594e+01 1.574656047807919634e+01 1.650287823653854602e+01 1.633098250154691300e+01 2.134522187125814341e+01
2.000000000000000000e+01 2.084550521917809718e+01 1.700910676357102247e+01 1.239372143591699071e+01 1.345890468047845090e+01 1.116876444358975462e+01 1.289476447066143194e+01 1.333967769578511664e+01 1.316451066503647738e+01 1.356067915687408387e+01 1.331521449214718089e+01 1.325102285583274053e+01 1.322774390938691269e+01 1.546004800643117605e+01 9.932924517232063266e+00 1.585531254904986653e+01 9.429921630522482445e+00 8.333938319967533204e+00 6.172101383964616161e+00 9.135166705850817692e+00 0.000000000000000000e+00 1.271697180861090715e+01 8.415400001351944326e+00 1.280036306803922486e+01 1.283129177252734365e+01 1.436334512336691205e+01 1.452695845698672983e+01 1.502922371659228062e+01 1.260162916159788793e+01 1.276822218930219321e+01 1.353087884481693592e+01 1.335658989729756740e+01 1.840409509406251587e+01
2.100000000000000000e+01 1.727322798347143618e+01 1.355399307522841568e+01 9.655309711352312974e+00 1.054382438697573576e+01 8.424196635983324910e+00 1.016027097895843667e+01 1.043234138768906760e+01 1.060867725270161799e+01 1.016549175113616599e+01 1.061479763015731592e+01 9.841180348344295226e+00 1.002169686941875426e+01 1.107756593241929721e+01 1.443481961217467813e+01 1.042938410648833170e+01 1.409603770549999524e+01 1.457380446512085115e+01 1.253738752430078307e+01 1.566837129959256458e+01 1.271697180861090715e+01 0.000000000000000000e+00 1.418161825785017527e+01 6.164847226116773271e+00 7.220060026866214287e+00 1.588637465078626576e+01 1.594168127954609915e+01 1.624699675236474050e+01 1.077504931746654293e+01 1.055812551791173348e+01 1.084169627841209760e+01 1.177042729394145937e+01 1.845186891837552778e+01
2.200000000000000000e+01 2.242306482066884143e+01 1.860370584915145287e+01 1.404433254199485503e+01 1.509679447989104517e+01 1.281886400220551536e+01 1.454512402106056612e+01 1.497692834224940839e+01 1.482650378377742584e+01 1.516558693012233050e+01 1.496611211578279210e+01 1.485450769918765701e+01 1.484151646164389149e+01 1.700811158668022927e+01 1.262984001309830262e+01 1.736135963732553478e+01 1.168669659889268075e+01 1.162236811657820823e+01 8.906985562294646996e+00 1.217584022237858221e+01 8.415400001351944326e+00 1.418161825785017527e+01 0.000000000000000000e+00 1.423603253535305413e+01 1.424356754681089399e+01 1.523048965802344412e+01 1.548091452330777784e+01 1.602527776039664431e+01 1.381144273220515473e+01 1.400637131229002819e+01 1.480318654024150149e+01 1.454715299525151551e+01 1.947949912112652626e+01
2.300000000000000000e+01 1.759429681659262457e+01 1.393338783701191730e+01 1.006101910961628931e+01 1.095554853886530822e+01 8.830817615760189199e+00 1.056979772615257218e+01 1.085690872873397694e+01 1.101118685644425810e+01 1.061050987484660624e+01 1.102823733900068248e+01 1.031170226601042827e+01 1.048795543209754300e+01 1.157144557757992942e+01 1.457954341367188533e+01 1.103058338175215169e+01 1.421655837401118561e+01 1.468782040712962811e+01 1.263524868462494766e+01 1.575789721863255721e+01 1.280036306803922486e+01 6.164847226116773271e+00 1.423603253535305413e+01 0.000000000000000000e+00 5.855219559909222937e+00 1.578996808754580172e+01 1.582374000709580386e+01 1.611534124429108417e+01 1.047003507634601149e+01 1.022126460420912508e+01 1.047635867552910938e+01 1.148240844672028516e+01 1.825884537630271254e+01
2.400000000000000000e+01 1.790102087644749673e+01 1.426344080545280946e+01 1.037853647414677383e+01 1.128118730787494073e+01 9.148852405110069697e+00 1.088837253401400318e+01 1.118640712060616949e+01 1.132097184125351674e+01 1.096556252485283522e+01 1.134639268810791535e+01 1.067561180214879002e+01 1.084105597807483434e+01 1.199279154496963073e+01 1.466046289442599715e+01 1.157065727351257323e+01 1.427613608385578914e+01 1.474328817753141863e+01 1.267719557388106111e+01 1.579435543906918582e+01 1.283129177252734365e+01 7.220060026866214287e+00 1.424356754681089399e+01 5.855219559909222937e+00 0.000000000000000000e+00 1.568096666274173856e+01 1.570095589239900491e+01 1.598324782509817155e+01 1.020595909002257784e+01 9.939571390132954321e+00 1.019961588746719272e+01 1.123998067519513455e+01 1.808377602591312794e+01
2.500000000000000000e+01 2.452288357107134686e+01 2.078871444835017712e+01 1.646296205701332127e+01 1.746698956505159828e+01 1.523620409334636605e+01 1.696688659517860032e+01 1.735643009929847835e+01 1.729589003286541526e+01 1.741749635370540261e+01 1.739875034723583269e+01 1.711693568367581264e+01 1.715629388447315762e+01 1.902756093078431832e+01 1.723396875461762789e+01 1.920929754382979127e+01 1.664199614997356491e+01 1.684439555645124642e+01 1.456162045433821106e+01 1.736952287257507521e+01 1.436334512336691205e+01 1.588637465078626576e+01 1.523048965802344412e+01 1.578996808754580172e+01 1.568096666274173856e+01 0.000000000000000000e+00 1.330281337229866878e+01 1.463645103679870729e+01 1.386021893772896973e+01 1.426198025563144967e+01 1.526807526663712977e+01 1.439312665972971672e+01 1.847670576780387464e+01
2.600000000000000000e+01 2.459481525513313116e+01 2.087505704689182906e+01 1.657839054725018357e+01 1.757745893751175359e+01 1.535162838320654188e+01 1.708342208427044895e+01 1.747020221754292280e+01 1.741770306539649127e+01 1.751756556576809132e+01 1.751795544119648795e+01 1.722156738712519441e+01 1.726863426125767020e+01 1.910176631112258505e+01 1.739078640848442703e+01 1.926673659864860255e+01 1.687953793092269095e+01 1.702218561396305674e+01 1.477966455472157392e+01 1.745600386402486137e+01 1.452695845698672983e+01 1.594168127954609915e+01 1.548091452330777784e+01 1.582374000709580386e+01 1.570095589239900491e+01 1.330281337229866878e+01 0.000000000000000000e+00 1.106624315443017892e+01 1.357043527310589681e+01 1.399317146702514236e+01 1.500737809649562493e+01 1.390890937662886984e+01 1.673361907382336611e+01
2.700000000000000000e+01 2.492031000049458456e+01 2.120949134361815069e+01 1.693305344619956188e+01 1.792835892508587747e+01 1.570624062798635734e+01 1.743863250458938907e+01 1.782273899759075064e+01 1.777675667759981692e+01 1.785995951199671694e+01 1.787460440734061606e+01 1.756614889550439429e+01 1.761817334862565687e+01 1.942540549708185083e+01 1.785511241410371142e+01 1.957763024719077194e+01 1.736555689356280752e+01 1.750670674417579065e+01 1.527953850474348130e+01 1.793812727884072089e+01 1.502922371659228062e+01 1.624699675236474050e+01 1.602527776039664431e+01 1.611534124429108417e+01 1.598324782509817155e+01 1.463645103679870729e+01 1.106624315443017892e+01 0.000000000000000000e+00 1.369535479782731002e+01 1.412341626607623368e+01 1.513897805810473685e+01 1.393193624220261739e+01 1.589967990587009083e+01
2.800000000000000000e+01 1.980427778366896874e+01 1.618426656951090692e+01 1.214001798293729806e+01 1.308923577674568506e+01 1.091224584482893079e+01 1.265025230399931999e+01 1.299745635875320815e+01 1.303458657815890476e+01 1.291137118406554052e+01 1.310000345945683264e+01 1.263490214143209656e+01 1.274240493779241135e+01 1.424743510048508810e+01 1.485439559332703752e+01 1.422977195860161359e+01 1.436194887926811603e+01 1.473921406374134691e+01 1.257926062990994254e+01 1.558294166508549594e+01 1.260162916159788793e+01 1.077504931746654293e+01 1.381144273220515473e+01 1.047003507634601149e+01 1.020595909002257784e+01 1.386021893772896973e+01 1.357043527310589681e+01 1.369535479782731002e+01 0.000000000000000000e+00 5.975814644954677846e+00 8.045735558489329975e+00 7.008421174664146491e+00 1.516938030372013557e+01
2.900000000000000000e+01 1.961669279015384859e+01 1.601833802263422513e+01 1.202005156884438009e+01 1.296109075559321866e+01 1.079220856927838668e+01 1.253171400038920780e+01 1.287361674698671266e+01 1.292443338130981090e+01 1.276535437903821446e+01 1.298501071968519227e+01 1.249487722233270404e+01 1.261381345338551796e+01 1.406005707817356409e+01 1.496258641111042209e+01 1.401538355432216321e+01 1.448570111671456573e+01 1.487488113112814858e+01 1.272805626556018410e+01 1.574656047807919634e+01 1.276822218930219321e+01 1.055812551791173348e+01 1.400637131229002819e+01 1.022126460420912508e+01 9.939571390132954321e+00 1.426198025563144967e+01 1.399317146702514236e+01 1.412341626607623368e+01 5.975814644954677846e+00 0.000000000000000000e+00 7.142921435732713320e+00 7.464867969049237217e+00 1.561210832143907012e+01
3.000000000000000000e+01 1.984564691334536590e+01 1.629724609478664021e+01 1.238689377272095626e+01 1.331401323048926955e+01 1.115909078915996133e+01 1.290191878446063001e+01 1.323681436019105107e+01 1.330898518089141547e+01 1.309122422019979481e+01 1.336270836739766921e+01 1.283581585924549628e+01 1.297564938881468422e+01 1.432072627591005798e+01 1.565429213187967505e+01 1.424926573418700215e+01 1.520305353304098261e+01 1.560161863841376473e+01 1.347268631795561689e+01 1.650287823653854602e+01 1.353087884481693592e+01 1.084169627841209760e+01 1.480318654024150149e+01 1.047635867552910938e+01 1.019961588746719272e+01 1.526807526663712977e+01 1.500737809649562493e+01 1.513897805810473685e+01 8.045735558489329975e+00 7.142921435732713320e+00 0.000000000000000000e+00 8.749439721964911598e+00 1.663272400455050004e+01
3.100000000000000000e+01 2.072681847047882542e+01 1.711179639472947400e+01 1.306571682911339849e+01 1.401653698835779949e+01 1.183808852615925389e+01 1.357643890591194946e+01 1.392631186709045465e+01 1.395926561460805715e+01 1.384461115998291092e+01 1.402678208838536023e+01 1.357084981406164559e+01 1.367765513622378393e+01 1.519092323190228910e+01 1.565765920613770135e+01 1.518930721548967000e+01 1.516881509622132995e+01 1.552365762697787233e+01 1.335882388215927108e+01 1.633098250154691300e+01 1.335658989729756740e+01 1.177042729394145937e+01 1.454715299525151551e+01 1.148240844672028516e+01 1.123998067519513455e+01 1.439312665972971672e+01 1.390890937662886984e+01 1.393193624220261739e+01 7.008421174664146491e+00 7.464867969049237217e+00 8.749439721964911598e+00 0.000000000000000000e+00 1.502014296012656658e+01
3.200000000000000000e+01 2.723776725884988181e+01 2.356625065818034059e+01 1.938399725536470086e+01 2.036109975200350775e+01 1.815684433110419960e+01 1.989163741742938996e+01 2.026165720003970350e+01 2.024801208470426772e+01 2.025033077763264444e+01 2.033338191766089054e+01 1.996456331556391106e+01 2.003878242949277322e+01 2.172678668008665070e+01 2.100650779320641348e+01 2.181729004451166887e+01 2.051096494561001649e+01 2.074792404891478625e+01 1.854452803837901698e+01 2.134522187125814341e+01 1.840409509406251587e+01 1.845186891837552778e+01 1.947949912112652626e+01 1.825884537630271254e+01 1.808377602591312794e+01 1.847670576780387464e+01 1.673361907382336611e+01 1.589967990587009083e+01 1.516938030372013557e+01 1.561210832143907012e+01 1.663272400455050004e+01 1.502014296012656658e+01 0.000000000000000000e+00
