0.000000000000000000e+00 1.000000000000000000e+00 2.000000000000000000e+00 3.000000000000000000e+00 4.000000000000000000e+00 5.000000000000000000e+00 6.000000000000000000e+00 7.000000000000000000e+00 8.000000000000000000e+00 9.000000000000000000e+00 1.000000000000000000e+01 1.100000000000000000e+01 1.200000000000000000e+01 1.300000000000000000e+01 1.400000000000000000e+01 1.500000000000000000e+01 1.600000000000000000e+01 1.700000000000000000e+01 1.800000000000000000e+01 1.900000000000000000e+01 2.000000000000000000e+01 2.100000000000000000e+01 2.200000000000000000e+01 2.300000000000000000e+01 2.400000000000000000e+01 2.500000000000000000e+01 2.600000000000000000e+01 2.700000000000000000e+01 2.800000000000000000e+01 2.900000000000000000e+01 3.000000000000000000e+01 3.100000000000000000e+01 3.200000000000000000e+01
1.000000000000000000e+00 0.000000000000000000e+00 8.435209904749580545e+00 7.726468381773253569e+00 6.334862813703492357e+00 6.352857382210324921e+00 6.355541523057484987e+00 6.345476314539925333e+00 6.381847502072043987e+00 6.331233997936660529e+00 6.367554407186556631e+00 6.343268561060063426e+00 6.349976796632500253e+00 8.472864460145419940e+00 1.330721464084923689e+01 9.292739723932577078e+00 1.339907928378559809e+01 1.378457271318970889e+01 1.187171526762917217e+01 1.469565043907252644e+01 1.199775663577497298e+01 1.008367484491197708e+01 1.356430921913903198e+01 1.019262986345486866e+01 1.021152519555939087e+01 1.375408759579161000e+01 1.358467513501318358e+01 1.330290980774362097e+01 7.344927209199481055e+00 7.344283180265746225e+00 7.355568101534654346e+00 7.376128446400419314e+00 1.133096891383824811e+01
2.000000000000000000e+00 8.435209904749580545e+00 0.000000000000000000e+00 4.032554384104599876e+00 2.638245156070619934e+00 2.658947608953838859e+00 2.662807008940633047e+00 2.653106203930993168e+00 2.689761741616963242e+00 2.635764630547949849e+00 2.675446546222769229e+00 2.655382814698200811e+00 2.664189702409617055e+00 5.126340003019821623e+00 9.799381611938331460e+00 6.047383997423066759e+00 9.909572818312513576e+00 1.031417237781765017e+01 8.420714549030273943e+00 1.126711699713246162e+01 8.572555853440515961e+00 6.823811692435546306e+00 1.017881061499253370e+01 6.994506629582843971e+00 7.040862439449965038e+00 1.060999832887876693e+01 1.049262960124385735e+01 1.024309970360850741e+01 4.317068247735273090e+00 4.316710710477517310e+00 4.328770287129344752e+00 4.349615036095801024e+00 8.327303610078878648e+00
3.000000000000000000e+00 7.726468381773253569e+00 4.032554384104599876e+00 0.000000000000000000e+00 1.449771418428762892e+00 1.419236835281098230e+00 1.437022220448553433e+00 1.444648630679041368e+00 1.463447709901294580e+00 1.468814954770975234e+00 1.454009923902495061e+00 1.474362547315819505e+00 1.477595836517743066e+00 4.221936761405681082e+00 8.687524773726389427e+00 5.127053838001652153e+00 8.806568806497706348e+00 9.218840924789864388e+00 7.333958652831915614e+00 1.018944445353009698e+01 7.496620860328846447e+00 5.851209024025278538e+00 9.119990451061051218e+00 6.041261796766494996e+00 6.093248610386110542e+00 9.653973532141115754e+00 9.557973693517199720e+00 9.321586141556945648e+00 3.411163973072474320e+00 3.410998444272152597e+00 3.423479342711001294e+00 3.444265452223290502e+00 7.429391968107466937e+00
4.000000000000000000e+00 6.334862813703492357e+00 2.638245156070619934e+00 1.449771418428762892e+00 0.000000000000000000e+00 7.557762656040267757e-02 8.477324582635326067e-02 7.806743980469921240e-02 1.129211571286852234e-01 8.039751862984889641e-02 9.921686502063220559e-02 9.422469408868039409e-02 1.008451363953950519e-01 2.836558564820556683e+00 7.310924697036563558e+00 3.742619192915636717e+00 7.428912368952277134e+00 7.841238270874322680e+00 5.955857615016904916e+00 8.811315251590912112e+00 6.118240615588209863e+00 4.468474092207985748e+00 7.740913129629246825e+00 4.658116870747921467e+00 4.710027591577597761e+00 8.271456117977493250e+00 8.174822909373608226e+00 7.938032062903758401e+00 2.027045532208299861e+00 2.026873058685348283e+00 2.039340155355610307e+00 2.060130657619366978e+00 6.045076106800060245e+00
5.000000000000000000e+00 6.352857382210324921e+00 2.658947608953838859e+00 1.419236835281098230e+00 7.557762656040267757e-02 0.000000000000000000e+00 6.488948846888220601e-02 7.004462872190053702e-02 9.397348544849570828e-02 9.462554720989757584e-02 8.291866927835478407e-02 1.000182226487469350e-01 1.033258228479452256e-01 2.847984874744184935e+00 7.314436145466642003e+00 3.753144852997721159e+00 7.433142416613966574e+00 7.845530603077184750e+00 5.960543807367960412e+00 8.816128668997905038e+00 6.123220516560138549e+00 4.477321394267631760e+00 7.746506021853241108e+00 4.667409286525415979e+00 4.719417193074468386e+00 8.280292991891435861e+00 8.184284773360049670e+00 7.947886255543718192e+00 2.037419704136882004e+00 2.037253678178958083e+00 2.049733979185818455e+00 2.070520982111701436e+00 6.055657958667339358e+00
6.000000000000000000e+00 6.355541523057484987e+00 2.662807008940633047e+00 1.437022220448553433e+00 8.477324582635326067e-02 6.488948846888220601e-02 0.000000000000000000e+00 6.085676283147822829e-02 7.541514849042130209e-02 9.625239565534204900e-02 6.364741378895022450e-02 9.785337059273935267e-02 9.927368961663951552e-02 2.847978300678295938e+00 7.310492590453636197e+00 3.752680662476757689e+00 7.429623983729713999e+00 7.842005793814058379e+00 5.957228628627257550e+00 8.812841679047263455e+00 6.120033977943467818e+00 4.476066251977384169e+00 7.743622186028899179e+00 4.666334917875872179e+00 4.718374053081701547e+00 8.278934871438195842e+00 8.183210837865791731e+00 7.946992389499083487e+00 2.036775995338365064e+00 2.036613090399505666e+00 2.049099603834802608e+00 2.069884610158537974e+00 6.055102946317454382e+00
7.000000000000000000e+00 6.345476314539925333e+00 2.653106203930993168e+00 1.444648630679041368e+00 7.806743980469921240e-02 7.004462872190053702e-02 6.085676283147822829e-02 0.000000000000000000e+00 8.854411780201321136e-02 8.489468927429477674e-02 7.225860280777407496e-02 8.458793431047961775e-02 8.548200291637453319e-02 2.836488071760271623e+00 7.300578041098225057e+00 3.741189115306170265e+00 7.418898245680464854e+00 7.831583987287062953e+00 5.946566824918599892e+00 8.802444142105812830e+00 6.109432052775680688e+00 4.464466024012400780e+00 7.732850176822532617e+00 4.654875991770431654e+00 4.706984051628273491e+00 8.267914028161403195e+00 8.172220352552740152e+00 7.936006000538462501e+00 2.025714579822492922e+00 2.025550868428243945e+00 2.038036881559172286e+00 2.058824038431217751e+00 6.044087389402374555e+00
8.000000000000000000e+00 6.381847502072043987e+00 2.689761741616963242e+00 1.463447709901294580e+00 1.129211571286852234e-01 9.397348544849570828e-02 7.541514849042130209e-02 8.854411780201321136e-02 0.000000000000000000e+00 1.231005861760268161e-01 6.433198498656178543e-02 1.236174796954117028e-01 1.243261339779806463e-01 2.873549013459603785e+00 7.330034179513804204e+00 3.777827678606595185e+00 7.450709331873406782e+00 7.862663570700840765e+00 5.978426820246413698e+00 8.833701783483896008e+00 6.141276530273692913e+00 4.500603566512497267e+00 7.765400230868623410e+00 4.690853632393267247e+00 4.742828303526666289e+00 8.302565436750899863e+00 8.207079517403355950e+00 7.971033052870847513e+00 2.061167812348408290e+00 2.061009099151126733e+00 2.073502420530026313e+00 2.094282485275111405e+00 6.079518556655312267e+00
9.000000000000000000e+00 6.331233997936660529e+00 2.635764630547949849e+00 1.468814954770975234e+00 8.039751862984889641e-02 9.462554720989757584e-02 9.625239565534204900e-02 8.489468927429477674e-02 1.231005861760268161e-01 0.000000000000000000e+00 1.082159834049729596e-01 7.889355539304965248e-02 9.190957998504956095e-02 2.824198514301510698e+00 7.303303547023885400e+00 3.732016399495847736e+00 7.420563122967157810e+00 7.833196501070483819e+00 5.947618810573102266e+00 8.803353469411231202e+00 6.110092516156303333e+00 4.458808159225405632e+00 7.732659088139486769e+00 4.648863309908598751e+00 4.701025659417187086e+00 8.263289478578020208e+00 8.166768029764648773e+00 7.930035228203717423e+00 2.018978703766364902e+00 2.018804380198215398e+00 2.031270137749318749e+00 2.052066779327456736e+00 6.037132144404850465e+00
1.000000000000000000e+01 6.367554407186556631e+00 2.675446546222769229e+00 1.454009923902495061e+00 9.921686502063220559e-02 8.291866927835478407e-02 6.364741378895022450e-02 7.225860280777407496e-02 6.433198498656178543e-02 1.082159834049729596e-01 0.000000000000000000e+00 1.079993192230803700e-01 1.082509271000287043e-01 2.858800934255100401e+00 7.318290157111645655e+00 3.763186890491134307e+00 7.437916332407121800e+00 7.850210427833717475e+00 5.965633724501705260e+00 8.821192181549715627e+00 6.128504970027247367e+00 4.486079852235295817e+00 7.752333971427413317e+00 4.676416116608837825e+00 4.728450680915592841e+00 8.288691038670961575e+00 8.193139525988593519e+00 7.957034553763897122e+00 2.047000303284384870e+00 2.046839662886231537e+00 2.059330337567621072e+00 2.080113351115854492e+00 6.065369483159368968e+00
1.100000000000000000e+01 6.343268561060063426e+00 2.655382814698200811e+00 1.474362547315819505e+00 9.422469408868039409e-02 1.000182226487469350e-01 9.785337059273935267e-02 8.458793431047961775e-02 1.236174796954117028e-01 7.889355539304965248e-02 1.079993192230803700e-01 0.000000000000000000e+00 6.833669716795576221e-02 2.820414975720586526e+00 7.284566148231951033e+00 3.725139160218216006e+00 7.401028496122416200e+00 7.814704884600059742e+00 5.929298219470821252e+00 8.786103182034082693e+00 6.092608991104381033e+00 4.447273135860436710e+00 7.716046585228857779e+00 4.638712160979839183e+00 4.691252712563001026e+00 8.253222606325330446e+00 8.158189844474327046e+00 7.922346073215788209e+00 2.012250526950076335e+00 2.012088889569335848e+00 2.024583631732271627e+00 2.045377300061132608e+00 6.030988513486068570e+00
1.200000000000000000e+01 6.349976796632500253e+00 2.664189702409617055e+00 1.477595836517743066e+00 1.008451363953950519e-01 1.033258228479452256e-01 9.927368961663951552e-02 8.548200291637453319e-02 1.243261339779806463e-01 9.190957998504956095e-02 1.082509271000287043e-01 6.833669716795576221e-02 0.000000000000000000e+00 2.827089779165053329e+00 7.277375312990587375e+00 3.728133315803431103e+00 7.393567739583422949e+00 7.807758950375843554e+00 5.922500103979194463e+00 8.779840260802703966e+00 6.086262402371115598e+00 4.446104442193801631e+00 7.710223828218216724e+00 4.637835668452744642e+00 4.690267764083165147e+00 8.251099947307949378e+00 8.156860624388771797e+00 7.921488804861780864e+00 2.012023464200257905e+00 2.011871748614611377e+00 2.024386063936766789e+00 2.045170766817631325e+00 6.030986733850028259e+00
1.300000000000000000e+01 8.472864460145419940e+00 5.126340003019821623e+00 4.221936761405681082e+00 2.836558564820556683e+00 2.847984874744184935e+00 2.847978300678295938e+00 2.836488071760271623e+00 2.873549013459603785e+00 2.824198514301510698e+00 2.858800934255100401e+00 2.820414975720586526e+00 2.827089779165053329e+00 0.000000000000000000e+00 9.793901561226446617e+00 4.499686697917780975e+00 9.884630656599687981e+00 1.027530083488503188e+01 8.364065016985202661e+00 1.119456724319625707e+01 8.495395163026518759e+00 6.093424547707149586e+00 1.006702593801421308e+01 6.332504304560455211e+00 6.452407816071447755e+00 1.029550791624538419e+01 1.014484830758920886e+01 9.876201540955822367e+00 3.895279993685589304e+00 3.893703106025258265e+00 3.903857811732358130e+00 3.926960020887320546e+00 7.917361219133162820e+00
1.400000000000000000e+01 1.330721464084923689e+01 9.799381611938331460e+00 8.687524773726389427e+00 7.310924697036563558e+00 7.314436145466642003e+00 7.310492590453636197e+00 7.300578041098225057e+00 7.330034179513804204e+00 7.303303547023885400e+00 7.318290157111645655e+00 7.284566148231951033e+00 7.277375312990587375e+00 9.793901561226446617e+00 0.000000000000000000e+00 1.058669108253241120e+01 1.113503221877679117e+01 9.869774312009143458e+00 9.198148164651241743e+00 1.053243500726001614e+01 8.996382009684680270e+00 1.118451010208632646e+01 1.146897866007458155e+01 1.128904846994227995e+01 1.127279943669058859e+01 1.386857201609626600e+01 1.389417753152523893e+01 1.378975869464248305e+01 8.274624415369784103e+00 8.278281125483285763e+00 8.295947626129503760e+00 8.311254387793773901e+00 1.225770313995467120e+01
1.500000000000000000e+01 9.292739723932577078e+00 6.047383997423066759e+00 5.127053838001652153e+00 3.742619192915636717e+00 3.753144852997721159e+00 3.752680662476757689e+00 3.741189115306170265e+00 3.777827678606595185e+00 3.732016399495847736e+00 3.763186890491134307e+00 3.725139160218216006e+00 3.728133315803431103e+00 4.499686697917780975e+00 1.058669108253241120e+01 0.000000000000000000e+00 1.066470253126587941e+01 1.104664553663242721e+01 9.123754660359514546e+00 1.194466628102922101e+01 9.242165503500455515e+00 6.167961162969275435e+00 1.079119703290448662e+01 6.508184106795951607e+00 6.729957899415177636e+00 1.088914145102372544e+01 1.072103253969729941e+01 1.044313679764347214e+01 4.416056404468834629e+00 4.413326891901727222e+00 4.421815170289548291e+00 4.447308555420248943e+00 8.458192491617467113e+00
1.600000000000000000e+01 1.339907928378559809e+01 9.909572818312513576e+00 8.806568806497706348e+00 7.428912368952277134e+00 7.433142416613966574e+00 7.429623983729713999e+00 7.418898245680464854e+00 7.450709331873406782e+00 7.420563122967157810e+00 7.437916332407121800e+00 7.401028496122416200e+00 7.393567739583422949e+00 9.884630656599687981e+00 1.113503221877679117e+01 1.066470253126587941e+01 0.000000000000000000e+00 1.036953296367402011e+01 7.468204205822571495e+00 1.212687796696631892e+01 8.768187572772898619e+00 1.124574704555232607e+01 1.092254125702287304e+01 1.133955536546239173e+01 1.131448231960427897e+01 1.379892830707045448e+01 1.389708875106151886e+01 1.381353496750466192e+01 8.287024381919577465e+00 8.291025122802979652e+00 8.309250214493399511e+00 8.324109167800720854e+00 1.227679606764054654e+01
1.700000000000000000e+01 1.378457271318970889e+01 1.031417237781765017e+01 9.218840924789864388e+00 7.841238270874322680e+00 7.845530603077184750e+00 7.842005793814058379e+00 7.831583987287062953e+00 7.862663570700840765e+00 7.833196501070483819e+00 7.850210427833717475e+00 7.814704884600059742e+00 7.807758950375843554e+00 1.027530083488503188e+01 9.869774312009143458e+00 1.104664553663242721e+01 1.036953296367402011e+01 0.000000000000000000e+00 7.774290103265018459e+00 1.076130124181429082e+01 7.769456842484650849e+00 1.162203497466716762e+01 1.085600214935397823e+01 1.170604057706940182e+01 1.167391718491400532e+01 1.402762678935834373e+01 1.410757125906432030e+01 1.403959020112072409e+01 8.599990479769878959e+00 8.604520865257088147e+00 8.623378203647547480e+00 8.637437915148954204e+00 1.257767658410012501e+01
1.800000000000000000e+01 1.187171526762917217e+01 8.420714549030273943e+00 7.333958652831915614e+00 5.955857615016904916e+00 5.960543807367960412e+00 5.957228628627257550e+00 5.946566824918599892e+00 5.978426820246413698e+00 5.947618810573102266e+00 5.965633724501705260e+00 5.929298219470821252e+00 5.922500103979194463e+00 8.364065016985202661e+00 9.198148164651241743e+00 9.123754660359514546e+00 7.468204205822571495e+00 7.774290103265018459e+00 0.000000000000000000e+00 9.596393355099774425e+00 5.630466431658085469e+00 9.686138895326910969e+00 8.248535021863434125e+00 9.759088336261523722e+00 9.718293098186505219e+00 1.194203925621111040e+01 1.206933383736486398e+01 1.202241166083927837e+01 6.606260420861945093e+00 6.611230058302634660e+00 6.630712361025070223e+00 6.644159742767715038e+00 1.058423623695122373e+01
1.900000000000000000e+01 1.469565043907252644e+01 1.126711699713246162e+01 1.018944445353009698e+01 8.811315251590912112e+00 8.816128668997905038e+00 8.812841679047263455e+00 8.802444142105812830e+00 8.833701783483896008e+00 8.803353469411231202e+00 8.821192181549715627e+00 8.786103182034082693e+00 8.779840260802703966e+00 1.119456724319625707e+01 1.053243500726001614e+01 1.194466628102922101e+01 1.212687796696631892e+01 1.076130124181429082e+01 9.596393355099774425e+00 0.000000000000000000e+00 8.523196212633454394e+00 1.250191439779657010e+01 1.137993819212890578e+01 1.256409855678472098e+01 1.251575298179703388e+01 1.462383298855899483e+01 1.468010479374445687e+01 1.463893410627899883e+01 9.349734299028691353e+00 9.355313422593242834e+00 9.375490413481994523e+00 9.387985180082392134e+00 1.330793690674187957e+01
2.000000000000000000e+01 1.199775663577497298e+01 8.572555853440515961e+00 7.496620860328846447e+00 6.118240615588209863e+00 6.123220516560138549e+00 6.120033977943467818e+00 6.109432052775680688e+00 6.141276530273692913e+00 6.110092516156303333e+00 6.128504970027247367e+00 6.092608991104381033e+00 6.086262402371115598e+00 8.495395163026518759e+00 8.996382009684680270e+00 9.242165503500455515e+00 8.768187572772898619e+00 7.769456842484650849e+00 5.630466431658085469e+00 8.523196212633454394e+00 0.000000000000000000e+00 9.793907881204320987e+00 7.808029059412545436e+00 9.853403177458091022e+00 9.802649942242561920e+00 1.185866712257577760e+01 1.197808133835237676e+01 1.195279154333336891e+01 6.632429166006787113e+00 6.638065236464141705e+00 6.658378162468419958e+00 6.670834669098094416e+00 1.059824812797140225e+01
2.100000000000000000e+01 1.008367484491197708e+01 6.823811692435546306e+00 5.851209024025278538e+00 4.468474092207985748e+00 4.477321394267631760e+00 4.476066251977384169e+00 4.464466024012400780e+00 4.500603566512497267e+00 4.458808159225405632e+00 4.486079852235295817e+00 4.447273135860436710e+00 4.446104442193801631e+00 6.093424547707149586e+00 1.118451010208632646e+01 6.167961162969275435e+00 1.124574704555232607e+01 1.162203497466716762e+01 9.686138895326910969e+00 1.250191439779657010e+01 9.793907881204320987e+00 0.000000000000000000e+00 1.131986335054436132e+01 5.509060892436913548e+00 6.238778972636749742e+00 1.130225259816577221e+01 1.113135835051811462e+01 1.085328895017635276e+01 4.764538294154569087e+00 4.760425397150921611e+00 4.767563674204868818e+00 4.796226790327051681e+00 8.850912180630199799e+00
2.200000000000000000e+01 1.356430921913903198e+01 1.017881061499253370e+01 9.119990451061051218e+00 7.740913129629246825e+00 7.746506021853241108e+00 7.743622186028899179e+00 7.732850176822532617e+00 7.765400230868623410e+00 7.732659088139486769e+00 7.752333971427413317e+00 7.716046585228857779e+00 7.710223828218216724e+00 1.006702593801421308e+01 1.146897866007458155e+01 1.079119703290448662e+01 1.092254125702287304e+01 1.085600214935397823e+01 8.248535021863434125e+00 1.137993819212890578e+01 7.808029059412545436e+00 1.131986335054436132e+01 0.000000000000000000e+00 1.135692361293320474e+01 1.128887823561479742e+01 1.302637890579181246e+01 1.325434689296011648e+01 1.328436728476968653e+01 8.033681643306000097e+00 8.040305386475589344e+00 8.061959607275422712e+00 8.073029776732678187e+00 1.199678941053823422e+01
2.300000000000000000e+01 1.019262986345486866e+01 6.994506629582843971e+00 6.041261796766494996e+00 4.658116870747921467e+00 4.667409286525415979e+00 4.666334917875872179e+00 4.654875991770431654e+00 4.690853632393267247e+00 4.648863309908598751e+00 4.676416116608837825e+00 4.638712160979839183e+00 4.637835668452744642e+00 6.332504304560455211e+00 1.128904846994227995e+01 6.508184106795951607e+00 1.133955536546239173e+01 1.170604057706940182e+01 9.759088336261523722e+00 1.256409855678472098e+01 9.853403177458091022e+00 5.509060892436913548e+00 1.135692361293320474e+01 0.000000000000000000e+00 5.212606195899693873e+00 1.120306590587236428e+01 1.101366037505108331e+01 1.072641293633452619e+01 4.584688138221794773e+00 4.579226156326724251e+00 4.584593602677445645e+00 4.616052829450320694e+00 8.696635787500007098e+00
2.400000000000000000e+01 1.021152519555939087e+01 7.040862439449965038e+00 6.093248610386110542e+00 4.710027591577597761e+00 4.719417193074468386e+00 4.718374053081701547e+00 4.706984051628273491e+00 4.742828303526666289e+00 4.701025659417187086e+00 4.728450680915592841e+00 4.691252712563001026e+00 4.690267764083165147e+00 6.452407816071447755e+00 1.127279943669058859e+01 6.729957899415177636e+00 1.131448231960427897e+01 1.167391718491400532e+01 9.718293098186505219e+00 1.251575298179703388e+01 9.802649942242561920e+00 6.238778972636749742e+00 1.128887823561479742e+01 5.212606195899693873e+00 0.000000000000000000e+00 1.103231023605625083e+01 1.083142686192208437e+01 1.053893601220740095e+01 4.352357488832357291e+00 4.345869996454201356e+00 4.350187814193885671e+00 4.383781695115000154e+00 8.489649701792526315e+00
2.500000000000000000e+01 1.375408759579161000e+01 1.060999832887876693e+01 9.653973532141115754e+00 8.271456117977493250e+00 8.280292991891435861e+00 8.278934871438195842e+00 8.267914028161403195e+00 8.302565436750899863e+00 8.263289478578020208e+00 8.288691038670961575e+00 8.253222606325330446e+00 8.251099947307949378e+00 1.029550791624538419e+01 1.386857201609626600e+01 1.088914145102372544e+01 1.379892830707045448e+01 1.402762678935834373e+01 1.194203925621111040e+01 1.462383298855899483e+01 1.185866712257577760e+01 1.130225259816577221e+01 1.302637890579181246e+01 1.120306590587236428e+01 1.103231023605625083e+01 0.000000000000000000e+00 1.135409144893420752e+01 1.210380167465613610e+01 7.168410442490232626e+00 7.182713768403925059e+00 7.213862180314340122e+00 7.214546194114290323e+00 1.112804923277889202e+01
2.600000000000000000e+01 1.358467513501318358e+01 1.049262960124385735e+01 9.557973693517199720e+00 8.174822909373608226e+00 8.184284773360049670e+00 8.183210837865791731e+00 8.172220352552740152e+00 8.207079517403355950e+00 8.166768029764648773e+00 8.193139525988593519e+00 8.158189844474327046e+00 8.156860624388771797e+00 1.014484830758920886e+01 1.389417753152523893e+01 1.072103253969729941e+01 1.389708875106151886e+01 1.410757125906432030e+01 1.206933383736486398e+01 1.468010479374445687e+01 1.197808133835237676e+01 1.113135835051811462e+01 1.325434689296011648e+01 1.101366037505108331e+01 1.083142686192208437e+01 1.135409144893420752e+01 0.000000000000000000e+00 1.019252677197432533e+01 6.862639810024019127e+00 6.878005626147963625e+00 6.910070148978732618e+00 6.908505324459205177e+00 1.067474664079884406e+01
2.700000000000000000e+01 1.330290980774362097e+01 1.024309970360850741e+01 9.321586141556945648e+00 7.938032062903758401e+00 7.947886255543718192e+00 7.946992389499083487e+00 7.936006000538462501e+00 7.971033052870847513e+00 7.930035228203717423e+00 7.957034553763897122e+00 7.922346073215788209e+00 7.921488804861780864e+00 9.876201540955822367e+00 1.378975869464248305e+01 1.044313679764347214e+01 1.381353496750466192e+01 1.403959020112072409e+01 1.202241166083927837e+01 1.463893410627899883e+01 1.195279154333336891e+01 1.085328895017635276e+01 1.328436728476968653e+01 1.072641293633452619e+01 1.053893601220740095e+01 1.210380167465613610e+01 1.019252677197432533e+01 0.000000000000000000e+00 6.527146014446161715e+00 6.542662954471328618e+00 6.574815280938956619e+00 6.572357086596494646e+00 1.022380753931510355e+01
2.800000000000000000e+01 7.344927209199481055e+00 4.317068247735273090e+00 3.411163973072474320e+00 2.027045532208299861e+00 2.037419704136882004e+00 2.036775995338365064e+00 2.025714579822492922e+00 2.061167812348408290e+00 2.018978703766364902e+00 2.047000303284384870e+00 2.012250526950076335e+00 2.012023464200257905e+00 3.895279993685589304e+00 8.274624415369784103e+00 4.416056404468834629e+00 8.287024381919577465e+00 8.599990479769878959e+00 6.606260420861945093e+00 9.349734299028691353e+00 6.632429166006787113e+00 4.764538294154569087e+00 8.033681643306000097e+00 4.584688138221794773e+00 4.352357488832357291e+00 7.168410442490232626e+00 6.862639810024019127e+00 6.527146014446161715e+00 0.000000000000000000e+00 6.260709493244487334e-02 1.023498009573007295e-01 9.737940916567033867e-02 4.344592889440546557e+00
2.900000000000000000e+01 7.344283180265746225e+00 4.316710710477517310e+00 3.410998444272152597e+00 2.026873058685348283e+00 2.037253678178958083e+00 2.036613090399505666e+00 2.025550868428243945e+00 2.061009099151126733e+00 2.018804380198215398e+00 2.046839662886231537e+00 2.012088889569335848e+00 2.011871748614611377e+00 3.893703106025258265e+00 8.278281125483285763e+00 4.413326891901727222e+00 8.291025122802979652e+00 8.604520865257088147e+00 6.611230058302634660e+00 9.355313422593242834e+00 6.638065236464141705e+00 4.760425397150921611e+00 8.040305386475589344e+00 4.579226156326724251e+00 4.345869996454201356e+00 7.182713768403925059e+00 6.878005626147963625e+00 6.542662954471328618e+00 6.260709493244487334e-02 0.000000000000000000e+00 8.291114658109499658e-02 9.616007744534815771e-02 4.361131905256211638e+00
3.000000000000000000e+01 7.355568101534654346e+00 4.328770287129344752e+00 3.423479342711001294e+00 2.039340155355610307e+00 2.049733979185818455e+00 2.049099603834802608e+00 2.038036881559172286e+00 2.073502420530026313e+00 2.031270137749318749e+00 2.059330337567621072e+00 2.024583631732271627e+00 2.024386063936766789e+00 3.903857811732358130e+00 8.295947626129503760e+00 4.421815170289548291e+00 8.309250214493399511e+00 8.623378203647547480e+00 6.630712361025070223e+00 9.375490413481994523e+00 6.658378162468419958e+00 4.767563674204868818e+00 8.061959607275422712e+00 4.584593602677445645e+00 4.350187814193885671e+00 7.213862180314340122e+00 6.910070148978732618e+00 6.574815280938956619e+00 1.023498009573007295e-01 8.291114658109499658e-02 0.000000000000000000e+00 1.241727058380206472e-01 4.394638783753599398e+00
3.100000000000000000e+01 7.376128446400419314e+00 4.349615036095801024e+00 3.444265452223290502e+00 2.060130657619366978e+00 2.070520982111701436e+00 2.069884610158537974e+00 2.058824038431217751e+00 2.094282485275111405e+00 2.052066779327456736e+00 2.080113351115854492e+00 2.045377300061132608e+00 2.045170766817631325e+00 3.926960020887320546e+00 8.311254387793773901e+00 4.447308555420248943e+00 8.324109167800720854e+00 8.637437915148954204e+00 6.644159742767715038e+00 9.387985180082392134e+00 6.670834669098094416e+00 4.796226790327051681e+00 8.073029776732678187e+00 4.616052829450320694e+00 4.383781695115000154e+00 7.214546194114290323e+00 6.908505324459205177e+00 6.572357086596494646e+00 9.737940916567033867e-02 9.616007744534815771e-02 1.241727058380206472e-01 0.000000000000000000e+00 4.388707337151966925e+00
3.200000000000000000e+01 1.133096891383824811e+01 8.327303610078878648e+00 7.429391968107466937e+00 6.045076106800060245e+00 6.055657958667339358e+00 6.055102946317454382e+00 6.044087389402374555e+00 6.079518556655312267e+00 6.037132144404850465e+00 6.065369483159368968e+00 6.030988513486068570e+00 6.030986733850028259e+00 7.917361219133162820e+00 1.225770313995467120e+01 8.458192491617467113e+00 1.227679606764054654e+01 1.257767658410012501e+01 1.058423623695122373e+01 1.330793690674187957e+01 1.059824812797140225e+01 8.850912180630199799e+00 1.199678941053823422e+01 8.696635787500007098e+00 8.489649701792526315e+00 1.112804923277889202e+01 1.067474664079884406e+01 1.022380753931510355e+01 4.344592889440546557e+00 4.361131905256211638e+00 4.394638783753599398e+00 4.388707337151966925e+00 0.000000000000000000e+00
