0.000000000000000000e+00 1.000000000000000000e+00 2.000000000000000000e+00 3.000000000000000000e+00 4.000000000000000000e+00 5.000000000000000000e+00 6.000000000000000000e+00 7.000000000000000000e+00 8.000000000000000000e+00 9.000000000000000000e+00 1.000000000000000000e+01 1.100000000000000000e+01 1.200000000000000000e+01 1.300000000000000000e+01 1.400000000000000000e+01 1.500000000000000000e+01 1.600000000000000000e+01 1.700000000000000000e+01 1.800000000000000000e+01 1.900000000000000000e+01 2.000000000000000000e+01 2.100000000000000000e+01 2.200000000000000000e+01 2.300000000000000000e+01 2.400000000000000000e+01 2.500000000000000000e+01 2.600000000000000000e+01 2.700000000000000000e+01 2.800000000000000000e+01 2.900000000000000000e+01 3.000000000000000000e+01 3.100000000000000000e+01 3.200000000000000000e+01
1.000000000000000000e+00 0.000000000000000000e+00 4.302138004486880440e+00 2.438104343289310805e+00 4.848148189783872297e+00 2.440056768851004421e+00 4.510404392371278881e+00 5.225674549616527109e+00 5.029588212270637904e+00 4.538879011968000476e+00 5.172492164390602554e+00 4.651550852533117286e+00 5.143021590192784487e+00 4.784319166861520145e+00 1.698687139322035300e+00 4.787317715458299539e+00 1.696776982787014720e+00 1.697466350382946576e+00 1.696882813325804484e+00 1.698030191517265530e+00 1.697227056138010060e+00 1.675827465957537621e+00 1.696701460943612627e+00 1.677562018545835310e+00 1.679375916610858388e+00 1.700695427533555071e+00 1.700332291510492810e+00 1.701374338800038410e+00 5.309047060825327513e+00 5.303955818864388050e+00 5.494451541162939989e+00 5.720995649640927994e+00 5.664188855012433521e+00
2.000000000000000000e+00 4.302138004486880440e+00 0.000000000000000000e+00 3.363649649408248621e+00 5.777592874520834698e+00 3.365610878479793122e+00 5.440660388844000828e+00 6.170842279873121505e+00 5.966485005243060691e+00 5.518000231265868472e+00 6.114999548863876200e+00 5.634772432744813209e+00 6.115928635247872336e+00 5.779726638640001468e+00 2.692422739675071952e+00 5.782555883833329524e+00 2.690552069431733972e+00 2.691227719257793805e+00 2.690657685214937089e+00 2.691795463656940335e+00 2.691000295552375743e+00 2.670168505613540688e+00 2.690490522746727731e+00 2.671905330746151108e+00 2.673720824045224376e+00 2.694499256169526014e+00 2.694131667402959174e+00 2.695173126490443494e+00 6.303259127028288056e+00 6.298303558362178478e+00 6.489258936727564375e+00 6.715293348481056412e+00 6.658182379534583362e+00
3.000000000000000000e+00 2.438104343289310805e+00 3.363649649408248621e+00 0.000000000000000000e+00 2.641575252003049101e+00 5.895645176408059740e-03 2.195448584796868552e+00 3.291389583031933519e+00 2.859989076365027749e+00 3.436291641157318999e+00 3.139910925054902435e+00 3.554179273775424086e+00 3.813485048325615523e+00 3.912098010524491798e+00 8.075866853556199487e-01 3.912219381490207759e+00 8.065642074978214282e-01 8.069450371823325696e-01 8.066651116123395582e-01 8.075956345613983789e-01 8.069716573988241493e-01 7.982898718472151156e-01 8.068013124398363267e-01 8.000071011588716363e-01 8.018135968702806426e-01 8.111235494625403941e-01 8.106568345431728329e-01 8.116840771937743337e-01 4.423513738692425257e+00 4.419752495107401202e+00 4.613211181855357168e+00 4.835589928263592796e+00 4.776092259895927228e+00
4.000000000000000000e+00 4.848148189783872297e+00 5.777592874520834698e+00 2.641575252003049101e+00 0.000000000000000000e+00 2.643038334098225306e+00 4.763100444744373441e+00 5.628494960274399439e+00 5.438654652419088187e+00 5.736790455779593678e+00 5.657443614948560295e+00 5.919130654333364383e+00 6.192501606015252236e+00 6.320919355466051215e+00 3.218557156580511780e+00 6.321292699768270573e+00 3.217412302620905162e+00 3.217835771983203141e+00 3.217514074654765466e+00 3.218474601283886294e+00 3.217825957077617094e+00 3.207455621713665828e+00 3.217606950753557182e+00 3.209175855035012681e+00 3.210983825940779468e+00 3.221884488145539294e+00 3.221431960849073128e+00 3.222461246548930625e+00 6.833790880016779035e+00 6.829871865821228738e+00 7.023017570577369639e+00 7.245870328536806682e+00 7.186686861426879958e+00
5.000000000000000000e+00 2.440056768851004421e+00 3.365610878479793122e+00 5.895645176408059740e-03 2.643038334098225306e+00 0.000000000000000000e+00 2.196960263855271656e+00 3.292715171373282068e+00 2.861976926301338153e+00 3.438140835093185466e+00 3.141703178403803420e+00 3.556028250573313620e+00 3.815273241108579683e+00 3.914048238099864463e+00 8.095386189192605997e-01 3.914169702204604029e+00 8.085160184218302959e-01 8.088968911484104574e-01 8.086169239824654298e-01 8.095474773479864883e-01 8.089234755630663187e-01 8.002401799027454299e-01 8.087530828163478347e-01 8.019574120015360297e-01 8.037639092116986017e-01 8.130752766837547885e-01 8.126085755849647985e-01 8.136358202325115752e-01 4.425465042023176032e+00 4.421703663672825968e+00 4.615162096914383838e+00 4.837541242427027655e+00 4.778043846007456352e+00
6.000000000000000000e+00 4.510404392371278881e+00 5.440660388844000828e+00 2.195448584796868552e+00 4.763100444744373441e+00 2.196960263855271656e+00 0.000000000000000000e+00 4.913669295357785849e+00 4.927048708722279180e+00 5.485575035941837818e+00 4.944863663123186370e+00 5.572576017253083158e+00 5.765924070234188292e+00 5.983335306859439484e+00 2.879203508761730923e+00 5.983414417551348841e+00 2.878138697739852869e+00 2.878534538299431400e+00 2.878240382918425766e+00 2.879181551780730430e+00 2.878549125735976322e+00 2.869436068382566596e+00 2.878362752016673465e+00 2.871154116921759147e+00 2.872961124948094636e+00 2.882670873403713863e+00 2.882208732498853010e+00 2.883236643141326994e+00 6.494942898131980336e+00 6.491146114408913093e+00 6.684544477329746215e+00 6.907026018656592825e+00 6.847602498976804952e+00
7.000000000000000000e+00 5.225674549616527109e+00 6.170842279873121505e+00 3.291389583031933519e+00 5.628494960274399439e+00 3.292715171373282068e+00 4.913669295357785849e+00 0.000000000000000000e+00 5.847047958767544351e+00 6.094155929759511814e+00 5.599871786219162928e+00 6.075307521270828737e+00 6.083089287304829895e+00 6.695371949696378167e+00 3.593454260342634932e+00 6.695482313075925340e+00 3.592216438151937030e+00 3.592673039249498768e+00 3.592320227878670558e+00 3.593304304492564327e+00 3.592637157869212228e+00 3.581436319217435660e+00 3.592383455983634288e+00 3.583158250981975712e+00 3.584967415519881406e+00 3.596630854041828584e+00 3.596188166832422262e+00 3.597218898341396631e+00 7.208320134003373347e+00 7.204339507015799171e+00 7.397397506490975161e+00 7.620421365405521286e+00 7.561370252617376053e+00
8.000000000000000000e+00 5.029588212270637904e+00 5.966485005243060691e+00 2.859989076365027749e+00 5.438654652419088187e+00 2.861976926301338153e+00 4.927048708722279180e+00 5.847047958767544351e+00 0.000000000000000000e+00 6.040636154901867449e+00 5.140774163101747618e+00 6.110003358765173864e+00 6.267827664576918423e+00 6.500749104467949735e+00 3.394028653117814542e+00 6.500364409936893573e+00 3.393048963610703961e+00 3.393416319442893236e+00 3.393152244483379931e+00 3.394073754084883099e+00 3.393458874149929638e+00 3.386099813499650502e+00 3.393310033601289799e+00 3.387814909040238298e+00 3.389620755973899335e+00 3.397655342280743618e+00 3.397181792581373649e+00 3.398208094757615427e+00 7.010447132516120838e+00 7.006829560503359033e+00 7.200615765622972120e+00 7.422546376560704928e+00 7.362777175877894820e+00
9.000000000000000000e+00 4.538879011968000476e+00 5.518000231265868472e+00 3.436291641157318999e+00 5.736790455779593678e+00 3.438140835093185466e+00 5.485575035941837818e+00 6.094155929759511814e+00 6.040636154901867449e+00 0.000000000000000000e+00 6.158292672077012142e+00 5.603888840985965736e+00 6.117334609096623410e+00 6.004422931236309324e+00 2.913656325742353559e+00 6.006293887404045684e+00 2.911881710782145749e+00 2.912524134960973843e+00 2.911987081539724187e+00 2.913101554152284223e+00 2.912325819914146852e+00 2.892972243614729599e+00 2.911854963676051344e+00 2.894708738828644989e+00 2.896524507867852094e+00 2.915900085140855857e+00 2.915521175727118219e+00 2.916561052469811344e+00 6.525249486599716597e+00 6.520490789823391253e+00 6.711971443829968464e+00 6.937343603753989285e+00 6.879821705585474234e+00
1.000000000000000000e+01 5.172492164390602554e+00 6.114999548863876200e+00 3.139910925054902435e+00 5.657443614948560295e+00 3.141703178403803420e+00 4.944863663123186370e+00 5.599871786219162928e+00 5.140774163101747618e+00 6.158292672077012142e+00 0.000000000000000000e+00 6.164051099088108110e+00 6.165426281448979751e+00 6.642439868097650191e+00 3.537215732232181331e+00 6.642080902077108995e+00 3.536123771452061693e+00 3.536530429663231612e+00 3.536228163834192806e+00 3.537177378889813539e+00 3.536539921745055270e+00 3.527803147988880283e+00 3.536346959834069548e+00 3.529520664202522973e+00 3.531327878167674683e+00 3.540652180822436712e+00 3.540191430386069982e+00 3.541219584914910179e+00 7.153049883474460025e+00 7.149308054975353599e+00 7.342857202433014763e+00 7.565158182871556392e+00 7.505642162260730998e+00
1.100000000000000000e+01 4.651550852533117286e+00 5.634772432744813209e+00 3.554179273775424086e+00 5.919130654333364383e+00 3.556028250573313620e+00 5.572576017253083158e+00 6.075307521270828737e+00 6.110003358765173864e+00 5.603888840985965736e+00 6.164051099088108110e+00 0.000000000000000000e+00 5.560407588373783128e+00 6.113714028427507330e+00 3.020656651315010599e+00 6.114521505250913869e+00 3.018903890305530968e+00 3.019539168915527316e+00 3.019009958119814208e+00 3.020119546315476633e+00 3.019348362298073685e+00 3.000633801106840970e+00 3.018887610489880746e+00 3.002369997083425446e+00 3.004186058746172172e+00 3.022943140752857083e+00 3.022561151613305519e+00 3.023600615956825166e+00 6.632535684967334255e+00 6.627864306369989578e+00 6.819580045681840730e+00 7.044660368899995362e+00 6.986966528088910167e+00
1.200000000000000000e+01 5.143021590192784487e+00 6.115928635247872336e+00 3.813485048325615523e+00 6.192501606015252236e+00 3.815273241108579683e+00 5.765924070234188292e+00 6.083089287304829895e+00 6.267827664576918423e+00 6.117334609096623410e+00 6.165426281448979751e+00 5.560407588373783128e+00 0.000000000000000000e+00 6.606320662129002486e+00 3.507430666873445624e+00 6.606004862942676858e+00 3.505894385111476996e+00 3.506455734344946951e+00 3.506001658342566607e+00 3.507059683016414020e+00 3.506332611415705625e+00 3.491616186209741457e+00 3.505962513133626057e+00 3.493344893461104661e+00 3.495158089086938702e+00 3.510104806909773778e+00 3.509695807730976114e+00 3.510731432385251871e+00 7.120831217203266839e+00 7.116550970040993462e+00 7.309078035232046133e+00 7.532974981980137485e+00 7.474533580403406319e+00
1.300000000000000000e+01 4.784319166861520145e+00 5.779726638640001468e+00 3.912098010524491798e+00 6.320919355466051215e+00 3.914048238099864463e+00 5.983335306859439484e+00 6.695371949696378167e+00 6.500749104467949735e+00 6.004422931236309324e+00 6.642439868097650191e+00 6.113714028427507330e+00 6.606320662129002486e+00 0.000000000000000000e+00 3.154425369958973491e+00 5.979709252917358775e+00 3.152505053711043725e+00 3.153197542968108724e+00 3.152610489008437433e+00 3.153759714107957635e+00 3.152954609000751862e+00 3.131020292084066625e+00 3.152424343008715990e+00 3.132620475709694041e+00 3.134359799477155484e+00 3.156410329128656933e+00 3.156044886842855668e+00 3.157085335858629271e+00 6.759163720094456984e+00 6.752170164751120751e+00 6.934661615417621050e+00 7.169211820541720570e+00 7.116898023625555680e+00
1.400000000000000000e+01 1.698687139322035300e+00 2.692422739675071952e+00 8.075866853556199487e-01 3.218557156580511780e+00 8.095386189192605997e-01 2.879203508761730923e+00 3.593454260342634932e+00 3.394028653117814542e+00 2.913656325742353559e+00 3.537215732232181331e+00 3.020656651315010599e+00 3.507430666873445624e+00 3.154425369958973491e+00 0.000000000000000000e+00 3.149590251892057324e+00 6.982473565201763321e-03 5.940799614717384713e-03 6.851082645994877041e-03 6.524699397977062887e-03 6.780239945864741102e-03 3.255952745060963771e-02 7.854362913357393339e-03 3.422356213613020337e-02 3.600312533176186491e-02 1.318865108258626684e-02 1.237461056746425037e-02 1.335100048341630874e-02 3.635987951435841303e+00 3.635520230223288962e+00 3.835744153791543098e+00 4.048046217106010758e+00 3.981744517018753982e+00
1.500000000000000000e+01 4.787317715458299539e+00 5.782555883833329524e+00 3.912219381490207759e+00 6.321292699768270573e+00 3.914169702204604029e+00 5.983414417551348841e+00 6.695482313075925340e+00 6.500364409936893573e+00 6.006293887404045684e+00 6.642080902077108995e+00 6.114521505250913869e+00 6.606004862942676858e+00 5.979709252917358775e+00 3.149590251892057324e+00 0.000000000000000000e+00 3.147667143727186367e+00 3.148360453789849078e+00 3.147772399684702904e+00 3.148922052478089206e+00 3.148116400412370286e+00 3.124566956021340935e+00 3.147584721988354151e+00 3.125966361646428382e+00 3.127622649791462983e+00 3.151567889045660209e+00 3.151201390917289125e+00 3.152241183018764659e+00 6.751973067330976797e+00 6.744115233024849942e+00 6.923345435043081864e+00 7.161325862654139840e+00 7.110853922594307264e+00
1.600000000000000000e+01 1.696776982787014720e+00 2.690552069431733972e+00 8.065642074978214282e-01 3.217412302620905162e+00 8.085160184218302959e-01 2.878138697739852869e+00 3.592216438151937030e+00 3.393048963610703961e+00 2.911881710782145749e+00 3.536123771452061693e+00 3.018903890305530968e+00 3.505894385111476996e+00 3.152505053711043725e+00 6.982473565201763321e-03 3.147667143727186367e+00 0.000000000000000000e+00 5.545796320168605575e-03 4.632294150049842685e-03 6.751749097831494240e-03 5.858374909673225162e-03 3.063366583111615249e-02 6.324603037681564288e-03 3.229772726435697905e-02 3.407732021567744241e-02 1.166027587510831687e-02 1.094869303406986738e-02 1.194247454606833792e-02 3.634171684682502068e+00 3.633678172255034866e+00 3.833889758146451499e+00 4.046294379792648499e+00 3.980204953317839411e+00
1.700000000000000000e+01 1.697466350382946576e+00 2.691227719257793805e+00 8.069450371823325696e-01 3.217835771983203141e+00 8.088968911484104574e-01 2.878534538299431400e+00 3.592673039249498768e+00 3.393416319442893236e+00 2.912524134960973843e+00 3.536530429663231612e+00 3.019539168915527316e+00 3.506455734344946951e+00 3.153197542968108724e+00 5.940799614717384713e-03 3.148360453789849078e+00 5.545796320168605575e-03 0.000000000000000000e+00 5.092073228990745548e-03 5.743661974264790970e-03 5.146235759238004803e-03 3.132845685158325288e-02 6.473482246440287469e-03 3.299245648032878009e-02 3.477199867026503632e-02 1.190604026217689793e-02 1.109919304182827027e-02 1.207724480187089000e-02 3.634735886422412854e+00 3.634272066516501809e+00 3.834501309128471647e+00 4.046791263490327140e+00 3.980477409778714559e+00
1.800000000000000000e+01 1.696882813325804484e+00 2.690657685214937089e+00 8.066651116123395582e-01 3.217514074654765466e+00 8.086169239824654298e-01 2.878240382918425766e+00 3.592320227878670558e+00 3.393152244483379931e+00 2.911987081539724187e+00 3.536228163834192806e+00 3.019009958119814208e+00 3.506001658342566607e+00 3.152610489008437433e+00 6.851082645994877041e-03 3.147772399684702904e+00 4.632294150049842685e-03 5.092073228990745548e-03 0.000000000000000000e+00 6.283640973737680824e-03 5.075768798335378307e-03 3.073953162044928966e-02 5.872823430419948920e-03 3.240353131140594201e-02 3.418307645498730452e-02 1.141950497265686870e-02 1.065935637768955502e-02 1.164578659304416064e-02 3.634174898038996737e+00 3.633704391833362024e+00 3.833931506078151585e+00 4.046250364567837821e+00 3.980003595382589410e+00
1.900000000000000000e+01 1.698030191517265530e+00 2.691795463656940335e+00 8.075956345613983789e-01 3.218474601283886294e+00 8.095474773479864883e-01 2.879181551780730430e+00 3.593304304492564327e+00 3.394073754084883099e+00 2.913101554152284223e+00 3.537177378889813539e+00 3.020119546315476633e+00 3.507059683016414020e+00 3.153759714107957635e+00 6.524699397977062887e-03 3.148922052478089206e+00 6.751749097831494240e-03 5.743661974264790970e-03 6.283640973737680824e-03 0.000000000000000000e+00 5.430214897217178205e-03 3.189070614951639016e-02 6.645243700243996798e-03 3.355462002929154863e-02 3.533409737179171728e-02 1.198012899820799504e-02 1.105797097145622132e-02 1.201614006295503856e-02 3.635149307268338070e+00 3.634718602986348301e+00 3.834969131059214220e+00 4.047131302661911789e+00 3.980569092592919134e+00
2.000000000000000000e+01 1.697227056138010060e+00 2.691000295552375743e+00 8.069716573988241493e-01 3.217825957077617094e+00 8.089234755630663187e-01 2.878549125735976322e+00 3.592637157869212228e+00 3.393458874149929638e+00 2.912325819914146852e+00 3.536539921745055270e+00 3.019348362298073685e+00 3.506332611415705625e+00 3.152954609000751862e+00 6.780239945864741102e-03 3.148116400412370286e+00 5.858374909673225162e-03 5.146235759238004803e-03 5.075768798335378307e-03 5.430214897217178205e-03 0.000000000000000000e+00 3.108439579171951017e-02 5.654974833462889094e-03 3.274832069645428057e-02 3.452780811425371077e-02 1.130135282869670910e-02 1.044186190800222569e-02 1.141198069122073555e-02 3.634382209231294958e+00 3.633942576223503806e+00 3.834189050806525501e+00 4.046388983396456140e+00 3.979911478169324113e+00
2.100000000000000000e+01 1.675827465957537621e+00 2.670168505613540688e+00 7.982898718472151156e-01 3.207455621713665828e+00 8.002401799027454299e-01 2.869436068382566596e+00 3.581436319217435660e+00 3.386099813499650502e+00 2.892972243614729599e+00 3.527803147988880283e+00 3.000633801106840970e+00 3.491616186209741457e+00 3.131020292084066625e+00 3.255952745060963771e-02 3.124566956021340935e+00 3.063366583111615249e-02 3.132845685158325288e-02 3.073953162044928966e-02 3.189070614951639016e-02 3.108439579171951017e-02 0.000000000000000000e+00 3.055242767852250907e-02 5.958283680599141263e-03 7.854796314436862659e-03 3.454033779512832858e-02 3.417906975410089920e-02 3.522137424157212315e-02 3.642517316183528031e+00 3.637138710935301944e+00 3.827580499461404884e+00 4.054623988783408350e+00 3.997993473945250287e+00
2.200000000000000000e+01 1.696701460943612627e+00 2.690490522746727731e+00 8.068013124398363267e-01 3.217606950753557182e+00 8.087530828163478347e-01 2.878362752016673465e+00 3.592383455983634288e+00 3.393310033601289799e+00 2.911854963676051344e+00 3.536346959834069548e+00 3.018887610489880746e+00 3.505962513133626057e+00 3.152424343008715990e+00 7.854362913357393339e-03 3.147584721988354151e+00 6.324603037681564288e-03 6.473482246440287469e-03 5.872823430419948920e-03 6.645243700243996798e-03 5.654974833462889094e-03 3.055242767852250907e-02 0.000000000000000000e+00 3.221627119106895698e-02 3.399569890957132579e-02 1.040993629712128055e-02 9.595220537266468952e-03 1.057771355709946626e-02 3.633750692550250072e+00 3.633333294261463564e+00 3.833598123352240705e+00 4.045723475654574131e+00 3.979138253547279902e+00
2.300000000000000000e+01 1.677562018545835310e+00 2.671905330746151108e+00 8.000071011588716363e-01 3.209175855035012681e+00 8.019574120015360297e-01 2.871154116921759147e+00 3.583158250981975712e+00 3.387814909040238298e+00 2.894708738828644989e+00 3.529520664202522973e+00 3.002369997083425446e+00 3.493344893461104661e+00 3.132620475709694041e+00 3.422356213613020337e-02 3.125966361646428382e+00 3.229772726435697905e-02 3.299245648032878009e-02 3.240353131140594201e-02 3.355462002929154863e-02 3.274832069645428057e-02 5.958283680599141263e-03 3.221627119106895698e-02 0.000000000000000000e+00 5.660481690914709318e-03 3.620369201636686185e-02 3.584211380117108270e-02 3.688425582155141491e-02 3.643477041602332100e+00 3.637750232191788058e+00 3.827483307205943319e+00 4.055522241764096592e+00 3.999379062094854831e+00
2.400000000000000000e+01 1.679375916610858388e+00 2.673720824045224376e+00 8.018135968702806426e-01 3.210983825940779468e+00 8.037639092116986017e-01 2.872961124948094636e+00 3.584967415519881406e+00 3.389620755973899335e+00 2.896524507867852094e+00 3.531327878167674683e+00 3.004186058746172172e+00 3.495158089086938702e+00 3.134359799477155484e+00 3.600312533176186491e-02 3.127622649791462983e+00 3.407732021567744241e-02 3.477199867026503632e-02 3.418307645498730452e-02 3.533409737179171728e-02 3.452780811425371077e-02 7.854796314436862659e-03 3.399569890957132579e-02 5.660481690914709318e-03 0.000000000000000000e+00 3.798275009918516965e-02 3.762094269803739621e-02 3.866296449946315938e-02 3.644729552516507987e+00 3.638740421711430528e+00 3.827950879162063558e+00 4.056732083876681827e+00 4.000952079517901439e+00
2.500000000000000000e+01 1.700695427533555071e+00 2.694499256169526014e+00 8.111235494625403941e-01 3.221884488145539294e+00 8.130752766837547885e-01 2.882670873403713863e+00 3.596630854041828584e+00 3.397655342280743618e+00 2.915900085140855857e+00 3.540652180822436712e+00 3.022943140752857083e+00 3.510104806909773778e+00 3.156410329128656933e+00 1.318865108258626684e-02 3.151567889045660209e+00 1.166027587510831687e-02 1.190604026217689793e-02 1.141950497265686870e-02 1.198012899820799504e-02 1.130135282869670910e-02 3.454033779512832858e-02 1.040993629712128055e-02 3.620369201636686185e-02 3.798275009918516965e-02 0.000000000000000000e+00 9.989898878607572641e-03 1.136684781606001060e-02 3.636738453753861400e+00 3.636568571283875784e+00 3.836987700688823111e+00 4.048265251399246978e+00 3.980494127015735017e+00
2.600000000000000000e+01 1.700332291510492810e+00 2.694131667402959174e+00 8.106568345431728329e-01 3.221431960849073128e+00 8.126085755849647985e-01 2.882208732498853010e+00 3.596188166832422262e+00 3.397181792581373649e+00 2.915521175727118219e+00 3.540191430386069982e+00 3.022561151613305519e+00 3.509695807730976114e+00 3.156044886842855668e+00 1.237461056746425037e-02 3.151201390917289125e+00 1.094869303406986738e-02 1.109919304182827027e-02 1.065935637768955502e-02 1.105797097145622132e-02 1.044186190800222569e-02 3.417906975410089920e-02 9.595220537266468952e-03 3.584211380117108270e-02 3.762094269803739621e-02 9.989898878607572641e-03 0.000000000000000000e+00 5.866102031995890087e-03 3.635694979732993382e+00 3.635647608540176989e+00 3.836117284110402537e+00 4.046694852361897077e+00 3.976809229857282801e+00
2.700000000000000000e+01 1.701374338800038410e+00 2.695173126490443494e+00 8.116840771937743337e-01 3.222461246548930625e+00 8.136358202325115752e-01 2.883236643141326994e+00 3.597218898341396631e+00 3.398208094757615427e+00 2.916561052469811344e+00 3.541219584914910179e+00 3.023600615956825166e+00 3.510731432385251871e+00 3.157085335858629271e+00 1.335100048341630874e-02 3.152241183018764659e+00 1.194247454606833792e-02 1.207724480187089000e-02 1.164578659304416064e-02 1.201614006295503856e-02 1.141198069122073555e-02 3.522137424157212315e-02 1.057771355709946626e-02 3.688425582155141491e-02 3.866296449946315938e-02 1.136684781606001060e-02 5.866102031995890087e-03 0.000000000000000000e+00 3.636413898790213928e+00 3.636418614773200275e+00 3.836908189393914981e+00 4.047157089249731499e+00 3.976048249611320529e+00
2.800000000000000000e+01 5.309047060825327513e+00 6.303259127028288056e+00 4.423513738692425257e+00 6.833790880016779035e+00 4.425465042023176032e+00 6.494942898131980336e+00 7.208320134003373347e+00 7.010447132516120838e+00 6.525249486599716597e+00 7.153049883474460025e+00 6.632535684967334255e+00 7.120831217203266839e+00 6.759163720094456984e+00 3.635987951435841303e+00 6.751973067330976797e+00 3.634171684682502068e+00 3.634735886422412854e+00 3.634174898038996737e+00 3.635149307268338070e+00 3.634382209231294958e+00 3.642517316183528031e+00 3.633750692550250072e+00 3.643477041602332100e+00 3.644729552516507987e+00 3.636738453753861400e+00 3.635694979732993382e+00 3.636413898790213928e+00 0.000000000000000000e+00 5.258652946227268643e+00 6.451007115560534189e+00 5.817988881600481221e+00 7.070447364589744765e+00
2.900000000000000000e+01 5.303955818864388050e+00 6.298303558362178478e+00 4.419752495107401202e+00 6.829871865821228738e+00 4.421703663672825968e+00 6.491146114408913093e+00 7.204339507015799171e+00 7.006829560503359033e+00 6.520490789823391253e+00 7.149308054975353599e+00 6.627864306369989578e+00 7.116550970040993462e+00 6.752170164751120751e+00 3.635520230223288962e+00 6.744115233024849942e+00 3.633678172255034866e+00 3.634272066516501809e+00 3.633704391833362024e+00 3.634718602986348301e+00 3.633942576223503806e+00 3.637138710935301944e+00 3.633333294261463564e+00 3.637750232191788058e+00 3.638740421711430528e+00 3.636568571283875784e+00 3.635647608540176989e+00 3.636418614773200275e+00 5.258652946227268643e+00 0.000000000000000000e+00 5.975675772659004181e+00 6.146626436672837812e+00 7.150111046980953233e+00
3.000000000000000000e+01 5.494451541162939989e+00 6.489258936727564375e+00 4.613211181855357168e+00 7.023017570577369639e+00 4.615162096914383838e+00 6.684544477329746215e+00 7.397397506490975161e+00 7.200615765622972120e+00 6.711971443829968464e+00 7.342857202433014763e+00 6.819580045681840730e+00 7.309078035232046133e+00 6.934661615417621050e+00 3.835744153791543098e+00 6.923345435043081864e+00 3.833889758146451499e+00 3.834501309128471647e+00 3.833931506078151585e+00 3.834969131059214220e+00 3.834189050806525501e+00 3.827580499461404884e+00 3.833598123352240705e+00 3.827483307205943319e+00 3.827950879162063558e+00 3.836987700688823111e+00 3.836117284110402537e+00 3.836908189393914981e+00 6.451007115560534189e+00 5.975675772659004181e+00 0.000000000000000000e+00 6.678433993840197758e+00 7.378959768828199373e+00
3.100000000000000000e+01 5.720995649640927994e+00 6.715293348481056412e+00 4.835589928263592796e+00 7.245870328536806682e+00 4.837541242427027655e+00 6.907026018656592825e+00 7.620421365405521286e+00 7.422546376560704928e+00 6.937343603753989285e+00 7.565158182871556392e+00 7.044660368899995362e+00 7.532974981980137485e+00 7.169211820541720570e+00 4.048046217106010758e+00 7.161325862654139840e+00 4.046294379792648499e+00 4.046791263490327140e+00 4.046250364567837821e+00 4.047131302661911789e+00 4.046388983396456140e+00 4.054623988783408350e+00 4.045723475654574131e+00 4.055522241764096592e+00 4.056732083876681827e+00 4.048265251399246978e+00 4.046694852361897077e+00 4.047157089249731499e+00 5.817988881600481221e+00 6.146626436672837812e+00 6.678433993840197758e+00 0.000000000000000000e+00 7.056145734273487236e+00
3.200000000000000000e+01 5.664188855012433521e+00 6.658182379534583362e+00 4.776092259895927228e+00 7.186686861426879958e+00 4.778043846007456352e+00 6.847602498976804952e+00 7.561370252617376053e+00 7.362777175877894820e+00 6.879821705585474234e+00 7.505642162260730998e+00 6.986966528088910167e+00 7.474533580403406319e+00 7.116898023625555680e+00 3.981744517018753982e+00 7.110853922594307264e+00 3.980204953317839411e+00 3.980477409778714559e+00 3.980003595382589410e+00 3.980569092592919134e+00 3.979911478169324113e+00 3.997993473945250287e+00 3.979138253547279902e+00 3.999379062094854831e+00 4.000952079517901439e+00 3.980494127015735017e+00 3.976809229857282801e+00 3.976048249611320529e+00 7.070447364589744765e+00 7.150111046980953233e+00 7.378959768828199373e+00 7.056145734273487236e+00 0.000000000000000000e+00
