0.000000000000000000e+00 1.000000000000000000e+00 2.000000000000000000e+00 3.000000000000000000e+00 4.000000000000000000e+00 5.000000000000000000e+00 6.000000000000000000e+00 7.000000000000000000e+00 8.000000000000000000e+00 9.000000000000000000e+00 1.000000000000000000e+01 1.100000000000000000e+01 1.200000000000000000e+01 1.300000000000000000e+01 1.400000000000000000e+01 1.500000000000000000e+01 1.600000000000000000e+01 1.700000000000000000e+01 1.800000000000000000e+01 1.900000000000000000e+01 2.000000000000000000e+01 2.100000000000000000e+01 2.200000000000000000e+01 2.300000000000000000e+01 2.400000000000000000e+01 2.500000000000000000e+01 2.600000000000000000e+01 2.700000000000000000e+01 2.800000000000000000e+01 2.900000000000000000e+01 3.000000000000000000e+01 3.100000000000000000e+01 3.200000000000000000e+01
1.000000000000000000e+00 0.000000000000000000e+00 8.254696276352302409e-01 9.413817153726901088e-01 9.215327274697169280e-01 9.359427938252746770e-01 9.412733539415187867e-01 9.300802512796594312e-01 9.590111694064900050e-01 8.711193364526631511e-01 9.468042677987185129e-01 8.851772698731692479e-01 9.154538920629708976e-01 8.988897669447936112e-01 1.113358957819503559e+00 9.161231725534272341e-01 1.042032607019849566e+00 1.070001866751535413e+00 1.050239964009243909e+00 1.107084120551021345e+00 1.067499452020415518e+00 8.970187685340789141e-01 1.046190121794148942e+00 9.137257067928999943e-01 9.174943074967505385e-01 1.003657679584184725e+00 1.018662701780932212e+00 1.028691094632504521e+00 9.775696475579142009e-01 9.801920174593707902e-01 9.906356095189876587e-01 9.949271145396066940e-01 9.993766829349867153e-01
2.000000000000000000e+00 8.254696276352302409e-01 0.000000000000000000e+00 8.009222118951787595e-01 7.736945278935118964e-01 7.938375281965863728e-01 8.017271218287780332e-01 7.878943905923257995e-01 8.248188485419074567e-01 7.134937484421294274e-01 8.100550822854069022e-01 7.387748078748088698e-01 7.750158389486410115e-01 7.778626630511750184e-01 1.000831678748998144e+00 8.086888179817536271e-01 9.307202380848511591e-01 9.589720372178249796e-01 9.399191113309550705e-01 9.976645123174001650e-01 9.582072154061500591e-01 7.885077055816820391e-01 9.388490540075207225e-01 8.094776770759705142e-01 8.148108231318993422e-01 9.035415595776383757e-01 9.204643226397331013e-01 9.317924592963366948e-01 8.847312848319796030e-01 8.889859063237264269e-01 9.043958358876853509e-01 9.053179901200490987e-01 9.087143602554742516e-01
3.000000000000000000e+00 9.413817153726901088e-01 8.009222118951787595e-01 0.000000000000000000e+00 5.987128309860412223e-01 4.613086299018935854e-01 5.754395358027653007e-01 6.265207119402015357e-01 6.609768823344541744e-01 7.114782787642902617e-01 6.498327194605928447e-01 7.182797025635414556e-01 7.146073095324343427e-01 8.327091979517654563e-01 9.665274134571797404e-01 8.496999520435443154e-01 9.037006631700255088e-01 9.310561972161939259e-01 9.154708147735717283e-01 9.742003133289138805e-01 9.360975868153662560e-01 8.099860988087397295e-01 9.237159415334474932e-01 8.318632730484335491e-01 8.360992282959534005e-01 9.084930656831593510e-01 9.280226914282445616e-01 9.413122876334492073e-01 9.057302842440165813e-01 9.124723949859665506e-01 9.334600387094702523e-01 9.285249066219459779e-01 9.283690339639633082e-01
4.000000000000000000e+00 9.215327274697169280e-01 7.736945278935118964e-01 5.987128309860412223e-01 0.000000000000000000e+00 5.676447333601020162e-01 6.390259839153891175e-01 6.322164437640364065e-01 7.108293314767535342e-01 6.676387792199937055e-01 6.883972543557290713e-01 6.947321473636844935e-01 7.056705996948620108e-01 8.118171624468534242e-01 9.721415084767492942e-01 8.327224993284737531e-01 9.068168827903402285e-01 9.346207646532822544e-01 9.178981102168248807e-01 9.765239020269296244e-01 9.379315861961341483e-01 7.971238771540072321e-01 9.234367329013732917e-01 8.195244382517027359e-01 8.243307186051027635e-01 9.026008294612870575e-01 9.216113178930109839e-01 9.344757269246821707e-01 8.957609005164975935e-01 9.019991482621334544e-01 9.220935436561552567e-01 9.184132351661552507e-01 9.192315952925743661e-01
5.000000000000000000e+00 9.359427938252746770e-01 7.938375281965863728e-01 4.613086299018935854e-01 5.676447333601020162e-01 0.000000000000000000e+00 5.462455325570576559e-01 5.890883908312877226e-01 6.608189767336738463e-01 6.948502718490529029e-01 6.372382578495705552e-01 7.019168291716784136e-01 6.976934872449465086e-01 8.230996921719216930e-01 9.630355105996457610e-01 8.406893358249695192e-01 8.993376910137158564e-01 9.269175533482858498e-01 9.109690792582803009e-01 9.697719831232081145e-01 9.314913000459537074e-01 8.014366234670478040e-01 9.185260491923472603e-01 8.235745135169713071e-01 8.279772973973671402e-01 9.019649498895481177e-01 9.214287063799757593e-01 9.346484201467604169e-01 8.983565175522106871e-01 9.050291220403601233e-01 9.259644580939385694e-01 9.212233904828243114e-01 9.212849894878835100e-01
6.000000000000000000e+00 9.412733539415187867e-01 8.017271218287780332e-01 5.754395358027653007e-01 6.390259839153891175e-01 5.462455325570576559e-01 0.000000000000000000e+00 5.315107531387327500e-01 5.998658123899520689e-01 7.002289581474084867e-01 5.462772067723089542e-01 6.916196328781138991e-01 6.713123608590225722e-01 8.204585048167872818e-01 9.485350754136505635e-01 8.356516225629314620e-01 8.852083822759133636e-01 9.128956193612658421e-01 8.972047428966265503e-01 9.563028320554878281e-01 9.180778380411154238e-01 7.934783142187840088e-01 9.058250804785827892e-01 8.156602467478034635e-01 8.198704936949261501e-01 8.916840105163166275e-01 9.115020931573372120e-01 9.249748097107661771e-01 8.901230763735455964e-01 8.971247832329372063e-01 9.187937396489824771e-01 9.132781727130893090e-01 9.128829532362455756e-01
7.000000000000000000e+00 9.300802512796594312e-01 7.878943905923257995e-01 6.265207119402015357e-01 6.322164437640364065e-01 5.890883908312877226e-01 5.315107531387327500e-01 0.000000000000000000e+00 6.448675753443895431e-01 6.693790345883582349e-01 5.802721713190854835e-01 6.538585346486982530e-01 6.293875100441739256e-01 8.023212767479951379e-01 9.462245565054017149e-01 8.190943279142920419e-01 8.809942001493977770e-01 9.091056343639603021e-01 8.925823653293716298e-01 9.517346560196486838e-01 9.131252179482483022e-01 7.784430797243138134e-01 8.994351611353488263e-01 8.012237654219648286e-01 8.058560253386437555e-01 8.817640482185498119e-01 9.013535259997940141e-01 9.146137472902753363e-01 8.778513636194201775e-01 8.846266916079619236e-01 9.060259349177004484e-01 9.011113812517909105e-01 9.013050880276304300e-01
8.000000000000000000e+00 9.590111694064900050e-01 8.248188485419074567e-01 6.609768823344541744e-01 7.108293314767535342e-01 6.608189767336738463e-01 5.998658123899520689e-01 6.448675753443895431e-01 0.000000000000000000e+00 7.365121506616959524e-01 5.331607616188280829e-01 7.203416326773659506e-01 6.935255635628587711e-01 8.357641904746410111e-01 9.300325846842660837e-01 8.463589194530795057e-01 8.694423180251173999e-01 8.967765376894172302e-01 8.824195399483327762e-01 9.418543336373901287e-01 9.041584358736747262e-01 7.988796443074857034e-01 8.945723531230245218e-01 8.203774286848181108e-01 8.238342125138553573e-01 8.878521091885602790e-01 9.083979684668923582e-01 9.224511559047749998e-01 8.917718712845840168e-01 8.994627593253270437e-01 9.223757474450071658e-01 9.151546659539303574e-01 9.134594108045422933e-01
9.000000000000000000e+00 8.711193364526631511e-01 7.134937484421294274e-01 7.114782787642902617e-01 6.676387792199937055e-01 6.948502718490529029e-01 7.002289581474084867e-01 6.693790345883582349e-01 7.365121506616959524e-01 0.000000000000000000e+00 7.117178884003183548e-01 6.034039300192111099e-01 6.587430271640437596e-01 7.309301729099878520e-01 9.377335368260739656e-01 7.596073474518926227e-01 8.681173908580694931e-01 8.967758314411304887e-01 8.781294341532897008e-01 9.367223844560996771e-01 8.972707597182201233e-01 7.301532885791173211e-01 8.793079300384876174e-01 7.542862163021905042e-01 7.603605689543406765e-01 8.495918923938539091e-01 8.679923357528582795e-01 8.803116848715066833e-01 8.366690359651026698e-01 8.422943278262267075e-01 8.616597735324071916e-01 8.596146135498151652e-01 8.619869639747780310e-01
1.000000000000000000e+01 9.468042677987185129e-01 8.100550822854069022e-01 6.498327194605928447e-01 6.883972543557290713e-01 6.372382578495705552e-01 5.462772067723089542e-01 5.802721713190854835e-01 5.331607616188280829e-01 7.117178884003183548e-01 0.000000000000000000e+00 6.899637065341162057e-01 6.525456741235695635e-01 8.191622743206324886e-01 9.329859802807973779e-01 8.314291238116179317e-01 8.699271556040968356e-01 8.978106125913962732e-01 8.823698902087260265e-01 9.418695221579163057e-01 9.036757216389381675e-01 7.857994910763010932e-01 8.922176524674336751e-01 8.079254272914641044e-01 8.118590407275851906e-01 8.809047756718675348e-01 9.011318716664098449e-01 9.148942812212952358e-01 8.817423579792206256e-01 8.891207964345666515e-01 9.116022997974499997e-01 9.051928961249361416e-01 9.042532390936665054e-01
1.100000000000000000e+01 8.851772698731692479e-01 7.387748078748088698e-01 7.182797025635414556e-01 6.947321473636844935e-01 7.019168291716784136e-01 6.916196328781138991e-01 6.538585346486982530e-01 7.203416326773659506e-01 6.034039300192111099e-01 6.899637065341162057e-01 0.000000000000000000e+00 5.699930187087018929e-01 7.285453588388021151e-01 9.223453698508619070e-01 7.508369807443694421e-01 8.522923323600195555e-01 8.812968681840189777e-01 8.625639890247587260e-01 9.215743972156722474e-01 8.819991543950860269e-01 7.155900366124763323e-01 8.642294154781344773e-01 7.406221929180222263e-01 7.467738206278033974e-01 8.359627781531122626e-01 8.548395939483308670e-01 8.674628138896687268e-01 8.248408269080377275e-01 8.309264435342493815e-01 8.515864854426051789e-01 8.485233001806419262e-01 8.505541547244545031e-01
1.200000000000000000e+01 9.154538920629708976e-01 7.750158389486410115e-01 7.146073095324343427e-01 7.056705996948620108e-01 6.976934872449465086e-01 6.713123608590225722e-01 6.293875100441739256e-01 6.935255635628587711e-01 6.587430271640437596e-01 6.525456741235695635e-01 5.699930187087018929e-01 0.000000000000000000e+00 7.656711996760495742e-01 9.247269720287700778e-01 7.807523895029818695e-01 8.562148546903305402e-01 8.852461449991138043e-01 8.673661392729239417e-01 9.269167827272764004e-01 8.876185281846231678e-01 7.383644622066756202e-01 8.718464366541505139e-01 7.625806531514970343e-01 7.678617843526578390e-01 8.498050922493447512e-01 8.693794742954896737e-01 8.825261276391713761e-01 8.435812085070880650e-01 8.503309213006879919e-01 8.722008245229957435e-01 8.674929006869002146e-01 8.683368648279191637e-01
1.300000000000000000e+01 8.988897669447936112e-01 7.778626630511750184e-01 8.327091979517654563e-01 8.118171624468534242e-01 8.230996921719216930e-01 8.204585048167872818e-01 8.023212767479951379e-01 8.357641904746410111e-01 7.309301729099878520e-01 8.191622743206324886e-01 7.285453588388021151e-01 7.656711996760495742e-01 0.000000000000000000e+00 9.751131978293572367e-01 6.754897406125129899e-01 9.012057544667426701e-01 9.302758969492606056e-01 9.095259008566647374e-01 9.673716879637164201e-01 9.271222641798040343e-01 7.200288959835956515e-01 9.047674478567986345e-01 7.451213445910985778e-01 7.547471292424920986e-01 8.621088653904609433e-01 8.790425754113602164e-01 8.902523936493544898e-01 8.381270987664201089e-01 8.417978907339078720e-01 8.575013835222167202e-01 8.605388674015715944e-01 8.660550297748094151e-01
1.400000000000000000e+01 1.113358957819503559e+00 1.000831678748998144e+00 9.665274134571797404e-01 9.721415084767492942e-01 9.630355105996457610e-01 9.485350754136505635e-01 9.462245565054017149e-01 9.300325846842660837e-01 9.377335368260739656e-01 9.329859802807973779e-01 9.223453698508619070e-01 9.247269720287700778e-01 9.751131978293572367e-01 0.000000000000000000e+00 9.619962968576899476e-01 6.575303901716507138e-01 5.744395782444702281e-01 6.474662358813980667e-01 6.111573050182952382e-01 6.392874513883781695e-01 8.853256607417321344e-01 7.172409382377289422e-01 8.981132666138323950e-01 8.940951823840490587e-01 8.424453647788476829e-01 8.666625220536074981e-01 8.875645463394670198e-01 9.250416213441378099e-01 9.398699492902051755e-01 9.729678011322435704e-01 9.469334165633745970e-01 9.259169981248497328e-01
1.500000000000000000e+01 9.161231725534272341e-01 8.086888179817536271e-01 8.496999520435443154e-01 8.327224993284737531e-01 8.406893358249695192e-01 8.356516225629314620e-01 8.190943279142920419e-01 8.463589194530795057e-01 7.596073474518926227e-01 8.314291238116179317e-01 7.508369807443694421e-01 7.807523895029818695e-01 6.754897406125129899e-01 9.619962968576899476e-01 0.000000000000000000e+00 8.860657933147610965e-01 9.153910320969873560e-01 8.936529085269824257e-01 9.512718040201837422e-01 9.106150746285113229e-01 6.644711212237368603e-01 8.862570576666126687e-01 6.945262044694203718e-01 7.110196625622460243e-01 8.379787848646798043e-01 8.547624299190057506e-01 8.658070024840121004e-01 8.089935707597258885e-01 8.117053545651571334e-01 8.267470907387386436e-01 8.327477617397457399e-01 8.404326386816908245e-01
1.600000000000000000e+01 1.042032607019849566e+00 9.307202380848511591e-01 9.037006631700255088e-01 9.068168827903402285e-01 8.993376910137158564e-01 8.852083822759133636e-01 8.809942001493977770e-01 8.694423180251173999e-01 8.681173908580694931e-01 8.699271556040968356e-01 8.522923323600195555e-01 8.562148546903305402e-01 9.012057544667426701e-01 6.575303901716507138e-01 8.860657933147610965e-01 0.000000000000000000e+00 5.483417164527844001e-01 4.618180309402775130e-01 6.523563231530629114e-01 5.786279442843769161e-01 8.065501503906078451e-01 6.173867195081146342e-01 8.186950636248854218e-01 8.140711275886305387e-01 7.587572819068031382e-01 7.875969618010911777e-01 8.096217675758863308e-01 8.435626778336994258e-01 8.588266997536269098e-01 8.928103698676064237e-01 8.659568103637681480e-01 8.452984057158913211e-01
1.700000000000000000e+01 1.070001866751535413e+00 9.589720372178249796e-01 9.310561972161939259e-01 9.346207646532822544e-01 9.269175533482858498e-01 9.128956193612658421e-01 9.091056343639603021e-01 8.967765376894172302e-01 8.967758314411304887e-01 8.978106125913962732e-01 8.812968681840189777e-01 8.852461449991138043e-01 9.302758969492606056e-01 5.744395782444702281e-01 9.153910320969873560e-01 5.483417164527844001e-01 0.000000000000000000e+00 5.053680678930141390e-01 5.633396447209664260e-01 5.100443782370422952e-01 8.365352494986275644e-01 6.270968748066458875e-01 8.485172218525064425e-01 8.438264385121942990e-01 7.802386656789466191e-01 8.059355199568656314e-01 8.278464492510322348e-01 8.711141324927808016e-01 8.866156821345116956e-01 9.206330967417124533e-01 8.928469415828540479e-01 8.701012114523430929e-01
1.800000000000000000e+01 1.050239964009243909e+00 9.399191113309550705e-01 9.154708147735717283e-01 9.178981102168248807e-01 9.109690792582803009e-01 8.972047428966265503e-01 8.925823653293716298e-01 8.824195399483327762e-01 8.781294341532897008e-01 8.823698902087260265e-01 8.625639890247587260e-01 8.673661392729239417e-01 9.095259008566647374e-01 6.474662358813980667e-01 8.936529085269824257e-01 4.618180309402775130e-01 5.053680678930141390e-01 0.000000000000000000e+00 6.130039034628820271e-01 5.051873371052866268e-01 8.134689862491082391e-01 5.780513157986497674e-01 8.250516707677461037e-01 8.200099917435161867e-01 7.521186633795353682e-01 7.803799194948894957e-01 8.030777223461129655e-01 8.459434689042409916e-01 8.617436134417937321e-01 8.962583462709947657e-01 8.678200178219347416e-01 8.448914063556346443e-01
1.900000000000000000e+01 1.107084120551021345e+00 9.976645123174001650e-01 9.742003133289138805e-01 9.765239020269296244e-01 9.697719831232081145e-01 9.563028320554878281e-01 9.517346560196486838e-01 9.418543336373901287e-01 9.367223844560996771e-01 9.418695221579163057e-01 9.215743972156722474e-01 9.269167827272764004e-01 9.673716879637164201e-01 6.111573050182952382e-01 9.512718040201837422e-01 6.523563231530629114e-01 5.633396447209664260e-01 6.130039034628820271e-01 0.000000000000000000e+00 5.351642152535669439e-01 8.713144544229065591e-01 6.395654899310734276e-01 8.824318973243238107e-01 8.771001075948894332e-01 7.951357842978676871e-01 8.168934945177823703e-01 8.389517290425596574e-01 8.988006809178999967e-01 9.151289860168776436e-01 9.499376725349490957e-01 9.195975537701469582e-01 8.928303612706404158e-01
2.000000000000000000e+01 1.067499452020415518e+00 9.582072154061500591e-01 9.360975868153662560e-01 9.379315861961341483e-01 9.314913000459537074e-01 9.180778380411154238e-01 9.131252179482483022e-01 9.041584358736747262e-01 8.972707597182201233e-01 9.036757216389381675e-01 8.819991543950860269e-01 8.876185281846231678e-01 9.271222641798040343e-01 6.392874513883781695e-01 9.106150746285113229e-01 5.786279442843769161e-01 5.100443782370422952e-01 5.051873371052866268e-01 5.351642152535669439e-01 0.000000000000000000e+00 8.299882917032788132e-01 5.583294594854619763e-01 8.410140954331565277e-01 8.355756445218529560e-01 7.537619651451314962e-01 7.792478007740391011e-01 8.022536926760777121e-01 8.575376989400317340e-01 8.739014117399135362e-01 9.088973062859808660e-01 8.786675911083344781e-01 8.527665917916079641e-01
2.100000000000000000e+01 8.970187685340789141e-01 7.885077055816820391e-01 8.099860988087397295e-01 7.971238771540072321e-01 8.014366234670478040e-01 7.934783142187840088e-01 7.784430797243138134e-01 7.988796443074857034e-01 7.301532885791173211e-01 7.857994910763010932e-01 7.155900366124763323e-01 7.383644622066756202e-01 7.200288959835956515e-01 8.853256607417321344e-01 6.644711212237368603e-01 8.065501503906078451e-01 8.365352494986275644e-01 8.134689862491082391e-01 8.713144544229065591e-01 8.299882917032788132e-01 0.000000000000000000e+00 8.032852153316591970e-01 5.353052538270285376e-01 5.872378656931280805e-01 7.498150635408828979e-01 7.678730338700545666e-01 7.796334038738887973e-01 7.210661348671182358e-01 7.256857369848808137e-01 7.479227020026424366e-01 7.495142232024464279e-01 7.572849402186577761e-01
2.200000000000000000e+01 1.046190121794148942e+00 9.388490540075207225e-01 9.237159415334474932e-01 9.234367329013732917e-01 9.185260491923472603e-01 9.058250804785827892e-01 8.994351611353488263e-01 8.945723531230245218e-01 8.793079300384876174e-01 8.922176524674336751e-01 8.642294154781344773e-01 8.718464366541505139e-01 9.047674478567986345e-01 7.172409382377289422e-01 8.862570576666126687e-01 6.173867195081146342e-01 6.270968748066458875e-01 5.780513157986497674e-01 6.395654899310734276e-01 5.583294594854619763e-01 8.032852153316591970e-01 0.000000000000000000e+00 8.131870241011599498e-01 8.068454846946322423e-01 7.029669581260475919e-01 7.340084211348856247e-01 7.598613295527563150e-01 8.230847394788313176e-01 8.404422631800758658e-01 8.766806675255371939e-01 8.438694187626519794e-01 8.154505624571067868e-01
2.300000000000000000e+01 9.137257067928999943e-01 8.094776770759705142e-01 8.318632730484335491e-01 8.195244382517027359e-01 8.235745135169713071e-01 8.156602467478034635e-01 8.012237654219648286e-01 8.203774286848181108e-01 7.542862163021905042e-01 8.079254272914641044e-01 7.406221929180222263e-01 7.625806531514970343e-01 7.451213445910985778e-01 8.981132666138323950e-01 6.945262044694203718e-01 8.186950636248854218e-01 8.485172218525064425e-01 8.250516707677461037e-01 8.824318973243238107e-01 8.410140954331565277e-01 5.353052538270285376e-01 8.131870241011599498e-01 0.000000000000000000e+00 5.087972190410035012e-01 7.555861945330695217e-01 7.731821638419404952e-01 7.846335701084219405e-01 7.207205666010777501e-01 7.233655586711706942e-01 7.434654041189774354e-01 7.500329108197903993e-01 7.605613399927414475e-01
2.400000000000000000e+01 9.174943074967505385e-01 8.148108231318993422e-01 8.360992282959534005e-01 8.243307186051027635e-01 8.279772973973671402e-01 8.198704936949261501e-01 8.058560253386437555e-01 8.238342125138553573e-01 7.603605689543406765e-01 8.118590407275851906e-01 7.467738206278033974e-01 7.678617843526578390e-01 7.547471292424920986e-01 8.940951823840490587e-01 7.110196625622460243e-01 8.140711275886305387e-01 8.438264385121942990e-01 8.200099917435161867e-01 8.771001075948894332e-01 8.355756445218529560e-01 5.872378656931280805e-01 8.068454846946322423e-01 5.087972190410035012e-01 0.000000000000000000e+00 7.461339133634237175e-01 7.635989393161672911e-01 7.749554381133914038e-01 7.070087397866152701e-01 7.084417354575516246e-01 7.286568290870210074e-01 7.377768634027371819e-01 7.502431897426556917e-01
2.500000000000000000e+01 1.003657679584184725e+00 9.035415595776383757e-01 9.084930656831593510e-01 9.026008294612870575e-01 9.019649498895481177e-01 8.916840105163166275e-01 8.817640482185498119e-01 8.878521091885602790e-01 8.495918923938539091e-01 8.809047756718675348e-01 8.359627781531122626e-01 8.498050922493447512e-01 8.621088653904609433e-01 8.424453647788476829e-01 8.379787848646798043e-01 7.587572819068031382e-01 7.802386656789466191e-01 7.521186633795353682e-01 7.951357842978676871e-01 7.537619651451314962e-01 7.498150635408828979e-01 7.029669581260475919e-01 7.555861945330695217e-01 7.461339133634237175e-01 0.000000000000000000e+00 5.785560169410881581e-01 6.401238707384899751e-01 7.339227862084599652e-01 7.559927917143232090e-01 7.969277833450296722e-01 7.511599038620265789e-01 7.088585479670589384e-01
2.600000000000000000e+01 1.018662701780932212e+00 9.204643226397331013e-01 9.280226914282445616e-01 9.216113178930109839e-01 9.214287063799757593e-01 9.115020931573372120e-01 9.013535259997940141e-01 9.083979684668923582e-01 8.679923357528582795e-01 9.011318716664098449e-01 8.548395939483308670e-01 8.693794742954896737e-01 8.790425754113602164e-01 8.666625220536074981e-01 8.547624299190057506e-01 7.875969618010911777e-01 8.059355199568656314e-01 7.803799194948894957e-01 8.168934945177823703e-01 7.792478007740391011e-01 7.678730338700545666e-01 7.340084211348856247e-01 7.731821638419404952e-01 7.635989393161672911e-01 5.785560169410881581e-01 0.000000000000000000e+00 5.272852301987591694e-01 7.446803034108767649e-01 7.670257375637239416e-01 8.072129950039912405e-01 7.576176420605195139e-01 6.995283380523423800e-01
2.700000000000000000e+01 1.028691094632504521e+00 9.317924592963366948e-01 9.413122876334492073e-01 9.344757269246821707e-01 9.346484201467604169e-01 9.249748097107661771e-01 9.146137472902753363e-01 9.224511559047749998e-01 8.803116848715066833e-01 9.148942812212952358e-01 8.674628138896687268e-01 8.825261276391713761e-01 8.902523936493544898e-01 8.875645463394670198e-01 8.658070024840121004e-01 8.096217675758863308e-01 8.278464492510322348e-01 8.030777223461129655e-01 8.389517290425596574e-01 8.022536926760777121e-01 7.796334038738887973e-01 7.598613295527563150e-01 7.846335701084219405e-01 7.749554381133914038e-01 6.401238707384899751e-01 5.272852301987591694e-01 0.000000000000000000e+00 7.524505588390543176e-01 7.747612594402875086e-01 8.143019016650114850e-01 7.628425690061738651e-01 6.941572472680169748e-01
2.800000000000000000e+01 9.775696475579142009e-01 8.847312848319796030e-01 9.057302842440165813e-01 8.957609005164975935e-01 8.983565175522106871e-01 8.901230763735455964e-01 8.778513636194201775e-01 8.917718712845840168e-01 8.366690359651026698e-01 8.817423579792206256e-01 8.248408269080377275e-01 8.435812085070880650e-01 8.381270987664201089e-01 9.250416213441378099e-01 8.089935707597258885e-01 8.435626778336994258e-01 8.711141324927808016e-01 8.459434689042409916e-01 8.988006809178999967e-01 8.575376989400317340e-01 7.210661348671182358e-01 8.230847394788313176e-01 7.207205666010777501e-01 7.070087397866152701e-01 7.339227862084599652e-01 7.446803034108767649e-01 7.524505588390543176e-01 0.000000000000000000e+00 5.280550687489788952e-01 6.600480828470987049e-01 5.815044836213721924e-01 7.054273523940467472e-01
2.900000000000000000e+01 9.801920174593707902e-01 8.889859063237264269e-01 9.124723949859665506e-01 9.019991482621334544e-01 9.050291220403601233e-01 8.971247832329372063e-01 8.846266916079619236e-01 8.994627593253270437e-01 8.422943278262267075e-01 8.891207964345666515e-01 8.309264435342493815e-01 8.503309213006879919e-01 8.417978907339078720e-01 9.398699492902051755e-01 8.117053545651571334e-01 8.588266997536269098e-01 8.866156821345116956e-01 8.617436134417937321e-01 9.151289860168776436e-01 8.739014117399135362e-01 7.256857369848808137e-01 8.404422631800758658e-01 7.233655586711706942e-01 7.084417354575516246e-01 7.559927917143232090e-01 7.670257375637239416e-01 7.747612594402875086e-01 5.280550687489788952e-01 0.000000000000000000e+00 6.053421788534414372e-01 6.177200178319407486e-01 7.273301389462852873e-01
3.000000000000000000e+01 9.906356095189876587e-01 9.043958358876853509e-01 9.334600387094702523e-01 9.220935436561552567e-01 9.259644580939385694e-01 9.187937396489824771e-01 9.060259349177004484e-01 9.223757474450071658e-01 8.616597735324071916e-01 9.116022997974499997e-01 8.515864854426051789e-01 8.722008245229957435e-01 8.575013835222167202e-01 9.729678011322435704e-01 8.267470907387386436e-01 8.928103698676064237e-01 9.206330967417124533e-01 8.962583462709947657e-01 9.499376725349490957e-01 9.088973062859808660e-01 7.479227020026424366e-01 8.766806675255371939e-01 7.434654041189774354e-01 7.286568290870210074e-01 7.969277833450296722e-01 8.072129950039912405e-01 8.143019016650114850e-01 6.600480828470987049e-01 6.053421788534414372e-01 0.000000000000000000e+00 6.803523167921167181e-01 7.636407612675758516e-01
3.100000000000000000e+01 9.949271145396066940e-01 9.053179901200490987e-01 9.285249066219459779e-01 9.184132351661552507e-01 9.212233904828243114e-01 9.132781727130893090e-01 9.011113812517909105e-01 9.151546659539303574e-01 8.596146135498151652e-01 9.051928961249361416e-01 8.485233001806419262e-01 8.674929006869002146e-01 8.605388674015715944e-01 9.469334165633745970e-01 8.327477617397457399e-01 8.659568103637681480e-01 8.928469415828540479e-01 8.678200178219347416e-01 9.195975537701469582e-01 8.786675911083344781e-01 7.495142232024464279e-01 8.438694187626519794e-01 7.500329108197903993e-01 7.377768634027371819e-01 7.511599038620265789e-01 7.576176420605195139e-01 7.628425690061738651e-01 5.815044836213721924e-01 6.177200178319407486e-01 6.803523167921167181e-01 0.000000000000000000e+00 6.960021409095004108e-01
3.200000000000000000e+01 9.993766829349867153e-01 9.087143602554742516e-01 9.283690339639633082e-01 9.192315952925743661e-01 9.212849894878835100e-01 9.128829532362455756e-01 9.013050880276304300e-01 9.134594108045422933e-01 8.619869639747780310e-01 9.042532390936665054e-01 8.505541547244545031e-01 8.683368648279191637e-01 8.660550297748094151e-01 9.259169981248497328e-01 8.404326386816908245e-01 8.452984057158913211e-01 8.701012114523430929e-01 8.448914063556346443e-01 8.928303612706404158e-01 8.527665917916079641e-01 7.572849402186577761e-01 8.154505624571067868e-01 7.605613399927414475e-01 7.502431897426556917e-01 7.088585479670589384e-01 6.995283380523423800e-01 6.941572472680169748e-01 7.054273523940467472e-01 7.273301389462852873e-01 7.636407612675758516e-01 6.960021409095004108e-01 0.000000000000000000e+00
