0.000000000000000000e+00 1.000000000000000000e+00 2.000000000000000000e+00 3.000000000000000000e+00 4.000000000000000000e+00 5.000000000000000000e+00 6.000000000000000000e+00 7.000000000000000000e+00 8.000000000000000000e+00 9.000000000000000000e+00 1.000000000000000000e+01 1.100000000000000000e+01 1.200000000000000000e+01 1.300000000000000000e+01 1.400000000000000000e+01 1.500000000000000000e+01 1.600000000000000000e+01 1.700000000000000000e+01 1.800000000000000000e+01 1.900000000000000000e+01 2.000000000000000000e+01 2.100000000000000000e+01 2.200000000000000000e+01 2.300000000000000000e+01 2.400000000000000000e+01 2.500000000000000000e+01 2.600000000000000000e+01 2.700000000000000000e+01 2.800000000000000000e+01 2.900000000000000000e+01 3.000000000000000000e+01 3.100000000000000000e+01 3.200000000000000000e+01
1.000000000000000000e+00 0.000000000000000000e+00 4.648912351923331521e+00 3.259539346883467026e+00 3.197031640412900888e+00 3.241014826149338557e+00 3.262517780670958878e+00 3.250124770832442334e+00 3.321934986503265019e+00 3.217524452519577416e+00 3.319680146944069765e+00 3.258015134840135385e+00 3.286753474292055444e+00 4.889753400912471015e+00 5.818458601168872590e+00 5.228784180690814409e+00 6.615046563539804581e+00 6.917822204430752464e+00 6.901371183163920620e+00 7.386536054074654523e+00 7.169230442941308290e+00 3.543544128626161083e+00 7.201151793978996629e+00 3.564850105410354519e+00 3.576161516277347463e+00 6.973389882473727042e+00 6.716237914191386160e+00 6.412019992966587090e+00 3.750906954307982932e+00 3.731869096552205889e+00 3.836059591092155330e+00 3.851183207706218692e+00 5.890439385947314754e+00
2.000000000000000000e+00 4.648912351923331521e+00 0.000000000000000000e+00 2.737759133109912923e+00 2.660798944221111295e+00 2.716408190475077422e+00 2.743582081864428979e+00 2.726800894104759454e+00 2.814057505723507102e+00 2.671542102073913405e+00 2.805979902865641140e+00 2.733842884310325072e+00 2.772402886900438901e+00 4.412400881515012863e+00 5.366255696455992208e+00 4.814146511330159584e+00 6.165388059907288110e+00 6.473495283279554258e+00 6.461021314049457231e+00 6.956243865956543537e+00 6.738767222984496819e+00 3.141967434836111295e+00 6.786032001732722030e+00 3.174398356431038959e+00 3.192166718313934393e+00 6.620087603640973484e+00 6.379498420045520923e+00 6.084084805514526018e+00 3.407917937701435473e+00 3.386985023638952264e+00 3.494112431107723182e+00 3.514885061652056830e+00 5.574384593635003604e+00
3.000000000000000000e+00 3.259539346883467026e+00 2.737759133109912923e+00 0.000000000000000000e+00 6.776729255193436607e-01 5.102853830158431414e-01 6.437748199653512415e-01 7.095640278136761125e-01 7.675457622934538371e-01 8.564337494116749383e-01 7.597123111746042490e-01 8.739806194869452760e-01 8.743902653622006582e-01 2.689526547319367467e+00 3.478762754230933396e+00 3.064432678383029796e+00 4.284364385885572446e+00 4.597090900956455783e+00 4.590587900906250240e+00 5.095841408435577868e+00 4.879255348286545946e+00 1.369363906434275968e+00 4.945861967005101612e+00 1.406298663928182702e+00 1.426177393713563557e+00 4.852626569564145953e+00 4.628673631329259130e+00 4.342017659871939550e+00 1.662383600075582724e+00 1.641243617093723017e+00 1.751656399677569809e+00 1.773630055203902156e+00 3.843701965553894873e+00
4.000000000000000000e+00 3.197031640412900888e+00 2.660798944221111295e+00 6.776729255193436607e-01 0.000000000000000000e+00 6.331572506390243937e-01 7.215639501885311446e-01 7.108307120965999815e-01 8.410363462147016911e-01 7.735690507957477813e-01 8.164387665103380876e-01 8.236162609870576468e-01 8.440792607890585941e-01 2.637203890551590213e+00 3.489508829712580251e+00 3.027006194184703958e+00 4.291910503264981358e+00 4.604337053139701652e+00 4.595860321659776204e+00 5.099560342324694240e+00 4.882289326790256290e+00 1.340271944209507460e+00 4.943856859012080385e+00 1.378104962286159196e+00 1.398668049951913073e+00 4.833654226497699824e+00 4.606533400140292223e+00 4.318209729743450076e+00 1.636239829132326573e+00 1.614718526555627420e+00 1.724445429312829958e+00 1.747293683857508828e+00 3.817827183740237551e+00
5.000000000000000000e+00 3.241014826149338557e+00 2.716408190475077422e+00 5.102853830158431414e-01 6.331572506390243937e-01 0.000000000000000000e+00 6.064764597813740998e-01 6.581985448935472327e-01 7.645207206183513016e-01 8.201157631366333689e-01 7.395545089015143070e-01 8.386481292249743369e-01 8.405395793440453289e-01 2.660601888936718673e+00 3.466263159674928929e+00 3.039091680398133377e+00 4.270627589235916233e+00 4.583543019803050456e+00 4.576440001455420514e+00 5.081612980743305918e+00 4.864731858476615933e+00 1.345965470540518183e+00 4.930115936645271368e+00 1.383408204014146659e+00 1.403621083105046186e+00 4.833276375871067287e+00 4.608794801091522508e+00 4.321855456262380990e+00 1.641170895942709596e+00 1.619876883357990849e+00 1.730162891268131276e+00 1.752519948763160418e+00 3.823207642917039628e+00
6.000000000000000000e+00 3.262517780670958878e+00 2.743582081864428979e+00 6.437748199653512415e-01 7.215639501885311446e-01 6.064764597813740998e-01 0.000000000000000000e+00 5.910529807833877491e-01 6.828514445332110050e-01 8.319505755307634587e-01 6.196806303125219628e-01 8.281311150571109003e-01 8.144296457988371429e-01 2.658783592604506474e+00 3.438990034744419333e+00 3.030645471128302404e+00 4.243779952388605281e+00 4.557326541437493717e+00 4.550812037758728223e+00 5.057199943656295993e+00 4.840355634646059890e+00 1.333720890054350683e+00 4.907839308283450386e+00 1.371193235293720836e+00 1.391351724588893557e+00 4.819013501056749860e+00 4.596258151244838608e+00 4.310215704118820490e+00 1.629806857241086870e+00 1.608585994916277961e+00 1.719227585006527725e+00 1.741462045076066278e+00 3.812705484038802162e+00
7.000000000000000000e+00 3.250124770832442334e+00 2.726800894104759454e+00 7.095640278136761125e-01 7.108307120965999815e-01 6.581985448935472327e-01 5.910529807833877491e-01 0.000000000000000000e+00 7.553624418518309902e-01 7.790906932721330946e-01 6.743954813608379339e-01 7.643695879221534817e-01 7.474350576436803451e-01 2.618664600167439183e+00 3.441690926556688623e+00 2.998983173524639056e+00 4.243387464367152972e+00 4.557342164802305362e+00 4.549272061693860891e+00 5.055344848634354626e+00 4.837762363359385809e+00 1.306955093663130008e+00 4.901991393907965566e+00 1.345859107805157162e+00 1.366952223194858984e+00 4.803483319183399658e+00 4.579321543112784276e+00 4.292527855828359939e+00 1.609207115940961774e+00 1.587559581170304490e+00 1.697863077622731254e+00 1.721161420637465245e+00 3.794143410886356982e+00
8.000000000000000000e+00 3.321934986503265019e+00 2.814057505723507102e+00 7.675457622934538371e-01 8.410363462147016911e-01 7.645207206183513016e-01 6.828514445332110050e-01 7.553624418518309902e-01 0.000000000000000000e+00 9.229011472952874939e-01 6.125391751170963239e-01 9.081231687066133595e-01 8.854143639738651927e-01 2.719904603550577171e+00 3.412168846906668662e+00 3.073265440220517064e+00 4.221224248388454114e+00 4.535240197405411067e+00 4.531465518138366733e+00 5.040057546977807057e+00 4.824142365321193004e+00 1.365311308292717740e+00 4.898662014364972173e+00 1.400968430515205032e+00 1.419845837911674291e+00 4.833292208941077917e+00 4.614709084288588947e+00 4.330859255525727924e+00 1.654600955753254166e+00 1.634032415563091867e+00 1.745593691024168947e+00 1.766283254845629980e+00 3.836026386275370292e+00
9.000000000000000000e+00 3.217524452519577416e+00 2.671542102073913405e+00 8.564337494116749383e-01 7.735690507957477813e-01 8.201157631366333689e-01 8.319505755307634587e-01 7.790906932721330946e-01 9.229011472952874939e-01 0.000000000000000000e+00 8.926421174928367286e-01 6.934780402785301057e-01 7.791626581735311419e-01 2.508839692643266339e+00 3.488431891221305037e+00 2.942558317027353709e+00 4.285383132956619434e+00 4.598412055584844893e+00 4.587118301110052698e+00 5.090115409011732872e+00 4.871521403938211314e+00 1.274606473853260091e+00 4.927018289335948431e+00 1.316785638105814282e+00 1.340174071580583881e+00 4.798512659148071791e+00 4.569087314823600643e+00 4.279575437174440999e+00 1.589739973315056343e+00 1.567059476471606594e+00 1.676144289059632086e+00 1.701943125481798713e+00 3.777942614563829515e+00
1.000000000000000000e+01 3.319680146944069765e+00 2.805979902865641140e+00 7.597123111746042490e-01 8.164387665103380876e-01 7.395545089015143070e-01 6.196806303125219628e-01 6.743954813608379339e-01 6.125391751170963239e-01 8.926421174928367286e-01 0.000000000000000000e+00 8.735784825393957398e-01 8.462538846346383536e-01 2.703340833546854505e+00 3.450546289259579069e+00 3.066740158165798036e+00 4.255979798990988883e+00 4.570181737720673709e+00 4.564409702547289172e+00 5.072123068067839746e+00 4.855370339625742382e+00 1.365031689091763312e+00 4.925345949793626055e+00 1.402152734836350501e+00 1.422016560171190935e+00 4.845771646269920296e+00 4.624878745327166918e+00 4.339800613172815069e+00 1.660318276350645217e+00 1.639265955945024444e+00 1.750303870239866555e+00 1.772171297626372155e+00 3.843490089905553297e+00
1.100000000000000000e+01 3.258015134840135385e+00 2.733842884310325072e+00 8.739806194869452760e-01 8.236162609870576468e-01 8.386481292249743369e-01 8.281311150571109003e-01 7.643695879221534817e-01 9.081231687066133595e-01 6.934780402785301057e-01 8.735784825393957398e-01 0.000000000000000000e+00 6.436327260462415545e-01 2.498287253277527320e+00 3.442382326696678874e+00 2.905655972836829193e+00 4.236851079262892839e+00 4.551749640966171739e+00 4.540008610076192497e+00 5.045366802357112768e+00 4.826026383179772061e+00 1.228693212372990118e+00 4.882538114010935182e+00 1.272676670673875687e+00 1.297015503493988309e+00 4.761187792667652019e+00 4.534130697045189784e+00 4.245820917817748175e+00 1.553191602707158392e+00 1.530184844468864824e+00 1.639717494190686686e+00 1.666464263031985471e+00 3.745804701195081243e+00
1.200000000000000000e+01 3.286753474292055444e+00 2.772402886900438901e+00 8.743902653622006582e-01 8.440792607890585941e-01 8.405395793440453289e-01 8.144296457988371429e-01 7.474350576436803451e-01 8.854143639738651927e-01 7.791626581735311419e-01 8.462538846346383536e-01 6.436327260462415545e-01 0.000000000000000000e+00 2.557585480864956295e+00 3.412004239454779153e+00 2.928042845028132390e+00 4.205874121434485247e+00 4.522672478856913258e+00 4.511616406934457757e+00 5.019945523364760298e+00 4.800327170281053490e+00 1.234496391767580192e+00 4.860609528398613044e+00 1.277078698422371428e+00 1.300360298730019348e+00 4.755172569660324200e+00 4.531403010019865896e+00 4.244733354757660670e+00 1.554455291160495189e+00 1.531882679719448248e+00 1.642160011321243118e+00 1.667902933098468043e+00 3.746698008559582682e+00
1.300000000000000000e+01 4.889753400912471015e+00 4.412400881515012863e+00 2.689526547319367467e+00 2.637203890551590213e+00 2.660601888936718673e+00 2.658783592604506474e+00 2.618664600167439183e+00 2.719904603550577171e+00 2.508839692643266339e+00 2.703340833546854505e+00 2.498287253277527320e+00 2.557585480864956295e+00 0.000000000000000000e+00 5.157823218273291488e+00 4.126127734548644455e+00 5.946059498894655349e+00 6.254975846593890054e+00 6.236404338513054313e+00 6.729919389674118513e+00 6.509523036931793349e+00 2.703596606142699699e+00 6.542932667923072820e+00 2.759306321494931158e+00 2.793006069065238517e+00 6.335219028351344761e+00 6.093067123463565160e+00 5.797247554255592128e+00 3.080567707634887409e+00 3.053628720958757370e+00 3.159186187081374442e+00 3.195731327047520498e+00 5.288609518163311485e+00
1.400000000000000000e+01 5.818458601168872590e+00 5.366255696455992208e+00 3.478762754230933396e+00 3.489508829712580251e+00 3.466263159674928929e+00 3.438990034744419333e+00 3.441690926556688623e+00 3.412168846906668662e+00 3.488431891221305037e+00 3.450546289259579069e+00 3.442382326696678874e+00 3.412004239454779153e+00 5.157823218273291488e+00 0.000000000000000000e+00 5.399456192037868973e+00 5.418913341670041461e+00 4.875164776975182690e+00 5.474285324333305169e+00 5.205799527902754242e+00 5.474842178922156855e+00 3.612140193135950028e+00 6.065742776695970839e+00 3.625859262903885050e+00 3.629145067369179412e+00 6.669770172300930611e+00 6.508967614352470399e+00 6.274847053387863305e+00 3.758857980739211069e+00 3.755552130187686188e+00 3.883601798980969022e+00 3.860592057426630586e+00 5.851871136714179578e+00
1.500000000000000000e+01 5.228784180690814409e+00 4.814146511330159584e+00 3.064432678383029796e+00 3.027006194184703958e+00 3.039091680398133377e+00 3.030645471128302404e+00 2.998983173524639056e+00 3.073265440220517064e+00 2.942558317027353709e+00 3.066740158165798036e+00 2.905655972836829193e+00 2.928042845028132390e+00 4.126127734548644455e+00 5.399456192037868973e+00 0.000000000000000000e+00 6.178899351161325271e+00 6.483328484239148537e+00 6.457027998691799553e+00 6.940683909659861150e+00 6.718256876358382534e+00 2.615279436893461984e+00 6.727953373176947416e+00 2.697080722667529518e+00 2.752348738280031792e+00 6.435904678980138627e+00 6.183256188713431634e+00 5.882601910369278819e+00 3.119063482240251428e+00 3.084900525499737256e+00 3.186882819103733944e+00 3.241970614687176511e+00 5.369695340158192387e+00
1.600000000000000000e+01 6.615046563539804581e+00 6.165388059907288110e+00 4.284364385885572446e+00 4.291910503264981358e+00 4.270627589235916233e+00 4.243779952388605281e+00 4.243387464367152972e+00 4.221224248388454114e+00 4.285383132956619434e+00 4.255979798990988883e+00 4.236851079262892839e+00 4.205874121434485247e+00 5.946059498894655349e+00 5.418913341670041461e+00 6.178899351161325271e+00 0.000000000000000000e+00 5.857147405668722939e+00 5.038893153460737295e+00 6.801444739434169939e+00 6.210486465301428005e+00 4.384775061808217522e+00 6.577096174116925376e+00 4.396933315195537872e+00 4.399110863597384125e+00 7.415669756211121566e+00 7.287170919564347038e+00 7.057721038553744997e+00 4.526766990452506079e+00 4.523697681727254505e+00 4.652468589371776986e+00 4.629586731382133280e+00 6.628743092278059912e+00
1.700000000000000000e+01 6.917822204430752464e+00 6.473495283279554258e+00 4.597090900956455783e+00 4.604337053139701652e+00 4.583543019803050456e+00 4.557326541437493717e+00 4.557342164802305362e+00 4.535240197405411067e+00 4.598412055584844893e+00 4.570181737720673709e+00 4.551749640966171739e+00 4.522672478856913258e+00 6.254975846593890054e+00 4.875164776975182690e+00 6.483328484239148537e+00 5.857147405668722939e+00 0.000000000000000000e+00 5.482114909664428382e+00 6.050047495908887463e+00 5.545396042792664737e+00 4.685760660222573648e+00 6.664525527011673667e+00 4.695268178109671453e+00 4.695545222456328105e+00 7.633053494764538982e+00 7.497705808144735862e+00 7.278124400430876939e+00 4.798497986907745982e+00 4.799442026440665643e+00 4.931154542113722172e+00 4.897449022359607440e+00 6.870200443923446976e+00
1.800000000000000000e+01 6.901371183163920620e+00 6.461021314049457231e+00 4.590587900906250240e+00 4.595860321659776204e+00 4.576440001455420514e+00 4.550812037758728223e+00 4.549272061693860891e+00 4.531465518138366733e+00 4.587118301110052698e+00 4.564409702547289172e+00 4.540008610076192497e+00 4.511616406934457757e+00 6.236404338513054313e+00 5.474285324333305169e+00 6.457027998691799553e+00 5.038893153460737295e+00 5.482114909664428382e+00 0.000000000000000000e+00 6.542414527037936800e+00 5.516809299081118390e+00 4.653375980772894493e+00 6.260912292348174368e+00 4.660561650116070709e+00 4.659177521752377871e+00 7.539231727802581773e+00 7.431445475809719703e+00 7.220390225654671035e+00 4.749374597978381018e+00 4.752284175160530921e+00 4.885853893527745129e+00 4.847534716891782836e+00 6.815808096989321108e+00
1.900000000000000000e+01 7.386536054074654523e+00 6.956243865956543537e+00 5.095841408435577868e+00 5.099560342324694240e+00 5.081612980743305918e+00 5.057199943656295993e+00 5.055344848634354626e+00 5.040057546977807057e+00 5.090115409011732872e+00 5.072123068067839746e+00 5.045366802357112768e+00 5.019945523364760298e+00 6.729919389674118513e+00 5.205799527902754242e+00 6.940683909659861150e+00 6.801444739434169939e+00 6.050047495908887463e+00 6.542414527037936800e+00 0.000000000000000000e+00 5.810591181673415484e+00 5.129600643007739436e+00 6.815099320132659066e+00 5.131982290161722915e+00 5.127167814761271813e+00 7.888201045006779211e+00 7.749786639868921689e+00 7.551219533084567281e+00 5.174753644391234531e+00 5.184612304391098547e+00 5.323294906492957779e+00 5.266038783711179505e+00 7.185669296326104849e+00
2.000000000000000000e+01 7.169230442941308290e+00 6.738767222984496819e+00 4.879255348286545946e+00 4.882289326790256290e+00 4.864731858476615933e+00 4.840355634646059890e+00 4.837762363359385809e+00 4.824142365321193004e+00 4.871521403938211314e+00 4.855370339625742382e+00 4.826026383179772061e+00 4.800327170281053490e+00 6.509523036931793349e+00 5.474842178922156855e+00 6.718256876358382534e+00 6.210486465301428005e+00 5.545396042792664737e+00 5.516809299081118390e+00 5.810591181673415484e+00 0.000000000000000000e+00 4.905466684259939925e+00 6.074291961085957148e+00 4.907622323096060057e+00 4.902640735186013288e+00 7.646240987437129988e+00 7.541330667609558169e+00 7.348347604694333235e+00 4.952603271749090652e+00 4.962008974381996396e+00 5.100614324340192240e+00 5.045117794752636442e+00 6.974887565937161860e+00
2.100000000000000000e+01 3.543544128626161083e+00 3.141967434836111295e+00 1.369363906434275968e+00 1.340271944209507460e+00 1.345965470540518183e+00 1.333720890054350683e+00 1.306955093663130008e+00 1.365311308292717740e+00 1.274606473853260091e+00 1.365031689091763312e+00 1.228693212372990118e+00 1.234496391767580192e+00 2.703596606142699699e+00 3.612140193135950028e+00 2.615279436893461984e+00 4.384775061808217522e+00 4.685760660222573648e+00 4.653375980772894493e+00 5.129600643007739436e+00 4.905466684259939925e+00 0.000000000000000000e+00 4.896534805101071974e+00 6.131250840046225115e-01 7.065556600688123190e-01 4.539080417566102810e+00 4.279989939161999324e+00 3.976576648916616996e+00 1.167645081194569112e+00 1.126941308323304192e+00 1.227799871439932744e+00 1.299198370386301260e+00 3.462038343311593103e+00
2.200000000000000000e+01 7.201151793978996629e+00 6.786032001732722030e+00 4.945861967005101612e+00 4.943856859012080385e+00 4.930115936645271368e+00 4.907839308283450386e+00 4.901991393907965566e+00 4.898662014364972173e+00 4.927018289335948431e+00 4.925345949793626055e+00 4.882538114010935182e+00 4.860609528398613044e+00 6.542932667923072820e+00 6.065742776695970839e+00 6.727953373176947416e+00 6.577096174116925376e+00 6.664525527011673667e+00 6.260912292348174368e+00 6.815099320132659066e+00 6.074291961085957148e+00 4.896534805101071974e+00 0.000000000000000000e+00 4.890066788812498899e+00 4.878902445973809066e+00 7.361664095682412423e+00 7.347526653769828719e+00 7.194717959574748356e+00 4.869988975224334382e+00 4.888711996376814639e+00 5.035216339159104493e+00 4.956522353252514890e+00 6.849898623671577091e+00
2.300000000000000000e+01 3.564850105410354519e+00 3.174398356431038959e+00 1.406298663928182702e+00 1.378104962286159196e+00 1.383408204014146659e+00 1.371193235293720836e+00 1.345859107805157162e+00 1.400968430515205032e+00 1.316785638105814282e+00 1.402152734836350501e+00 1.272676670673875687e+00 1.277078698422371428e+00 2.759306321494931158e+00 3.625859262903885050e+00 2.697080722667529518e+00 4.396933315195537872e+00 4.695268178109671453e+00 4.660561650116070709e+00 5.131982290161722915e+00 4.907622323096060057e+00 6.131250840046225115e-01 4.890066788812498899e+00 0.000000000000000000e+00 5.710155244283572351e-01 4.498770646806230289e+00 4.234619595545694004e+00 3.928930855105286390e+00 1.102528287538631080e+00 1.058777312599724851e+00 1.157541948888605177e+00 1.236702844381702082e+00 3.412249722913984762e+00
2.400000000000000000e+01 3.576161516277347463e+00 3.192166718313934393e+00 1.426177393713563557e+00 1.398668049951913073e+00 1.403621083105046186e+00 1.391351724588893557e+00 1.366952223194858984e+00 1.419845837911674291e+00 1.340174071580583881e+00 1.422016560171190935e+00 1.297015503493988309e+00 1.300360298730019348e+00 2.793006069065238517e+00 3.629145067369179412e+00 2.752348738280031792e+00 4.399110863597384125e+00 4.695545222456328105e+00 4.659177521752377871e+00 5.127167814761271813e+00 4.902640735186013288e+00 7.065556600688123190e-01 4.878902445973809066e+00 5.710155244283572351e-01 0.000000000000000000e+00 4.463326469153217957e+00 4.195683434499502873e+00 3.888443804617147670e+00 1.048776357910428114e+00 1.002986244530795545e+00 1.101181208972248804e+00 1.185189632473174104e+00 3.370373391916078099e+00
2.500000000000000000e+01 6.973389882473727042e+00 6.620087603640973484e+00 4.852626569564145953e+00 4.833654226497699824e+00 4.833276375871067287e+00 4.819013501056749860e+00 4.803483319183399658e+00 4.833292208941077917e+00 4.798512659148071791e+00 4.845771646269920296e+00 4.761187792667652019e+00 4.755172569660324200e+00 6.335219028351344761e+00 6.669770172300930611e+00 6.435904678980138627e+00 7.415669756211121566e+00 7.633053494764538982e+00 7.539231727802581773e+00 7.888201045006779211e+00 7.646240987437129988e+00 4.539080417566102810e+00 7.361664095682412423e+00 4.498770646806230289e+00 4.463326469153217957e+00 0.000000000000000000e+00 6.096110983095942792e+00 6.232880641514584319e+00 4.180836613453266182e+00 4.245143970777626841e+00 4.427457429487020590e+00 4.230960222178078212e+00 5.948646287901795837e+00
2.600000000000000000e+01 6.716237914191386160e+00 6.379498420045520923e+00 4.628673631329259130e+00 4.606533400140292223e+00 4.608794801091522508e+00 4.596258151244838608e+00 4.579321543112784276e+00 4.614709084288588947e+00 4.569087314823600643e+00 4.624878745327166918e+00 4.534130697045189784e+00 4.531403010019865896e+00 6.093067123463565160e+00 6.508967614352470399e+00 6.183256188713431634e+00 7.287170919564347038e+00 7.497705808144735862e+00 7.431445475809719703e+00 7.749786639868921689e+00 7.541330667609558169e+00 4.279989939161999324e+00 7.347526653769828719e+00 4.234619595545694004e+00 4.195683434499502873e+00 6.096110983095942792e+00 0.000000000000000000e+00 5.340111291924331205e+00 3.859258890984452517e+00 3.932363312369016484e+00 4.119796042534778380e+00 3.892430119218992512e+00 5.445340456907916682e+00
2.700000000000000000e+01 6.412019992966587090e+00 6.084084805514526018e+00 4.342017659871939550e+00 4.318209729743450076e+00 4.321855456262380990e+00 4.310215704118820490e+00 4.292527855828359939e+00 4.330859255525727924e+00 4.279575437174440999e+00 4.339800613172815069e+00 4.245820917817748175e+00 4.244733354757660670e+00 5.797247554255592128e+00 6.274847053387863305e+00 5.882601910369278819e+00 7.057721038553744997e+00 7.278124400430876939e+00 7.220390225654671035e+00 7.551219533084567281e+00 7.348347604694333235e+00 3.976576648916616996e+00 7.194717959574748356e+00 3.928930855105286390e+00 3.888443804617147670e+00 6.232880641514584319e+00 5.340111291924331205e+00 0.000000000000000000e+00 3.531191829328570453e+00 3.607266255439813385e+00 3.796293441977523386e+00 3.558194402211972029e+00 5.014301821038952944e+00
2.800000000000000000e+01 3.750906954307982932e+00 3.407917937701435473e+00 1.662383600075582724e+00 1.636239829132326573e+00 1.641170895942709596e+00 1.629806857241086870e+00 1.609207115940961774e+00 1.654600955753254166e+00 1.589739973315056343e+00 1.660318276350645217e+00 1.553191602707158392e+00 1.554455291160495189e+00 3.080567707634887409e+00 3.758857980739211069e+00 3.119063482240251428e+00 4.526766990452506079e+00 4.798497986907745982e+00 4.749374597978381018e+00 5.174753644391234531e+00 4.952603271749090652e+00 1.167645081194569112e+00 4.869988975224334382e+00 1.102528287538631080e+00 1.048776357910428114e+00 4.180836613453266182e+00 3.859258890984452517e+00 3.531191829328570453e+00 0.000000000000000000e+00 5.923563379088028213e-01 8.498811587500423315e-01 6.866533515043253821e-01 2.996591528215973632e+00
2.900000000000000000e+01 3.731869096552205889e+00 3.386985023638952264e+00 1.641243617093723017e+00 1.614718526555627420e+00 1.619876883357990849e+00 1.608585994916277961e+00 1.587559581170304490e+00 1.634032415563091867e+00 1.567059476471606594e+00 1.639265955945024444e+00 1.530184844468864824e+00 1.531882679719448248e+00 3.053628720958757370e+00 3.755552130187686188e+00 3.084900525499737256e+00 4.523697681727254505e+00 4.799442026440665643e+00 4.752284175160530921e+00 5.184612304391098547e+00 4.962008974381996396e+00 1.126941308323304192e+00 4.888711996376814639e+00 1.058777312599724851e+00 1.002986244530795545e+00 4.245143970777626841e+00 3.932363312369016484e+00 3.607266255439813385e+00 5.923563379088028213e-01 0.000000000000000000e+00 7.436809885169193279e-01 7.521987136882262170e-01 3.073317036502769106e+00
3.000000000000000000e+01 3.836059591092155330e+00 3.494112431107723182e+00 1.751656399677569809e+00 1.724445429312829958e+00 1.730162891268131276e+00 1.719227585006527725e+00 1.697863077622731254e+00 1.745593691024168947e+00 1.676144289059632086e+00 1.750303870239866555e+00 1.639717494190686686e+00 1.642160011321243118e+00 3.159186187081374442e+00 3.883601798980969022e+00 3.186882819103733944e+00 4.652468589371776986e+00 4.931154542113722172e+00 4.885853893527745129e+00 5.323294906492957779e+00 5.100614324340192240e+00 1.227799871439932744e+00 5.035216339159104493e+00 1.157541948888605177e+00 1.101181208972248804e+00 4.427457429487020590e+00 4.119796042534778380e+00 3.796293441977523386e+00 8.498811587500423315e-01 7.436809885169193279e-01 0.000000000000000000e+00 9.569614355683424556e-01 3.261713947696864402e+00
3.100000000000000000e+01 3.851183207706218692e+00 3.514885061652056830e+00 1.773630055203902156e+00 1.747293683857508828e+00 1.752519948763160418e+00 1.741462045076066278e+00 1.721161420637465245e+00 1.766283254845629980e+00 1.701943125481798713e+00 1.772171297626372155e+00 1.666464263031985471e+00 1.667902933098468043e+00 3.195731327047520498e+00 3.860592057426630586e+00 3.241970614687176511e+00 4.629586731382133280e+00 4.897449022359607440e+00 4.847534716891782836e+00 5.266038783711179505e+00 5.045117794752636442e+00 1.299198370386301260e+00 4.956522353252514890e+00 1.236702844381702082e+00 1.185189632473174104e+00 4.230960222178078212e+00 3.892430119218992512e+00 3.558194402211972029e+00 6.866533515043253821e-01 7.521987136882262170e-01 9.569614355683424556e-01 0.000000000000000000e+00 3.014612792526079055e+00
3.200000000000000000e+01 5.890439385947314754e+00 5.574384593635003604e+00 3.843701965553894873e+00 3.817827183740237551e+00 3.823207642917039628e+00 3.812705484038802162e+00 3.794143410886356982e+00 3.836026386275370292e+00 3.777942614563829515e+00 3.843490089905553297e+00 3.745804701195081243e+00 3.746698008559582682e+00 5.288609518163311485e+00 5.851871136714179578e+00 5.369695340158192387e+00 6.628743092278059912e+00 6.870200443923446976e+00 6.815808096989321108e+00 7.185669296326104849e+00 6.974887565937161860e+00 3.462038343311593103e+00 6.849898623671577091e+00 3.412249722913984762e+00 3.370373391916078099e+00 5.948646287901795837e+00 5.445340456907916682e+00 5.014301821038952944e+00 2.996591528215973632e+00 3.073317036502769106e+00 3.261713947696864402e+00 3.014612792526079055e+00 0.000000000000000000e+00
