0.000000000000000000e+00 1.000000000000000000e+00 2.000000000000000000e+00 3.000000000000000000e+00 4.000000000000000000e+00 5.000000000000000000e+00 6.000000000000000000e+00 7.000000000000000000e+00 8.000000000000000000e+00 9.000000000000000000e+00 1.000000000000000000e+01 1.100000000000000000e+01 1.200000000000000000e+01 1.300000000000000000e+01 1.400000000000000000e+01 1.500000000000000000e+01 1.600000000000000000e+01 1.700000000000000000e+01 1.800000000000000000e+01 1.900000000000000000e+01 2.000000000000000000e+01 2.100000000000000000e+01 2.200000000000000000e+01 2.300000000000000000e+01 2.400000000000000000e+01 2.500000000000000000e+01 2.600000000000000000e+01 2.700000000000000000e+01 2.800000000000000000e+01 2.900000000000000000e+01 3.000000000000000000e+01 3.100000000000000000e+01 3.200000000000000000e+01
1.000000000000000000e+00 0.000000000000000000e+00 3.348315831412687071e+00 1.903265846911144532e+00 1.861111948473103350e+00 1.894673027678798416e+00 1.907724076067226937e+00 1.900569652951083599e+00 1.934559440928264484e+00 1.864828685218280935e+00 1.932365679728316632e+00 1.908338364167373902e+00 1.921776657631449226e+00 3.354274180381950021e+00 3.229939703846872234e+00 3.402401627190701383e+00 2.759832553054663684e+00 2.783956221525785146e+00 2.791060382813764118e+00 2.511176227048207643e+00 2.761373437140576481e+00 2.055261011164185359e+00 2.797295683119735088e+00 2.058111290606246868e+00 2.059598006002526294e+00 2.824412216993674285e+00 2.731562450751771731e+00 2.621295917579078871e+00 2.081196627870989690e+00 2.085254549553473780e+00 2.142418015603947179e+00 2.115820871976669793e+00 2.896599867142420681e+00
2.000000000000000000e+00 3.348315831412687071e+00 0.000000000000000000e+00 1.907671210659047656e+00 1.860982626237334792e+00 1.898660823916571427e+00 1.914603116484637768e+00 1.906659425670524266e+00 1.946070756420357428e+00 1.864885424425194227e+00 1.941941697087675944e+00 1.916291026171297984e+00 1.933059560274468236e+00 3.376949858814660477e+00 3.291857986935131208e+00 3.444119361081425801e+00 2.807829649350645163e+00 2.840779133548535285e+00 2.844569386367597819e+00 2.579174421810080275e+00 2.822035314070016288e+00 2.098960345068173527e+00 2.857424688167364835e+00 2.105450415873870718e+00 2.109142063293422797e+00 2.889397038038020504e+00 2.800206380969779918e+00 2.691616932370145765e+00 2.142790541617465738e+00 2.146096136206361749e+00 2.203660943327420352e+00 2.179268581989498799e+00 2.967751064235263581e+00
3.000000000000000000e+00 1.903265846911144532e+00 1.907671210659047656e+00 0.000000000000000000e+00 2.994192078202768670e-01 2.312765866526973468e-01 2.908596809784327331e-01 3.176916097397428640e-01 3.441150049253194343e-01 3.512736728421681498e-01 3.405972055763499817e-01 3.813525124081940110e-01 3.840522440440103935e-01 1.882371381927903986e+00 1.772304434400251871e+00 1.936036245356882013e+00 1.275883390232162462e+00 1.316762601587302406e+00 1.317762769677495616e+00 1.065363909929291530e+00 1.301721191626180829e+00 5.798765239947232253e-01 1.337102368258272556e+00 5.874006609319142314e-01 5.915491981224501039e-01 1.375232922117125334e+00 1.288608464376211682e+00 1.181002982490233055e+00 6.297168878137751058e-01 6.329828563355008875e-01 6.912979960932781331e-01 6.671873206950587054e-01 1.458311531374177239e+00
4.000000000000000000e+00 1.861111948473103350e+00 1.860982626237334792e+00 2.994192078202768670e-01 0.000000000000000000e+00 2.823908190567832044e-01 3.185223724931749434e-01 3.140877764403844363e-01 3.643620207312834314e-01 3.095439798685757360e-01 3.562573702120546137e-01 3.548423504346172042e-01 3.658822295140695680e-01 1.852929847774525296e+00 1.755934022608746758e+00 1.912481890213403091e+00 1.263126342275826097e+00 1.301669927819552264e+00 1.303441018471490853e+00 1.047205920923111044e+00 1.285464239536085795e+00 5.598297469812201221e-01 1.320728911079953605e+00 5.675388842771758036e-01 5.718584044794035037e-01 1.356639347966106079e+00 1.269413445034861088e+00 1.161628316428451324e+00 6.099463376279588012e-01 6.130973040464096080e-01 6.711141388380905681e-01 6.472561533908463005e-01 1.438482553095548067e+00
5.000000000000000000e+00 1.894673027678798416e+00 1.898660823916571427e+00 2.312765866526973468e-01 2.823908190567832044e-01 0.000000000000000000e+00 2.746041108787140583e-01 2.965899966620277883e-01 3.421239575851180437e-01 3.401335217951917400e-01 3.319054046139608971e-01 3.689724013217203780e-01 3.716161721394755091e-01 1.872455531898855607e+00 1.766102878290363165e+00 1.927220175314587003e+00 1.269795041941949698e+00 1.310577084520240909e+00 1.311575848578723669e+00 1.059006047401855000e+00 1.295435683528071369e+00 5.716466597228460067e-01 1.330735323263956715e+00 5.793845605505802965e-01 5.836756766524584528e-01 1.368504982749047194e+00 1.281935899637872911e+00 1.174383653239178482e+00 6.224357345021189758e-01 6.256250380225862884e-01 6.838708321682998026e-01 6.599607446591684301e-01 1.451583904857035368e+00
6.000000000000000000e+00 1.907724076067226937e+00 1.914603116484637768e+00 2.908596809784327331e-01 3.185223724931749434e-01 2.746041108787140583e-01 0.000000000000000000e+00 2.672761879217373515e-01 3.076922438058471432e-01 3.508211283123010560e-01 2.801404484757159530e-01 3.665601671176708098e-01 3.613401968412612852e-01 1.874530770238461930e+00 1.762607756702663231e+00 1.925852385917686149e+00 1.263443617918999173e+00 1.306027367167168940e+00 1.306376408559223545e+00 1.056742759445131519e+00 1.291697211543626711e+00 5.682160789351571317e-01 1.326962188447335045e+00 5.760822243134819942e-01 5.804225354710652596e-01 1.366007180402747601e+00 1.280019172718878107e+00 1.172696455748450273e+00 6.200673158626268666e-01 6.232366822757331448e-01 6.816175038122160856e-01 6.577990944862408540e-01 1.450090116093176729e+00
7.000000000000000000e+00 1.900569652951083599e+00 1.906659425670524266e+00 3.176916097397428640e-01 3.140877764403844363e-01 2.965899966620277883e-01 2.672761879217373515e-01 0.000000000000000000e+00 3.366777460186283211e-01 3.352735658461809543e-01 3.026042282187808574e-01 3.423997162694611962e-01 3.345963544277132939e-01 1.860868465000692584e+00 1.760485702736885649e+00 1.915454908695943814e+00 1.261697798465939435e+00 1.303977787730016047e+00 1.304326336062785696e+00 1.054166479722965288e+00 1.289344863167012800e+00 5.595440227353924989e-01 1.324362664599235018e+00 5.681587144711350845e-01 5.729908782078569907e-01 1.362322391236418184e+00 1.276523480585508796e+00 1.169373190786099581e+00 6.146590838390313394e-01 6.175855572934016990e-01 6.757651261588075720e-01 6.525838985326957165e-01 1.446465408715406742e+00
8.000000000000000000e+00 1.934559440928264484e+00 1.946070756420357428e+00 3.441150049253194343e-01 3.643620207312834314e-01 3.421239575851180437e-01 3.076922438058471432e-01 3.366777460186283211e-01 0.000000000000000000e+00 3.849611554474972053e-01 2.761297143587886360e-01 3.962863725807175275e-01 3.874253686868653901e-01 1.896241217099667420e+00 1.761804305887042510e+00 1.939064211408418004e+00 1.258126456195753917e+00 1.303634199405258265e+00 1.303079584805837410e+00 1.058251099974329534e+00 1.290845166930822518e+00 5.765171852191652846e-01 1.326398195834038951e+00 5.834960040663199621e-01 5.872110639259560116e-01 1.368653632934347719e+00 1.283199038964988770e+00 1.175955506976086973e+00 6.252133992877118018e-01 6.286849041588631337e-01 6.875089159219784918e-01 6.629507009466131251e-01 1.453991287124874798e+00
9.000000000000000000e+00 1.864828685218280935e+00 1.864885424425194227e+00 3.512736728421681498e-01 3.095439798685757360e-01 3.401335217951917400e-01 3.508211283123010560e-01 3.352735658461809543e-01 3.849611554474972053e-01 0.000000000000000000e+00 3.764910381052044563e-01 3.147115812531990908e-01 3.471840342607244168e-01 1.816870796152288303e+00 1.754048785925766296e+00 1.892283658036023830e+00 1.260621135931740966e+00 1.299463723627451550e+00 1.300959236912261563e+00 1.045201523101068730e+00 1.283152694160096363e+00 5.448549484298208512e-01 1.318003087299937093e+00 5.543240817769428119e-01 5.597892814209286527e-01 1.352594941959638142e+00 1.266010404318389959e+00 1.158666044113018767e+00 6.026632148513915155e-01 6.053243251372801836e-01 6.630402223733340428e-01 6.404881301899600921e-01 1.435125210606562174e+00
1.000000000000000000e+01 1.932365679728316632e+00 1.941941697087675944e+00 3.405972055763499817e-01 3.562573702120546137e-01 3.319054046139608971e-01 2.801404484757159530e-01 3.026042282187808574e-01 2.761297143587886360e-01 3.764910381052044563e-01 0.000000000000000000e+00 3.835078486659868613e-01 3.713461156799642282e-01 1.891523039984079002e+00 1.771721053051328099e+00 1.938596547621522781e+00 1.269584531636325231e+00 1.314041658134585511e+00 1.313725066729182434e+00 1.067138852601386745e+00 1.300566279425508842e+00 5.785626955416165451e-01 1.335821323439450481e+00 5.863709380750039557e-01 5.906424629153730343e-01 1.376285310410142237e+00 1.290849338183647443e+00 1.183730124555766761e+00 6.307327608813615427e-01 6.339216777428946514e-01 6.924586341565870384e-01 6.686278723358904941e-01 1.461335407094644712e+00
1.100000000000000000e+01 1.908338364167373902e+00 1.916291026171297984e+00 3.813525124081940110e-01 3.548423504346172042e-01 3.689724013217203780e-01 3.665601671176708098e-01 3.423997162694611962e-01 3.962863725807175275e-01 3.147115812531990908e-01 3.835078486659868613e-01 0.000000000000000000e+00 2.919090580010443858e-01 1.816470166702271793e+00 1.760178964624417475e+00 1.884879448689794401e+00 1.260120713584917063e+00 1.303023475381605678e+00 1.302814384491387312e+00 1.053632984757114421e+00 1.288189973609660921e+00 5.348270874185856449e-01 1.322397853619332153e+00 5.467124267700667062e-01 5.536424511737227938e-01 1.357903625518543933e+00 1.273341975792760206e+00 1.167030020994667794e+00 6.042024823563640901e-01 6.062196378792750195e-01 6.638500835578318160e-01 6.430938898464200193e-01 1.443376881120185917e+00
1.200000000000000000e+01 1.921776657631449226e+00 1.933059560274468236e+00 3.840522440440103935e-01 3.658822295140695680e-01 3.716161721394755091e-01 3.613401968412612852e-01 3.345963544277132939e-01 3.874253686868653901e-01 3.471840342607244168e-01 3.713461156799642282e-01 2.919090580010443858e-01 0.000000000000000000e+00 1.840496095496140239e+00 1.756207399891897225e+00 1.891401934317582523e+00 1.251729738076458709e+00 1.297398542620421757e+00 1.296165724156902233e+00 1.051426774840870770e+00 1.283752004321061069e+00 5.343733992873178629e-01 1.317883822630100177e+00 5.457333608996837171e-01 5.522674367313329391e-01 1.355491431287279447e+00 1.271730967427807446e+00 1.165696978013547547e+00 6.026549645483045836e-01 6.047585672491830877e-01 6.626437764716786027e-01 6.417185256298960638e-01 1.442327906471002397e+00
1.300000000000000000e+01 3.354274180381950021e+00 3.376949858814660477e+00 1.882371381927903986e+00 1.852929847774525296e+00 1.872455531898855607e+00 1.874530770238461930e+00 1.860868465000692584e+00 1.896241217099667420e+00 1.816870796152288303e+00 1.891523039984079002e+00 1.816470166702271793e+00 1.840496095496140239e+00 0.000000000000000000e+00 3.200806421763862097e+00 3.103131922494489991e+00 2.711371303592404303e+00 2.747339148839579082e+00 2.749159518740948105e+00 2.488938150636429647e+00 2.728801642409834027e+00 1.915680037896836385e+00 2.761799719311022194e+00 1.934320726029977955e+00 1.946713033268238302e+00 2.786138028918395015e+00 2.701704276140500571e+00 2.596315099291520934e+00 2.016792835981723986e+00 2.016505070936589483e+00 2.072027870369073543e+00 2.057290114104498358e+00 2.870399669522752273e+00
1.400000000000000000e+01 3.229939703846872234e+00 3.291857986935131208e+00 1.772304434400251871e+00 1.755934022608746758e+00 1.766102878290363165e+00 1.762607756702663231e+00 1.760485702736885649e+00 1.761804305887042510e+00 1.754048785925766296e+00 1.771721053051328099e+00 1.760178964624417475e+00 1.756207399891897225e+00 3.200806421763862097e+00 0.000000000000000000e+00 3.191770839589993081e+00 2.279574624459328902e+00 2.128539866951804527e+00 2.271184335993104764e+00 1.992345314903984921e+00 2.221555115599273211e+00 1.800506942797639010e+00 2.331924468475805590e+00 1.791960891889519569e+00 1.784957493177862009e+00 2.418871312383275907e+00 2.310771122648569875e+00 2.190271616959288625e+00 1.749759854745398968e+00 1.763680120806165874e+00 1.830728026679591114e+00 1.777851153697495690e+00 2.484735400213419876e+00
1.500000000000000000e+01 3.402401627190701383e+00 3.444119361081425801e+00 1.936036245356882013e+00 1.912481890213403091e+00 1.927220175314587003e+00 1.925852385917686149e+00 1.915454908695943814e+00 1.939064211408418004e+00 1.892283658036023830e+00 1.938596547621522781e+00 1.884879448689794401e+00 1.891401934317582523e+00 3.103131922494489991e+00 3.191770839589993081e+00 0.000000000000000000e+00 2.703892398493207949e+00 2.738444302984835765e+00 2.739714983825534578e+00 2.477727218698936085e+00 2.717960001909029533e+00 1.773854080539739808e+00 2.748022062579476454e+00 1.808620703516720329e+00 1.834640758855014653e+00 2.758028160165905796e+00 2.678398676085728791e+00 2.576782869621271121e+00 1.955992915009512334e+00 1.950606353004671334e+00 2.002888671798367159e+00 2.001685486214208609e+00 2.847648180046961297e+00
1.600000000000000000e+01 2.759832553054663684e+00 2.807829649350645163e+00 1.275883390232162462e+00 1.263126342275826097e+00 1.269795041941949698e+00 1.263443617918999173e+00 1.261697798465939435e+00 1.258126456195753917e+00 1.260621135931740966e+00 1.269584531636325231e+00 1.260120713584917063e+00 1.251729738076458709e+00 2.711371303592404303e+00 2.279574624459328902e+00 2.703892398493207949e+00 0.000000000000000000e+00 1.604255141954119779e+00 1.372100269303333508e+00 1.622701930335890275e+00 1.662885796987277676e+00 1.310135686983287417e+00 1.761417638529184870e+00 1.305191809306124107e+00 1.300658031457694985e+00 1.980259745507837010e+00 1.905820377963087342e+00 1.800376558517142289e+00 1.296128312796868798e+00 1.305754378307448782e+00 1.370454466960446371e+00 1.330251630488403780e+00 2.087884865023247993e+00
1.700000000000000000e+01 2.783956221525785146e+00 2.840779133548535285e+00 1.316762601587302406e+00 1.301669927819552264e+00 1.310577084520240909e+00 1.306027367167168940e+00 1.303977787730016047e+00 1.303634199405258265e+00 1.299463723627451550e+00 1.314041658134585511e+00 1.303023475381605678e+00 1.297398542620421757e+00 2.747339148839579082e+00 2.128539866951804527e+00 2.738444302984835765e+00 1.604255141954119779e+00 0.000000000000000000e+00 1.499256700117396424e+00 1.519692377562887664e+00 1.507185027955574075e+00 1.345879284980092461e+00 1.784936175215515952e+00 1.338530523960525187e+00 1.332340313412037069e+00 1.978934492983412063e+00 1.886675901678134704e+00 1.773159683095156591e+00 1.308025009940363859e+00 1.320431573858042107e+00 1.386715939987320123e+00 1.338424465085805259e+00 2.065191602247522962e+00
1.800000000000000000e+01 2.791060382813764118e+00 2.844569386367597819e+00 1.317762769677495616e+00 1.303441018471490853e+00 1.311575848578723669e+00 1.306376408559223545e+00 1.304326336062785696e+00 1.303079584805837410e+00 1.300959236912261563e+00 1.313725066729182434e+00 1.302814384491387312e+00 1.296165724156902233e+00 2.749159518740948105e+00 2.271184335993104764e+00 2.739714983825534578e+00 1.372100269303333508e+00 1.499256700117396424e+00 0.000000000000000000e+00 1.591844066785061074e+00 1.489702756361392932e+00 1.345692810286587715e+00 1.684800973006476354e+00 1.338890656268672430e+00 1.333057947570098545e+00 1.983010304140917945e+00 1.905721217582103666e+00 1.798528079382552658e+00 1.315202090450134698e+00 1.326713126547578447e+00 1.392654722100393982e+00 1.347276153314877156e+00 2.088997052424831136e+00
1.900000000000000000e+01 2.511176227048207643e+00 2.579174421810080275e+00 1.065363909929291530e+00 1.047205920923111044e+00 1.059006047401855000e+00 1.056742759445131519e+00 1.054166479722965288e+00 1.058251099974329534e+00 1.045201523101068730e+00 1.067138852601386745e+00 1.053632984757114421e+00 1.051426774840870770e+00 2.488938150636429647e+00 1.992345314903984921e+00 2.477727218698936085e+00 1.622701930335890275e+00 1.519692377562887664e+00 1.591844066785061074e+00 0.000000000000000000e+00 1.458381161068595500e+00 1.086214679397920602e+00 1.593208830726556613e+00 1.075792438034046672e+00 1.067489276719775670e+00 1.676476178510886150e+00 1.560423639506769877e+00 1.436044505686480566e+00 1.018924580517779788e+00 1.034721710116761173e+00 1.102952745284970781e+00 1.044784257620416046e+00 1.733435530181338446e+00
2.000000000000000000e+01 2.761373437140576481e+00 2.822035314070016288e+00 1.301721191626180829e+00 1.285464239536085795e+00 1.295435683528071369e+00 1.291697211543626711e+00 1.289344863167012800e+00 1.290845166930822518e+00 1.283152694160096363e+00 1.300566279425508842e+00 1.288189973609660921e+00 1.283752004321061069e+00 2.728801642409834027e+00 2.221555115599273211e+00 2.717960001909029533e+00 1.662885796987277676e+00 1.507185027955574075e+00 1.489702756361392932e+00 1.458381161068595500e+00 0.000000000000000000e+00 1.324683378062519790e+00 1.624042070947405492e+00 1.315893317268244544e+00 1.308690588751133976e+00 1.930917478899749185e+00 1.840299155336012848e+00 1.727109533077665571e+00 1.274871751643096740e+00 1.288629056433826303e+00 1.355871245767816813e+00 1.303986516194088896e+00 2.021281377761293907e+00
2.100000000000000000e+01 2.055261011164185359e+00 2.098960345068173527e+00 5.798765239947232253e-01 5.598297469812201221e-01 5.716466597228460067e-01 5.682160789351571317e-01 5.595440227353924989e-01 5.765171852191652846e-01 5.448549484298208512e-01 5.785626955416165451e-01 5.348270874185856449e-01 5.343733992873178629e-01 1.915680037896836385e+00 1.800506942797639010e+00 1.773854080539739808e+00 1.310135686983287417e+00 1.345879284980092461e+00 1.345692810286587715e+00 1.086214679397920602e+00 1.324683378062519790e+00 0.000000000000000000e+00 1.351839864230658605e+00 2.837084177718569578e-01 3.333123010296192845e-01 1.349913647524078719e+00 1.275882175131615615e+00 1.178273987620839680e+00 5.167234177397626027e-01 5.066147809550791692e-01 5.569407594969120190e-01 5.679875373096070490e-01 1.446458299887809940e+00
2.200000000000000000e+01 2.797295683119735088e+00 2.857424688167364835e+00 1.337102368258272556e+00 1.320728911079953605e+00 1.330735323263956715e+00 1.326962188447335045e+00 1.324362664599235018e+00 1.326398195834038951e+00 1.318003087299937093e+00 1.335821323439450481e+00 1.322397853619332153e+00 1.317883822630100177e+00 2.761799719311022194e+00 2.331924468475805590e+00 2.748022062579476454e+00 1.761417638529184870e+00 1.784936175215515952e+00 1.684800973006476354e+00 1.593208830726556613e+00 1.624042070947405492e+00 1.351839864230658605e+00 0.000000000000000000e+00 1.342080875024534770e+00 1.334145500962987452e+00 1.919362404709161751e+00 1.861010314497007823e+00 1.761320205627097568e+00 1.297366996420013852e+00 1.311626788116010633e+00 1.379686317739286405e+00 1.327362796970544601e+00 2.056517768734014151e+00
2.300000000000000000e+01 2.058111290606246868e+00 2.105450415873870718e+00 5.874006609319142314e-01 5.675388842771758036e-01 5.793845605505802965e-01 5.760822243134819942e-01 5.681587144711350845e-01 5.834960040663199621e-01 5.543240817769428119e-01 5.863709380750039557e-01 5.467124267700667062e-01 5.457333608996837171e-01 1.934320726029977955e+00 1.791960891889519569e+00 1.808620703516720329e+00 1.305191809306124107e+00 1.338530523960525187e+00 1.338890656268672430e+00 1.075792438034046672e+00 1.315893317268244544e+00 2.837084177718569578e-01 1.342080875024534770e+00 0.000000000000000000e+00 2.620435242830319034e-01 1.332798973087184535e+00 1.260112161137475706e+00 1.163889270629376416e+00 4.845785711681003249e-01 4.721102936749597134e-01 5.208973215539205448e-01 5.380431729898309534e-01 1.430555652852421478e+00
2.400000000000000000e+01 2.059598006002526294e+00 2.109142063293422797e+00 5.915491981224501039e-01 5.718584044794035037e-01 5.836756766524584528e-01 5.804225354710652596e-01 5.729908782078569907e-01 5.872110639259560116e-01 5.597892814209286527e-01 5.906424629153730343e-01 5.536424511737227938e-01 5.522674367313329391e-01 1.946713033268238302e+00 1.784957493177862009e+00 1.834640758855014653e+00 1.300658031457694985e+00 1.332340313412037069e+00 1.333057947570098545e+00 1.067489276719775670e+00 1.308690588751133976e+00 3.333123010296192845e-01 1.334145500962987452e+00 2.620435242830319034e-01 0.000000000000000000e+00 1.319408202656929596e+00 1.247803793998510269e+00 1.152652332275434066e+00 4.598851000040746761e-01 4.457934366164626461e-01 4.939591488838428468e-01 5.151264687631189609e-01 1.418202079851881958e+00
2.500000000000000000e+01 2.824412216993674285e+00 2.889397038038020504e+00 1.375232922117125334e+00 1.356639347966106079e+00 1.368504982749047194e+00 1.366007180402747601e+00 1.362322391236418184e+00 1.368653632934347719e+00 1.352594941959638142e+00 1.376285310410142237e+00 1.357903625518543933e+00 1.355491431287279447e+00 2.786138028918395015e+00 2.418871312383275907e+00 2.758028160165905796e+00 1.980259745507837010e+00 1.978934492983412063e+00 1.983010304140917945e+00 1.676476178510886150e+00 1.930917478899749185e+00 1.349913647524078719e+00 1.919362404709161751e+00 1.332798973087184535e+00 1.319408202656929596e+00 0.000000000000000000e+00 1.666674051486172647e+00 1.700954428633362436e+00 1.229250971334718390e+00 1.253047053099307195e+00 1.329482108287230790e+00 1.255079987759015303e+00 2.015048811234608106e+00
2.600000000000000000e+01 2.731562450751771731e+00 2.800206380969779918e+00 1.288608464376211682e+00 1.269413445034861088e+00 1.281935899637872911e+00 1.280019172718878107e+00 1.276523480585508796e+00 1.283199038964988770e+00 1.266010404318389959e+00 1.290849338183647443e+00 1.273341975792760206e+00 1.271730967427807446e+00 2.701704276140500571e+00 2.310771122648569875e+00 2.678398676085728791e+00 1.905820377963087342e+00 1.886675901678134704e+00 1.905721217582103666e+00 1.560423639506769877e+00 1.840299155336012848e+00 1.275882175131615615e+00 1.861010314497007823e+00 1.260112161137475706e+00 1.247803793998510269e+00 1.666674051486172647e+00 0.000000000000000000e+00 1.464425576926008166e+00 1.160682695951857912e+00 1.183685181525388153e+00 1.258477124321603746e+00 1.182471508782513059e+00 1.890377986646663455e+00
2.700000000000000000e+01 2.621295917579078871e+00 2.691616932370145765e+00 1.181002982490233055e+00 1.161628316428451324e+00 1.174383653239178482e+00 1.172696455748450273e+00 1.169373190786099581e+00 1.175955506976086973e+00 1.158666044113018767e+00 1.183730124555766761e+00 1.167030020994667794e+00 1.165696978013547547e+00 2.596315099291520934e+00 2.190271616959288625e+00 2.576782869621271121e+00 1.800376558517142289e+00 1.773159683095156591e+00 1.798528079382552658e+00 1.436044505686480566e+00 1.727109533077665571e+00 1.178273987620839680e+00 1.761320205627097568e+00 1.163889270629376416e+00 1.152652332275434066e+00 1.700954428633362436e+00 1.464425576926008166e+00 0.000000000000000000e+00 1.074457975308690916e+00 1.095605239149940680e+00 1.168455892602910939e+00 1.096173125672395887e+00 1.777028587373915780e+00
2.800000000000000000e+01 2.081196627870989690e+00 2.142790541617465738e+00 6.297168878137751058e-01 6.099463376279588012e-01 6.224357345021189758e-01 6.200673158626268666e-01 6.146590838390313394e-01 6.252133992877118018e-01 6.026632148513915155e-01 6.307327608813615427e-01 6.042024823563640901e-01 6.026549645483045836e-01 2.016792835981723986e+00 1.749759854745398968e+00 1.955992915009512334e+00 1.296128312796868798e+00 1.308025009940363859e+00 1.315202090450134698e+00 1.018924580517779788e+00 1.274871751643096740e+00 5.167234177397626027e-01 1.297366996420013852e+00 4.845785711681003249e-01 4.598851000040746761e-01 1.229250971334718390e+00 1.160682695951857912e+00 1.074457975308690916e+00 0.000000000000000000e+00 2.685467515438193509e-01 3.837558799209186411e-01 3.114270011200908073e-01 1.327907461311474524e+00
2.900000000000000000e+01 2.085254549553473780e+00 2.146096136206361749e+00 6.329828563355008875e-01 6.130973040464096080e-01 6.256250380225862884e-01 6.232366822757331448e-01 6.175855572934016990e-01 6.286849041588631337e-01 6.053243251372801836e-01 6.339216777428946514e-01 6.062196378792750195e-01 6.047585672491830877e-01 2.016505070936589483e+00 1.763680120806165874e+00 1.950606353004671334e+00 1.305754378307448782e+00 1.320431573858042107e+00 1.326713126547578447e+00 1.034721710116761173e+00 1.288629056433826303e+00 5.066147809550791692e-01 1.311626788116010633e+00 4.721102936749597134e-01 4.457934366164626461e-01 1.253047053099307195e+00 1.183685181525388153e+00 1.095605239149940680e+00 2.685467515438193509e-01 0.000000000000000000e+00 3.373926868256380551e-01 3.395616660583939961e-01 1.350817678667992627e+00
3.000000000000000000e+01 2.142418015603947179e+00 2.203660943327420352e+00 6.912979960932781331e-01 6.711141388380905681e-01 6.838708321682998026e-01 6.816175038122160856e-01 6.757651261588075720e-01 6.875089159219784918e-01 6.630402223733340428e-01 6.924586341565870384e-01 6.638500835578318160e-01 6.626437764716786027e-01 2.072027870369073543e+00 1.830728026679591114e+00 2.002888671798367159e+00 1.370454466960446371e+00 1.386715939987320123e+00 1.392654722100393982e+00 1.102952745284970781e+00 1.355871245767816813e+00 5.569407594969120190e-01 1.379686317739286405e+00 5.208973215539205448e-01 4.939591488838428468e-01 1.329482108287230790e+00 1.258477124321603746e+00 1.168455892602910939e+00 3.837558799209186411e-01 3.373926868256380551e-01 0.000000000000000000e+00 4.301526179458625698e-01 1.425117242598550771e+00
3.100000000000000000e+01 2.115820871976669793e+00 2.179268581989498799e+00 6.671873206950587054e-01 6.472561533908463005e-01 6.599607446591684301e-01 6.577990944862408540e-01 6.525838985326957165e-01 6.629507009466131251e-01 6.404881301899600921e-01 6.686278723358904941e-01 6.430938898464200193e-01 6.417185256298960638e-01 2.057290114104498358e+00 1.777851153697495690e+00 2.001685486214208609e+00 1.330251630488403780e+00 1.338424465085805259e+00 1.347276153314877156e+00 1.044784257620416046e+00 1.303986516194088896e+00 5.679875373096070490e-01 1.327362796970544601e+00 5.380431729898309534e-01 5.151264687631189609e-01 1.255079987759015303e+00 1.182471508782513059e+00 1.096173125672395887e+00 3.114270011200908073e-01 3.395616660583939961e-01 4.301526179458625698e-01 0.000000000000000000e+00 1.345490047599032568e+00
3.200000000000000000e+01 2.896599867142420681e+00 2.967751064235263581e+00 1.458311531374177239e+00 1.438482553095548067e+00 1.451583904857035368e+00 1.450090116093176729e+00 1.446465408715406742e+00 1.453991287124874798e+00 1.435125210606562174e+00 1.461335407094644712e+00 1.443376881120185917e+00 1.442327906471002397e+00 2.870399669522752273e+00 2.484735400213419876e+00 2.847648180046961297e+00 2.087884865023247993e+00 2.065191602247522962e+00 2.088997052424831136e+00 1.733435530181338446e+00 2.021281377761293907e+00 1.446458299887809940e+00 2.056517768734014151e+00 1.430555652852421478e+00 1.418202079851881958e+00 2.015048811234608106e+00 1.890377986646663455e+00 1.777028587373915780e+00 1.327907461311474524e+00 1.350817678667992627e+00 1.425117242598550771e+00 1.345490047599032568e+00 0.000000000000000000e+00
