0.000000000000000000e+00 1.000000000000000000e+00 2.000000000000000000e+00 3.000000000000000000e+00 4.000000000000000000e+00 5.000000000000000000e+00 6.000000000000000000e+00 7.000000000000000000e+00 8.000000000000000000e+00 9.000000000000000000e+00 1.000000000000000000e+01 1.100000000000000000e+01 1.200000000000000000e+01 1.300000000000000000e+01 1.400000000000000000e+01 1.500000000000000000e+01 1.600000000000000000e+01 1.700000000000000000e+01 1.800000000000000000e+01 1.900000000000000000e+01 2.000000000000000000e+01 2.100000000000000000e+01 2.200000000000000000e+01 2.300000000000000000e+01 2.400000000000000000e+01 2.500000000000000000e+01 2.600000000000000000e+01 2.700000000000000000e+01 2.800000000000000000e+01 2.900000000000000000e+01 3.000000000000000000e+01 3.100000000000000000e+01 3.200000000000000000e+01
1.000000000000000000e+00 0.000000000000000000e+00 6.059287906201118012e+00 3.551454640538053376e+00 6.472677875021999760e+00 4.405793574691003300e+00 6.311931214445131388e+00 6.824114979709533735e+00 6.727646482972209796e+00 6.420166543970803552e+00 6.818738423327473264e+00 6.494887550000809640e+00 5.497428693147573320e+00 6.089215917468417949e+00 5.431250773453128566e+00 5.859763759846813080e+00 4.256335563697581925e+00 4.268044621635479707e+00 4.650334225562295920e+00 4.468801245869856054e+00 4.775217295224861047e+00 4.546115978016950443e+00 4.305015252505949519e+00 5.077648087427476753e+00 5.033329168388489983e+00 6.303995535140090034e+00 6.212971692314323668e+00 6.337817380588547600e+00 8.166078753482464592e+00 8.056639586233391270e+00 8.142076094067524750e+00 8.620736558759885426e+00 8.890599199513921747e+00
2.000000000000000000e+00 6.059287906201118012e+00 0.000000000000000000e+00 6.290825016137703507e+00 9.130094827489433129e+00 7.138690420711595763e+00 9.055239844343500266e+00 9.540514893409582697e+00 9.508659248142647513e+00 8.948530205413884886e+00 9.584374078666836994e+00 9.183804980019084852e+00 8.246913682084631603e+00 9.086668949396990769e+00 8.352608408110615557e+00 8.963315822453608916e+00 7.182223043385161709e+00 7.193619604725586036e+00 7.577031310212482218e+00 7.396288960119036027e+00 7.703109494680523639e+00 7.548625861658375236e+00 7.240238843325604634e+00 8.103693570444303163e+00 8.069549535109267424e+00 9.251506533736986171e+00 9.164694532489480849e+00 9.291917008025084357e+00 1.117732940375376849e+01 1.108348595519075630e+01 1.120557523892751739e+01 1.163294487003123656e+01 1.186903002565652443e+01
3.000000000000000000e+00 3.551454640538053376e+00 6.290825016137703507e+00 0.000000000000000000e+00 4.038150553634193507e+00 1.273804933277006057e+00 3.668860934908504845e+00 4.731326240749990752e+00 4.478249925737531001e+00 5.521544170945177576e+00 4.682058162791460809e+00 5.521934266196302232e+00 4.220280849675574153e+00 6.098813468507839453e+00 4.318776436094052151e+00 5.867342964617866308e+00 3.177547598412906460e+00 3.185292266958032137e+00 3.576025348388044200e+00 3.397232297116364208e+00 3.706740924309944063e+00 4.085790088978707324e+00 3.282206009321945395e+00 4.650596619966417933e+00 4.604363841571704974e+00 5.344820638746180741e+00 5.270546540960906690e+00 5.405640271828239030e+00 7.508793416139956989e+00 7.465281279927356906e+00 7.683980455932021059e+00 7.953682678323881206e+00 8.068667514904799276e+00
4.000000000000000000e+00 6.472677875021999760e+00 9.130094827489433129e+00 4.038150553634193507e+00 0.000000000000000000e+00 4.806917882425658206e+00 7.031032947907910113e+00 7.644687760479716765e+00 7.813951736269592274e+00 8.135897348648843064e+00 7.905772991772821889e+00 8.319843788097765369e+00 7.122403461279353643e+00 8.975703703047820170e+00 7.410867424032979933e+00 8.782034105990653927e+00 6.262633386522336032e+00 6.271388107032625392e+00 6.660360744061610383e+00 6.481354361750852000e+00 6.790213795213906778e+00 7.049044020450838666e+00 6.357222107509306497e+00 7.619584203547919543e+00 7.579897522244549712e+00 8.409688434390009348e+00 8.333410425875364069e+00 8.467137545534686893e+00 1.052950684424751593e+01 1.047746071606970730e+01 1.068177535458620220e+01 1.097759238643003066e+01 1.111461070685302488e+01
5.000000000000000000e+00 4.405793574691003300e+00 7.138690420711595763e+00 1.273804933277006057e+00 4.806917882425658206e+00 0.000000000000000000e+00 4.391339765631631309e+00 5.425337363363913035e+00 5.341369639908149836e+00 6.325642404362905147e+00 5.490762396015179014e+00 6.326266822545068891e+00 5.021388421433790050e+00 6.934700550910329220e+00 5.177245467147057134e+00 6.707265372720109475e+00 4.034912868513612416e+00 4.042841106613660251e+00 4.433298990521568506e+00 4.254520723653045344e+00 4.563927399689621467e+00 4.927531988014336228e+00 4.138213908115861983e+00 5.493860223953671351e+00 5.448825091085386596e+00 6.199625204498079079e+00 6.125190170502942344e+00 6.260151788897059255e+00 8.358864153482775450e+00 8.314557817960594122e+00 8.532210517799340366e+00 8.804263881574557971e+00 8.921556583396046847e+00
6.000000000000000000e+00 6.311931214445131388e+00 9.055239844343500266e+00 3.668860934908504845e+00 7.031032947907910113e+00 4.391339765631631309e+00 0.000000000000000000e+00 6.604247939645522258e+00 6.937706620285284842e+00 8.154310239929984050e+00 6.685950729037760887e+00 8.046025133349711922e+00 6.636792884052124641e+00 8.759210833416958053e+00 6.978468353303580507e+00 8.527989998271280569e+00 5.834475561278190447e+00 5.842804734205063077e+00 6.232861883831795957e+00 6.054354470926770482e+00 6.363610307855877224e+00 6.723127391894730742e+00 5.936923259682902909e+00 7.294305159572708419e+00 7.251590647253405741e+00 7.998541612129005607e+00 7.924633438531876628e+00 8.059812088288815346e+00 1.016188496803241215e+01 1.011911961375748348e+01 1.034115231944464774e+01 1.060801679310577761e+01 1.072293240966007133e+01
7.000000000000000000e+00 6.824114979709533735e+00 9.540514893409582697e+00 4.731326240749990752e+00 7.644687760479716765e+00 5.425337363363913035e+00 6.604247939645522258e+00 0.000000000000000000e+00 7.831498602351642191e+00 8.347927029610147542e+00 7.343516824220345462e+00 8.116642771276138646e+00 6.613418455089251857e+00 9.133775519960639855e+00 7.525392858562262255e+00 8.931198979896223022e+00 6.372908881780214863e+00 6.382639739045585792e+00 6.770571525210809405e+00 6.592151341993644387e+00 6.900620248803598145e+00 7.137153452047203750e+00 6.464753376449122513e+00 7.721097197513479671e+00 7.688231821892455464e+00 8.516946061016660963e+00 8.441786546126035518e+00 8.575935208903512574e+00 1.064322763828645257e+01 1.059430125033749448e+01 1.080841069101320606e+01 1.109344673837136064e+01 1.122639134933255889e+01
8.000000000000000000e+00 6.727646482972209796e+00 9.508659248142647513e+00 4.478249925737531001e+00 7.813951736269592274e+00 5.341369639908149836e+00 6.937706620285284842e+00 7.831498602351642191e+00 0.000000000000000000e+00 8.679079825831369277e+00 6.754839872473422879e+00 8.497115155125046115e+00 7.024100256924621810e+00 9.129739024178839202e+00 7.127168664892409744e+00 8.863507076248154704e+00 5.987473129215808321e+00 5.995408822826401085e+00 6.386595245492673989e+00 6.208689594473837836e+00 6.518356500645824170e+00 6.994462005678031780e+00 6.098468368956394769e+00 7.562786112489582990e+00 7.514851638976787207e+00 8.169970922783395650e+00 8.098517854239840830e+00 8.235219209195033585e+00 1.037978845596097166e+01 1.034664067458382064e+01 1.058624804972749622e+01 1.082337817683584014e+01 1.091487548065479984e+01
9.000000000000000000e+00 6.420166543970803552e+00 8.948530205413884886e+00 5.521544170945177576e+00 8.135897348648843064e+00 6.325642404362905147e+00 8.154310239929984050e+00 8.347927029610147542e+00 8.679079825831369277e+00 0.000000000000000000e+00 8.630841275001639445e+00 7.560104006085140327e+00 6.948141262260462803e+00 8.505307999500786309e+00 7.629985817735291498e+00 8.473894430163781522e+00 6.460783524941128952e+00 6.472605676947117637e+00 6.856303596804111500e+00 6.676746221183239349e+00 6.983657734770075010e+00 6.870235083754791638e+00 6.525580352838234788e+00 7.466703794671420980e+00 7.451495934279203759e+00 8.548494109839989363e+00 8.466757993971132379e+00 8.596661034783398492e+00 1.054177202245248601e+01 1.046605471941157361e+01 1.063304128064397780e+01 1.100037860430459169e+01 1.120004213121777425e+01
1.000000000000000000e+01 6.818738423327473264e+00 9.584374078666836994e+00 4.682058162791460809e+00 7.905772991772821889e+00 5.490762396015179014e+00 6.685950729037760887e+00 7.343516824220345462e+00 6.754839872473422879e+00 8.630841275001639445e+00 0.000000000000000000e+00 8.356120856010514686e+00 6.751091874804052928e+00 9.150647329659864937e+00 7.293289878983920893e+00 8.902166567157404842e+00 6.146252199901813817e+00 6.155382170162668309e+00 6.544718850286426637e+00 6.366841856337344119e+00 6.675825667381870332e+00 7.044807101550115469e+00 6.247817389951588751e+00 7.623067240660475363e+00 7.583093089096991868e+00 8.310831405555315854e+00 8.238173899025227342e+00 8.373916569163551316e+00 1.048682720168113924e+01 1.044791023910169514e+01 1.067957316352735653e+01 1.093389710299674000e+01 1.104193370928167894e+01
1.100000000000000000e+01 6.494887550000809640e+00 9.183804980019084852e+00 5.521934266196302232e+00 8.319843788097765369e+00 6.326266822545068891e+00 8.046025133349711922e+00 8.116642771276138646e+00 8.497115155125046115e+00 7.560104006085140327e+00 8.356120856010514686e+00 0.000000000000000000e+00 5.938899004077540233e+00 8.408341693273523987e+00 7.392289479881772429e+00 8.334646031981048253e+00 6.220747302862347006e+00 6.233272959501623411e+00 6.616387667083299284e+00 6.437467323762558813e+00 6.744156385153226907e+00 6.624761812737946620e+00 6.285388367277009891e+00 7.241368418211020952e+00 7.235645795878846265e+00 8.310918904623473935e+00 8.231148479830036280e+00 8.361977517190936737e+00 1.032475745229912967e+01 1.025555757733071971e+01 1.043998945779857657e+01 1.078551409095458702e+01 1.097367357326162818e+01
1.200000000000000000e+01 5.497428693147573320e+00 8.246913682084631603e+00 4.220280849675574153e+00 7.122403461279353643e+00 5.021388421433790050e+00 6.636792884052124641e+00 6.613418455089251857e+00 7.024100256924621810e+00 6.948141262260462803e+00 6.751091874804052928e+00 5.938899004077540233e+00 0.000000000000000000e+00 7.520060926765016696e+00 6.086730968948260490e+00 7.329695926702897602e+00 4.920079986329462862e+00 4.932311125108829408e+00 5.316691236572073542e+00 5.138723264488999298e+00 5.445874223525420277e+00 5.491834642297546587e+00 4.995584467391466887e+00 6.105707915005099906e+00 6.092742902910093683e+00 7.034706608771876368e+00 6.958670006703282063e+00 7.091729919542340888e+00 9.115060962011442669e+00 9.060161853568573065e+00 9.271382538666072648e+00 9.572684940228198158e+00 9.727173049323919685e+00
1.300000000000000000e+01 6.089215917468417949e+00 9.086668949396990769e+00 6.098813468507839453e+00 8.975703703047820170e+00 6.934700550910329220e+00 8.759210833416958053e+00 9.133775519960639855e+00 9.129739024178839202e+00 8.505307999500786309e+00 9.150647329659864937e+00 8.408341693273523987e+00 7.520060926765016696e+00 0.000000000000000000e+00 7.564629890256552081e+00 7.510075776178433138e+00 6.378511796002773515e+00 6.392210954621572405e+00 6.771645339676724440e+00 6.590493768951570352e+00 6.895840454360401495e+00 6.398830631626499788e+00 6.414044748485528302e+00 6.989375973454599489e+00 6.987119722443421388e+00 8.403385254298800788e+00 8.313204254612294619e+00 8.437885922279399153e+00 1.023766450883377566e+01 1.012805933786406953e+01 1.023302744599186020e+01 1.070461849355369743e+01 1.098464195928442422e+01
1.400000000000000000e+01 5.431250773453128566e+00 8.352608408110615557e+00 4.318776436094052151e+00 7.410867424032979933e+00 5.177245467147057134e+00 6.978468353303580507e+00 7.525392858562262255e+00 7.127168664892409744e+00 7.629985817735291498e+00 7.293289878983920893e+00 7.392289479881772429e+00 6.086730968948260490e+00 7.564629890256552081e+00 0.000000000000000000e+00 7.090286895335194295e+00 1.770150475668457624e+00 1.602428993145856850e+00 2.149535817831027096e+00 1.835256634036982248e+00 2.206577591988557074e+00 4.836855955239106386e+00 2.119904728134870631e+00 5.308408377576832038e+00 5.165397623734798493e+00 4.414098740735709292e+00 4.354417156037746928e+00 4.509648105009778085e+00 7.369340657212370971e+00 7.457525193890866433e+00 7.874809270200119116e+00 7.737334337042417687e+00 7.456376625206488029e+00
1.500000000000000000e+01 5.859763759846813080e+00 8.963315822453608916e+00 5.867342964617866308e+00 8.782034105990653927e+00 6.707265372720109475e+00 8.527989998271280569e+00 8.931198979896223022e+00 8.863507076248154704e+00 8.473894430163781522e+00 8.902166567157404842e+00 8.334646031981048253e+00 7.329695926702897602e+00 7.510075776178433138e+00 7.090286895335194295e+00 0.000000000000000000e+00 5.896497596028997812e+00 5.911107243731669847e+00 6.288585571798868123e+00 6.106829138052332517e+00 6.411450027143891006e+00 5.628468993638146678e+00 5.919112240141002346e+00 6.250786610613634053e+00 6.283646667516447515e+00 7.894464541408846792e+00 7.801821565924330848e+00 7.924784038291188715e+00 9.666477807289046709e+00 9.545707065422806892e+00 9.641028263938343557e+00 1.014206588057553127e+01 1.045155614997630167e+01
1.600000000000000000e+01 4.256335563697581925e+00 7.182223043385161709e+00 3.177547598412906460e+00 6.262633386522336032e+00 4.034912868513612416e+00 5.834475561278190447e+00 6.372908881780214863e+00 5.987473129215808321e+00 6.460783524941128952e+00 6.146252199901813817e+00 6.220747302862347006e+00 4.920079986329462862e+00 6.378511796002773515e+00 1.770150475668457624e+00 5.896497596028997812e+00 0.000000000000000000e+00 4.367097917829223519e-01 7.145902138740751752e-01 7.407096344925987452e-01 1.032401570835242310e+00 3.628352507880898692e+00 8.517655508238775042e-01 4.095592407046808603e+00 3.948438305542651072e+00 3.155173299752550342e+00 3.101967786621727008e+00 3.259221739462886624e+00 6.128989694938747235e+00 6.221280575364527721e+00 6.645592159043845371e+00 6.496633179799102820e+00 6.209438252544600800e+00
1.700000000000000000e+01 4.268044621635479707e+00 7.193619604725586036e+00 3.185292266958032137e+00 6.271388107032625392e+00 4.042841106613660251e+00 5.842804734205063077e+00 6.382639739045585792e+00 5.995408822826401085e+00 6.472605676947117637e+00 6.155382170162668309e+00 6.233272959501623411e+00 4.932311125108829408e+00 6.392210954621572405e+00 1.602428993145856850e+00 5.911107243731669847e+00 4.367097917829223519e-01 0.000000000000000000e+00 8.036772077205425191e-01 5.508090286996392138e-01 8.740921265558965203e-01 3.645627617063204262e+00 8.272372861559009749e-01 4.112476359052795516e+00 3.965099450626802913e+00 3.139320706166553343e+00 3.080317788714359573e+00 3.236715078898549258e+00 6.136561388358297009e+00 6.230681175246825632e+00 6.655577696583383940e+00 6.499648444099902278e+00 6.198215379792017643e+00
1.800000000000000000e+01 4.650334225562295920e+00 7.577031310212482218e+00 3.576025348388044200e+00 6.660360744061610383e+00 4.433298990521568506e+00 6.232861883831795957e+00 6.770571525210809405e+00 6.386595245492673989e+00 6.856303596804111500e+00 6.544718850286426637e+00 6.616387667083299284e+00 5.316691236572073542e+00 6.771645339676724440e+00 2.149535817831027096e+00 6.288585571798868123e+00 7.145902138740751752e-01 8.036772077205425191e-01 0.000000000000000000e+00 1.087114055155836922e+00 1.348491672677652353e+00 4.019232041761759966e+00 1.185182027423866913e+00 4.485044691462638511e+00 4.336657635542045419e+00 3.506253546856696879e+00 3.451963725918751003e+00 3.609663824370266560e+00 6.504110010054413138e+00 6.598893838059908035e+00 7.025431238230895659e+00 6.868215938219085714e+00 6.568944809197724055e+00
1.900000000000000000e+01 4.468801245869856054e+00 7.396288960119036027e+00 3.397232297116364208e+00 6.481354361750852000e+00 4.254520723653045344e+00 6.054354470926770482e+00 6.592151341993644387e+00 6.208689594473837836e+00 6.676746221183239349e+00 6.366841856337344119e+00 6.437467323762558813e+00 5.138723264488999298e+00 6.590493768951570352e+00 1.835256634036982248e+00 6.106829138052332517e+00 7.407096344925987452e-01 5.508090286996392138e-01 1.087114055155836922e+00 0.000000000000000000e+00 9.551201847101911113e-01 3.838076563948976450e+00 9.276053113821838281e-01 4.301861738515615485e+00 4.151817461130886677e+00 3.248146470174797962e+00 3.180545118213276901e+00 3.335741923919694152e+00 6.294612559794197537e+00 6.394145452924096418e+00 6.823871316361303840e+00 6.649477331361095978e+00 6.319312006747601629e+00
2.000000000000000000e+01 4.775217295224861047e+00 7.703109494680523639e+00 3.706740924309944063e+00 6.790213795213906778e+00 4.563927399689621467e+00 6.363610307855877224e+00 6.900620248803598145e+00 6.518356500645824170e+00 6.983657734770075010e+00 6.675825667381870332e+00 6.744156385153226907e+00 5.445874223525420277e+00 6.895840454360401495e+00 2.206577591988557074e+00 6.411450027143891006e+00 1.032401570835242310e+00 8.740921265558965203e-01 1.348491672677652353e+00 9.551201847101911113e-01 0.000000000000000000e+00 4.141218752196471620e+00 1.205399808487241486e+00 4.604630328801416539e+00 4.454216766515394887e+00 3.548247793775392900e+00 3.486654519793460416e+00 3.643858043458926055e+00 6.596131961922942821e+00 6.695821846502433061e+00 7.126159795005595043e+00 6.951911058611242922e+00 6.624692339914725281e+00
2.100000000000000000e+01 4.546115978016950443e+00 7.548625861658375236e+00 4.085790088978707324e+00 7.049044020450838666e+00 4.927531988014336228e+00 6.723127391894730742e+00 7.137153452047203750e+00 6.994462005678031780e+00 6.870235083754791638e+00 7.044807101550115469e+00 6.624761812737946620e+00 5.491834642297546587e+00 6.398830631626499788e+00 4.836855955239106386e+00 5.628468993638146678e+00 3.628352507880898692e+00 3.645627617063204262e+00 4.019232041761759966e+00 3.838076563948976450e+00 4.141218752196471620e+00 0.000000000000000000e+00 3.633251275539942426e+00 3.299179640899291499e+00 3.604821336195240811e+00 5.598171817893891067e+00 5.511019252987735761e+00 5.635740501819079817e+00 7.363776528686591050e+00 7.260064583022394658e+00 7.442234942786404517e+00 7.870034608436116130e+00 8.171224370352422994e+00
2.200000000000000000e+01 4.305015252505949519e+00 7.240238843325604634e+00 3.282206009321945395e+00 6.357222107509306497e+00 4.138213908115861983e+00 5.936923259682902909e+00 6.464753376449122513e+00 6.098468368956394769e+00 6.525580352838234788e+00 6.247817389951588751e+00 6.285388367277009891e+00 4.995584467391466887e+00 6.414044748485528302e+00 2.119904728134870631e+00 5.919112240141002346e+00 8.517655508238775042e-01 8.272372861559009749e-01 1.185182027423866913e+00 9.276053113821838281e-01 1.205399808487241486e+00 3.633251275539942426e+00 0.000000000000000000e+00 4.085919124765311494e+00 3.925977077316304964e+00 2.768361349825098294e+00 2.717210864458693642e+00 2.883278772943147494e+00 5.978292450821394155e+00 6.094969105112994612e+00 6.542433617820714531e+00 6.313781722953056175e+00 5.915779136174329267e+00
2.300000000000000000e+01 5.077648087427476753e+00 8.103693570444303163e+00 4.650596619966417933e+00 7.619584203547919543e+00 5.493860223953671351e+00 7.294305159572708419e+00 7.721097197513479671e+00 7.562786112489582990e+00 7.466703794671420980e+00 7.623067240660475363e+00 7.241368418211020952e+00 6.105707915005099906e+00 6.989375973454599489e+00 5.308408377576832038e+00 6.250786610613634053e+00 4.095592407046808603e+00 4.112476359052795516e+00 4.485044691462638511e+00 4.301861738515615485e+00 4.604630328801416539e+00 3.299179640899291499e+00 4.085919124765311494e+00 0.000000000000000000e+00 3.135720702851830133e+00 6.027752399730949229e+00 5.933353370154766715e+00 6.054041000715593590e+00 7.662292900281455488e+00 7.527107910042305505e+00 7.676264003819499138e+00 8.183264311593079654e+00 8.547706163653138844e+00
2.400000000000000000e+01 5.033329168388489983e+00 8.069549535109267424e+00 4.604363841571704974e+00 7.579897522244549712e+00 5.448825091085386596e+00 7.251590647253405741e+00 7.688231821892455464e+00 7.514851638976787207e+00 7.451495934279203759e+00 7.583093089096991868e+00 7.235645795878846265e+00 6.092742902910093683e+00 6.987119722443421388e+00 5.165397623734798493e+00 6.283646667516447515e+00 3.948438305542651072e+00 3.965099450626802913e+00 4.336657635542045419e+00 4.151817461130886677e+00 4.454216766515394887e+00 3.604821336195240811e+00 3.925977077316304964e+00 3.135720702851830133e+00 0.000000000000000000e+00 5.848252776391730912e+00 5.748338282147494205e+00 5.865879377240012182e+00 7.374163959635760435e+00 7.214496740315095025e+00 7.346690094251600911e+00 7.910718753760916044e+00 8.326255193761578965e+00
2.500000000000000000e+01 6.303995535140090034e+00 9.251506533736986171e+00 5.344820638746180741e+00 8.409688434390009348e+00 6.199625204498079079e+00 7.998541612129005607e+00 8.516946061016660963e+00 8.169970922783395650e+00 8.548494109839989363e+00 8.310831405555315854e+00 8.310918904623473935e+00 7.034706608771876368e+00 8.403385254298800788e+00 4.414098740735709292e+00 7.894464541408846792e+00 3.155173299752550342e+00 3.139320706166553343e+00 3.506253546856696879e+00 3.248146470174797962e+00 3.548247793775392900e+00 5.598171817893891067e+00 2.768361349825098294e+00 6.027752399730949229e+00 5.848252776391730912e+00 0.000000000000000000e+00 3.922972092955181900e+00 4.256476109238003680e+00 7.622614281342960041e+00 7.799484506699947417e+00 8.292770342021947627e+00 7.881575150934553520e+00 7.315550774637397780e+00
2.600000000000000000e+01 6.212971692314323668e+00 9.164694532489480849e+00 5.270546540960906690e+00 8.333410425875364069e+00 6.125190170502942344e+00 7.924633438531876628e+00 8.441786546126035518e+00 8.098517854239840830e+00 8.466757993971132379e+00 8.238173899025227342e+00 8.231148479830036280e+00 6.958670006703282063e+00 8.313204254612294619e+00 4.354417156037746928e+00 7.801821565924330848e+00 3.101967786621727008e+00 3.080317788714359573e+00 3.451963725918751003e+00 3.180545118213276901e+00 3.486654519793460416e+00 5.511019252987735761e+00 2.717210864458693642e+00 5.933353370154766715e+00 5.748338282147494205e+00 3.922972092955181900e+00 0.000000000000000000e+00 2.901969404714814793e+00 7.386149073974928925e+00 7.580402102501629713e+00 8.075973359553424658e+00 7.532996428010511281e+00 6.511542962533201973e+00
2.700000000000000000e+01 6.337817380588547600e+00 9.291917008025084357e+00 5.405640271828239030e+00 8.467137545534686893e+00 6.260151788897059255e+00 8.059812088288815346e+00 8.575935208903512574e+00 8.235219209195033585e+00 8.596661034783398492e+00 8.373916569163551316e+00 8.361977517190936737e+00 7.091729919542340888e+00 8.437885922279399153e+00 4.509648105009778085e+00 7.924784038291188715e+00 3.259221739462886624e+00 3.236715078898549258e+00 3.609663824370266560e+00 3.335741923919694152e+00 3.643858043458926055e+00 5.635740501819079817e+00 2.883278772943147494e+00 6.054041000715593590e+00 5.865879377240012182e+00 4.256476109238003680e+00 2.901969404714814793e+00 0.000000000000000000e+00 7.441606227472691515e+00 7.641358561100304314e+00 8.136230097353022828e+00 7.534836004295412337e+00 6.223131659652469949e+00
2.800000000000000000e+01 8.166078753482464592e+00 1.117732940375376849e+01 7.508793416139956989e+00 1.052950684424751593e+01 8.358864153482775450e+00 1.016188496803241215e+01 1.064322763828645257e+01 1.037978845596097166e+01 1.054177202245248601e+01 1.048682720168113924e+01 1.032475745229912967e+01 9.115060962011442669e+00 1.023766450883377566e+01 7.369340657212370971e+00 9.666477807289046709e+00 6.128989694938747235e+00 6.136561388358297009e+00 6.504110010054413138e+00 6.294612559794197537e+00 6.596131961922942821e+00 7.363776528686591050e+00 5.978292450821394155e+00 7.662292900281455488e+00 7.374163959635760435e+00 7.622614281342960041e+00 7.386149073974928925e+00 7.441606227472691515e+00 0.000000000000000000e+00 6.853312647687644699e+00 8.547294603258345447e+00 7.541212872231811915e+00 9.308611421133477393e+00
2.900000000000000000e+01 8.056639586233391270e+00 1.108348595519075630e+01 7.465281279927356906e+00 1.047746071606970730e+01 8.314557817960594122e+00 1.011911961375748348e+01 1.059430125033749448e+01 1.034664067458382064e+01 1.046605471941157361e+01 1.044791023910169514e+01 1.025555757733071971e+01 9.060161853568573065e+00 1.012805933786406953e+01 7.457525193890866433e+00 9.545707065422806892e+00 6.221280575364527721e+00 6.230681175246825632e+00 6.598893838059908035e+00 6.394145452924096418e+00 6.695821846502433061e+00 7.260064583022394658e+00 6.094969105112994612e+00 7.527107910042305505e+00 7.214496740315095025e+00 7.799484506699947417e+00 7.580402102501629713e+00 7.641358561100304314e+00 6.853312647687644699e+00 0.000000000000000000e+00 7.822450224895185045e+00 8.022563782683031164e+00 9.567853067957948099e+00
3.000000000000000000e+01 8.142076094067524750e+00 1.120557523892751739e+01 7.683980455932021059e+00 1.068177535458620220e+01 8.532210517799340366e+00 1.034115231944464774e+01 1.080841069101320606e+01 1.058624804972749622e+01 1.063304128064397780e+01 1.067957316352735653e+01 1.043998945779857657e+01 9.271382538666072648e+00 1.023302744599186020e+01 7.874809270200119116e+00 9.641028263938343557e+00 6.645592159043845371e+00 6.655577696583383940e+00 7.025431238230895659e+00 6.823871316361303840e+00 7.126159795005595043e+00 7.442234942786404517e+00 6.542433617820714531e+00 7.676264003819499138e+00 7.346690094251600911e+00 8.292770342021947627e+00 8.075973359553424658e+00 8.136230097353022828e+00 8.547294603258345447e+00 7.822450224895185045e+00 0.000000000000000000e+00 8.844792792929530023e+00 1.006898812673181709e+01
3.100000000000000000e+01 8.620736558759885426e+00 1.163294487003123656e+01 7.953682678323881206e+00 1.097759238643003066e+01 8.804263881574557971e+00 1.060801679310577761e+01 1.109344673837136064e+01 1.082337817683584014e+01 1.100037860430459169e+01 1.093389710299674000e+01 1.078551409095458702e+01 9.572684940228198158e+00 1.070461849355369743e+01 7.737334337042417687e+00 1.014206588057553127e+01 6.496633179799102820e+00 6.499648444099902278e+00 6.868215938219085714e+00 6.649477331361095978e+00 6.951911058611242922e+00 7.870034608436116130e+00 6.313781722953056175e+00 8.183264311593079654e+00 7.910718753760916044e+00 7.881575150934553520e+00 7.532996428010511281e+00 7.534836004295412337e+00 7.541212872231811915e+00 8.022563782683031164e+00 8.844792792929530023e+00 0.000000000000000000e+00 8.942565954636126691e+00
3.200000000000000000e+01 8.890599199513921747e+00 1.186903002565652443e+01 8.068667514904799276e+00 1.111461070685302488e+01 8.921556583396046847e+00 1.072293240966007133e+01 1.122639134933255889e+01 1.091487548065479984e+01 1.120004213121777425e+01 1.104193370928167894e+01 1.097367357326162818e+01 9.727173049323919685e+00 1.098464195928442422e+01 7.456376625206488029e+00 1.045155614997630167e+01 6.209438252544600800e+00 6.198215379792017643e+00 6.568944809197724055e+00 6.319312006747601629e+00 6.624692339914725281e+00 8.171224370352422994e+00 5.915779136174329267e+00 8.547706163653138844e+00 8.326255193761578965e+00 7.315550774637397780e+00 6.511542962533201973e+00 6.223131659652469949e+00 9.308611421133477393e+00 9.567853067957948099e+00 1.006898812673181709e+01 8.942565954636126691e+00 0.000000000000000000e+00
