0.000000000000000000e+00 1.000000000000000000e+00 2.000000000000000000e+00 3.000000000000000000e+00 4.000000000000000000e+00 5.000000000000000000e+00 6.000000000000000000e+00 7.000000000000000000e+00 8.000000000000000000e+00 9.000000000000000000e+00 1.000000000000000000e+01 1.100000000000000000e+01 1.200000000000000000e+01 1.300000000000000000e+01 1.400000000000000000e+01 1.500000000000000000e+01 1.600000000000000000e+01 1.700000000000000000e+01 1.800000000000000000e+01 1.900000000000000000e+01 2.000000000000000000e+01 2.100000000000000000e+01 2.200000000000000000e+01 2.300000000000000000e+01 2.400000000000000000e+01 2.500000000000000000e+01 2.600000000000000000e+01 2.700000000000000000e+01 2.800000000000000000e+01 2.900000000000000000e+01 3.000000000000000000e+01 3.100000000000000000e+01 3.200000000000000000e+01
1.000000000000000000e+00 0.000000000000000000e+00 7.189423844245038886e+00 4.926640580421207005e+00 7.802625846638334473e+00 5.808977401358172088e+00 7.677459360029375013e+00 8.148437796415464618e+00 8.100498448842666122e+00 7.760906906343576495e+00 8.170885654182226787e+00 7.868427253929516141e+00 6.850896898440445248e+00 7.440330348723274589e+00 7.140817616527203704e+00 7.271381446554208594e+00 5.854013593624314282e+00 5.894722585355665956e+00 6.270140302204904259e+00 6.252148925497029275e+00 6.434162110265939205e+00 6.077745645920212603e+00 5.950795621574972216e+00 6.580169270244647706e+00 6.527031059030719895e+00 8.064654808804567310e+00 8.006091444821311853e+00 8.188151179586215633e+00 9.762681838306580318e+00 9.635537600207962683e+00 9.701894162667166199e+00 1.025635541780175508e+01 1.073641265693855473e+01
2.000000000000000000e+00 7.189423844245038886e+00 0.000000000000000000e+00 7.303702368790652599e+00 1.008034622941712044e+01 8.175464377811985983e+00 1.005954849613651447e+01 1.049660946398616446e+01 1.052767295372854583e+01 9.886571679931345003e+00 1.057760436102167922e+01 1.018613655926779238e+01 9.234835737965397584e+00 1.004968878413946598e+01 9.712688155721984629e+00 1.000047719762744691e+01 8.431377336128669242e+00 8.471648335566833055e+00 8.848904489561988385e+00 8.832386361610012671e+00 9.014775821339990003e+00 8.734986731228929102e+00 8.539195100792358772e+00 9.260252637498615158e+00 9.216741327505417303e+00 1.066975916501390209e+01 1.061572923380980527e+01 1.080046807252059615e+01 1.243229519269368311e+01 1.232098549423510825e+01 1.242408143115357078e+01 1.292717129839643242e+01 1.337387135282382289e+01
3.000000000000000000e+00 4.926640580421207005e+00 7.303702368790652599e+00 0.000000000000000000e+00 4.716782635481266972e+00 1.794825647253063039e+00 4.309618949388746678e+00 5.410336040683198178e+00 5.229725049996773123e+00 6.403048882012907228e+00 5.405018476751290990e+00 6.399226461053119763e+00 5.046358834793502446e+00 7.115252989707038900e+00 5.573662860433413080e+00 6.930943813735034098e+00 4.333926079968138723e+00 4.367277184355813802e+00 4.758152091870123002e+00 4.745739705411870624e+00 4.931737096494151373e+00 5.272993830057111531e+00 4.501918415415230967e+00 5.806231736946907418e+00 5.747198237851399050e+00 6.710996554831719862e+00 6.671565235209564904e+00 6.866109724210106791e+00 8.741442233146869967e+00 8.687408859531826621e+00 8.898624559634065179e+00 9.225140836995779026e+00 9.538404834759575124e+00
4.000000000000000000e+00 7.802625846638334473e+00 1.008034622941712044e+01 4.716782635481266972e+00 0.000000000000000000e+00 5.462695280729745306e+00 7.768754639906464199e+00 8.329515340249308508e+00 8.637837617858080463e+00 8.924730191471363483e+00 8.684360841359390903e+00 9.153695402152310479e+00 7.931764769855825570e+00 9.949948961255955737e+00 8.674465124469286081e+00 9.813344641908265942e+00 7.424068781926289162e+00 7.459483836117788869e+00 7.846905965891521006e+00 7.834006050258117249e+00 8.019024788493824829e+00 8.215434288994202916e+00 7.578587118884534846e+00 8.755242550690372383e+00 8.703651560378496299e+00 9.771279010879444726e+00 9.729434005437656907e+00 9.922188607411138506e+00 1.174954512861475209e+01 1.168523251982420241e+01 1.187915954651497685e+01 1.223673038152460713e+01 1.257559303354882729e+01
5.000000000000000000e+00 5.808977401358172088e+00 8.175464377811985983e+00 1.794825647253063039e+00 5.462695280729745306e+00 0.000000000000000000e+00 5.034847639670883446e+00 6.088187193238390194e+00 6.131350453272686352e+00 7.212905509264416537e+00 6.235062608068661305e+00 7.212115773128259022e+00 5.858147729563055073e+00 7.970723667810292845e+00 6.463752329790474427e+00 7.792421927541148818e+00 5.221935545496817710e+00 5.255754237686840469e+00 5.645970787498928445e+00 5.633592696963353852e+00 5.819389054382716253e+00 6.138330355625369883e+00 5.387773246356697854e+00 6.673583594123469354e+00 6.616117913164946351e+00 7.594476264809959076e+00 7.554820405367589586e+00 7.749155234332897990e+00 9.618136406996608656e+00 9.562931895619120937e+00 9.772553042285601066e+00 1.010251281564072379e+01 1.041904548941212738e+01
6.000000000000000000e+00 7.677459360029375013e+00 1.005954849613651447e+01 4.309618949388746678e+00 7.768754639906464199e+00 5.034847639670883446e+00 0.000000000000000000e+00 7.156581311159904146e+00 7.574654340664441321e+00 9.004616515881105343e+00 7.253167982248507784e+00 8.857615970931531635e+00 7.379131020425764298e+00 9.732045314584294005e+00 8.177106564068413519e+00 9.544073234683896345e+00 6.933356768342409993e+00 6.967913420859442652e+00 7.357595176916285951e+00 7.345856973941379486e+00 7.531420786517978527e+00 7.858876415757840128e+00 7.099440797694239080e+00 8.398726064072025821e+00 8.342893868542137881e+00 9.307774654060535724e+00 9.269030138537033281e+00 9.463808946064448335e+00 1.134081557041166377e+01 1.128832653312012191e+01 1.150444729901166951e+01 1.182572877426872004e+01 1.213735354864265048e+01
7.000000000000000000e+00 8.148437796415464618e+00 1.049660946398616446e+01 5.410336040683198178e+00 8.329515340249308508e+00 6.088187193238390194e+00 7.156581311159904146e+00 0.000000000000000000e+00 8.505558050944587833e+00 9.115504768742924924e+00 7.935138675754165760e+00 8.834376042815749841e+00 7.270133496202419998e+00 1.004221572633485593e+01 8.688741892538200062e+00 9.886689110306402739e+00 7.432664152925235967e+00 7.469979801688559462e+00 7.855739169767979035e+00 7.844168883402294234e+00 8.028539187954967460e+00 8.219494036624510613e+00 7.585787235808300721e+00 8.772788878052576678e+00 8.727046366915605091e+00 9.779897922091455698e+00 9.739862132890539925e+00 9.933408417604544738e+00 1.177259402152006729e+01 1.171326810680243646e+01 1.192045961180022573e+01 1.226172574899872281e+01 1.259271915919123330e+01
8.000000000000000000e+00 8.100498448842666122e+00 1.052767295372854583e+01 5.229725049996773123e+00 8.637837617858080463e+00 6.131350453272686352e+00 7.574654340664441321e+00 8.505558050944587833e+00 0.000000000000000000e+00 9.570073872660985970e+00 7.295790444613833969e+00 9.326425187709263653e+00 7.771724935844578575e+00 1.009702751438745238e+01 8.264842896698624486e+00 9.862834053789889310e+00 7.028088632210849340e+00 7.061738927141092859e+00 7.453855211318956009e+00 7.443370396116121945e+00 7.629520685213529774e+00 8.103781226218924161e+00 7.206653616670143592e+00 8.638892887507845231e+00 8.576197136821324563e+00 9.431398574281113056e+00 9.395645934361905205e+00 9.592439221910590064e+00 1.152041039635353670e+01 1.147954427456536131e+01 1.171636487005051919e+01 1.200232325527461619e+01 1.228634308732924296e+01
9.000000000000000000e+00 7.760906906343576495e+00 9.886571679931345003e+00 6.403048882012907228e+00 8.924730191471363483e+00 7.212905509264416537e+00 9.004616515881105343e+00 9.115504768742924924e+00 9.570073872660985970e+00 0.000000000000000000e+00 9.475796082185192759e+00 8.298322101998389044e+00 7.742671464769213863e+00 9.415947222815116646e+00 8.914031450546694657e+00 9.465990235453716650e+00 7.634755838574548648e+00 7.675886459158510533e+00 8.053967608486402696e+00 8.039999471166272116e+00 8.222338255757380310e+00 8.018481196454548154e+00 7.753600572565414240e+00 8.585263567115870131e+00 8.558564428144848080e+00 9.903634565681302959e+00 9.856017532898025735e+00 1.004432506576558914e+01 1.174879818053257097e+01 1.165910207535688237e+01 1.181302762564666153e+01 1.224633352773557426e+01 1.265002884955966778e+01
1.000000000000000000e+01 8.170885654182226787e+00 1.057760436102167922e+01 5.405018476751290990e+00 8.684360841359390903e+00 6.235062608068661305e+00 7.253167982248507784e+00 7.935138675754165760e+00 7.295790444613833969e+00 9.475796082185192759e+00 0.000000000000000000e+00 9.128932826553372237e+00 7.437443230222240409e+00 1.008354370450945225e+01 8.428459139425630298e+00 9.870661874131549496e+00 7.180518256650241682e+00 7.216637052176196221e+00 7.605164753669708233e+00 7.594741184548044366e+00 7.779812126766019631e+00 8.129109325546234999e+00 7.346935350574039347e+00 8.675272751560305196e+00 8.621181720585724406e+00 9.558253254758239947e+00 9.521193039068801767e+00 9.716786758215556929e+00 1.160870638437390667e+01 1.156116637268072189e+01 1.178876280663644138e+01 1.209440429022570562e+01 1.239700942653558968e+01
1.100000000000000000e+01 7.868427253929516141e+00 1.018613655926779238e+01 6.399226461053119763e+00 9.153695402152310479e+00 7.212115773128259022e+00 8.857615970931531635e+00 8.834376042815749841e+00 9.326425187709263653e+00 8.298322101998389044e+00 9.128932826553372237e+00 0.000000000000000000e+00 6.537037914546643513e+00 9.272570326572470378e+00 8.596695929640738143e+00 9.262869781519604828e+00 7.313136069716415832e+00 7.355950554898459615e+00 7.732776957739288193e+00 7.720286692345964319e+00 7.902079629918953074e+00 7.696632726520342693e+00 7.432429435857455857e+00 8.286971761023734118e+00 8.270427942645167008e+00 9.586876402572736211e+00 9.542033016932084166e+00 9.731677604912901458e+00 1.145895368144414661e+01 1.137767054490082153e+01 1.155321204202640573e+01 1.195904781901574587e+01 1.234827152967855568e+01
1.200000000000000000e+01 6.850896898440445248e+00 9.234835737965397584e+00 5.046358834793502446e+00 7.931764769855825570e+00 5.858147729563055073e+00 7.379131020425764298e+00 7.270133496202419998e+00 7.771724935844578575e+00 7.742671464769213863e+00 7.437443230222240409e+00 6.537037914546643513e+00 0.000000000000000000e+00 8.383523092576186997e+00 7.224938888199887721e+00 8.235038279913560189e+00 5.947959585738855637e+00 5.990332370245162963e+00 6.369485496746868591e+00 6.358933790323116675e+00 6.541209544710271828e+00 6.526754743848564466e+00 6.081625992714617013e+00 7.112239169028844898e+00 7.086742375282997664e+00 8.256514908527693208e+00 8.216011370738470987e+00 8.408405589510083544e+00 1.020248739423212214e+01 1.013732835901195450e+01 1.034254203312360687e+01 1.069936607767363945e+01 1.105196525269679952e+01
1.300000000000000000e+01 7.440330348723274589e+00 1.004968878413946598e+01 7.115252989707038900e+00 9.949948961255955737e+00 7.970723667810292845e+00 9.732045314584294005e+00 1.004221572633485593e+01 1.009702751438745238e+01 9.415947222815116646e+00 1.008354370450945225e+01 9.272570326572470378e+00 8.383523092576186997e+00 0.000000000000000000e+00 8.794870962000647552e+00 8.248724105916359406e+00 7.488394656203860578e+00 7.533694030842644551e+00 7.902769692233560406e+00 7.885429070918017480e+00 8.065446541379946765e+00 7.350188249774917360e+00 7.565217395432437542e+00 7.925872839274985537e+00 7.923615142649089726e+00 9.659667434160963850e+00 9.601844958782614015e+00 9.783298589840418558e+00 1.131359970107015300e+01 1.118340799541772945e+01 1.126670984837952005e+01 1.182178356738499581e+01 1.231974922690060126e+01
1.400000000000000000e+01 7.140817616527203704e+00 9.712688155721984629e+00 5.573662860433413080e+00 8.674465124469286081e+00 6.463752329790474427e+00 8.177106564068413519e+00 8.688741892538200062e+00 8.264842896698624486e+00 8.914031450546694657e+00 8.428459139425630298e+00 8.596695929640738143e+00 7.224938888199887721e+00 8.794870962000647552e+00 0.000000000000000000e+00 8.301069574349210001e+00 2.559648148312808402e+00 2.234129383574714467e+00 2.922472532347798690e+00 2.641915299775013715e+00 2.959196584035849398e+00 6.111782735875798345e+00 2.968370765800774080e+00 6.526634248522780624e+00 6.352207359896289596e+00 5.555896823069657486e+00 5.527421422108339755e+00 5.747395183249720318e+00 8.524504048090268071e+00 8.626177130182972164e+00 9.066650985847491739e+00 8.917554711011296931e+00 8.767340643574755177e+00
1.500000000000000000e+01 7.271381446554208594e+00 1.000047719762744691e+01 6.930943813735034098e+00 9.813344641908265942e+00 7.792421927541148818e+00 9.544073234683896345e+00 9.886689110306402739e+00 9.862834053789889310e+00 9.465990235453716650e+00 9.870661874131549496e+00 9.262869781519604828e+00 8.235038279913560189e+00 8.248724105916359406e+00 8.301069574349210001e+00 0.000000000000000000e+00 6.982172437932634423e+00 7.029460002664464469e+00 7.394388645991462283e+00 7.375693864428963131e+00 7.554605537861776909e+00 6.451466149500029168e+00 7.040151704862307014e+00 7.081121004268107200e+00 7.128103088807580257e+00 9.110782639042307451e+00 9.049892033247644463e+00 9.228984589197834154e+00 1.068726528558546462e+01 1.054287577315887425e+01 1.061387633252393314e+01 1.120582825135287131e+01 1.173989825973530543e+01
1.600000000000000000e+01 5.854013593624314282e+00 8.431377336128669242e+00 4.333926079968138723e+00 7.424068781926289162e+00 5.221935545496817710e+00 6.933356768342409993e+00 7.432664152925235967e+00 7.028088632210849340e+00 7.634755838574548648e+00 7.180518256650241682e+00 7.313136069716415832e+00 5.947959585738855637e+00 7.488394656203860578e+00 2.559648148312808402e+00 6.982172437932634423e+00 0.000000000000000000e+00 1.050134005130514581e+00 1.214405940705296949e+00 1.587902223171026250e+00 1.713256582075732837e+00 4.770910121921297709e+00 1.547545620575409231e+00 5.179282718800395813e+00 4.998880568270023694e+00 4.154783757249232323e+00 4.140105583037074766e+00 4.363752383790510336e+00 7.141209377949458315e+00 7.248214693411304310e+00 7.698567767359456582e+00 7.535812674290204072e+00 7.383292556084814606e+00
1.700000000000000000e+01 5.894722585355665956e+00 8.471648335566833055e+00 4.367277184355813802e+00 7.459483836117788869e+00 5.255754237686840469e+00 6.967913420859442652e+00 7.469979801688559462e+00 7.061738927141092859e+00 7.675886459158510533e+00 7.216637052176196221e+00 7.355950554898459615e+00 5.990332370245162963e+00 7.533694030842644551e+00 2.234129383574714467e+00 7.029460002664464469e+00 1.050134005130514581e+00 0.000000000000000000e+00 1.370835535842484632e+00 1.247754408456112962e+00 1.434371817012854322e+00 4.823264493759828575e+00 1.519231827062618834e+00 5.230976065853196744e+00 5.050193863306726705e+00 4.146469271479750418e+00 4.119327857994079523e+00 4.341259030964703669e+00 7.175283302150095466e+00 7.285546525397185391e+00 7.736968013527693699e+00 7.561551983788413978e+00 7.382710541256415127e+00
1.800000000000000000e+01 6.270140302204904259e+00 8.848904489561988385e+00 4.758152091870123002e+00 7.846905965891521006e+00 5.645970787498928445e+00 7.357595176916285951e+00 7.855739169767979035e+00 7.453855211318956009e+00 8.053967608486402696e+00 7.605164753669708233e+00 7.732776957739288193e+00 6.369485496746868591e+00 7.902769692233560406e+00 2.922472532347798690e+00 7.394388645991462283e+00 1.214405940705296949e+00 1.370835535842484632e+00 0.000000000000000000e+00 1.875290129262531913e+00 1.942591615423873819e+00 5.180826998360488211e+00 1.833071182702334490e+00 5.586254783366788601e+00 5.403375895242972682e+00 4.486427359384707714e+00 4.468382804019674026e+00 4.692692409937398779e+00 7.519212249807946336e+00 7.631113311006812339e+00 8.085914158956143183e+00 7.906988376731748147e+00 7.730835157442804473e+00
1.900000000000000000e+01 6.252148925497029275e+00 8.832386361610012671e+00 4.745739705411870624e+00 7.834006050258117249e+00 5.633592696963353852e+00 7.345856973941379486e+00 7.844168883402294234e+00 7.443370396116121945e+00 8.039999471166272116e+00 7.594741184548044366e+00 7.720286692345964319e+00 6.358933790323116675e+00 7.885429070918017480e+00 2.641915299775013715e+00 7.375693864428963131e+00 1.587902223171026250e+00 1.247754408456112962e+00 1.875290129262531913e+00 0.000000000000000000e+00 1.593003097584876571e+00 5.162801056425014856e+00 1.686924301563086814e+00 5.564288403089074464e+00 5.378224364514690770e+00 4.325737859607921010e+00 4.280200464318802744e+00 4.499894937473102985e+00 7.447079682650596055e+00 7.567662324570088472e+00 8.028566982851188527e+00 7.818066016912995408e+00 7.584981086029035424e+00
2.000000000000000000e+01 6.434162110265939205e+00 9.014775821339990003e+00 4.931737096494151373e+00 8.019024788493824829e+00 5.819389054382716253e+00 7.531420786517978527e+00 8.028539187954967460e+00 7.629520685213529774e+00 8.222338255757380310e+00 7.779812126766019631e+00 7.902079629918953074e+00 6.541209544710271828e+00 8.065446541379946765e+00 2.959196584035849398e+00 7.554605537861776909e+00 1.713256582075732837e+00 1.434371817012854322e+00 1.942591615423873819e+00 1.593003097584876571e+00 0.000000000000000000e+00 5.339342404327662273e+00 1.815641631530116484e+00 5.740578771918874779e+00 5.554230159989681503e+00 4.512394042325629684e+00 4.479443444282313891e+00 4.702617082767295287e+00 7.626447763329672114e+00 7.746432113306999767e+00 8.207706466628181374e+00 8.000648715237948849e+00 7.778221651430079930e+00
2.100000000000000000e+01 6.077745645920212603e+00 8.734986731228929102e+00 5.272993830057111531e+00 8.215434288994202916e+00 6.138330355625369883e+00 7.858876415757840128e+00 8.219494036624510613e+00 8.103781226218924161e+00 8.018481196454548154e+00 8.129109325546234999e+00 7.696632726520342693e+00 6.526754743848564466e+00 7.350188249774917360e+00 6.111782735875798345e+00 6.451466149500029168e+00 4.770910121921297709e+00 4.823264493759828575e+00 5.180826998360488211e+00 5.162801056425014856e+00 5.339342404327662273e+00 0.000000000000000000e+00 4.804804167749907151e+00 3.914579048228125302e+00 4.325966664385197724e+00 6.855351618500288069e+00 6.800515483112761217e+00 6.981278258007348470e+00 8.410577020453033015e+00 8.280222892782409971e+00 8.438438717122380694e+00 8.963236509681268060e+00 9.496469040140429030e+00
2.200000000000000000e+01 5.950795621574972216e+00 8.539195100792358772e+00 4.501918415415230967e+00 7.578587118884534846e+00 5.387773246356697854e+00 7.099440797694239080e+00 7.585787235808300721e+00 7.206653616670143592e+00 7.753600572565414240e+00 7.346935350574039347e+00 7.432429435857455857e+00 6.081625992714617013e+00 7.565217395432437542e+00 2.968370765800774080e+00 7.040151704862307014e+00 1.547545620575409231e+00 1.519231827062618834e+00 1.833071182702334490e+00 1.686924301563086814e+00 1.815641631530116484e+00 4.804804167749907151e+00 0.000000000000000000e+00 5.192461685193579868e+00 4.994390446107074943e+00 3.666975507688338354e+00 3.650438893462073509e+00 3.884963328782442105e+00 6.960816247102780352e+00 7.100419650823871720e+00 7.582478091190694158e+00 7.314117003053810961e+00 7.016868581422865958e+00
2.300000000000000000e+01 6.580169270244647706e+00 9.260252637498615158e+00 5.806231736946907418e+00 8.755242550690372383e+00 6.673583594123469354e+00 8.398726064072025821e+00 8.772788878052576678e+00 8.638892887507845231e+00 8.585263567115870131e+00 8.675272751560305196e+00 8.286971761023734118e+00 7.112239169028844898e+00 7.925872839274985537e+00 6.526634248522780624e+00 7.081121004268107200e+00 5.179282718800395813e+00 5.230976065853196744e+00 5.586254783366788601e+00 5.564288403089074464e+00 5.740578771918874779e+00 3.914579048228125302e+00 5.192461685193579868e+00 0.000000000000000000e+00 3.677412417322812210e+00 7.208178157935620334e+00 7.145083987949080395e+00 7.320963947351160073e+00 8.617077852440917951e+00 8.452813728969607254e+00 8.581128237806844083e+00 9.187720617709098647e+00 9.789316621084516612e+00
2.400000000000000000e+01 6.527031059030719895e+00 9.216741327505417303e+00 5.747198237851399050e+00 8.703651560378496299e+00 6.616117913164946351e+00 8.342893868542137881e+00 8.727046366915605091e+00 8.576197136821324563e+00 8.558564428144848080e+00 8.621181720585724406e+00 8.270427942645167008e+00 7.086742375282997664e+00 7.923615142649089726e+00 6.352207359896289596e+00 7.128103088807580257e+00 4.998880568270023694e+00 5.050193863306726705e+00 5.403375895242972682e+00 5.378224364514690770e+00 5.554230159989681503e+00 4.325966664385197724e+00 4.994390446107074943e+00 3.677412417322812210e+00 0.000000000000000000e+00 6.981071095639149959e+00 6.911832699718164719e+00 7.083976168355034631e+00 8.269998214626376409e+00 8.079807431371429871e+00 8.196521592421333935e+00 8.859600025098371745e+00 9.515692775993706221e+00
2.500000000000000000e+01 8.064654808804567310e+00 1.066975916501390209e+01 6.710996554831719862e+00 9.771279010879444726e+00 7.594476264809959076e+00 9.307774654060535724e+00 9.779897922091455698e+00 9.431398574281113056e+00 9.903634565681302959e+00 9.558253254758239947e+00 9.586876402572736211e+00 8.256514908527693208e+00 9.659667434160963850e+00 5.555896823069657486e+00 9.110782639042307451e+00 4.154783757249232323e+00 4.146469271479750418e+00 4.486427359384707714e+00 4.325737859607921010e+00 4.512394042325629684e+00 6.855351618500288069e+00 3.666975507688338354e+00 7.208178157935620334e+00 6.981071095639149959e+00 0.000000000000000000e+00 4.576848650332101087e+00 5.029581779666989050e+00 8.549878121027742139e+00 8.771428845109722872e+00 9.318757428153830347e+00 8.797601225646959122e+00 8.246793703174496670e+00
2.600000000000000000e+01 8.006091444821311853e+00 1.061572923380980527e+01 6.671565235209564904e+00 9.729434005437656907e+00 7.554820405367589586e+00 9.269030138537033281e+00 9.739862132890539925e+00 9.395645934361905205e+00 9.856017532898025735e+00 9.521193039068801767e+00 9.542033016932084166e+00 8.216011370738470987e+00 9.601844958782614015e+00 5.527421422108339755e+00 9.049892033247644463e+00 4.140105583037074766e+00 4.119327857994079523e+00 4.468382804019674026e+00 4.280200464318802744e+00 4.479443444282313891e+00 6.800515483112761217e+00 3.650438893462073509e+00 7.145083987949080395e+00 6.911832699718164719e+00 4.576848650332101087e+00 0.000000000000000000e+00 3.466920361778891291e+00 8.324425475773747252e+00 8.564184074834221505e+00 9.113085372435246967e+00 8.443194555218878961e+00 7.365479968533925614e+00
2.700000000000000000e+01 8.188151179586215633e+00 1.080046807252059615e+01 6.866109724210106791e+00 9.922188607411138506e+00 7.749155234332897990e+00 9.463808946064448335e+00 9.933408417604544738e+00 9.592439221910590064e+00 1.004432506576558914e+01 9.716786758215556929e+00 9.731677604912901458e+00 8.408405589510083544e+00 9.783298589840418558e+00 5.747395183249720318e+00 9.228984589197834154e+00 4.363752383790510336e+00 4.341259030964703669e+00 4.692692409937398779e+00 4.499894937473102985e+00 4.702617082767295287e+00 6.981278258007348470e+00 3.884963328782442105e+00 7.320963947351160073e+00 7.083976168355034631e+00 5.029581779666989050e+00 3.466920361778891291e+00 0.000000000000000000e+00 8.422730238210721865e+00 8.668312075471627409e+00 9.216093652029343275e+00 8.478051615310954858e+00 7.056858349583372103e+00
2.800000000000000000e+01 9.762681838306580318e+00 1.243229519269368311e+01 8.741442233146869967e+00 1.174954512861475209e+01 9.618136406996608656e+00 1.134081557041166377e+01 1.177259402152006729e+01 1.152041039635353670e+01 1.174879818053257097e+01 1.160870638437390667e+01 1.145895368144414661e+01 1.020248739423212214e+01 1.131359970107015300e+01 8.524504048090268071e+00 1.068726528558546462e+01 7.141209377949458315e+00 7.175283302150095466e+00 7.519212249807946336e+00 7.447079682650596055e+00 7.626447763329672114e+00 8.410577020453033015e+00 6.960816247102780352e+00 8.617077852440917951e+00 8.269998214626376409e+00 8.549878121027742139e+00 8.324425475773747252e+00 8.422730238210721865e+00 0.000000000000000000e+00 7.387801298641447190e+00 9.229162955472407504e+00 8.135401718382079039e+00 1.021106352833926323e+01
2.900000000000000000e+01 9.635537600207962683e+00 1.232098549423510825e+01 8.687408859531826621e+00 1.168523251982420241e+01 9.562931895619120937e+00 1.128832653312012191e+01 1.171326810680243646e+01 1.147954427456536131e+01 1.165910207535688237e+01 1.156116637268072189e+01 1.137767054490082153e+01 1.013732835901195450e+01 1.118340799541772945e+01 8.626177130182972164e+00 1.054287577315887425e+01 7.248214693411304310e+00 7.285546525397185391e+00 7.631113311006812339e+00 7.567662324570088472e+00 7.746432113306999767e+00 8.280222892782409971e+00 7.100419650823871720e+00 8.452813728969607254e+00 8.079807431371429871e+00 8.771428845109722872e+00 8.564184074834221505e+00 8.668312075471627409e+00 7.387801298641447190e+00 0.000000000000000000e+00 8.434275329982398262e+00 8.662638042039814579e+00 1.051404708605749505e+01
3.000000000000000000e+01 9.701894162667166199e+00 1.242408143115357078e+01 8.898624559634065179e+00 1.187915954651497685e+01 9.772553042285601066e+00 1.150444729901166951e+01 1.192045961180022573e+01 1.171636487005051919e+01 1.181302762564666153e+01 1.178876280663644138e+01 1.155321204202640573e+01 1.034254203312360687e+01 1.126670984837952005e+01 9.066650985847491739e+00 1.061387633252393314e+01 7.698567767359456582e+00 7.736968013527693699e+00 8.085914158956143183e+00 8.028566982851188527e+00 8.207706466628181374e+00 8.438438717122380694e+00 7.582478091190694158e+00 8.581128237806844083e+00 8.196521592421333935e+00 9.318757428153830347e+00 9.113085372435246967e+00 9.216093652029343275e+00 9.229162955472407504e+00 8.434275329982398262e+00 0.000000000000000000e+00 9.558836284301927222e+00 1.106608047827071672e+01
3.100000000000000000e+01 1.025635541780175508e+01 1.292717129839643242e+01 9.225140836995779026e+00 1.223673038152460713e+01 1.010251281564072379e+01 1.182572877426872004e+01 1.226172574899872281e+01 1.200232325527461619e+01 1.224633352773557426e+01 1.209440429022570562e+01 1.195904781901574587e+01 1.069936607767363945e+01 1.182178356738499581e+01 8.917554711011296931e+00 1.120582825135287131e+01 7.535812674290204072e+00 7.561551983788413978e+00 7.906988376731748147e+00 7.818066016912995408e+00 8.000648715237948849e+00 8.963236509681268060e+00 7.314117003053810961e+00 9.187720617709098647e+00 8.859600025098371745e+00 8.797601225646959122e+00 8.443194555218878961e+00 8.478051615310954858e+00 8.135401718382079039e+00 8.662638042039814579e+00 9.558836284301927222e+00 0.000000000000000000e+00 9.771455329219321584e+00
3.200000000000000000e+01 1.073641265693855473e+01 1.337387135282382289e+01 9.538404834759575124e+00 1.257559303354882729e+01 1.041904548941212738e+01 1.213735354864265048e+01 1.259271915919123330e+01 1.228634308732924296e+01 1.265002884955966778e+01 1.239700942653558968e+01 1.234827152967855568e+01 1.105196525269679952e+01 1.231974922690060126e+01 8.767340643574755177e+00 1.173989825973530543e+01 7.383292556084814606e+00 7.382710541256415127e+00 7.730835157442804473e+00 7.584981086029035424e+00 7.778221651430079930e+00 9.496469040140429030e+00 7.016868581422865958e+00 9.789316621084516612e+00 9.515692775993706221e+00 8.246793703174496670e+00 7.365479968533925614e+00 7.056858349583372103e+00 1.021106352833926323e+01 1.051404708605749505e+01 1.106608047827071672e+01 9.771455329219321584e+00 0.000000000000000000e+00
