0.000000000000000000e+00 1.000000000000000000e+00 2.000000000000000000e+00 3.000000000000000000e+00 4.000000000000000000e+00 5.000000000000000000e+00 6.000000000000000000e+00 7.000000000000000000e+00 8.000000000000000000e+00 9.000000000000000000e+00 1.000000000000000000e+01 1.100000000000000000e+01 1.200000000000000000e+01 1.300000000000000000e+01 1.400000000000000000e+01 1.500000000000000000e+01 1.600000000000000000e+01 1.700000000000000000e+01 1.800000000000000000e+01 1.900000000000000000e+01 2.000000000000000000e+01 2.100000000000000000e+01 2.200000000000000000e+01 2.300000000000000000e+01 2.400000000000000000e+01 2.500000000000000000e+01 2.600000000000000000e+01 2.700000000000000000e+01 2.800000000000000000e+01 2.900000000000000000e+01 3.000000000000000000e+01 3.100000000000000000e+01 3.200000000000000000e+01
1.000000000000000000e+00 0.000000000000000000e+00 5.758059480428784127e+00 3.969420426644978850e+00 4.437472984291479072e+00 4.515451426581663874e+00 4.630455725811090772e+00 4.628725216431699430e+00 4.713114025529943518e+00 4.557299452316688537e+00 4.716019489019840805e+00 4.658162148286120186e+00 4.659647668372213225e+00 6.199937904184235293e+00 7.416038693026618667e+00 6.208725015738169262e+00 5.510879049352917392e+00 5.607462236585204707e+00 5.967280453911226523e+00 5.973362204151793087e+00 6.158439991912152855e+00 5.569010448485767206e+00 5.644452843734903524e+00 6.007322039564424898e+00 5.772978157278765288e+00 6.787031683325277953e+00 6.802017863063450243e+00 6.791281065567591035e+00 5.342256930493026523e+00 5.295934903327509602e+00 5.478574601490383778e+00 5.437903770886622468e+00 5.955612553589358704e+00
2.000000000000000000e+00 5.758059480428784127e+00 0.000000000000000000e+00 3.778261603957708825e+00 4.212147015046075360e+00 4.320461798739823500e+00 4.451190124601010822e+00 4.443401624739089506e+00 4.559581050527969026e+00 4.325120241191164006e+00 4.553441972678395899e+00 4.483410877687465046e+00 4.503394896628557298e+00 6.144345920997643873e+00 7.373552255761370411e+00 6.218494267479897530e+00 5.472423380461213682e+00 5.572326627398629384e+00 5.934096730430586497e+00 5.948988538877908461e+00 6.132482326425290786e+00 5.570419000653038744e+00 5.632862325993890806e+00 6.029328569481268829e+00 5.807017405406138089e+00 6.825387732068383784e+00 6.854254523995227721e+00 6.850719196076936690e+00 5.410556990722109383e+00 5.366378067311810440e+00 5.561142642496915478e+00 5.514044922840072971e+00 6.037530464971728072e+00
3.000000000000000000e+00 3.969420426644978850e+00 3.778261603957708825e+00 0.000000000000000000e+00 1.410536921016137590e+00 1.044022514557657821e+00 1.415247291430521415e+00 1.587749203942486531e+00 1.667166695375302155e+00 1.882099164518901802e+00 1.668293025399730567e+00 1.947043587333196157e+00 1.877192923976957140e+00 3.932631907415682804e+00 4.821180448236391136e+00 3.934286011149000117e+00 2.931278234067063337e+00 3.035449058666360500e+00 3.402023741286893888e+00 3.431010351443220863e+00 3.612458769684287141e+00 3.182327752607545968e+00 3.139823434571132665e+00 3.658593949597982231e+00 3.442692097981285393e+00 4.419034534051442975e+00 4.469190596300227192e+00 4.476498084930590871e+00 3.063313206568612834e+00 3.025486392699296090e+00 3.239160136755571351e+00 3.175271124263895572e+00 3.698555435906743405e+00
4.000000000000000000e+00 4.437472984291479072e+00 4.212147015046075360e+00 1.410536921016137590e+00 0.000000000000000000e+00 1.896470833872840878e+00 2.160891002375830539e+00 2.159802806136743136e+00 2.398895006592918655e+00 2.258901712991098876e+00 2.357316464523549371e+00 2.419732322308003170e+00 2.408396954617345820e+00 4.419960710228782119e+00 5.431048634826875166e+00 4.452840641434073987e+00 3.536389788552861901e+00 3.640222797910043440e+00 4.004996301483216392e+00 4.031102217064579385e+00 4.212737551495972177e+00 3.730960387238423159e+00 3.732678859329364940e+00 4.208077240909780414e+00 3.993923675428102449e+00 4.990831619657095430e+00 5.036558501016959788e+00 5.041632496764326454e+00 3.619564529222858873e+00 3.579756281289219189e+00 3.789601602925521284e+00 3.730608692943254923e+00 4.256028696982544268e+00
5.000000000000000000e+00 4.515451426581663874e+00 4.320461798739823500e+00 1.044022514557657821e+00 1.896470833872840878e+00 0.000000000000000000e+00 1.860841514471610836e+00 2.018562831362065602e+00 2.222820265749478885e+00 2.380806539870731875e+00 2.178993033356546150e+00 2.445369242877891480e+00 2.377301014676494795e+00 4.456525378878849253e+00 5.369411662220030301e+00 4.463437947158563901e+00 3.477982350686525947e+00 3.582391119717000194e+00 3.948454162891219532e+00 3.977251681695375574e+00 4.158601380412796367e+00 3.715666590446946138e+00 3.684563922537028802e+00 4.193438907217597489e+00 3.978659536970453381e+00 4.960740665817006345e+00 5.010495017824934116e+00 5.017603060045392915e+00 3.602492563639104084e+00 3.564271144102198363e+00 3.777639196156207468e+00 3.714649494771597560e+00 4.238828699419303625e+00
6.000000000000000000e+00 4.630455725811090772e+00 4.451190124601010822e+00 1.415247291430521415e+00 2.160891002375830539e+00 1.860841514471610836e+00 0.000000000000000000e+00 1.857480680756016689e+00 2.093227072290299695e+00 2.466115933783554759e+00 1.919647393160300197e+00 2.458898060811179676e+00 2.339020794188924945e+00 4.505204888093306437e+00 5.371079733293304237e+00 4.497668461460888167e+00 3.479824755262880487e+00 3.585150048923297916e+00 3.951463757032183999e+00 3.982295862916964246e+00 4.163224905110781471e+00 3.733903235111639241e+00 3.692054350455595824e+00 4.214376963752821226e+00 4.000678262647492822e+00 4.978761697605451175e+00 5.031299876825710449e+00 5.039815385071118037e+00 3.627662762954153131e+00 3.590190794739299918e+00 3.806062604703661201e+00 3.741047049363286803e+00 4.265515516964813791e+00
7.000000000000000000e+00 4.628725216431699430e+00 4.443401624739089506e+00 1.587749203942486531e+00 2.159802806136743136e+00 2.018562831362065602e+00 1.857480680756016689e+00 0.000000000000000000e+00 2.260093164343397909e+00 2.360768197321422512e+00 2.048940579689443098e+00 2.321620609239413824e+00 2.197303573309016045e+00 4.451606489425914859e+00 5.389919424896315370e+00 4.458736201138654209e+00 3.494536754532159506e+00 3.600362721728837201e+00 3.965244929092462733e+00 3.995243390557146945e+00 4.175971473908501430e+00 3.708118422514105283e+00 3.700541341087181024e+00 4.192796146753877906e+00 3.982291239834206742e+00 4.977447845938783644e+00 5.028532875513092470e+00 5.036327056328665286e+00 3.618323823842966469e+00 3.579633680611177482e+00 3.794368277109938070e+00 3.732156297425762048e+00 4.259173094401925930e+00
8.000000000000000000e+00 4.713114025529943518e+00 4.559581050527969026e+00 1.667166695375302155e+00 2.398895006592918655e+00 2.222820265749478885e+00 2.093227072290299695e+00 2.260093164343397909e+00 0.000000000000000000e+00 2.627312037421117630e+00 1.878957307893575290e+00 2.579468864836099051e+00 2.424938404372029233e+00 4.567093227124770394e+00 5.275466323202276264e+00 4.523586878570865721e+00 3.390145699142690816e+00 3.495974683711040143e+00 3.864623372391416289e+00 3.899295861514109340e+00 4.079949983663337498e+00 3.722472060996593335e+00 3.618498251837714008e+00 4.200465183105663414e+00 3.983677345720551877e+00 4.932597352123307743e+00 4.990760084398066176e+00 5.002102095603627951e+00 3.601998304048053434e+00 3.567198744576664637e+00 3.787874062132691400e+00 3.716327329528612111e+00 4.237581721148552028e+00
9.000000000000000000e+00 4.557299452316688537e+00 4.325120241191164006e+00 1.882099164518901802e+00 2.258901712991098876e+00 2.380806539870731875e+00 2.466115933783554759e+00 2.360768197321422512e+00 2.627312037421117630e+00 0.000000000000000000e+00 2.560126856186573541e+00 2.158719664306071095e+00 2.337653893347167333e+00 4.290320418990262397e+00 5.510019435459049042e+00 4.395908061632672670e+00 3.608528675231703176e+00 3.713085894080473182e+00 4.075453790283371625e+00 4.099973536499599724e+00 4.281308219242057511e+00 3.719202061275740157e+00 3.793844824871735355e+00 4.206466038207782532e+00 4.000234765920605007e+00 5.034610589817809512e+00 5.077979281473750994e+00 5.081936240344757216e+00 3.647945937751685186e+00 3.605563424673068340e+00 3.813509161340284059e+00 3.760399503381810504e+00 4.291652765640271205e+00
1.000000000000000000e+01 4.716019489019840805e+00 4.553441972678395899e+00 1.668293025399730567e+00 2.357316464523549371e+00 2.178993033356546150e+00 1.919647393160300197e+00 2.048940579689443098e+00 1.878957307893575290e+00 2.560126856186573541e+00 0.000000000000000000e+00 2.489536900755135562e+00 2.308141408940568517e+00 4.538821679292478706e+00 5.338822844795177325e+00 4.510893314158153089e+00 3.447767323093378522e+00 3.554178670499924309e+00 3.920811114724254587e+00 3.954068327097833624e+00 4.134501140655083340e+00 3.726186457106392957e+00 3.666795258862176610e+00 4.208581345375616678e+00 3.995308437508037436e+00 4.966025353189376546e+00 5.021745091298982722e+00 5.031856686144142721e+00 3.623772331217987919e+00 3.587312489890020828e+00 3.806025115502428058e+00 3.738364734042505688e+00 4.262697413243288658e+00
1.100000000000000000e+01 4.658162148286120186e+00 4.483410877687465046e+00 1.947043587333196157e+00 2.419732322308003170e+00 2.445369242877891480e+00 2.458898060811179676e+00 2.321620609239413824e+00 2.579468864836099051e+00 2.158719664306071095e+00 2.489536900755135562e+00 0.000000000000000000e+00 1.978285150799105274e+00 4.229913664224394410e+00 5.407178457405383831e+00 4.296083923633057466e+00 3.502402696826889539e+00 3.609168912821841602e+00 3.970693186475043213e+00 3.998355660190306970e+00 4.178697090215226062e+00 3.595281592447377328e+00 3.692806071021639269e+00 4.095583726121919454e+00 3.896653710004062354e+00 4.945114066323224478e+00 4.992872412813288641e+00 4.999086651309577967e+00 3.564306805884153384e+00 3.522027398965168032e+00 3.734218279969648613e+00 3.680135647101213436e+00 4.215319302614305208e+00
1.200000000000000000e+01 4.659647668372213225e+00 4.503394896628557298e+00 1.877192923976957140e+00 2.408396954617345820e+00 2.377301014676494795e+00 2.339020794188924945e+00 2.197303573309016045e+00 2.424938404372029233e+00 2.337653893347167333e+00 2.308141408940568517e+00 1.978285150799105274e+00 0.000000000000000000e+00 4.289634660324660231e+00 5.276795251742846027e+00 4.282403009314322162e+00 3.372661010553619221e+00 3.481227067579668599e+00 3.843358217817260503e+00 3.875109807828766684e+00 4.054648133628160345e+00 3.523109074126494100e+00 3.574822383907083179e+00 4.023030047356163763e+00 3.821980821568714326e+00 4.848891593639446995e+00 4.901844297775245884e+00 4.910611033749021637e+00 3.484762001666363851e+00 3.444709359683644223e+00 3.661591676277256902e+00 3.601914610396532268e+00 4.135267100605847013e+00
1.300000000000000000e+01 6.199937904184235293e+00 6.144345920997643873e+00 3.932631907415682804e+00 4.419960710228782119e+00 4.456525378878849253e+00 4.505204888093306437e+00 4.451606489425914859e+00 4.567093227124770394e+00 4.290320418990262397e+00 4.538821679292478706e+00 4.229913664224394410e+00 4.289634660324660231e+00 0.000000000000000000e+00 7.121248084561444536e+00 5.116365335895071809e+00 5.205426084542429166e+00 5.306323891474436394e+00 5.662619516486571136e+00 5.673008748099076293e+00 5.855964460007393235e+00 4.963009186660589656e+00 5.338132638314764478e+00 5.470075866121899111e+00 5.291635031745429707e+00 6.486384782394409854e+00 6.512157617009935784e+00 6.507823504193020803e+00 5.018850292117632783e+00 4.963175337454153180e+00 5.154194904000898525e+00 5.133274653863781012e+00 5.687476297317725304e+00
1.400000000000000000e+01 7.416038693026618667e+00 7.373552255761370411e+00 4.821180448236391136e+00 5.431048634826875166e+00 5.369411662220030301e+00 5.371079733293304237e+00 5.389919424896315370e+00 5.275466323202276264e+00 5.510019435459049042e+00 5.338822844795177325e+00 5.407178457405383831e+00 5.276795251742846027e+00 7.121248084561444536e+00 0.000000000000000000e+00 6.900699235677652865e+00 4.078750891351875296e+00 3.609473405498841103e+00 4.417523984721982266e+00 4.009600370781329026e+00 4.406471738650755476e+00 5.909583321062405581e+00 4.454561373486736642e+00 6.321893224965922542e+00 6.048598160440062266e+00 6.357651179045349821e+00 6.464593367911022348e+00 6.509838406353570583e+00 5.420266928260523365e+00 5.433058138221436906e+00 5.701264979501838859e+00 5.515418989553330320e+00 5.912189771243336445e+00
1.500000000000000000e+01 6.208725015738169262e+00 6.218494267479897530e+00 3.934286011149000117e+00 4.452840641434073987e+00 4.463437947158563901e+00 4.497668461460888167e+00 4.458736201138654209e+00 4.523586878570865721e+00 4.395908061632672670e+00 4.510893314158153089e+00 4.296083923633057466e+00 4.282403009314322162e+00 5.116365335895071809e+00 6.900699235677652865e+00 0.000000000000000000e+00 4.975418624023793868e+00 5.075646048926570231e+00 5.428012693741680827e+00 5.432822742598138355e+00 5.615903067500945589e+00 4.336430370230110576e+00 5.082079026111291142e+00 4.900741660351178197e+00 4.782321723555825521e+00 6.187093589669803606e+00 6.210136230328317630e+00 6.205406636608775450e+00 4.663287084366547042e+00 4.594698925121056376e+00 4.782855887173872667e+00 4.790553831991044120e+00 5.379051361265104525e+00
1.600000000000000000e+01 5.510879049352917392e+00 5.472423380461213682e+00 2.931278234067063337e+00 3.536389788552861901e+00 3.477982350686525947e+00 3.479824755262880487e+00 3.494536754532159506e+00 3.390145699142690816e+00 3.608528675231703176e+00 3.447767323093378522e+00 3.502402696826889539e+00 3.372661010553619221e+00 5.205426084542429166e+00 4.078750891351875296e+00 4.975418624023793868e+00 0.000000000000000000e+00 1.908364427130146979e+00 1.932570332254885948e+00 2.579170404407585160e+00 2.622836935954803828e+00 3.971353239114756128e+00 2.455840760822695756e+00 4.381326904478839879e+00 4.105886843327769320e+00 4.413926216360248844e+00 4.538772194886175448e+00 4.588355348535455569e+00 3.475850480545704890e+00 3.489024575310651244e+00 3.759353393467185889e+00 3.573957103622499076e+00 3.981252273281461918e+00
1.700000000000000000e+01 5.607462236585204707e+00 5.572326627398629384e+00 3.035449058666360500e+00 3.640222797910043440e+00 3.582391119717000194e+00 3.585150048923297916e+00 3.600362721728837201e+00 3.495974683711040143e+00 3.713085894080473182e+00 3.554178670499924309e+00 3.609168912821841602e+00 3.481227067579668599e+00 5.306323891474436394e+00 3.609473405498841103e+00 5.075646048926570231e+00 1.908364427130146979e+00 0.000000000000000000e+00 2.161664732809621903e+00 2.101964307049736469e+00 2.219864400147451455e+00 4.075103419120632786e+00 2.428552182743578314e+00 4.480441828591281705e+00 4.201402039564915647e+00 4.439393159073611983e+00 4.555652157956044057e+00 4.605627356082703905e+00 3.545355153816685423e+00 3.563138779714979165e+00 3.835549566385851428e+00 3.638084799687703708e+00 4.022557194064808606e+00
1.800000000000000000e+01 5.967280453911226523e+00 5.934096730430586497e+00 3.402023741286893888e+00 4.004996301483216392e+00 3.948454162891219532e+00 3.951463757032183999e+00 3.965244929092462733e+00 3.864623372391416289e+00 4.075453790283371625e+00 3.920811114724254587e+00 3.970693186475043213e+00 3.843358217817260503e+00 5.662619516486571136e+00 4.417523984721982266e+00 5.428012693741680827e+00 1.932570332254885948e+00 2.161664732809621903e+00 0.000000000000000000e+00 2.806213686640163907e+00 2.741113186624800413e+00 4.422527121848250253e+00 2.693884568383557720e+00 4.826136744306801063e+00 4.545603557488207436e+00 4.774157168589955091e+00 4.901890243531169311e+00 4.955010367293728457e+00 3.885583964586099448e+00 3.904074144547303504e+00 4.177761948957116722e+00 3.979398080954132055e+00 4.367993703895947100e+00
1.900000000000000000e+01 5.973362204151793087e+00 5.948988538877908461e+00 3.431010351443220863e+00 4.031102217064579385e+00 3.977251681695375574e+00 3.982295862916964246e+00 3.995243390557146945e+00 3.899295861514109340e+00 4.099973536499599724e+00 3.954068327097833624e+00 3.998355660190306970e+00 3.875109807828766684e+00 5.673008748099076293e+00 4.009600370781329026e+00 5.432822742598138355e+00 2.579170404407585160e+00 2.101964307049736469e+00 2.806213686640163907e+00 0.000000000000000000e+00 2.395147296181268537e+00 4.428966888104233668e+00 2.566583898842713651e+00 4.822166255895584897e+00 4.533437552138736670e+00 4.623411004218624498e+00 4.728708250358958587e+00 4.780443359349669130e+00 3.819263883995467346e+00 3.847364187972800664e+00 4.125995669813220523e+00 3.902497301675735386e+00 4.244130385123269456e+00
2.000000000000000000e+01 6.158439991912152855e+00 6.132482326425290786e+00 3.612458769684287141e+00 4.212737551495972177e+00 4.158601380412796367e+00 4.163224905110781471e+00 4.175971473908501430e+00 4.079949983663337498e+00 4.281308219242057511e+00 4.134501140655083340e+00 4.178697090215226062e+00 4.054648133628160345e+00 5.855964460007393235e+00 4.406471738650755476e+00 5.615903067500945589e+00 2.622836935954803828e+00 2.219864400147451455e+00 2.741113186624800413e+00 2.395147296181268537e+00 0.000000000000000000e+00 4.610086547027887782e+00 2.645717991492741561e+00 5.005146743227657069e+00 4.717827267551803594e+00 4.832772088780533437e+00 4.954388001648706741e+00 5.010135109709509926e+00 4.015118437706234111e+00 4.041211316705155099e+00 4.319212438685277711e+00 4.101558456040205414e+00 4.457903261875997281e+00
2.100000000000000000e+01 5.569010448485767206e+00 5.570419000653038744e+00 3.182327752607545968e+00 3.730960387238423159e+00 3.715666590446946138e+00 3.733903235111639241e+00 3.708118422514105283e+00 3.722472060996593335e+00 3.719202061275740157e+00 3.726186457106392957e+00 3.595281592447377328e+00 3.523109074126494100e+00 4.963009186660589656e+00 5.909583321062405581e+00 4.336430370230110576e+00 3.971353239114756128e+00 4.075103419120632786e+00 4.422527121848250253e+00 4.428966888104233668e+00 4.610086547027887782e+00 0.000000000000000000e+00 4.065655119282013175e+00 3.224387737961347256e+00 3.350834156005173092e+00 5.160140157930552363e+00 5.194705621810315144e+00 5.196837154454578389e+00 3.597048805193062471e+00 3.517774110067868776e+00 3.730490533250763185e+00 3.750991348320249941e+00 4.385325152875682697e+00
2.200000000000000000e+01 5.644452843734903524e+00 5.632862325993890806e+00 3.139823434571132665e+00 3.732678859329364940e+00 3.684563922537028802e+00 3.692054350455595824e+00 3.700541341087181024e+00 3.618498251837714008e+00 3.793844824871735355e+00 3.666795258862176610e+00 3.692806071021639269e+00 3.574822383907083179e+00 5.338132638314764478e+00 4.454561373486736642e+00 5.082079026111291142e+00 2.455840760822695756e+00 2.428552182743578314e+00 2.693884568383557720e+00 2.566583898842713651e+00 2.645717991492741561e+00 4.065655119282013175e+00 0.000000000000000000e+00 4.444210837156632010e+00 4.143496341348490652e+00 4.052748246466801874e+00 4.215282643960446940e+00 4.290279944499137521e+00 3.368532372122055030e+00 3.407585181136191466e+00 3.695119848757500769e+00 3.447455129594992229e+00 3.772157865881184513e+00
2.300000000000000000e+01 6.007322039564424898e+00 6.029328569481268829e+00 3.658593949597982231e+00 4.208077240909780414e+00 4.193438907217597489e+00 4.214376963752821226e+00 4.192796146753877906e+00 4.200465183105663414e+00 4.206466038207782532e+00 4.208581345375616678e+00 4.095583726121919454e+00 4.023030047356163763e+00 5.470075866121899111e+00 6.321893224965922542e+00 4.900741660351178197e+00 4.381326904478839879e+00 4.480441828591281705e+00 4.826136744306801063e+00 4.822166255895584897e+00 5.005146743227657069e+00 3.224387737961347256e+00 4.444210837156632010e+00 0.000000000000000000e+00 3.051239886631372578e+00 5.478041728021359802e+00 5.504111487563956295e+00 5.503427314422107308e+00 3.836854778769590801e+00 3.739450456396516742e+00 3.948915881398284533e+00 4.004919244174555359e+00 4.678468772695583588e+00
2.400000000000000000e+01 5.772978157278765288e+00 5.807017405406138089e+00 3.442692097981285393e+00 3.993923675428102449e+00 3.978659536970453381e+00 4.000678262647492822e+00 3.982291239834206742e+00 3.983677345720551877e+00 4.000234765920605007e+00 3.995308437508037436e+00 3.896653710004062354e+00 3.821980821568714326e+00 5.291635031745429707e+00 6.048598160440062266e+00 4.782321723555825521e+00 4.105886843327769320e+00 4.201402039564915647e+00 4.545603557488207436e+00 4.533437552138736670e+00 4.717827267551803594e+00 3.350834156005173092e+00 4.143496341348490652e+00 3.051239886631372578e+00 0.000000000000000000e+00 5.128618137964711110e+00 5.148901205487345756e+00 5.146635819514902899e+00 3.420364296948931404e+00 3.306933002104653241e+00 3.518658758583296908e+00 3.602962667444076672e+00 4.312510836911353174e+00
2.500000000000000000e+01 6.787031683325277953e+00 6.825387732068383784e+00 4.419034534051442975e+00 4.990831619657095430e+00 4.960740665817006345e+00 4.978761697605451175e+00 4.977447845938783644e+00 4.932597352123307743e+00 5.034610589817809512e+00 4.966025353189376546e+00 4.945114066323224478e+00 4.848891593639446995e+00 6.486384782394409854e+00 6.357651179045349821e+00 6.187093589669803606e+00 4.413926216360248844e+00 4.439393159073611983e+00 4.774157168589955091e+00 4.623411004218624498e+00 4.832772088780533437e+00 5.160140157930552363e+00 4.052748246466801874e+00 5.478041728021359802e+00 5.128618137964711110e+00 0.000000000000000000e+00 4.474390478256151660e+00 4.741955149065465669e+00 4.028671761221239045e+00 4.130877806342972747e+00 4.457332780980201470e+00 4.056756967230972677e+00 4.247265402556732461e+00
2.600000000000000000e+01 6.802017863063450243e+00 6.854254523995227721e+00 4.469190596300227192e+00 5.036558501016959788e+00 5.010495017824934116e+00 5.031299876825710449e+00 5.028532875513092470e+00 4.990760084398066176e+00 5.077979281473750994e+00 5.021745091298982722e+00 4.992872412813288641e+00 4.901844297775245884e+00 6.512157617009935784e+00 6.464593367911022348e+00 6.210136230328317630e+00 4.538772194886175448e+00 4.555652157956044057e+00 4.901890243531169311e+00 4.728708250358958587e+00 4.954388001648706741e+00 5.194705621810315144e+00 4.215282643960446940e+00 5.504111487563956295e+00 5.148901205487345756e+00 4.474390478256151660e+00 0.000000000000000000e+00 4.006776234578535600e+00 3.992153546421069343e+00 4.101843659697035349e+00 4.424760262439320080e+00 3.979967084147675749e+00 3.956738406721346912e+00
2.700000000000000000e+01 6.791281065567591035e+00 6.850719196076936690e+00 4.476498084930590871e+00 5.041632496764326454e+00 5.017603060045392915e+00 5.039815385071118037e+00 5.036327056328665286e+00 5.002102095603627951e+00 5.081936240344757216e+00 5.031856686144142721e+00 4.999086651309577967e+00 4.910611033749021637e+00 6.507823504193020803e+00 6.509838406353570583e+00 6.205406636608775450e+00 4.588355348535455569e+00 4.605627356082703905e+00 4.955010367293728457e+00 4.780443359349669130e+00 5.010135109709509926e+00 5.196837154454578389e+00 4.290279944499137521e+00 5.503427314422107308e+00 5.146635819514902899e+00 4.741955149065465669e+00 4.006776234578535600e+00 0.000000000000000000e+00 3.978959091095773282e+00 4.087308084955907361e+00 4.404688322350948759e+00 3.953726483592182817e+00 3.783615496141620405e+00
2.800000000000000000e+01 5.342256930493026523e+00 5.410556990722109383e+00 3.063313206568612834e+00 3.619564529222858873e+00 3.602492563639104084e+00 3.627662762954153131e+00 3.618323823842966469e+00 3.601998304048053434e+00 3.647945937751685186e+00 3.623772331217987919e+00 3.564306805884153384e+00 3.484762001666363851e+00 5.018850292117632783e+00 5.420266928260523365e+00 4.663287084366547042e+00 3.475850480545704890e+00 3.545355153816685423e+00 3.885583964586099448e+00 3.819263883995467346e+00 4.015118437706234111e+00 3.597048805193062471e+00 3.368532372122055030e+00 3.836854778769590801e+00 3.420364296948931404e+00 4.028671761221239045e+00 3.992153546421069343e+00 3.978959091095773282e+00 0.000000000000000000e+00 1.841349462487515076e+00 2.414267115735001745e+00 1.981037598338246219e+00 3.083604854510899607e+00
2.900000000000000000e+01 5.295934903327509602e+00 5.366378067311810440e+00 3.025486392699296090e+00 3.579756281289219189e+00 3.564271144102198363e+00 3.590190794739299918e+00 3.579633680611177482e+00 3.567198744576664637e+00 3.605563424673068340e+00 3.587312489890020828e+00 3.522027398965168032e+00 3.444709359683644223e+00 4.963175337454153180e+00 5.433058138221436906e+00 4.594698925121056376e+00 3.489024575310651244e+00 3.563138779714979165e+00 3.904074144547303504e+00 3.847364187972800664e+00 4.041211316705155099e+00 3.517774110067868776e+00 3.407585181136191466e+00 3.739450456396516742e+00 3.306933002104653241e+00 4.130877806342972747e+00 4.101843659697035349e+00 4.087308084955907361e+00 1.841349462487515076e+00 0.000000000000000000e+00 2.167255396484208951e+00 2.157215582643775775e+00 3.193276692598733923e+00
3.000000000000000000e+01 5.478574601490383778e+00 5.561142642496915478e+00 3.239160136755571351e+00 3.789601602925521284e+00 3.777639196156207468e+00 3.806062604703661201e+00 3.794368277109938070e+00 3.787874062132691400e+00 3.813509161340284059e+00 3.806025115502428058e+00 3.734218279969648613e+00 3.661591676277256902e+00 5.154194904000898525e+00 5.701264979501838859e+00 4.782855887173872667e+00 3.759353393467185889e+00 3.835549566385851428e+00 4.177761948957116722e+00 4.125995669813220523e+00 4.319212438685277711e+00 3.730490533250763185e+00 3.695119848757500769e+00 3.948915881398284533e+00 3.518658758583296908e+00 4.457332780980201470e+00 4.424760262439320080e+00 4.404688322350948759e+00 2.414267115735001745e+00 2.167255396484208951e+00 0.000000000000000000e+00 2.556414916382800939e+00 3.499229384745052407e+00
3.100000000000000000e+01 5.437903770886622468e+00 5.514044922840072971e+00 3.175271124263895572e+00 3.730608692943254923e+00 3.714649494771597560e+00 3.741047049363286803e+00 3.732156297425762048e+00 3.716327329528612111e+00 3.760399503381810504e+00 3.738364734042505688e+00 3.680135647101213436e+00 3.601914610396532268e+00 5.133274653863781012e+00 5.515418989553330320e+00 4.790553831991044120e+00 3.573957103622499076e+00 3.638084799687703708e+00 3.979398080954132055e+00 3.902497301675735386e+00 4.101558456040205414e+00 3.750991348320249941e+00 3.447455129594992229e+00 4.004919244174555359e+00 3.602962667444076672e+00 4.056756967230972677e+00 3.979967084147675749e+00 3.953726483592182817e+00 1.981037598338246219e+00 2.157215582643775775e+00 2.556414916382800939e+00 0.000000000000000000e+00 3.012407824873009510e+00
3.200000000000000000e+01 5.955612553589358704e+00 6.037530464971728072e+00 3.698555435906743405e+00 4.256028696982544268e+00 4.238828699419303625e+00 4.265515516964813791e+00 4.259173094401925930e+00 4.237581721148552028e+00 4.291652765640271205e+00 4.262697413243288658e+00 4.215319302614305208e+00 4.135267100605847013e+00 5.687476297317725304e+00 5.912189771243336445e+00 5.379051361265104525e+00 3.981252273281461918e+00 4.022557194064808606e+00 4.367993703895947100e+00 4.244130385123269456e+00 4.457903261875997281e+00 4.385325152875682697e+00 3.772157865881184513e+00 4.678468772695583588e+00 4.312510836911353174e+00 4.247265402556732461e+00 3.956738406721346912e+00 3.783615496141620405e+00 3.083604854510899607e+00 3.193276692598733923e+00 3.499229384745052407e+00 3.012407824873009510e+00 0.000000000000000000e+00
