0.000000000000000000e+00 1.000000000000000000e+00 2.000000000000000000e+00 3.000000000000000000e+00 4.000000000000000000e+00 5.000000000000000000e+00 6.000000000000000000e+00 7.000000000000000000e+00 8.000000000000000000e+00 9.000000000000000000e+00 1.000000000000000000e+01 1.100000000000000000e+01 1.200000000000000000e+01 1.300000000000000000e+01 1.400000000000000000e+01 1.500000000000000000e+01 1.600000000000000000e+01 1.700000000000000000e+01 1.800000000000000000e+01 1.900000000000000000e+01 2.000000000000000000e+01 2.100000000000000000e+01 2.200000000000000000e+01 2.300000000000000000e+01 2.400000000000000000e+01 2.500000000000000000e+01 2.600000000000000000e+01 2.700000000000000000e+01 2.800000000000000000e+01 2.900000000000000000e+01 3.000000000000000000e+01 3.100000000000000000e+01 3.200000000000000000e+01
1.000000000000000000e+00 0.000000000000000000e+00 4.440189552267653994e+00 3.183659720643790436e+00 3.121638772604601542e+00 3.169786131796007655e+00 3.196311966515737790e+00 3.184542972338220590e+00 3.254067059916944338e+00 3.151495802237002319e+00 3.244793526121402927e+00 3.201485432939542353e+00 3.222812462234388775e+00 4.634832897804630036e+00 5.069934603003881435e+00 4.728209231806519419e+00 4.336029147959473917e+00 4.473312757456379352e+00 4.413577373227021816e+00 4.472125337330518313e+00 4.487986001350981802e+00 3.463802107156269017e+00 4.473182647923144017e+00 3.477453808543174762e+00 3.491685995511979002e+00 4.487719531697688780e+00 4.491752450759410209e+00 4.450420706252277370e+00 3.643058582809858503e+00 3.630371198985901771e+00 3.731310260853988314e+00 3.739698483179427324e+00 4.786798761279849934e+00
2.000000000000000000e+00 4.440189552267653994e+00 0.000000000000000000e+00 2.875563608680636207e+00 2.793924514624621658e+00 2.858773483411896077e+00 2.894728203193683402e+00 2.878918975652546397e+00 2.967118647248906171e+00 2.818511933597286134e+00 2.951986737705478703e+00 2.900839190578914373e+00 2.932309885934487603e+00 4.395684943559125202e+00 4.858414572267452769e+00 4.537103980657930968e+00 4.121404834743943368e+00 4.264360193630502671e+00 4.204748912110978232e+00 4.273629412698864094e+00 4.285782979703719242e+00 3.272712437914664818e+00 4.276183582563151120e+00 3.296072994825685942e+00 3.315190373541388347e+00 4.315707221961702089e+00 4.326821258219808897e+00 4.289532514758297665e+00 3.486544178652014825e+00 3.475240496970827486e+00 3.581911986957449390e+00 3.587531927003617671e+00 4.638650780838186272e+00
3.000000000000000000e+00 3.183659720643790436e+00 2.875563608680636207e+00 0.000000000000000000e+00 9.081443789761678431e-01 6.937371943871295521e-01 8.707904574492810745e-01 9.540267409240636987e-01 1.020678838197275340e+00 1.128481287155740365e+00 1.007331442954543022e+00 1.155003722815622691e+00 1.139431380696536600e+00 2.836530251341999431e+00 3.124869132286852036e+00 2.935958650745307708e+00 2.386084631239867804e+00 2.536584170165872898e+00 2.478275633793228572e+00 2.561762773583230235e+00 2.569066761418278944e+00 1.626663956931758470e+00 2.568833928086745821e+00 1.654070015324622833e+00 1.673541503628977800e+00 2.648069738023208330e+00 2.667750452060905886e+00 2.635363009370349729e+00 1.849435653797322221e+00 1.841572712556528657e+00 1.956460958450385146e+00 1.953987123087263189e+00 3.002283252098899347e+00
4.000000000000000000e+00 3.121638772604601542e+00 2.793924514624621658e+00 9.081443789761678431e-01 0.000000000000000000e+00 8.557285761406761004e-01 9.704073353679318892e-01 9.587052558766164800e-01 1.107399675283310181e+00 1.028257611459785448e+00 1.074063670744298093e+00 1.103625866857490312e+00 1.115444876497726945e+00 2.787969745496440055e+00 3.137500386089358884e+00 2.906019206024419432e+00 2.397755880648113624e+00 2.547127783429695036e+00 2.488095021421378839e+00 2.568910236217202048e+00 2.576944658298145008e+00 1.608578226744182160e+00 2.574201224345202377e+00 1.637436071092795320e+00 1.658179990052889963e+00 2.644458183538298535e+00 2.662811319280465661e+00 2.629637970887716669e+00 1.838037785300095539e+00 1.829230175577935213e+00 1.942567240018275410e+00 1.942432135454063680e+00 2.993035385104082735e+00
5.000000000000000000e+00 3.169786131796007655e+00 2.858773483411896077e+00 6.937371943871295521e-01 8.557285761406761004e-01 0.000000000000000000e+00 8.235691488013796580e-01 8.911604796045202725e-01 1.018562785468656529e+00 1.090785196907363197e+00 9.839766840647010682e-01 1.117825360575570581e+00 1.103744265729208252e+00 2.810734416879636655e+00 3.113774236295480335e+00 2.913989364472162613e+00 2.374156899150662525e+00 2.524698230115479447e+00 2.466060441611445775e+00 2.549297326520633789e+00 2.556587080486687036e+00 1.606792057379596628e+00 2.555703534098860530e+00 1.634991453260340233e+00 1.654993054915315120e+00 2.633173619194013604e+00 2.652774726310810571e+00 2.620323801385611162e+00 1.832822110994463127e+00 1.824741373549352730e+00 1.939419030797667087e+00 1.937510629183922806e+00 2.986684207538874425e+00
6.000000000000000000e+00 3.196311966515737790e+00 2.894728203193683402e+00 8.707904574492810745e-01 9.704073353679318892e-01 8.235691488013796580e-01 0.000000000000000000e+00 8.016688213519400641e-01 9.161744806171538968e-01 1.109036294445383763e+00 8.327138894598391516e-01 1.099356914902308358e+00 1.061470880287227914e+00 2.804751992342444211e+00 3.080606690744039255e+00 2.898332110711188569e+00 2.340045903243570535e+00 2.491746505812974632e+00 2.433073149530287971e+00 2.518280026313800768e+00 2.524851839475553028e+00 1.584379621188817033e+00 2.524921093425762209e+00 1.612687989533083677e+00 1.632501011547900838e+00 2.606986952604124497e+00 2.627616791192443735e+00 2.595739904892372607e+00 1.810310880185088234e+00 1.802663048905939647e+00 1.918317140829592926e+00 1.915385902756717496e+00 2.964146235962801690e+00
7.000000000000000000e+00 3.184542972338220590e+00 2.878918975652546397e+00 9.540267409240636987e-01 9.587052558766164800e-01 8.911604796045202725e-01 8.016688213519400641e-01 0.000000000000000000e+00 9.995571723130254327e-01 1.049673136620065339e+00 8.951385085543144271e-01 1.025018095744724800e+00 9.842338482838925984e-01 2.766969771515267240e+00 3.081859542896014048e+00 2.870178217253953612e+00 2.339618063425797700e+00 2.491173840337466139e+00 2.431743716053794913e+00 2.515977685718839396e+00 2.522659286136870627e+00 1.562033308047354296e+00 2.521019699279262838e+00 1.592472961788932384e+00 1.613722061885778380e+00 2.598115005143007750e+00 2.618431088780214466e+00 2.586335024724844445e+00 1.796651254075604331e+00 1.788396144590958414e+00 1.903415996139182997e+00 1.902049886186117700e+00 2.953121037929272497e+00
8.000000000000000000e+00 3.254067059916944338e+00 2.967118647248906171e+00 1.020678838197275340e+00 1.107399675283310181e+00 1.018562785468656529e+00 9.161744806171538968e-01 9.995571723130254327e-01 0.000000000000000000e+00 1.205999417876059798e+00 8.179864085645043303e-01 1.175713479385247506e+00 1.123196103581766359e+00 2.852024203406869240e+00 3.044604373406810893e+00 2.922583473405904186e+00 2.304733108145059717e+00 2.458226961978683178e+00 2.400443351478810605e+00 2.489577857467294209e+00 2.495020488682236248e+00 1.593054886458799224e+00 2.498533013021120297e+00 1.618672196001215813e+00 1.636351064725015902e+00 2.593022049820128849e+00 2.615374370935443338e+00 2.584515058449065705e+00 1.807340249249765218e+00 1.801042831903265196e+00 1.918765131414047698e+00 1.912472223926258597e+00 2.957648868816543875e+00
9.000000000000000000e+00 3.151495802237002319e+00 2.818511933597286134e+00 1.128481287155740365e+00 1.028257611459785448e+00 1.090785196907363197e+00 1.109036294445383763e+00 1.049673136620065339e+00 1.205999417876059798e+00 0.000000000000000000e+00 1.164407036334115908e+00 9.661289861216650898e-01 1.065972292422686429e+00 2.684972041509348983e+00 3.151224498101347749e+00 2.850447413354991077e+00 2.408733146763184507e+00 2.557724443301165884e+00 2.497403927895494924e+00 2.576374898986665052e+00 2.584653330455096487e+00 1.572981056978930425e+00 2.578860470703886243e+00 1.607285144324988924e+00 1.631695822604517510e+00 2.640007284585003333e+00 2.657926039140205532e+00 2.624452882224048267e+00 1.824046016336540621e+00 1.813953824706943330e+00 1.926120596701019760e+00 1.929330494958368281e+00 2.985055909873714164e+00
1.000000000000000000e+01 3.244793526121402927e+00 2.951986737705478703e+00 1.007331442954543022e+00 1.074063670744298093e+00 9.839766840647010682e-01 8.327138894598391516e-01 8.951385085543144271e-01 8.179864085645043303e-01 1.164407036334115908e+00 0.000000000000000000e+00 1.125661956128650498e+00 1.063515071126455602e+00 2.829198232462942997e+00 3.070855789058855478e+00 2.910402165328593860e+00 2.329078664252776321e+00 2.482128320156864909e+00 2.423383208024300295e+00 2.510830210118608186e+00 2.516577820595505166e+00 1.588289620759224086e+00 2.517696266463206101e+00 1.616255568780069485e+00 1.635583747428358770e+00 2.604877836977266270e+00 2.626591033603480341e+00 2.595314288855685270e+00 1.812476057249992056e+00 1.805348199355986338e+00 1.922061759865216768e+00 1.917884605821377431e+00 2.965925921763511219e+00
1.100000000000000000e+01 3.201485432939542353e+00 2.900839190578914373e+00 1.155003722815622691e+00 1.103625866857490312e+00 1.117825360575570581e+00 1.099356914902308358e+00 1.025018095744724800e+00 1.175713479385247506e+00 9.661289861216650898e-01 1.125661956128650498e+00 0.000000000000000000e+00 8.746956736728623838e-01 2.652372460241213759e+00 3.089294855296731868e+00 2.790150310500542297e+00 2.343246870946475546e+00 2.494333949563869446e+00 2.433097376607017637e+00 2.514882528178820742e+00 2.521858635678158045e+00 1.501236973289995724e+00 2.516004906986857748e+00 1.539558270806635765e+00 1.565923063028129114e+00 2.580786448485346440e+00 2.600648683484239498e+00 2.568211851171513516e+00 1.766427190564364924e+00 1.756450396555658600e+00 1.870018415506800036e+00 1.873138153880317791e+00 2.931335706953281495e+00
1.200000000000000000e+01 3.222812462234388775e+00 2.932309885934487603e+00 1.139431380696536600e+00 1.115444876497726945e+00 1.103744265729208252e+00 1.061470880287227914e+00 9.842338482838925984e-01 1.123196103581766359e+00 1.065972292422686429e+00 1.063515071126455602e+00 8.746956736728623838e-01 0.000000000000000000e+00 2.702838686522632372e+00 3.048170298249454291e+00 2.798304646668423601e+00 2.300363591897735205e+00 2.453527535717166863e+00 2.392192455756030789e+00 2.477427857572812364e+00 2.483148736750874441e+00 1.488199035577546070e+00 2.478959058038366692e+00 1.524436932503152153e+00 1.549020235621545893e+00 2.551943030623349706e+00 2.573402922174775398e+00 2.541833404127580742e+00 1.745149666272278299e+00 1.736164682687567407e+00 1.851439682957035426e+00 1.852124545010938927e+00 2.908350279921392278e+00
1.300000000000000000e+01 4.634832897804630036e+00 4.395684943559125202e+00 2.836530251341999431e+00 2.787969745496440055e+00 2.810734416879636655e+00 2.804751992342444211e+00 2.766969771515267240e+00 2.852024203406869240e+00 2.684972041509348983e+00 2.829198232462942997e+00 2.652372460241213759e+00 2.702838686522632372e+00 0.000000000000000000e+00 4.603893175015292272e+00 3.862889337086937935e+00 3.860168900933727443e+00 4.002925740915000752e+00 3.940123599647553654e+00 4.006249993958793887e+00 4.018268078238793173e+00 2.828293235212616885e+00 4.001579040900017148e+00 2.880815435752206444e+00 2.920461501682019900e+00 4.021417227770166747e+00 4.034840875127489568e+00 3.998883026290505072e+00 3.161635016769315687e+00 3.145358782666343167e+00 3.250157571398062384e+00 3.269337687715526020e+00 4.345204134706533772e+00
1.400000000000000000e+01 5.069934603003881435e+00 4.858414572267452769e+00 3.124869132286852036e+00 3.137500386089358884e+00 3.113774236295480335e+00 3.080606690744039255e+00 3.081859542896014048e+00 3.044604373406810893e+00 3.151224498101347749e+00 3.070855789058855478e+00 3.089294855296731868e+00 3.048170298249454291e+00 4.603893175015292272e+00 0.000000000000000000e+00 4.540569617002678804e+00 3.045433671872393333e+00 2.757115162601483149e+00 3.007054362041059470e+00 2.745229625471650614e+00 2.950345234099025937e+00 3.106909047363580534e+00 3.193838139102878060e+00 3.089522462398772706e+00 3.075560301848454081e+00 3.580300954439959327e+00 3.583824192147373466e+00 3.555493435716639894e+00 3.059343615116659532e+00 3.081380566397773357e+00 3.227654613990282417e+00 3.144869279591695932e+00 4.042419280193638720e+00
1.500000000000000000e+01 4.728209231806519419e+00 4.537103980657930968e+00 2.935958650745307708e+00 2.906019206024419432e+00 2.913989364472162613e+00 2.898332110711188569e+00 2.870178217253953612e+00 2.922583473405904186e+00 2.850447413354991077e+00 2.910402165328593860e+00 2.790150310500542297e+00 2.798304646668423601e+00 3.862889337086937935e+00 4.540569617002678804e+00 0.000000000000000000e+00 3.795156984743496054e+00 3.933665761970055463e+00 3.868530912419335444e+00 3.925880226166245102e+00 3.940148130394416803e+00 2.509140714438613529e+00 3.914462366682640138e+00 2.596490857658030560e+00 2.665813220022656971e+00 3.901983425026045893e+00 3.915298804948506017e+00 3.879482698503906590e+00 2.997128401799392439e+00 2.973695924160097093e+00 3.073898351333894663e+00 3.111973387143974978e+00 4.218069396747211819e+00
1.600000000000000000e+01 4.336029147959473917e+00 4.121404834743943368e+00 2.386084631239867804e+00 2.397755880648113624e+00 2.374156899150662525e+00 2.340045903243570535e+00 2.339618063425797700e+00 2.304733108145059717e+00 2.408733146763184507e+00 2.329078664252776321e+00 2.343246870946475546e+00 2.300363591897735205e+00 3.860168900933727443e+00 3.045433671872393333e+00 3.795156984743496054e+00 0.000000000000000000e+00 2.178937071460080865e+00 1.841886355856110491e+00 2.450874768202401022e+00 2.288770433006596328e+00 2.358326633450515963e+00 2.425492984055505730e+00 2.343111944978147232e+00 2.330630240772238793e+00 2.894422219683796982e+00 2.930617054126498644e+00 2.911994332628626836e+00 2.340239308865439849e+00 2.358688918424762804e+00 2.503273321607765833e+00 2.432385432275861792e+00 3.372051262077342848e+00
1.700000000000000000e+01 4.473312757456379352e+00 4.264360193630502671e+00 2.536584170165872898e+00 2.547127783429695036e+00 2.524698230115479447e+00 2.491746505812974632e+00 2.491173840337466139e+00 2.458226961978683178e+00 2.557724443301165884e+00 2.482128320156864909e+00 2.494333949563869446e+00 2.453527535717166863e+00 4.002925740915000752e+00 2.757115162601483149e+00 3.933665761970055463e+00 2.178937071460080865e+00 0.000000000000000000e+00 2.013530203230819104e+00 2.161697204313683507e+00 2.028264720861920445e+00 2.494846179336533964e+00 2.450931101423919678e+00 2.475441837869212680e+00 2.459968668859140450e+00 2.945196311536176559e+00 2.959625649539660230e+00 2.935560550589686457e+00 2.437205242891459012e+00 2.460278094135299298e+00 2.607949681390275831e+00 2.523049946374008368e+00 3.422412079976342447e+00
1.800000000000000000e+01 4.413577373227021816e+00 4.204748912110978232e+00 2.478275633793228572e+00 2.488095021421378839e+00 2.466060441611445775e+00 2.433073149530287971e+00 2.431743716053794913e+00 2.400443351478810605e+00 2.497403927895494924e+00 2.423383208024300295e+00 2.433097376607017637e+00 2.392192455756030789e+00 3.940123599647553654e+00 3.007054362041059470e+00 3.868530912419335444e+00 1.841886355856110491e+00 2.013530203230819104e+00 0.000000000000000000e+00 2.322402217938104307e+00 2.011783865006887773e+00 2.427190639431733743e+00 2.285414297661857219e+00 2.407390159076919556e+00 2.391581616701913937e+00 2.879840988997672824e+00 2.910398610773821559e+00 2.891725689110918651e+00 2.371643705107655098e+00 2.394378034606583938e+00 2.542336915267655595e+00 2.459358668378265111e+00 3.371091129885102511e+00
1.900000000000000000e+01 4.472125337330518313e+00 4.273629412698864094e+00 2.561762773583230235e+00 2.568910236217202048e+00 2.549297326520633789e+00 2.518280026313800768e+00 2.515977685718839396e+00 2.489577857467294209e+00 2.576374898986665052e+00 2.510830210118608186e+00 2.514882528178820742e+00 2.477427857572812364e+00 4.006249993958793887e+00 2.745229625471650614e+00 3.925880226166245102e+00 2.450874768202401022e+00 2.161697204313683507e+00 2.322402217938104307e+00 0.000000000000000000e+00 2.047702077205388882e+00 2.479911781403163040e+00 2.356684615064834176e+00 2.452832461713402079e+00 2.431841564853836957e+00 2.796175194861543645e+00 2.779069725511135402e+00 2.746656920828508319e+00 2.357515127199175442e+00 2.387968734828052497e+00 2.541036182691081446e+00 2.434228044322522155e+00 3.273739971806684856e+00
2.000000000000000000e+01 4.487986001350981802e+00 4.285782979703719242e+00 2.569066761418278944e+00 2.576944658298145008e+00 2.556587080486687036e+00 2.524851839475553028e+00 2.522659286136870627e+00 2.495020488682236248e+00 2.584653330455096487e+00 2.516577820595505166e+00 2.521858635678158045e+00 2.483148736750874441e+00 4.018268078238793173e+00 2.950345234099025937e+00 3.940148130394416803e+00 2.288770433006596328e+00 2.028264720861920445e+00 2.011783865006887773e+00 2.047702077205388882e+00 0.000000000000000000e+00 2.494825193581367451e+00 2.202567904550020828e+00 2.470125148250267078e+00 2.450796393051037469e+00 2.854734646556362776e+00 2.866610246688887642e+00 2.843859811030182705e+00 2.396523546199667454e+00 2.424193927537560356e+00 2.575694795229734435e+00 2.478067500501091036e+00 3.350089500788169694e+00
2.100000000000000000e+01 3.463802107156269017e+00 3.272712437914664818e+00 1.626663956931758470e+00 1.608578226744182160e+00 1.606792057379596628e+00 1.584379621188817033e+00 1.562033308047354296e+00 1.593054886458799224e+00 1.572981056978930425e+00 1.588289620759224086e+00 1.501236973289995724e+00 1.488199035577546070e+00 2.828293235212616885e+00 3.106909047363580534e+00 2.509140714438613529e+00 2.358326633450515963e+00 2.494846179336533964e+00 2.427190639431733743e+00 2.479911781403163040e+00 2.494825193581367451e+00 0.000000000000000000e+00 2.461639518204044919e+00 8.504011833789149044e-01 9.962271705061409577e-01 2.425843950882119238e+00 2.442974695646775274e+00 2.409480314795753308e+00 1.480114275784666145e+00 1.450408355124889859e+00 1.552041030633169338e+00 1.605824113071046444e+00 2.746313313461704375e+00
2.200000000000000000e+01 4.473182647923144017e+00 4.276183582563151120e+00 2.568833928086745821e+00 2.574201224345202377e+00 2.555703534098860530e+00 2.524921093425762209e+00 2.521019699279262838e+00 2.498533013021120297e+00 2.578860470703886243e+00 2.517696266463206101e+00 2.516004906986857748e+00 2.478959058038366692e+00 4.001579040900017148e+00 3.193838139102878060e+00 3.914462366682640138e+00 2.425492984055505730e+00 2.450931101423919678e+00 2.285414297661857219e+00 2.356684615064834176e+00 2.202567904550020828e+00 2.461639518204044919e+00 0.000000000000000000e+00 2.432129264796893064e+00 2.409219564675714409e+00 2.731679184069250255e+00 2.777157631658715431e+00 2.769000928726275568e+00 2.330825355623564743e+00 2.362207133704028905e+00 2.517535402340046691e+00 2.411333288603340730e+00 3.279994711915684924e+00
2.300000000000000000e+01 3.477453808543174762e+00 3.296072994825685942e+00 1.654070015324622833e+00 1.637436071092795320e+00 1.634991453260340233e+00 1.612687989533083677e+00 1.592472961788932384e+00 1.618672196001215813e+00 1.607285144324988924e+00 1.616255568780069485e+00 1.539558270806635765e+00 1.524436932503152153e+00 2.880815435752206444e+00 3.089522462398772706e+00 2.596490857658030560e+00 2.343111944978147232e+00 2.475441837869212680e+00 2.407390159076919556e+00 2.452832461713402079e+00 2.470125148250267078e+00 8.504011833789149044e-01 2.432129264796893064e+00 0.000000000000000000e+00 7.861606043798774479e-01 2.374228950506818592e+00 2.390031143617486364e+00 2.356130806092556540e+00 1.395251357484036614e+00 1.360127155722882897e+00 1.458590306966217387e+00 1.525818470616240763e+00 2.686848166454352871e+00
2.400000000000000000e+01 3.491685995511979002e+00 3.315190373541388347e+00 1.673541503628977800e+00 1.658179990052889963e+00 1.654993054915315120e+00 1.632501011547900838e+00 1.613722061885778380e+00 1.636351064725015902e+00 1.631695822604517510e+00 1.635583747428358770e+00 1.565923063028129114e+00 1.549020235621545893e+00 2.920461501682019900e+00 3.075560301848454081e+00 2.665813220022656971e+00 2.330630240772238793e+00 2.459968668859140450e+00 2.391581616701913937e+00 2.431841564853836957e+00 2.450796393051037469e+00 9.962271705061409577e-01 2.409219564675714409e+00 7.861606043798774479e-01 0.000000000000000000e+00 2.335019154207845560e+00 2.350295099431553680e+00 2.316365307931746997e+00 1.330303653638465367e+00 1.291415195166075947e+00 1.389708652681641343e+00 1.465497247634573785e+00 2.643068310452065361e+00
2.500000000000000000e+01 4.487719531697688780e+00 4.315707221961702089e+00 2.648069738023208330e+00 2.644458183538298535e+00 2.633173619194013604e+00 2.606986952604124497e+00 2.598115005143007750e+00 2.593022049820128849e+00 2.640007284585003333e+00 2.604877836977266270e+00 2.580786448485346440e+00 2.551943030623349706e+00 4.021417227770166747e+00 3.580300954439959327e+00 3.901983425026045893e+00 2.894422219683796982e+00 2.945196311536176559e+00 2.879840988997672824e+00 2.796175194861543645e+00 2.854734646556362776e+00 2.425843950882119238e+00 2.731679184069250255e+00 2.374228950506818592e+00 2.335019154207845560e+00 0.000000000000000000e+00 2.278038190700940824e+00 2.425764262640294433e+00 2.096408112040319072e+00 2.154449442005251569e+00 2.331944906520047933e+00 2.156956364168217011e+00 2.968780073610747472e+00
2.600000000000000000e+01 4.491752450759410209e+00 4.326821258219808897e+00 2.667750452060905886e+00 2.662811319280465661e+00 2.652774726310810571e+00 2.627616791192443735e+00 2.618431088780214466e+00 2.615374370935443338e+00 2.657926039140205532e+00 2.626591033603480341e+00 2.600648683484239498e+00 2.573402922174775398e+00 4.034840875127489568e+00 3.583824192147373466e+00 3.915298804948506017e+00 2.930617054126498644e+00 2.959625649539660230e+00 2.910398610773821559e+00 2.779069725511135402e+00 2.866610246688887642e+00 2.442974695646775274e+00 2.777157631658715431e+00 2.390031143617486364e+00 2.350295099431553680e+00 2.278038190700940824e+00 0.000000000000000000e+00 2.019101190151464387e+00 2.090904900729399163e+00 2.150124094230799088e+00 2.325073072664274765e+00 2.134168131540564506e+00 2.801916591919924038e+00
2.700000000000000000e+01 4.450420706252277370e+00 4.289532514758297665e+00 2.635363009370349729e+00 2.629637970887716669e+00 2.620323801385611162e+00 2.595739904892372607e+00 2.586335024724844445e+00 2.584515058449065705e+00 2.624452882224048267e+00 2.595314288855685270e+00 2.568211851171513516e+00 2.541833404127580742e+00 3.998883026290505072e+00 3.555493435716639894e+00 3.879482698503906590e+00 2.911994332628626836e+00 2.935560550589686457e+00 2.891725689110918651e+00 2.746656920828508319e+00 2.843859811030182705e+00 2.409480314795753308e+00 2.769000928726275568e+00 2.356130806092556540e+00 2.316365307931746997e+00 2.425764262640294433e+00 2.019101190151464387e+00 0.000000000000000000e+00 2.053426766068407350e+00 2.111385273245861782e+00 2.283470655917211101e+00 2.090166586063557208e+00 2.670599976158285038e+00
2.800000000000000000e+01 3.643058582809858503e+00 3.486544178652014825e+00 1.849435653797322221e+00 1.838037785300095539e+00 1.832822110994463127e+00 1.810310880185088234e+00 1.796651254075604331e+00 1.807340249249765218e+00 1.824046016336540621e+00 1.812476057249992056e+00 1.766427190564364924e+00 1.745149666272278299e+00 3.161635016769315687e+00 3.059343615116659532e+00 2.997128401799392439e+00 2.340239308865439849e+00 2.437205242891459012e+00 2.371643705107655098e+00 2.357515127199175442e+00 2.396523546199667454e+00 1.480114275784666145e+00 2.330825355623564743e+00 1.395251357484036614e+00 1.330303653638465367e+00 2.096408112040319072e+00 2.090904900729399163e+00 2.053426766068407350e+00 0.000000000000000000e+00 8.026578197337492782e-01 1.107238549680254369e+00 9.182147381294236688e-01 2.331525179749903920e+00
2.900000000000000000e+01 3.630371198985901771e+00 3.475240496970827486e+00 1.841572712556528657e+00 1.829230175577935213e+00 1.824741373549352730e+00 1.802663048905939647e+00 1.788396144590958414e+00 1.801042831903265196e+00 1.813953824706943330e+00 1.805348199355986338e+00 1.756450396555658600e+00 1.736164682687567407e+00 3.145358782666343167e+00 3.081380566397773357e+00 2.973695924160097093e+00 2.358688918424762804e+00 2.460278094135299298e+00 2.394378034606583938e+00 2.387968734828052497e+00 2.424193927537560356e+00 1.450408355124889859e+00 2.362207133704028905e+00 1.360127155722882897e+00 1.291415195166075947e+00 2.154449442005251569e+00 2.150124094230799088e+00 2.111385273245861782e+00 8.026578197337492782e-01 0.000000000000000000e+00 9.822477580178774481e-01 9.952960452986068240e-01 2.392816065810150938e+00
3.000000000000000000e+01 3.731310260853988314e+00 3.581911986957449390e+00 1.956460958450385146e+00 1.942567240018275410e+00 1.939419030797667087e+00 1.918317140829592926e+00 1.903415996139182997e+00 1.918765131414047698e+00 1.926120596701019760e+00 1.922061759865216768e+00 1.870018415506800036e+00 1.851439682957035426e+00 3.250157571398062384e+00 3.227654613990282417e+00 3.073898351333894663e+00 2.503273321607765833e+00 2.607949681390275831e+00 2.542336915267655595e+00 2.541036182691081446e+00 2.575694795229734435e+00 1.552041030633169338e+00 2.517535402340046691e+00 1.458590306966217387e+00 1.389708652681641343e+00 2.331944906520047933e+00 2.325073072664274765e+00 2.283470655917211101e+00 1.107238549680254369e+00 9.822477580178774481e-01 0.000000000000000000e+00 1.216137518852518529e+00 2.564229874976686752e+00
3.100000000000000000e+01 3.739698483179427324e+00 3.587531927003617671e+00 1.953987123087263189e+00 1.942432135454063680e+00 1.937510629183922806e+00 1.915385902756717496e+00 1.902049886186117700e+00 1.912472223926258597e+00 1.929330494958368281e+00 1.917884605821377431e+00 1.873138153880317791e+00 1.852124545010938927e+00 3.269337687715526020e+00 3.144869279591695932e+00 3.111973387143974978e+00 2.432385432275861792e+00 2.523049946374008368e+00 2.459358668378265111e+00 2.434228044322522155e+00 2.478067500501091036e+00 1.605824113071046444e+00 2.411333288603340730e+00 1.525818470616240763e+00 1.465497247634573785e+00 2.156956364168217011e+00 2.134168131540564506e+00 2.090166586063557208e+00 9.182147381294236688e-01 9.952960452986068240e-01 1.216137518852518529e+00 0.000000000000000000e+00 2.341862904516979427e+00
3.200000000000000000e+01 4.786798761279849934e+00 4.638650780838186272e+00 3.002283252098899347e+00 2.993035385104082735e+00 2.986684207538874425e+00 2.964146235962801690e+00 2.953121037929272497e+00 2.957648868816543875e+00 2.985055909873714164e+00 2.965925921763511219e+00 2.931335706953281495e+00 2.908350279921392278e+00 4.345204134706533772e+00 4.042419280193638720e+00 4.218069396747211819e+00 3.372051262077342848e+00 3.422412079976342447e+00 3.371091129885102511e+00 3.273739971806684856e+00 3.350089500788169694e+00 2.746313313461704375e+00 3.279994711915684924e+00 2.686848166454352871e+00 2.643068310452065361e+00 2.968780073610747472e+00 2.801916591919924038e+00 2.670599976158285038e+00 2.331525179749903920e+00 2.392816065810150938e+00 2.564229874976686752e+00 2.341862904516979427e+00 0.000000000000000000e+00
