0.000000000000000000e+00 1.000000000000000000e+00 2.000000000000000000e+00 3.000000000000000000e+00 4.000000000000000000e+00 5.000000000000000000e+00 6.000000000000000000e+00 7.000000000000000000e+00 8.000000000000000000e+00 9.000000000000000000e+00 1.000000000000000000e+01 1.100000000000000000e+01 1.200000000000000000e+01 1.300000000000000000e+01 1.400000000000000000e+01 1.500000000000000000e+01 1.600000000000000000e+01 1.700000000000000000e+01 1.800000000000000000e+01 1.900000000000000000e+01 2.000000000000000000e+01 2.100000000000000000e+01 2.200000000000000000e+01 2.300000000000000000e+01 2.400000000000000000e+01 2.500000000000000000e+01 2.600000000000000000e+01 2.700000000000000000e+01 2.800000000000000000e+01 2.900000000000000000e+01 3.000000000000000000e+01 3.100000000000000000e+01 3.200000000000000000e+01
1.000000000000000000e+00 0.000000000000000000e+00 4.098378791883598993e+00 2.472709989579018330e+00 4.800662951184698990e+00 2.677316096244810595e+00 4.518047536052489654e+00 5.039046319726583789e+00 4.934221009120331125e+00 4.545011252672055413e+00 5.011340912329704800e+00 4.601409573016766785e+00 3.656173438824352306e+00 4.155691078492639079e+00 2.695391254503264555e+00 3.900282237916474770e+00 2.564640881137177697e+00 2.619511907878159906e+00 2.585376654728606116e+00 2.710521150294041615e+00 2.629502768654659484e+00 1.979291337107798920e+00 2.611342595777298214e+00 2.043955272277140356e+00 2.140469852618626323e+00 3.049673308499659896e+00 2.996838891012464146e+00 3.095010790953903523e+00 5.814407198067183202e+00 5.741022567497017448e+00 5.812038880451400047e+00 6.243133662912323523e+00 6.686233642957135181e+00
2.000000000000000000e+00 4.098378791883598993e+00 0.000000000000000000e+00 4.856715541388277657e+00 7.145142977432429099e+00 5.058795616469000223e+00 6.904618523897741333e+00 7.412597784477238605e+00 7.338472408372521905e+00 6.814166901831455014e+00 7.409648285167922843e+00 6.958574965527247969e+00 6.047797589743641566e+00 6.708311186599202003e+00 5.178222747318049990e+00 6.534067606795112226e+00 5.051252054073321673e+00 5.105182957567533819e+00 5.072615674078500447e+00 5.197430321364773675e+00 5.117201382832760714e+00 4.514059422454494097e+00 5.101610612672452305e+00 4.589335161063104351e+00 4.689630425842695516e+00 5.545133601784339561e+00 5.493119662499152511e+00 5.591958096745532458e+00 8.342578153989993694e+00 8.278451297822195798e+00 8.372096402422192440e+00 8.772909480518588765e+00 9.195986476815285471e+00
3.000000000000000000e+00 2.472709989579018330e+00 4.856715541388277657e+00 0.000000000000000000e+00 3.503603567304968358e+00 8.280432958957035794e-01 3.055923911051091402e+00 4.073599931225823312e+00 3.787730770437019778e+00 4.649495753706399448e+00 3.990298528743815076e+00 4.638418259531757570e+00 3.416560793230592363e+00 4.879233313931861105e+00 2.563152354561296420e+00 4.657498064977460217e+00 2.478374206776422728e+00 2.519550249450781987e+00 2.503670046687289652e+00 2.621408863559170133e+00 2.550138975057754109e+00 2.396080684922337500e+00 2.558584461622903206e+00 2.465729977136859485e+00 2.553853564786958241e+00 3.039690893840145236e+00 2.988075084087235211e+00 3.089459190862122284e+00 6.007503483377213627e+00 5.983130613500390993e+00 6.152676384397683051e+00 6.430419919132089213e+00 6.754869469071654642e+00
4.000000000000000000e+00 4.800662951184698990e+00 7.145142977432429099e+00 3.503603567304968358e+00 0.000000000000000000e+00 3.645176980836121849e+00 5.741697307640975190e+00 6.394239315561049963e+00 6.438131491017515806e+00 6.770090252478381920e+00 6.556787634554374300e+00 6.894419573294047865e+00 5.738379191234152188e+00 7.187181390571014461e+00 5.006812681552117894e+00 6.984224781142870597e+00 4.913435738510388617e+00 4.957298414440465706e+00 4.938060392564477041e+00 5.057364839548315061e+00 4.984270845705669473e+00 4.746414857709893909e+00 4.988021029563839193e+00 4.819700870227624279e+00 4.911197761902126757e+00 5.462195935598357366e+00 5.410727599309455016e+00 5.511731386318860615e+00 8.401328223500073022e+00 8.370721359905006764e+00 8.529472005581606453e+00 8.826216953491062611e+00 9.167025641488237397e+00
5.000000000000000000e+00 2.677316096244810595e+00 5.058795616469000223e+00 8.280432958957035794e-01 3.645176980836121849e+00 0.000000000000000000e+00 3.204544536617688344e+00 4.198693213371816668e+00 4.001605155828760196e+00 4.831735738975377892e+00 4.177478551126582396e+00 4.822341857747730387e+00 3.598346011473098738e+00 5.078567042932370157e+00 2.773718831221850145e+00 4.858585319196713215e+00 2.687923443251896582e+00 2.729434217779538319e+00 2.713168226594459664e+00 2.831115180860076297e+00 2.759631437229083772e+00 2.597655131297559539e+00 2.767567149674050597e+00 2.667813737847132050e+00 2.756319985806563455e+00 3.247985006981917167e+00 3.196410472244302525e+00 3.297767164155532171e+00 6.213281319255726132e+00 6.188415116792111093e+00 6.357216699829095319e+00 6.636443417603540063e+00 6.962307295631362969e+00
6.000000000000000000e+00 4.518047536052489654e+00 6.904618523897741333e+00 3.055923911051091402e+00 5.741697307640975190e+00 3.204544536617688344e+00 0.000000000000000000e+00 5.514385469099817527e+00 5.681858579398451958e+00 6.641413530793754738e+00 5.558480786891776937e+00 6.560579581161547935e+00 5.264044979715452044e+00 6.890230639765233533e+00 4.580697646364465747e+00 6.670984446743087659e+00 4.492500794067254333e+00 4.534913893578746524e+00 4.517814024913816340e+00 4.636403702817153416e+00 4.564428592149893937e+00 4.397165559582088434e+00 4.571465843296026677e+00 4.468880363720606042e+00 4.558102468967371479e+00 5.051124415648363453e+00 4.999796293260686753e+00 5.101200673302400901e+00 8.016158383047802261e+00 7.991692940111589039e+00 8.162105827454595897e+00 8.439949257495708679e+00 8.765790178807492339e+00
7.000000000000000000e+00 5.039046319726583789e+00 7.412597784477238605e+00 4.073599931225823312e+00 6.394239315561049963e+00 4.198693213371816668e+00 5.514385469099817527e+00 0.000000000000000000e+00 6.537953538904171857e+00 6.960898957471685300e+00 6.181187519937085817e+00 6.772367802063252284e+00 5.373052380018480179e+00 7.347191696659230331e+00 5.155307481825048832e+00 7.145918231781925201e+00 5.055669869835464070e+00 5.101851971063528168e+00 5.080405409937979400e+00 5.201342838489471987e+00 5.126958559349284350e+00 4.871257387936820393e+00 5.128253004699705464e+00 4.949305135700342362e+00 5.043070182066729856e+00 5.600217096974198228e+00 5.549406694304117593e+00 5.650528154854129070e+00 8.537871446677591791e+00 8.508198816604505055e+00 8.671170301855353202e+00 8.964571174056946035e+00 9.305719850346640953e+00
8.000000000000000000e+00 4.934221009120331125e+00 7.338472408372521905e+00 3.787730770437019778e+00 6.438131491017515806e+00 4.001605155828760196e+00 5.681858579398451958e+00 6.537953538904171857e+00 0.000000000000000000e+00 7.127853701482396609e+00 5.685591187584679851e+00 6.996111629790622288e+00 5.657162106220129161e+00 7.283955152885303264e+00 4.852697925434791060e+00 7.050998286586334984e+00 4.767869595052566467e+00 4.809542328083129092e+00 4.794001760747111263e+00 4.912397223209520547e+00 4.841186487112710601e+00 4.743555908786282416e+00 4.850970961009096527e+00 4.813351061603414749e+00 4.900120713098642611e+00 5.335714917112959199e+00 5.284616679668628692e+00 5.386427062998652815e+00 8.325926408223239150e+00 8.307515495762087809e+00 8.489427660950060073e+00 8.748703982419563374e+00 9.060021609546616617e+00
9.000000000000000000e+00 4.545011252672055413e+00 6.814166901831455014e+00 4.649495753706399448e+00 6.770090252478381920e+00 4.831735738975377892e+00 6.641413530793754738e+00 6.960898957471685300e+00 7.127853701482396609e+00 0.000000000000000000e+00 7.132451851354253414e+00 6.358187039795133444e+00 5.615549776464328957e+00 6.764106589829161464e+00 5.084539141355955749e+00 6.655498790215371940e+00 4.960950740339477250e+00 5.014229890156038039e+00 4.983171017866832031e+00 5.107955418166060468e+00 5.028442740252014431e+00 4.487682976335854335e+00 5.015617308381829176e+00 4.576761235178775422e+00 4.681673300404334270e+00 5.465335557796221266e+00 5.414470571174366142e+00 5.514169090654963412e+00 8.304182056624142660e+00 8.252007390856769931e+00 8.374428522257932883e+00 8.736511754995262891e+00 9.134304898955697638e+00
1.000000000000000000e+01 5.011340912329704800e+00 7.409648285167922843e+00 3.990298528743815076e+00 6.556787634554374300e+00 4.177478551126582396e+00 5.558480786891776937e+00 6.181187519937085817e+00 5.685591187584679851e+00 7.132451851354253414e+00 0.000000000000000000e+00 6.923289652054208432e+00 5.470641059087236968e+00 7.330485117640352044e+00 4.983766860988176894e+00 7.106817082997100243e+00 4.890690343481340463e+00 4.935056622817647565e+00 4.916352736167507231e+00 5.036405249076848278e+00 4.963451167242788564e+00 4.800743198050433591e+00 4.969005244293029477e+00 4.874814367348761834e+00 4.964750306066441965e+00 5.448006364904333765e+00 5.397269445167601987e+00 5.498859335826528749e+00 8.417538710011044145e+00 8.395151141486186575e+00 8.571194065264400308e+00 8.842416803103272827e+00 9.165325892908310124e+00
1.100000000000000000e+01 4.601409573016766785e+00 6.958574965527247969e+00 4.638418259531757570e+00 6.894419573294047865e+00 4.822341857747730387e+00 6.560579581161547935e+00 6.772367802063252284e+00 6.996111629790622288e+00 6.358187039795133444e+00 6.923289652054208432e+00 0.000000000000000000e+00 4.805240161446908687e+00 6.735067700984510353e+00 4.935862933014774967e+00 6.607446392213590869e+00 4.810490293557341701e+00 4.864677842686782938e+00 4.833116102898163291e+00 4.958714286088699907e+00 4.878841513604080582e+00 4.359137674140528773e+00 4.865902646932398490e+00 4.455074136038771115e+00 4.562333826466094422e+00 5.317038323063332683e+00 5.266967486420314870e+00 5.367073223370525170e+00 8.172115559521319739e+00 8.125306501815982685e+00 8.261290369005072520e+00 8.606018287281788304e+00 8.993683787439007205e+00
1.200000000000000000e+01 3.656173438824352306e+00 6.047797589743641566e+00 3.416560793230592363e+00 5.738379191234152188e+00 3.598346011473098738e+00 5.264044979715452044e+00 5.373052380018480179e+00 5.657162106220129161e+00 5.615549776464328957e+00 5.470641059087236968e+00 4.805240161446908687e+00 0.000000000000000000e+00 5.837988222676678163e+00 3.768235590070988295e+00 5.650638385085384741e+00 3.650473975034998819e+00 3.702740000298291978e+00 3.674456532340112158e+00 3.799273873998390005e+00 3.721072738321455908e+00 3.339435549179177176e+00 3.713520648676482239e+00 3.429916152413216235e+00 3.531534671532575498e+00 4.174249705875476835e+00 4.124575850158470836e+00 4.225437260593042588e+00 7.076793069553319881e+00 7.041454766101374219e+00 7.198869261789871743e+00 7.508651231940087989e+00 7.868968603731818057e+00
1.300000000000000000e+01 4.155691078492639079e+00 6.708311186599202003e+00 4.879233313931861105e+00 7.187181390571014461e+00 5.078567042932370157e+00 6.890230639765233533e+00 7.347191696659230331e+00 7.283955152885303264e+00 6.764106589829161464e+00 7.330485117640352044e+00 6.735067700984510353e+00 5.837988222676678163e+00 0.000000000000000000e+00 4.928042150094861462e+00 6.066947157364619869e+00 4.789370723242317496e+00 4.846978356434155089e+00 4.809830628628583682e+00 4.936823788221873954e+00 4.854097195868106063e+00 4.120585200810484849e+00 4.832119299500874376e+00 4.207735048306401993e+00 4.316549599242726742e+00 5.266521607487698375e+00 5.215021969660371681e+00 5.313496165748759381e+00 8.029572763543516345e+00 7.958676645605045508e+00 8.044182001790710856e+00 8.464172225548630024e+00 8.906135181554876823e+00
1.400000000000000000e+01 2.695391254503264555e+00 5.178222747318049990e+00 2.563152354561296420e+00 5.006812681552117894e+00 2.773718831221850145e+00 4.580697646364465747e+00 5.155307481825048832e+00 4.852697925434791060e+00 5.084539141355955749e+00 4.983766860988176894e+00 4.935862933014774967e+00 3.768235590070988295e+00 4.928042150094861462e+00 0.000000000000000000e+00 4.604829699961628720e+00 1.012880692460052412e+00 8.756309026633171122e-01 9.971016671285188870e-01 9.519514409119578247e-01 9.885517156885326173e-01 2.081904282096675107e+00 1.129041493490875681e+00 2.109829472895339730e+00 2.158158219179431736e+00 1.737234905259912310e+00 1.670481679800791319e+00 1.775197231457280367e+00 5.138304333891859699e+00 5.197437341898309526e+00 5.503161402351608444e+00 5.521807005302648896e+00 5.596337952881220268e+00
1.500000000000000000e+01 3.900282237916474770e+00 6.534067606795112226e+00 4.657498064977460217e+00 6.984224781142870597e+00 4.858585319196713215e+00 6.670984446743087659e+00 7.145918231781925201e+00 7.050998286586334984e+00 6.655498790215371940e+00 7.106817082997100243e+00 6.607446392213590869e+00 5.650638385085384741e+00 6.066947157364619869e+00 4.604829699961628720e+00 0.000000000000000000e+00 4.461200403465293007e+00 4.520192671210160995e+00 4.481014190866737579e+00 4.608693170736932743e+00 4.524899160928316455e+00 3.675037012416068283e+00 4.499797069787819126e+00 3.772837167610056053e+00 3.891500180648369334e+00 4.928930663077522922e+00 4.877342877956754030e+00 4.975457826668723271e+00 7.666029115445324393e+00 7.588859520063707009e+00 7.666097891928338015e+00 8.103272301911186304e+00 8.559571475432356635e+00
1.600000000000000000e+01 2.564640881137177697e+00 5.051252054073321673e+00 2.478374206776422728e+00 4.913435738510388617e+00 2.687923443251896582e+00 4.492500794067254333e+00 5.055669869835464070e+00 4.767869595052566467e+00 4.960950740339477250e+00 4.890690343481340463e+00 4.810490293557341701e+00 3.650473975034998819e+00 4.789370723242317496e+00 1.012880692460052412e+00 4.461200403465293007e+00 0.000000000000000000e+00 8.268706933874572229e-01 6.941060015482261036e-01 9.998032525951510152e-01 8.751404992551732320e-01 1.925396010920270129e+00 9.419566409814938979e-01 1.950854746350210167e+00 1.996887957708927797e+00 1.561965747669331606e+00 1.506905024663528714e+00 1.613904867699357482e+00 4.960691298098025115e+00 5.022220325612323677e+00 5.334425267172766993e+00 5.348156917926034204e+00 5.429730514557381760e+00
1.700000000000000000e+01 2.619511907878159906e+00 5.105182957567533819e+00 2.519550249450781987e+00 4.957298414440465706e+00 2.729434217779538319e+00 4.534913893578746524e+00 5.101851971063528168e+00 4.809542328083129092e+00 5.014229890156038039e+00 4.935056622817647565e+00 4.864677842686782938e+00 3.702740000298291978e+00 4.846978356434155089e+00 8.756309026633171122e-01 4.520192671210160995e+00 8.268706933874572229e-01 0.000000000000000000e+00 7.607179250120341685e-01 8.559483055431416076e-01 7.692716663604510785e-01 1.988393533449602568e+00 9.585288703761052354e-01 2.014150024565353636e+00 2.060541159221788821e+00 1.591225901632880024e+00 1.525003840655809739e+00 1.630264920244194116e+00 5.017214677873390372e+00 5.080480105086287779e+00 5.392330773593116078e+00 5.398168865010334549e+00 5.459541328525564730e+00
1.800000000000000000e+01 2.585376654728606116e+00 5.072615674078500447e+00 2.503670046687289652e+00 4.938060392564477041e+00 2.713168226594459664e+00 4.517814024913816340e+00 5.080405409937979400e+00 4.794001760747111263e+00 4.983171017866832031e+00 4.916352736167507231e+00 4.833116102898163291e+00 3.674456532340112158e+00 4.809830628628583682e+00 9.971016671285188870e-01 4.481014190866737579e+00 6.941060015482261036e-01 7.607179250120341685e-01 0.000000000000000000e+00 9.336949937323772986e-01 7.601948531952662513e-01 1.944055378605482165e+00 8.764063562410639996e-01 1.968663247823478901e+00 2.014008420497031882e+00 1.531672547465843692e+00 1.471272126656293366e+00 1.577801128469933367e+00 4.961703962836596205e+00 5.026413572394409002e+00 5.341311257420176872e+00 5.343680238123407200e+00 5.406037628767260905e+00
1.900000000000000000e+01 2.710521150294041615e+00 5.197430321364773675e+00 2.621408863559170133e+00 5.057364839548315061e+00 2.831115180860076297e+00 4.636403702817153416e+00 5.201342838489471987e+00 4.912397223209520547e+00 5.107955418166060468e+00 5.036405249076848278e+00 4.958714286088699907e+00 3.799273873998390005e+00 4.936823788221873954e+00 9.519514409119578247e-01 4.608693170736932743e+00 9.998032525951510152e-01 8.559483055431416076e-01 9.336949937323772986e-01 0.000000000000000000e+00 8.098500583494367966e-01 2.074164896846411477e+00 9.810757728307626380e-01 2.098547139395571026e+00 2.143808341337317014e+00 1.601997488349419463e+00 1.520875238725625245e+00 1.623812085569973362e+00 5.074574760821542796e+00 5.142875426074493106e+00 5.459074052479673256e+00 5.446350384211839035e+00 5.474687423049270585e+00
2.000000000000000000e+01 2.629502768654659484e+00 5.117201382832760714e+00 2.550138975057754109e+00 4.984270845705669473e+00 2.759631437229083772e+00 4.564428592149893937e+00 5.126958559349284350e+00 4.841186487112710601e+00 5.028442740252014431e+00 4.963451167242788564e+00 4.878841513604080582e+00 3.721072738321455908e+00 4.854097195868106063e+00 9.885517156885326173e-01 4.524899160928316455e+00 8.751404992551732320e-01 7.692716663604510785e-01 7.601948531952662513e-01 8.098500583494367966e-01 0.000000000000000000e+00 1.987543173628036897e+00 8.437776618373842297e-01 2.011410171347589593e+00 2.056182197270687073e+00 1.517062353910760386e+00 1.444776194379669754e+00 1.549628978721869998e+00 4.985604438246916459e+00 5.053994173444527505e+00 5.371459799738630636e+00 5.359822673657213876e+00 5.395432400342762058e+00
2.100000000000000000e+01 1.979291337107798920e+00 4.514059422454494097e+00 2.396080684922337500e+00 4.746414857709893909e+00 2.597655131297559539e+00 4.397165559582088434e+00 4.871257387936820393e+00 4.743555908786282416e+00 4.487682976335854335e+00 4.800743198050433591e+00 4.359137674140528773e+00 3.339435549179177176e+00 4.120585200810484849e+00 2.081904282096675107e+00 3.675037012416068283e+00 1.925396010920270129e+00 1.988393533449602568e+00 1.944055378605482165e+00 2.074164896846411477e+00 1.987543173628036897e+00 0.000000000000000000e+00 1.955086829477692412e+00 8.647045984737560254e-01 1.069974936618478534e+00 2.374443167858865777e+00 2.324772366141953484e+00 2.423100761143010651e+00 5.084764431109839222e+00 5.005455323305621818e+00 5.107667107990238264e+00 5.537831333177089199e+00 6.003734206694187669e+00
2.200000000000000000e+01 2.611342595777298214e+00 5.101610612672452305e+00 2.558584461622903206e+00 4.988021029563839193e+00 2.767567149674050597e+00 4.571465843296026677e+00 5.128253004699705464e+00 4.850970961009096527e+00 5.015617308381829176e+00 4.969005244293029477e+00 4.865902646932398490e+00 3.713520648676482239e+00 4.832119299500874376e+00 1.129041493490875681e+00 4.499797069787819126e+00 9.419566409814938979e-01 9.585288703761052354e-01 8.764063562410639996e-01 9.810757728307626380e-01 8.437776618373842297e-01 1.955086829477692412e+00 0.000000000000000000e+00 1.976583002522575239e+00 2.019301125021945698e+00 1.401922078315717357e+00 1.337410443702431451e+00 1.445194185921875096e+00 4.918583135654392535e+00 4.992627230905721802e+00 5.317028585899160831e+00 5.287702231337402914e+00 5.303261277514287109e+00
2.300000000000000000e+01 2.043955272277140356e+00 4.589335161063104351e+00 2.465729977136859485e+00 4.819700870227624279e+00 2.667813737847132050e+00 4.468880363720606042e+00 4.949305135700342362e+00 4.813351061603414749e+00 4.576761235178775422e+00 4.874814367348761834e+00 4.455074136038771115e+00 3.429916152413216235e+00 4.207735048306401993e+00 2.109829472895339730e+00 3.772837167610056053e+00 1.950854746350210167e+00 2.014150024565353636e+00 1.968663247823478901e+00 2.098547139395571026e+00 2.011410171347589593e+00 8.647045984737560254e-01 1.976583002522575239e+00 0.000000000000000000e+00 8.196414136101703996e-01 2.389840725508648234e+00 2.339019011573201468e+00 2.436520216519749482e+00 5.052396315186914677e+00 4.958794362670747802e+00 5.042026074748031661e+00 5.509438901082867268e+00 6.001795653949836939e+00
2.400000000000000000e+01 2.140469852618626323e+00 4.689630425842695516e+00 2.553853564786958241e+00 4.911197761902126757e+00 2.756319985806563455e+00 4.558102468967371479e+00 5.043070182066729856e+00 4.900120713098642611e+00 4.681673300404334270e+00 4.964750306066441965e+00 4.562333826466094422e+00 3.531534671532575498e+00 4.316549599242726742e+00 2.158158219179431736e+00 3.891500180648369334e+00 1.996887957708927797e+00 2.060541159221788821e+00 2.014008420497031882e+00 2.143808341337317014e+00 2.056182197270687073e+00 1.069974936618478534e+00 2.019301125021945698e+00 8.196414136101703996e-01 0.000000000000000000e+00 2.427646258641762422e+00 2.376142324813091733e+00 2.473082481186660964e+00 5.054374554774936357e+00 4.951074096409637804e+00 5.024995746491478954e+00 5.516008606570859563e+00 6.027478871443112673e+00
2.500000000000000000e+01 3.049673308499659896e+00 5.545133601784339561e+00 3.039690893840145236e+00 5.462195935598357366e+00 3.247985006981917167e+00 5.051124415648363453e+00 5.600217096974198228e+00 5.335714917112959199e+00 5.465335557796221266e+00 5.448006364904333765e+00 5.317038323063332683e+00 4.174249705875476835e+00 5.266521607487698375e+00 1.737234905259912310e+00 4.928930663077522922e+00 1.561965747669331606e+00 1.591225901632880024e+00 1.531672547465843692e+00 1.601997488349419463e+00 1.517062353910760386e+00 2.374443167858865777e+00 1.401922078315717357e+00 2.389840725508648234e+00 2.427646258641762422e+00 0.000000000000000000e+00 1.291929808167397553e+00 1.464368001743255654e+00 5.183000405890792806e+00 5.288700245351977358e+00 5.637477621446791431e+00 5.503570152519896119e+00 5.388517917772596810e+00
2.600000000000000000e+01 2.996838891012464146e+00 5.493119662499152511e+00 2.988075084087235211e+00 5.410727599309455016e+00 3.196410472244302525e+00 4.999796293260686753e+00 5.549406694304117593e+00 5.284616679668628692e+00 5.414470571174366142e+00 5.397269445167601987e+00 5.266967486420314870e+00 4.124575850158470836e+00 5.215021969660371681e+00 1.670481679800791319e+00 4.877342877956754030e+00 1.506905024663528714e+00 1.525003840655809739e+00 1.471272126656293366e+00 1.520875238725625245e+00 1.444776194379669754e+00 2.324772366141953484e+00 1.337410443702431451e+00 2.339019011573201468e+00 2.376142324813091733e+00 1.291929808167397553e+00 0.000000000000000000e+00 8.554408050652222428e-01 5.070238790022443709e+00 5.184800711316457367e+00 5.535045517131317538e+00 5.337273398553256776e+00 5.002694384512063941e+00
2.700000000000000000e+01 3.095010790953903523e+00 5.591958096745532458e+00 3.089459190862122284e+00 5.511731386318860615e+00 3.297767164155532171e+00 5.101200673302400901e+00 5.650528154854129070e+00 5.386427062998652815e+00 5.514169090654963412e+00 5.498859335826528749e+00 5.367073223370525170e+00 4.225437260593042588e+00 5.313496165748759381e+00 1.775197231457280367e+00 4.975457826668723271e+00 1.613904867699357482e+00 1.630264920244194116e+00 1.577801128469933367e+00 1.623812085569973362e+00 1.549628978721869998e+00 2.423100761143010651e+00 1.445194185921875096e+00 2.436520216519749482e+00 2.473082481186660964e+00 1.464368001743255654e+00 8.554408050652222428e-01 0.000000000000000000e+00 5.136191713393731817e+00 5.254458297511769516e+00 5.605222162143407516e+00 5.376361844551209579e+00 4.906743005914935729e+00
2.800000000000000000e+01 5.814407198067183202e+00 8.342578153989993694e+00 6.007503483377213627e+00 8.401328223500073022e+00 6.213281319255726132e+00 8.016158383047802261e+00 8.537871446677591791e+00 8.325926408223239150e+00 8.304182056624142660e+00 8.417538710011044145e+00 8.172115559521319739e+00 7.076793069553319881e+00 8.029572763543516345e+00 5.138304333891859699e+00 7.666029115445324393e+00 4.960691298098025115e+00 5.017214677873390372e+00 4.961703962836596205e+00 5.074574760821542796e+00 4.985604438246916459e+00 5.084764431109839222e+00 4.918583135654392535e+00 5.052396315186914677e+00 5.054374554774936357e+00 5.183000405890792806e+00 5.070238790022443709e+00 5.136191713393731817e+00 0.000000000000000000e+00 5.803565900990873772e+00 7.211368411996307515e+00 6.426493868171676560e+00 8.187496119018028651e+00
2.900000000000000000e+01 5.741022567497017448e+00 8.278451297822195798e+00 5.983130613500390993e+00 8.370721359905006764e+00 6.188415116792111093e+00 7.991692940111589039e+00 8.508198816604505055e+00 8.307515495762087809e+00 8.252007390856769931e+00 8.395151141486186575e+00 8.125306501815982685e+00 7.041454766101374219e+00 7.958676645605045508e+00 5.197437341898309526e+00 7.588859520063707009e+00 5.022220325612323677e+00 5.080480105086287779e+00 5.026413572394409002e+00 5.142875426074493106e+00 5.053994173444527505e+00 5.005455323305621818e+00 4.992627230905721802e+00 4.958794362670747802e+00 4.951074096409637804e+00 5.288700245351977358e+00 5.184800711316457367e+00 5.254458297511769516e+00 5.803565900990873772e+00 0.000000000000000000e+00 6.623386991392663958e+00 6.814587887457492776e+00 8.364247482199047568e+00
3.000000000000000000e+01 5.812038880451400047e+00 8.372096402422192440e+00 6.152676384397683051e+00 8.529472005581606453e+00 6.357216699829095319e+00 8.162105827454595897e+00 8.671170301855353202e+00 8.489427660950060073e+00 8.374428522257932883e+00 8.571194065264400308e+00 8.261290369005072520e+00 7.198869261789871743e+00 8.044182001790710856e+00 5.503161402351608444e+00 7.666097891928338015e+00 5.334425267172766993e+00 5.392330773593116078e+00 5.341311257420176872e+00 5.459074052479673256e+00 5.371459799738630636e+00 5.107667107990238264e+00 5.317028585899160831e+00 5.042026074748031661e+00 5.024995746491478954e+00 5.637477621446791431e+00 5.535045517131317538e+00 5.605222162143407516e+00 7.211368411996307515e+00 6.623386991392663958e+00 0.000000000000000000e+00 7.473925318130986817e+00 8.726787562469155546e+00
3.100000000000000000e+01 6.243133662912323523e+00 8.772909480518588765e+00 6.430419919132089213e+00 8.826216953491062611e+00 6.636443417603540063e+00 8.439949257495708679e+00 8.964571174056946035e+00 8.748703982419563374e+00 8.736511754995262891e+00 8.842416803103272827e+00 8.606018287281788304e+00 7.508651231940087989e+00 8.464172225548630024e+00 5.521807005302648896e+00 8.103272301911186304e+00 5.348156917926034204e+00 5.398168865010334549e+00 5.343680238123407200e+00 5.446350384211839035e+00 5.359822673657213876e+00 5.537831333177089199e+00 5.287702231337402914e+00 5.509438901082867268e+00 5.516008606570859563e+00 5.503570152519896119e+00 5.337273398553256776e+00 5.376361844551209579e+00 6.426493868171676560e+00 6.814587887457492776e+00 7.473925318130986817e+00 0.000000000000000000e+00 8.010590077995892955e+00
3.200000000000000000e+01 6.686233642957135181e+00 9.195986476815285471e+00 6.754869469071654642e+00 9.167025641488237397e+00 6.962307295631362969e+00 8.765790178807492339e+00 9.305719850346640953e+00 9.060021609546616617e+00 9.134304898955697638e+00 9.165325892908310124e+00 8.993683787439007205e+00 7.868968603731818057e+00 8.906135181554876823e+00 5.596337952881220268e+00 8.559571475432356635e+00 5.429730514557381760e+00 5.459541328525564730e+00 5.406037628767260905e+00 5.474687423049270585e+00 5.395432400342762058e+00 6.003734206694187669e+00 5.303261277514287109e+00 6.001795653949836939e+00 6.027478871443112673e+00 5.388517917772596810e+00 5.002694384512063941e+00 4.906743005914935729e+00 8.187496119018028651e+00 8.364247482199047568e+00 8.726787562469155546e+00 8.010590077995892955e+00 0.000000000000000000e+00
