0.000000000000000000e+00 1.000000000000000000e+00 2.000000000000000000e+00 3.000000000000000000e+00 4.000000000000000000e+00 5.000000000000000000e+00 6.000000000000000000e+00 7.000000000000000000e+00 8.000000000000000000e+00 9.000000000000000000e+00 1.000000000000000000e+01 1.100000000000000000e+01 1.200000000000000000e+01 1.300000000000000000e+01 1.400000000000000000e+01 1.500000000000000000e+01 1.600000000000000000e+01 1.700000000000000000e+01 1.800000000000000000e+01 1.900000000000000000e+01 2.000000000000000000e+01 2.100000000000000000e+01 2.200000000000000000e+01 2.300000000000000000e+01 2.400000000000000000e+01 2.500000000000000000e+01 2.600000000000000000e+01 2.700000000000000000e+01 2.800000000000000000e+01 2.900000000000000000e+01 3.000000000000000000e+01 3.100000000000000000e+01 3.200000000000000000e+01
1.000000000000000000e+00 0.000000000000000000e+00 3.054729411599498068e+00 2.800686628938162226e+00 3.283933258324889248e+00 3.337300844878383632e+00 3.442828116113142656e+00 3.440814269098429357e+00 3.506779990802609603e+00 3.372045378479312738e+00 3.490858844720163390e+00 3.463364196267817885e+00 3.456345711314813052e+00 3.440141680431271443e+00 4.662495387129851565e+00 3.365101919527676344e+00 3.441082384485079970e+00 3.457591560832183664e+00 3.842237441114013663e+00 3.730754447605146851e+00 3.974315602635735356e+00 4.242118884989583449e+00 3.465083950121236711e+00 4.673601321960378030e+00 4.453690899206283582e+00 4.682746006643776937e+00 4.767094362898979476e+00 4.809301188425304296e+00 4.004471044865725027e+00 3.953517546320338916e+00 3.958259272956263342e+00 4.028125370463349064e+00 3.683844298099924419e+00
2.000000000000000000e+00 3.054729411599498068e+00 0.000000000000000000e+00 2.686540272360605552e+00 3.131170164089557506e+00 3.218069280529466614e+00 3.341184951157101679e+00 3.331854418115702821e+00 3.432430223260708679e+00 3.204386918649444027e+00 3.407597262030005680e+00 3.365582743595940673e+00 3.376431111021795495e+00 3.468058987938479998e+00 4.678273642102215746e+00 3.424580982427176679e+00 3.461317831088358332e+00 3.478347536375165472e+00 3.864345353745729739e+00 3.755764002365580723e+00 3.999434192781299746e+00 4.294020638106838206e+00 3.500491030663038572e+00 4.739701427949590595e+00 4.527182998851087881e+00 4.745996638195988382e+00 4.838737876251802739e+00 4.885437961153091813e+00 4.098972983729106012e+00 4.051673329149669378e+00 4.068172238215739256e+00 4.128624584891370297e+00 3.783307290467458284e+00
3.000000000000000000e+00 2.800686628938162226e+00 2.686540272360605552e+00 0.000000000000000000e+00 1.726505037020890310e+00 1.293095741616189454e+00 1.717861676131761328e+00 1.911213946862416968e+00 2.000963774023299280e+00 2.263576535592643602e+00 1.982393991117563203e+00 2.315984952367506455e+00 2.221465396538303771e+00 2.790007094188631687e+00 3.628287886960185560e+00 2.683957443364742623e+00 2.425807508533625700e+00 2.443028109532045189e+00 2.833473293081269162e+00 2.731291170138271163e+00 2.975664313369009495e+00 3.433412124285895928e+00 2.504268760006830519e+00 3.892256517243279035e+00 3.680745235167779406e+00 3.817204370134508196e+00 3.927572650353551076e+00 3.983605096421221070e+00 3.250964300398211826e+00 3.214861450384421282e+00 3.256841621108036211e+00 3.288404548735941013e+00 2.932546883244661284e+00
4.000000000000000000e+00 3.283933258324889248e+00 3.131170164089557506e+00 1.726505037020890310e+00 0.000000000000000000e+00 2.179733011027502609e+00 2.480362233973711028e+00 2.476182087593193692e+00 2.735260580796250451e+00 2.623909368653529306e+00 2.671810718952878361e+00 2.782835050754750572e+00 2.752113657814474479e+00 3.281397521898806513e+00 4.234548064281426605e+00 3.195427851795296093e+00 3.027077787037331547e+00 3.044660927585681076e+00 3.433579705804525872e+00 3.330060449471859307e+00 3.574102376483150767e+00 3.976214188087363155e+00 3.094995258602782684e+00 4.436067136747261941e+00 4.226839362736293459e+00 4.391285486728575549e+00 4.497854448839130548e+00 4.551865437980253226e+00 3.804997204062215310e+00 3.766031948225891490e+00 3.802737072827403697e+00 3.841549033244310074e+00 3.489216819362563005e+00
5.000000000000000000e+00 3.337300844878383632e+00 3.218069280529466614e+00 1.293095741616189454e+00 2.179733011027502609e+00 0.000000000000000000e+00 2.137263460975319163e+00 2.311181668537638068e+00 2.542630495978826843e+00 2.742249709000833313e+00 2.475493941464472769e+00 2.795074476790539553e+00 2.702310298704527547e+00 3.303286263350460050e+00 4.163996152946515039e+00 3.199781585451445309e+00 2.959965556672781162e+00 2.977446499885946007e+00 3.367426724152628559e+00 3.265133603680117957e+00 3.509375006586879397e+00 3.953016255743865059e+00 3.036232442300633494e+00 4.413306264734103479e+00 4.202880052976827763e+00 4.346282568248785338e+00 4.456198468181628236e+00 4.511981408836123641e+00 3.776646460629430102e+00 3.740052609892592805e+00 3.781506980533191342e+00 3.814265365983289691e+00 3.459279308774228401e+00
6.000000000000000000e+00 3.442828116113142656e+00 3.341184951157101679e+00 1.717861676131761328e+00 2.480362233973711028e+00 2.137263460975319163e+00 0.000000000000000000e+00 2.119828881450301239e+00 2.377808703251565348e+00 2.823132106329338420e+00 2.176236612895909417e+00 2.792002677595847526e+00 2.636868232140503032e+00 3.343398690192589395e+00 4.151230016223362185e+00 3.227405572653696098e+00 2.947888084476600667e+00 2.965717627837452408e+00 3.355938647291605292e+00 3.254655691061996592e+00 3.498866078508496624e+00 3.960163555178867867e+00 3.028563378680496854e+00 4.422954525649062774e+00 4.212986514711857033e+00 4.347087683984002027e+00 4.459463433788251940e+00 4.516530633647632520e+00 3.787911061781213284e+00 3.752802735772075238e+00 3.797923040714133780e+00 3.826803846978071633e+00 3.470652646068046021e+00
7.000000000000000000e+00 3.440814269098429357e+00 3.331854418115702821e+00 1.911213946862416968e+00 2.476182087593193692e+00 2.311181668537638068e+00 2.119828881450301239e+00 0.000000000000000000e+00 2.551395784056408544e+00 2.705770441066760235e+00 2.310094830683704359e+00 2.641586919403295486e+00 2.482465983928908493e+00 3.295776554306106387e+00 4.168849830639519638e+00 3.186935329006606921e+00 2.961504242575974999e+00 2.979917167635960151e+00 3.368920978701217983e+00 3.267158405113356423e+00 3.511043992034888372e+00 3.932064937731770016e+00 3.035786314284074194e+00 4.398510676604479031e+00 4.191432888392477629e+00 4.345457838724540167e+00 4.456268938773129129e+00 4.512486164030574010e+00 3.775749497753133177e+00 3.739121326877418383e+00 3.782324772617985165e+00 3.814933418057055547e+00 3.461260557248248215e+00
8.000000000000000000e+00 3.506779990802609603e+00 3.432430223260708679e+00 2.000963774023299280e+00 2.735260580796250451e+00 2.542630495978826843e+00 2.377808703251565348e+00 2.551395784056408544e+00 0.000000000000000000e+00 2.977069793523976493e+00 2.120612206320108939e+00 2.896987646495724267e+00 2.701694259174717949e+00 3.379763903279863424e+00 4.038623621285463372e+00 3.240720013045344849e+00 2.841447386715210577e+00 2.858934504683384059e+00 3.251083259447051788e+00 3.151702676895089539e+00 3.396307367643260466e+00 3.933591467346236215e+00 2.936167092925672684e+00 4.394419947194807108e+00 4.181116924935479595e+00 4.276983519869265393e+00 4.394463086874799806e+00 4.454240707079192951e+00 3.744755028567526622e+00 3.713495049141386950e+00 3.765629129031601519e+00 3.784799276181168182e+00 3.423891192736804090e+00
9.000000000000000000e+00 3.372045378479312738e+00 3.204386918649444027e+00 2.263576535592643602e+00 2.623909368653529306e+00 2.742249709000833313e+00 2.823132106329338420e+00 2.705770441066760235e+00 2.977069793523976493e+00 0.000000000000000000e+00 2.886514839055681847e+00 2.495799794293099172e+00 2.688214088985879435e+00 3.167441073035051513e+00 4.314589682128968207e+00 3.122233286867142965e+00 3.099400865560261842e+00 3.117880466098719605e+00 3.504443602053938456e+00 3.399543233341278281e+00 3.643000756292001707e+00 3.953067733322271238e+00 3.153366972571729931e+00 4.420377110543912025e+00 4.217958470187018527e+00 4.429115072236198714e+00 4.531713278511110055e+00 4.583611101844529578e+00 3.817559979123297254e+00 3.774785959680822423e+00 3.806206347794585998e+00 3.854519075834552666e+00 3.508022580850052474e+00
1.000000000000000000e+01 3.490858844720163390e+00 3.407597262030005680e+00 1.982393991117563203e+00 2.671810718952878361e+00 2.475493941464472769e+00 2.176236612895909417e+00 2.310094830683704359e+00 2.120612206320108939e+00 2.886514839055681847e+00 0.000000000000000000e+00 2.778315862986235896e+00 2.547160526813416759e+00 3.335404281293542272e+00 4.076166804000902033e+00 3.203700162520911832e+00 2.873405842804141130e+00 2.891705820596464083e+00 3.282153574267424823e+00 3.182094732353451860e+00 3.426247780684696931e+00 3.910814035554004420e+00 2.959174892528751322e+00 4.375752352033789094e+00 4.165818982640863588e+00 4.287586649065699973e+00 4.402811134072277532e+00 4.461359126736952341e+00 3.740788140105573589e+00 3.707471399504729703e+00 3.756818310666191874e+00 3.781044708168352919e+00 3.423380670753580102e+00
1.100000000000000000e+01 3.463364196267817885e+00 3.365582743595940673e+00 2.315984952367506455e+00 2.782835050754750572e+00 2.795074476790539553e+00 2.792002677595847526e+00 2.641586919403295486e+00 2.896987646495724267e+00 2.495799794293099172e+00 2.778315862986235896e+00 0.000000000000000000e+00 2.267463032187605698e+00 3.113806665534105900e+00 4.199750721665305164e+00 3.031696946465491038e+00 2.982626550765703932e+00 3.002257098530918267e+00 3.388249507839572239e+00 3.284880169610135070e+00 3.528002715113892851e+00 3.826861450053108626e+00 3.039614968007009921e+00 4.306236574310357668e+00 4.109212280288564223e+00 4.324496126096926574e+00 4.430831810124346681e+00 4.484658379069254686e+00 3.724334105728586586e+00 3.683133462021436877e+00 3.720788269870480836e+00 3.764613660346200597e+00 3.418407800680026920e+00
1.200000000000000000e+01 3.456345711314813052e+00 3.376431111021795495e+00 2.221465396538303771e+00 2.752113657814474479e+00 2.702310298704527547e+00 2.636868232140503032e+00 2.482465983928908493e+00 2.701694259174717949e+00 2.688214088985879435e+00 2.547160526813416759e+00 2.267463032187605698e+00 0.000000000000000000e+00 3.148635021614917040e+00 4.063821261105776017e+00 3.024827046194745073e+00 2.849238943885000097e+00 2.869366565660798951e+00 3.256182949892725276e+00 3.154888546622013124e+00 3.398053177282103210e+00 3.757022789565706233e+00 2.916601105180329334e+00 4.236492126365183353e+00 4.036816296880219035e+00 4.220436185896030423e+00 4.331763846961545816e+00 4.388180102588273179e+00 3.644370395256673945e+00 3.606813425928846684e+00 3.651852250910334607e+00 3.686291619865882829e+00 3.336190798433901872e+00
1.300000000000000000e+01 3.440141680431271443e+00 3.468058987938479998e+00 2.790007094188631687e+00 3.281397521898806513e+00 3.303286263350460050e+00 3.343398690192589395e+00 3.295776554306106387e+00 3.379763903279863424e+00 3.167441073035051513e+00 3.335404281293542272e+00 3.113806665534105900e+00 3.148635021614917040e+00 0.000000000000000000e+00 4.359353219369378252e+00 2.414654788288699727e+00 3.126442855218103389e+00 3.144957621928939684e+00 3.526021475134259120e+00 3.413857899425511988e+00 3.656355351393296704e+00 3.648484054533978949e+00 3.133844659782990760e+00 4.127932127215027336e+00 3.948741753510963015e+00 4.331255060025583248e+00 4.415784690249041411e+00 4.458346330503021981e+00 3.617873192551971151e+00 3.558663662794940841e+00 3.562669865712824180e+00 3.653299602457862783e+00 3.328625883124539886e+00
1.400000000000000000e+01 4.662495387129851565e+00 4.678273642102215746e+00 3.628287886960185560e+00 4.234548064281426605e+00 4.163996152946515039e+00 4.151230016223362185e+00 4.168849830639519638e+00 4.038623621285463372e+00 4.314589682128968207e+00 4.076166804000902033e+00 4.199750721665305164e+00 4.063821261105776017e+00 4.359353219369378252e+00 0.000000000000000000e+00 4.116268735148175040e+00 2.160539357279808392e+00 1.911858151241748960e+00 2.530830144482881572e+00 2.235657325617123270e+00 2.573139171229350541e+00 4.629908386290331634e+00 2.502035988201164685e+00 5.033015828906902911e+00 4.767797200132323887e+00 4.238724773352801733e+00 4.399850159653849069e+00 4.488462057302959884e+00 4.095544736413690323e+00 4.111531977016261941e+00 4.221798939853156796e+00 4.122707125831042596e+00 3.669405968393071316e+00
1.500000000000000000e+01 3.365101919527676344e+00 3.424580982427176679e+00 2.683957443364742623e+00 3.195427851795296093e+00 3.199781585451445309e+00 3.227405572653696098e+00 3.186935329006606921e+00 3.240720013045344849e+00 3.122233286867142965e+00 3.203700162520911832e+00 3.031696946465491038e+00 3.024827046194745073e+00 2.414654788288699727e+00 4.116268735148175040e+00 0.000000000000000000e+00 2.877543830315313578e+00 2.896518976002642187e+00 3.275741168729284780e+00 3.162113159131514806e+00 3.404174288523308167e+00 3.198107336929732369e+00 2.872539836055377549e+00 3.708874318522488167e+00 3.560655046952537539e+00 4.051216454348653073e+00 4.133506713170548075e+00 4.175073063558731867e+00 3.308228256048489690e+00 3.242851531316733649e+00 3.243788820086358715e+00 3.349393069496334085e+00 3.036772349257358616e+00
1.600000000000000000e+01 3.441082384485079970e+00 3.461317831088358332e+00 2.425807508533625700e+00 3.027077787037331547e+00 2.959965556672781162e+00 2.947888084476600667e+00 2.961504242575974999e+00 2.841447386715210577e+00 3.099400865560261842e+00 2.873405842804141130e+00 2.982626550765703932e+00 2.849238943885000097e+00 3.126442855218103389e+00 2.160539357279808392e+00 2.877543830315313578e+00 0.000000000000000000e+00 7.491333191968716498e-01 9.673915483981243568e-01 1.180032693359057028e+00 1.382135159948348235e+00 3.380580586050938585e+00 1.186540011426564512e+00 3.779757177229045695e+00 3.511042960994769757e+00 2.950775218158538493e+00 3.120358360314140711e+00 3.212084733288219418e+00 2.825339295552483421e+00 2.844034355626130939e+00 2.958175341959397908e+00 2.853089809308873015e+00 2.398021803788294104e+00
1.700000000000000000e+01 3.457591560832183664e+00 3.478347536375165472e+00 2.443028109532045189e+00 3.044660927585681076e+00 2.977446499885946007e+00 2.965717627837452408e+00 2.979917167635960151e+00 2.858934504683384059e+00 3.117880466098719605e+00 2.891705820596464083e+00 3.002257098530918267e+00 2.869366565660798951e+00 3.144957621928939684e+00 1.911858151241748960e+00 2.896518976002642187e+00 7.491333191968716498e-01 0.000000000000000000e+00 1.093449587713767102e+00 9.101329174241916675e-01 1.157602058843380188e+00 3.402889878926135481e+00 1.156749125420147628e+00 3.800694590137027262e+00 3.531031748826946703e+00 2.941616621485307448e+00 3.107111886291829883e+00 3.198569957556139265e+00 2.835684763536852948e+00 2.855855823178749198e+00 2.970393291915654377e+00 2.860883502365196840e+00 2.398484838404827624e+00
1.800000000000000000e+01 3.842237441114013663e+00 3.864345353745729739e+00 2.833473293081269162e+00 3.433579705804525872e+00 3.367426724152628559e+00 3.355938647291605292e+00 3.368920978701217983e+00 3.251083259447051788e+00 3.504443602053938456e+00 3.282153574267424823e+00 3.388249507839572239e+00 3.256182949892725276e+00 3.526021475134259120e+00 2.530830144482881572e+00 3.275741168729284780e+00 9.673915483981243568e-01 1.093449587713767102e+00 0.000000000000000000e+00 1.497719787877112019e+00 1.655837995764170234e+00 3.778567569950606497e+00 1.500355028673146407e+00 4.175124041556820487e+00 3.904336577249227780e+00 3.306750530527510890e+00 3.477328379657675050e+00 3.570468167410289162e+00 3.205252092749014459e+00 3.226214259121729988e+00 3.342062216568854272e+00 3.231056740561959018e+00 2.769347373852360850e+00
1.900000000000000000e+01 3.730754447605146851e+00 3.755764002365580723e+00 2.731291170138271163e+00 3.330060449471859307e+00 3.265133603680117957e+00 3.254655691061996592e+00 3.267158405113356423e+00 3.151702676895089539e+00 3.399543233341278281e+00 3.182094732353451860e+00 3.284880169610135070e+00 3.154888546622013124e+00 3.413857899425511988e+00 2.235657325617123270e+00 3.162113159131514806e+00 1.180032693359057028e+00 9.101329174241916675e-01 1.497719787877112019e+00 0.000000000000000000e+00 1.282978130484581758e+00 3.667299544707023351e+00 1.302492039557467507e+00 4.059556248387130140e+00 3.785497009747831321e+00 3.119010308185594660e+00 3.280272874325352639e+00 3.372403543541557802e+00 3.061695775854972545e+00 3.086660314819130946e+00 3.204730561674997258e+00 3.082295804364220793e+00 2.604022555751769996e+00
2.000000000000000000e+01 3.974315602635735356e+00 3.999434192781299746e+00 2.975664313369009495e+00 3.574102376483150767e+00 3.509375006586879397e+00 3.498866078508496624e+00 3.511043992034888372e+00 3.396307367643260466e+00 3.643000756292001707e+00 3.426247780684696931e+00 3.528002715113892851e+00 3.398053177282103210e+00 3.656355351393296704e+00 2.573139171229350541e+00 3.404174288523308167e+00 1.382135159948348235e+00 1.157602058843380188e+00 1.655837995764170234e+00 1.282978130484581758e+00 0.000000000000000000e+00 3.907943337301720277e+00 1.504369979658626733e+00 4.300214888702857507e+00 4.026101097000007734e+00 3.361918838047568414e+00 3.529440665304043101e+00 3.623704488536145796e+00 3.303610703152119576e+00 3.328459371469922878e+00 3.446826948957295134e+00 3.325167363530366238e+00 2.849653346009135557e+00
2.100000000000000000e+01 4.242118884989583449e+00 4.294020638106838206e+00 3.433412124285895928e+00 3.976214188087363155e+00 3.953016255743865059e+00 3.960163555178867867e+00 3.932064937731770016e+00 3.933591467346236215e+00 3.953067733322271238e+00 3.910814035554004420e+00 3.826861450053108626e+00 3.757022789565706233e+00 3.648484054533978949e+00 4.629908386290331634e+00 3.198107336929732369e+00 3.380580586050938585e+00 3.402889878926135481e+00 3.778567569950606497e+00 3.667299544707023351e+00 3.907943337301720277e+00 0.000000000000000000e+00 3.369063052310623974e+00 3.522593666771793863e+00 3.668422847711029000e+00 4.553628357138824967e+00 4.648542864139533215e+00 4.696846447071750141e+00 3.809582687918967814e+00 3.743618756337936837e+00 3.784388252358944715e+00 3.878557426875812730e+00 3.584967240934412214e+00
2.200000000000000000e+01 3.465083950121236711e+00 3.500491030663038572e+00 2.504268760006830519e+00 3.094995258602782684e+00 3.036232442300633494e+00 3.028563378680496854e+00 3.035786314284074194e+00 2.936167092925672684e+00 3.153366972571729931e+00 2.959174892528751322e+00 3.039614968007009921e+00 2.916601105180329334e+00 3.133844659782990760e+00 2.502035988201164685e+00 2.872539836055377549e+00 1.186540011426564512e+00 1.156749125420147628e+00 1.500355028673146407e+00 1.302492039557467507e+00 1.504369979658626733e+00 3.369063052310623974e+00 0.000000000000000000e+00 3.748223176730117956e+00 3.463489618257550973e+00 2.617535121240988971e+00 2.805986106876297903e+00 2.912869512951981932e+00 2.677769331493992766e+00 2.713708588266499078e+00 2.841640924030221615e+00 2.692084935057161843e+00 2.190102950006987736e+00
2.300000000000000000e+01 4.673601321960378030e+00 4.739701427949590595e+00 3.892256517243279035e+00 4.436067136747261941e+00 4.413306264734103479e+00 4.422954525649062774e+00 4.398510676604479031e+00 4.394419947194807108e+00 4.420377110543912025e+00 4.375752352033789094e+00 4.306236574310357668e+00 4.236492126365183353e+00 4.127932127215027336e+00 5.033015828906902911e+00 3.708874318522488167e+00 3.779757177229045695e+00 3.800694590137027262e+00 4.175124041556820487e+00 4.059556248387130140e+00 4.300214888702857507e+00 3.522593666771793863e+00 3.748223176730117956e+00 0.000000000000000000e+00 3.309590862698983393e+00 4.893538296117826647e+00 4.981241225846047449e+00 5.026397978715759329e+00 4.079502499245452718e+00 3.997836362221909745e+00 4.037802868442337711e+00 4.161410432542898441e+00 3.892741664020890280e+00
2.400000000000000000e+01 4.453690899206283582e+00 4.527182998851087881e+00 3.680745235167779406e+00 4.226839362736293459e+00 4.202880052976827763e+00 4.212986514711857033e+00 4.191432888392477629e+00 4.181116924935479595e+00 4.217958470187018527e+00 4.165818982640863588e+00 4.109212280288564223e+00 4.036816296880219035e+00 3.948741753510963015e+00 4.767797200132323887e+00 3.560655046952537539e+00 3.511042960994769757e+00 3.531031748826946703e+00 3.904336577249227780e+00 3.785497009747831321e+00 4.026101097000007734e+00 3.668422847711029000e+00 3.463489618257550973e+00 3.309590862698983393e+00 0.000000000000000000e+00 4.578069540058356424e+00 4.661384352168483680e+00 4.704843851161098378e+00 3.704820195758614432e+00 3.609323119378119671e+00 3.657110987134271074e+00 3.802183160107008852e+00 3.556963144220843365e+00
2.500000000000000000e+01 4.682746006643776937e+00 4.745996638195988382e+00 3.817204370134508196e+00 4.391285486728575549e+00 4.346282568248785338e+00 4.347087683984002027e+00 4.345457838724540167e+00 4.276983519869265393e+00 4.429115072236198714e+00 4.287586649065699973e+00 4.324496126096926574e+00 4.220436185896030423e+00 4.331255060025583248e+00 4.238724773352801733e+00 4.051216454348653073e+00 2.950775218158538493e+00 2.941616621485307448e+00 3.306750530527510890e+00 3.119010308185594660e+00 3.361918838047568414e+00 4.553628357138824967e+00 2.617535121240988971e+00 4.893538296117826647e+00 4.578069540058356424e+00 0.000000000000000000e+00 3.378999225357543601e+00 3.631683043441969794e+00 3.557920244874723359e+00 3.637296069648605190e+00 3.795213436744201640e+00 3.534581686917861454e+00 2.946844814310563887e+00
2.600000000000000000e+01 4.767094362898979476e+00 4.838737876251802739e+00 3.927572650353551076e+00 4.497854448839130548e+00 4.456198468181628236e+00 4.459463433788251940e+00 4.456268938773129129e+00 4.394463086874799806e+00 4.531713278511110055e+00 4.402811134072277532e+00 4.430831810124346681e+00 4.331763846961545816e+00 4.415784690249041411e+00 4.399850159653849069e+00 4.133506713170548075e+00 3.120358360314140711e+00 3.107111886291829883e+00 3.477328379657675050e+00 3.280272874325352639e+00 3.529440665304043101e+00 4.648542864139533215e+00 2.805986106876297903e+00 4.981241225846047449e+00 4.661384352168483680e+00 3.378999225357543601e+00 0.000000000000000000e+00 3.032632524166527510e+00 3.593038236492562376e+00 3.674831299789071970e+00 3.824847776836046709e+00 3.529436536332731578e+00 2.799310100229942311e+00
2.700000000000000000e+01 4.809301188425304296e+00 4.885437961153091813e+00 3.983605096421221070e+00 4.551865437980253226e+00 4.511981408836123641e+00 4.516530633647632520e+00 4.512486164030574010e+00 4.454240707079192951e+00 4.583611101844529578e+00 4.461359126736952341e+00 4.484658379069254686e+00 4.388180102588273179e+00 4.458346330503021981e+00 4.488462057302959884e+00 4.175073063558731867e+00 3.212084733288219418e+00 3.198569957556139265e+00 3.570468167410289162e+00 3.372403543541557802e+00 3.623704488536145796e+00 4.696846447071750141e+00 2.912869512951981932e+00 5.026397978715759329e+00 4.704843851161098378e+00 3.631683043441969794e+00 3.032632524166527510e+00 0.000000000000000000e+00 3.623251087911575574e+00 3.702290030333281301e+00 3.844636043738404840e+00 3.542119688595228411e+00 2.712943311720034334e+00
2.800000000000000000e+01 4.004471044865725027e+00 4.098972983729106012e+00 3.250964300398211826e+00 3.804997204062215310e+00 3.776646460629430102e+00 3.787911061781213284e+00 3.775749497753133177e+00 3.744755028567526622e+00 3.817559979123297254e+00 3.740788140105573589e+00 3.724334105728586586e+00 3.644370395256673945e+00 3.617873192551971151e+00 4.095544736413690323e+00 3.308228256048489690e+00 2.825339295552483421e+00 2.835684763536852948e+00 3.205252092749014459e+00 3.061695775854972545e+00 3.303610703152119576e+00 3.809582687918967814e+00 2.677769331493992766e+00 4.079502499245452718e+00 3.704820195758614432e+00 3.557920244874723359e+00 3.593038236492562376e+00 3.623251087911575574e+00 0.000000000000000000e+00 2.097777604302213383e+00 2.593503385922200533e+00 2.241739126249266967e+00 2.360505130381977512e+00
2.900000000000000000e+01 3.953517546320338916e+00 4.051673329149669378e+00 3.214861450384421282e+00 3.766031948225891490e+00 3.740052609892592805e+00 3.752802735772075238e+00 3.739121326877418383e+00 3.713495049141386950e+00 3.774785959680822423e+00 3.707471399504729703e+00 3.683133462021436877e+00 3.606813425928846684e+00 3.558663662794940841e+00 4.111531977016261941e+00 3.242851531316733649e+00 2.844034355626130939e+00 2.855855823178749198e+00 3.226214259121729988e+00 3.086660314819130946e+00 3.328459371469922878e+00 3.743618756337936837e+00 2.713708588266499078e+00 3.997836362221909745e+00 3.609323119378119671e+00 3.637296069648605190e+00 3.674831299789071970e+00 3.702290030333281301e+00 2.097777604302213383e+00 0.000000000000000000e+00 2.366123420069480066e+00 2.401817218548219834e+00 2.439351611883255888e+00
3.000000000000000000e+01 3.958259272956263342e+00 4.068172238215739256e+00 3.256841621108036211e+00 3.802737072827403697e+00 3.781506980533191342e+00 3.797923040714133780e+00 3.782324772617985165e+00 3.765629129031601519e+00 3.806206347794585998e+00 3.756818310666191874e+00 3.720788269870480836e+00 3.651852250910334607e+00 3.562669865712824180e+00 4.221798939853156796e+00 3.243788820086358715e+00 2.958175341959397908e+00 2.970393291915654377e+00 3.342062216568854272e+00 3.204730561674997258e+00 3.446826948957295134e+00 3.784388252358944715e+00 2.841640924030221615e+00 4.037802868442337711e+00 3.657110987134271074e+00 3.795213436744201640e+00 3.824847776836046709e+00 3.844636043738404840e+00 2.593503385922200533e+00 2.366123420069480066e+00 0.000000000000000000e+00 2.644709389298927071e+00 2.559654204874223016e+00
3.100000000000000000e+01 4.028125370463349064e+00 4.128624584891370297e+00 3.288404548735941013e+00 3.841549033244310074e+00 3.814265365983289691e+00 3.826803846978071633e+00 3.814933418057055547e+00 3.784799276181168182e+00 3.854519075834552666e+00 3.781044708168352919e+00 3.764613660346200597e+00 3.686291619865882829e+00 3.653299602457862783e+00 4.122707125831042596e+00 3.349393069496334085e+00 2.853089809308873015e+00 2.860883502365196840e+00 3.231056740561959018e+00 3.082295804364220793e+00 3.325167363530366238e+00 3.878557426875812730e+00 2.692084935057161843e+00 4.161410432542898441e+00 3.802183160107008852e+00 3.534581686917861454e+00 3.529436536332731578e+00 3.542119688595228411e+00 2.241739126249266967e+00 2.401817218548219834e+00 2.644709389298927071e+00 0.000000000000000000e+00 2.185660930783884570e+00
3.200000000000000000e+01 3.683844298099924419e+00 3.783307290467458284e+00 2.932546883244661284e+00 3.489216819362563005e+00 3.459279308774228401e+00 3.470652646068046021e+00 3.461260557248248215e+00 3.423891192736804090e+00 3.508022580850052474e+00 3.423380670753580102e+00 3.418407800680026920e+00 3.336190798433901872e+00 3.328625883124539886e+00 3.669405968393071316e+00 3.036772349257358616e+00 2.398021803788294104e+00 2.398484838404827624e+00 2.769347373852360850e+00 2.604022555751769996e+00 2.849653346009135557e+00 3.584967240934412214e+00 2.190102950006987736e+00 3.892741664020890280e+00 3.556963144220843365e+00 2.946844814310563887e+00 2.799310100229942311e+00 2.712943311720034334e+00 2.360505130381977512e+00 2.439351611883255888e+00 2.559654204874223016e+00 2.185660930783884570e+00 0.000000000000000000e+00
