0.000000000000000000e+00 1.000000000000000000e+00 2.000000000000000000e+00 3.000000000000000000e+00 4.000000000000000000e+00 5.000000000000000000e+00 6.000000000000000000e+00 7.000000000000000000e+00 8.000000000000000000e+00 9.000000000000000000e+00 1.000000000000000000e+01 1.100000000000000000e+01 1.200000000000000000e+01 1.300000000000000000e+01 1.400000000000000000e+01 1.500000000000000000e+01 1.600000000000000000e+01 1.700000000000000000e+01 1.800000000000000000e+01 1.900000000000000000e+01 2.000000000000000000e+01 2.100000000000000000e+01 2.200000000000000000e+01 2.300000000000000000e+01 2.400000000000000000e+01 2.500000000000000000e+01 2.600000000000000000e+01 2.700000000000000000e+01 2.800000000000000000e+01 2.900000000000000000e+01 3.000000000000000000e+01 3.100000000000000000e+01 3.200000000000000000e+01
1.000000000000000000e+00 0.000000000000000000e+00 8.682453244666901160e-01 9.795207308834449345e-01 9.612108952765825443e-01 9.763889470697202366e-01 9.862745109076272998e-01 9.798590160156336326e-01 1.006084649444753509e+00 9.496820757509950583e-01 9.964061679674888206e-01 9.713935033928190466e-01 9.851122098303145558e-01 9.657169075524230095e-01 1.193764425830451170e+00 9.974280635941761286e-01 1.132236221635533280e+00 1.159348939060242500e+00 1.143419539396817397e+00 1.199111458827276433e+00 1.163380011550610549e+00 1.030130465977016740e+00 1.151193672119773970e+00 1.040949936220862293e+00 1.050410692965864090e+00 1.153654235982729537e+00 1.181133958104991333e+00 1.201856884046254237e+00 1.118012748243484289e+00 1.110840883045526750e+00 1.106340621441647354e+00 1.135664376347998106e+00 1.200980940113513196e+00
2.000000000000000000e+00 8.682453244666901160e-01 0.000000000000000000e+00 8.360478898058628650e-01 8.064486556232426384e-01 8.306534810476544628e-01 8.446076912152199467e-01 8.351085701064756561e-01 8.715080188249160198e-01 7.861249903640755710e-01 8.587444534535421115e-01 8.256245225835375789e-01 8.451093843637095260e-01 8.404931740299632636e-01 1.079935143411260068e+00 8.862298952010143616e-01 1.019405475488554647e+00 1.046697820371782939e+00 1.031345315803740670e+00 1.087685366389173680e+00 1.052075432351601725e+00 9.210581126322476830e-01 1.041418247189919599e+00 9.349378234248510999e-01 9.456946276316882116e-01 1.049304758344834498e+00 1.078133912386908921e+00 1.099793126535473675e+00 1.018658622840741046e+00 1.012420328314603379e+00 1.010632564280088630e+00 1.038006302291763161e+00 1.103103627792517472e+00
3.000000000000000000e+00 9.795207308834449345e-01 8.360478898058628650e-01 0.000000000000000000e+00 5.995064578450430837e-01 4.613910581625015883e-01 5.761200334911137366e-01 6.281523629086552818e-01 6.628862396401324908e-01 7.325298359903179568e-01 6.519095254740968626e-01 7.397342557229452664e-01 7.251304395292427207e-01 8.437202281426305905e-01 9.903808836719973918e-01 8.726648612025023066e-01 9.359027581457883826e-01 9.625568254674545798e-01 9.501330794918201317e-01 1.007460604262169213e+00 9.729685175700255595e-01 8.851057080688624623e-01 9.683358770348269307e-01 9.006066385577777833e-01 9.101152389780438057e-01 9.937131521862803130e-01 1.025337232289830869e+00 1.049125550228732440e+00 9.799985391210759289e-01 9.769746834205543795e-01 9.820070178032458408e-01 1.001730647065490976e+00 1.063233349642913161e+00
4.000000000000000000e+00 9.612108952765825443e-01 8.064486556232426384e-01 5.995064578450430837e-01 0.000000000000000000e+00 5.682951015083796964e-01 6.411705065121552360e-01 6.349490656730550908e-01 7.155315513486810719e-01 6.840887961683411733e-01 6.929508356546066894e-01 7.175775240673266664e-01 7.192679697769731595e-01 8.260329389501053221e-01 1.003400133156072460e+00 8.617413557012152392e-01 9.467794098751576293e-01 9.738475314582339948e-01 9.604600860209233648e-01 1.017750438241686428e+00 9.828294944406008593e-01 8.803611667193282919e-01 9.764440349932967944e-01 8.964428289053552046e-01 9.067486851234125567e-01 9.973111176157571922e-01 1.028412770082439476e+00 1.051759546804380996e+00 9.793131168721589397e-01 9.755100031692605089e-01 9.791260839199802390e-01 1.000759756244039567e+00 1.063410213632077106e+00
5.000000000000000000e+00 9.763889470697202366e-01 8.306534810476544628e-01 4.613910581625015883e-01 5.682951015083796964e-01 0.000000000000000000e+00 5.467290932388092495e-01 5.901951563437671799e-01 6.627405036125735283e-01 7.138623062337418057e-01 6.390979732550520209e-01 7.214210027053787888e-01 7.071680971349479927e-01 8.335575886291837211e-01 9.878447078093861577e-01 8.637975662619443717e-01 9.325203702973148268e-01 9.594194174493244631e-01 9.466541775830144001e-01 1.004101003227753086e+00 9.694287095880136373e-01 8.772521986905519320e-01 9.642839412821400114e-01 8.931532288207331138e-01 9.029483412333192405e-01 9.886093723587914273e-01 1.020190587661332859e+00 1.043917184208033699e+00 9.739650319482198171e-01 9.707908462502585767e-01 9.756323346882567193e-01 9.957433768752077530e-01 1.057574985473598073e+00
6.000000000000000000e+00 9.862745109076272998e-01 8.446076912152199467e-01 5.761200334911137366e-01 6.411705065121552360e-01 5.467290932388092495e-01 0.000000000000000000e+00 5.318623738300841675e-01 6.005310599181161724e-01 7.206420072366231944e-01 5.467418044250175191e-01 7.078193906560356075e-01 6.774440434892964324e-01 8.282047479742642437e-01 9.697265240323034163e-01 8.547310756655366326e-01 9.144842913415707208e-01 9.415670484523048778e-01 9.289381625314743207e-01 9.867142449319059594e-01 9.520334312174545399e-01 8.644119506223184590e-01 9.474045858160706768e-01 8.805781445352474091e-01 8.902094669027009743e-01 9.736901378088005377e-01 1.005675443520074097e+00 1.029685600086451824e+00 9.610784731242647538e-01 9.583177954009556299e-01 9.640857128674262810e-01 9.832243887409297667e-01 1.044682797387832984e+00
7.000000000000000000e+00 9.798590160156336326e-01 8.351085701064756561e-01 6.281523629086552818e-01 6.349490656730550908e-01 5.901951563437671799e-01 5.318623738300841675e-01 0.000000000000000000e+00 6.463287563363548927e-01 6.866972882155922830e-01 5.810304389799524349e-01 6.661815359966841710e-01 6.338236386873753458e-01 8.097661903731772082e-01 9.706341150791732986e-01 8.395792731478375348e-01 9.136036023749531942e-01 9.411463885051882805e-01 9.277600266018228847e-01 9.856933961204674688e-01 9.506363299209128481e-01 8.522020484043530963e-01 9.447813383566254775e-01 8.693028868320322733e-01 8.796508387341557267e-01 9.683255633155647413e-01 1.000134410342048863e+00 1.023951091465738372e+00 9.532167802863846795e-01 9.500349669080339066e-01 9.551988796307546714e-01 9.754038034255196887e-01 1.037682016557821996e+00
8.000000000000000000e+00 1.006084649444753509e+00 8.715080188249160198e-01 6.628862396401324908e-01 7.155315513486810719e-01 6.627405036125735283e-01 6.005310599181161724e-01 6.463287563363548927e-01 0.000000000000000000e+00 7.629932945887450968e-01 5.333533761464192002e-01 7.387287600741493376e-01 6.994789736770820054e-01 8.423693947135562077e-01 9.449479628337726922e-01 8.608973855797736885e-01 8.919439263013582142e-01 9.187203780711730161e-01 9.071836432028266284e-01 9.652071502884616017e-01 9.309664774859911507e-01 8.626024969093855077e-01 9.284974395301814898e-01 8.778820654641763532e-01 8.864061869292596541e-01 9.606338929891189427e-01 9.933343552181375102e-01 1.017933676557165157e+00 9.536516399952739143e-01 9.519241210708415668e-01 9.595728418117670522e-01 9.761881819857871623e-01 1.036156375651934969e+00
9.000000000000000000e+00 9.496820757509950583e-01 7.861249903640755710e-01 7.325298359903179568e-01 6.840887961683411733e-01 7.138623062337418057e-01 7.206420072366231944e-01 6.866972882155922830e-01 7.629932945887450968e-01 0.000000000000000000e+00 7.357002509703790549e-01 6.289901043209059628e-01 6.863782263283012552e-01 7.625237011317753666e-01 1.000596995051781235e+00 8.152578917013408866e-01 9.401639790752627235e-01 9.681036120770931674e-01 9.530569015207233097e-01 1.010509419271505394e+00 9.748006259627828296e-01 8.456114259991491799e-01 9.655731694003220067e-01 8.638448357150347867e-01 8.760452013229920176e-01 9.796290101699407504e-01 1.010159648358749607e+00 1.032960197768181043e+00 9.551680693340518502e-01 9.502104055815585593e-01 9.520317700419300699e-01 9.765769766309244648e-01 1.041266291898462093e+00
1.000000000000000000e+01 9.964061679674888206e-01 8.587444534535421115e-01 6.519095254740968626e-01 6.929508356546066894e-01 6.390979732550520209e-01 5.467418044250175191e-01 5.810304389799524349e-01 5.333533761464192002e-01 7.357002509703790549e-01 0.000000000000000000e+00 7.051605788552813836e-01 6.568114572396964723e-01 8.252220182350704647e-01 9.507372087875243238e-01 8.468878230584571121e-01 8.954225065284333596e-01 9.227854102334926978e-01 9.102610617457520537e-01 9.684710786228829527e-01 9.337451713523143848e-01 8.518127166456350707e-01 9.296651766338130951e-01 8.681273998392871061e-01 8.774760996441950400e-01 9.581776086943449844e-01 9.906274705233388822e-01 1.014960776725326141e+00 9.479216986483707252e-01 9.456455011484579121e-01 9.524760102164884223e-01 9.704708951316722843e-01 1.031479215039251773e+00
1.100000000000000000e+01 9.713935033928190466e-01 8.256245225835375789e-01 7.397342557229452664e-01 7.175775240673266664e-01 7.214210027053787888e-01 7.078193906560356075e-01 6.661815359966841710e-01 7.387287600741493376e-01 6.289901043209059628e-01 7.051605788552813836e-01 0.000000000000000000e+00 5.758984073956837646e-01 7.472144728492204901e-01 9.723620432832533744e-01 7.902643376397289199e-01 9.109117660330015021e-01 9.394762133943634907e-01 9.241471997318317921e-01 9.822900839028525510e-01 9.463074817462444610e-01 8.144746761640377919e-01 9.371328577208897226e-01 8.350363052262277375e-01 8.479446171511422214e-01 9.528872869712217142e-01 9.841621157344269122e-01 1.007420283099467628e+00 9.304401335378877924e-01 9.259807143404612528e-01 9.293535391006857438e-01 9.528020893468480690e-01 1.017538056151916059e+00
1.200000000000000000e+01 9.851122098303145558e-01 8.451093843637095260e-01 7.251304395292427207e-01 7.192679697769731595e-01 7.071680971349479927e-01 6.774440434892964324e-01 6.338236386873753458e-01 6.994789736770820054e-01 6.863782263283012552e-01 6.568114572396964723e-01 5.758984073956837646e-01 0.000000000000000000e+00 7.733214682668052564e-01 9.540086366350375435e-01 8.013270246577004485e-01 8.934813279817701570e-01 9.221679369844002494e-01 9.073985623763241026e-01 9.660426075135499779e-01 9.302095292066037135e-01 8.136355307109037760e-01 9.224587553406433660e-01 8.335634579268411670e-01 8.453914397825057492e-01 9.428339903918769860e-01 9.748606367349319513e-01 9.986771444770559114e-01 9.251818056926173206e-01 9.216824905089657793e-01 9.269365214526699148e-01 9.480525827199339783e-01 1.011624113541205627e+00
1.300000000000000000e+01 9.657169075524230095e-01 8.404931740299632636e-01 8.437202281426305905e-01 8.260329389501053221e-01 8.335575886291837211e-01 8.282047479742642437e-01 8.097661903731772082e-01 8.423693947135562077e-01 7.625237011317753666e-01 8.252220182350704647e-01 7.472144728492204901e-01 7.733214682668052564e-01 0.000000000000000000e+00 9.995680262784847336e-01 6.829140846499990314e-01 9.333298177254980565e-01 9.621564992002795691e-01 9.443735985525345544e-01 1.001372469205101812e+00 9.645107111436679315e-01 7.749877396873658952e-01 9.499731878806836338e-01 7.977035195301382942e-01 8.151953593571705792e-01 9.497036658262458797e-01 9.787143714002799477e-01 1.000225344352467793e+00 9.104843981072106018e-01 9.026202993450260781e-01 8.997312112519342264e-01 9.316816285464952774e-01 1.001073076508616655e+00
1.400000000000000000e+01 1.193764425830451170e+00 1.079935143411260068e+00 9.903808836719973918e-01 1.003400133156072460e+00 9.878447078093861577e-01 9.697265240323034163e-01 9.706341150791732986e-01 9.449479628337726922e-01 1.000596995051781235e+00 9.507372087875243238e-01 9.723620432832533744e-01 9.540086366350375435e-01 9.995680262784847336e-01 0.000000000000000000e+00 9.810329616518265183e-01 6.552083363363550017e-01 5.730108115209033848e-01 6.452600458558881424e-01 6.077276748607185475e-01 6.370348188974894743e-01 9.424373078769217038e-01 7.150264093819806988e-01 9.423725428930336268e-01 9.379421533909075848e-01 8.560598196345263755e-01 8.887357665603827783e-01 9.184863325975625159e-01 9.358843363953455174e-01 9.464650990342897696e-01 9.708608184559697207e-01 9.552538225113591519e-01 9.843591585356175067e-01
1.500000000000000000e+01 9.974280635941761286e-01 8.862298952010143616e-01 8.726648612025023066e-01 8.617413557012152392e-01 8.637975662619443717e-01 8.547310756655366326e-01 8.395792731478375348e-01 8.608973855797736885e-01 8.152578917013408866e-01 8.468878230584571121e-01 7.902643376397289199e-01 8.013270246577004485e-01 6.829140846499990314e-01 9.810329616518265183e-01 0.000000000000000000e+00 9.116031432131435075e-01 9.410167317026321143e-01 9.217347846913181986e-01 9.786832820188613447e-01 9.411392484722307383e-01 6.927773652113233815e-01 9.237969625396156292e-01 7.242917289810804071e-01 7.503796895522647503e-01 9.165185087204534842e-01 9.454136915631070615e-01 9.666722680944199730e-01 8.690734850197965322e-01 8.594791173026983255e-01 8.551317622021281650e-01 8.917670610818702048e-01 9.650376715490476265e-01
1.600000000000000000e+01 1.132236221635533280e+00 1.019405475488554647e+00 9.359027581457883826e-01 9.467794098751576293e-01 9.325203702973148268e-01 9.144842913415707208e-01 9.136036023749531942e-01 8.919439263013582142e-01 9.401639790752627235e-01 8.954225065284333596e-01 9.109117660330015021e-01 8.934813279817701570e-01 9.333298177254980565e-01 6.552083363363550017e-01 9.116031432131435075e-01 0.000000000000000000e+00 5.481521913379316935e-01 4.618834731469267929e-01 6.507759413189209141e-01 5.787678115695118475e-01 8.688335166463154735e-01 6.185294841465760474e-01 8.675056146904005505e-01 8.619002738913841277e-01 7.761587768608444460e-01 8.147077171589156563e-01 8.462608103326516584e-01 8.570613017557904278e-01 8.683844290909463748e-01 8.944136273159966066e-01 8.778161681394520688e-01 9.096214460718741179e-01
1.700000000000000000e+01 1.159348939060242500e+00 1.046697820371782939e+00 9.625568254674545798e-01 9.738475314582339948e-01 9.594194174493244631e-01 9.415670484523048778e-01 9.411463885051882805e-01 9.187203780711730161e-01 9.681036120770931674e-01 9.227854102334926978e-01 9.394762133943634907e-01 9.221679369844002494e-01 9.621564992002795691e-01 5.730108115209033848e-01 9.410167317026321143e-01 5.481521913379316935e-01 0.000000000000000000e+00 5.052301465621182874e-01 5.623260195657948657e-01 5.100229902542883220e-01 8.996120029706162757e-01 6.273576570875785130e-01 8.980992161166374554e-01 8.924803827829888014e-01 7.947741329255941789e-01 8.289261103517229223e-01 8.596864225819476069e-01 8.834549144869852100e-01 8.952405246602499478e-01 9.212199596599028872e-01 9.026022059456602076e-01 9.293126235414139735e-01
1.800000000000000000e+01 1.143419539396817397e+00 1.031345315803740670e+00 9.501330794918201317e-01 9.604600860209233648e-01 9.466541775830144001e-01 9.289381625314743207e-01 9.277600266018228847e-01 9.071836432028266284e-01 9.530569015207233097e-01 9.102610617457520537e-01 9.241471997318317921e-01 9.073985623763241026e-01 9.443735985525345544e-01 6.452600458558881424e-01 9.217347846913181986e-01 4.618834731469267929e-01 5.052301465621182874e-01 0.000000000000000000e+00 6.115514583189662901e-01 5.051761612014444847e-01 8.785032286045397765e-01 5.785901560210457983e-01 8.762245607390355406e-01 8.699402944645204805e-01 7.667306882954310066e-01 8.039293743778022083e-01 8.357663549653797652e-01 8.581874211239881589e-01 8.705288900997014689e-01 8.974427536826907748e-01 8.777896819145547536e-01 9.050849410186012634e-01
1.900000000000000000e+01 1.199111458827276433e+00 1.087685366389173680e+00 1.007460604262169213e+00 1.017750438241686428e+00 1.004101003227753086e+00 9.867142449319059594e-01 9.856933961204674688e-01 9.652071502884616017e-01 1.010509419271505394e+00 9.684710786228829527e-01 9.822900839028525510e-01 9.660426075135499779e-01 1.001372469205101812e+00 6.077276748607185475e-01 9.786832820188613447e-01 6.507759413189209141e-01 5.623260195657948657e-01 6.115514583189662901e-01 0.000000000000000000e+00 5.342801700126107445e-01 9.364509347952214569e-01 6.377583953137317963e-01 9.335063890914832019e-01 9.268774260153365141e-01 8.033672033670857804e-01 8.318148697536682512e-01 8.617432297640519323e-01 9.073026326574153977e-01 9.205758795927077021e-01 9.477428874595781316e-01 9.242669384831552204e-01 9.424792456496846604e-01
2.000000000000000000e+01 1.163380011550610549e+00 1.052075432351601725e+00 9.729685175700255595e-01 9.828294944406008593e-01 9.694287095880136373e-01 9.520334312174545399e-01 9.506363299209128481e-01 9.309664774859911507e-01 9.748006259627828296e-01 9.337451713523143848e-01 9.463074817462444610e-01 9.302095292066037135e-01 9.645107111436679315e-01 6.370348188974894743e-01 9.411392484722307383e-01 5.787678115695118475e-01 5.100229902542883220e-01 5.051761612014444847e-01 5.342801700126107445e-01 0.000000000000000000e+00 8.978354125156733367e-01 5.583008750600957359e-01 8.946628169628210170e-01 8.877821872813060899e-01 7.651025420918842190e-01 7.982255340835706647e-01 8.296636074102581304e-01 8.685153717660081263e-01 8.818911123686132836e-01 9.095107467180589822e-01 8.863722033781227250e-01 9.072717196279640461e-01
2.100000000000000000e+01 1.030130465977016740e+00 9.210581126322476830e-01 8.851057080688624623e-01 8.803611667193282919e-01 8.772521986905519320e-01 8.644119506223184590e-01 8.522020484043530963e-01 8.626024969093855077e-01 8.456114259991491799e-01 8.518127166456350707e-01 8.144746761640377919e-01 8.136355307109037760e-01 7.749877396873658952e-01 9.424373078769217038e-01 6.927773652113233815e-01 8.688335166463154735e-01 8.996120029706162757e-01 8.785032286045397765e-01 9.364509347952214569e-01 8.978354125156733367e-01 0.000000000000000000e+00 8.778045259650790744e-01 5.497509524321839702e-01 6.228827960315928003e-01 8.669230623806492009e-01 8.980530299440059316e-01 9.204700565348895580e-01 8.153981153179143959e-01 8.057322503497930111e-01 8.070898235145647082e-01 8.437486098062707551e-01 9.216774018931017665e-01
2.200000000000000000e+01 1.151193672119773970e+00 1.041418247189919599e+00 9.683358770348269307e-01 9.764440349932967944e-01 9.642839412821400114e-01 9.474045858160706768e-01 9.447813383566254775e-01 9.284974395301814898e-01 9.655731694003220067e-01 9.296651766338130951e-01 9.371328577208897226e-01 9.224587553406433660e-01 9.499731878806836338e-01 7.150264093819806988e-01 9.237969625396156292e-01 6.185294841465760474e-01 6.273576570875785130e-01 5.785901560210457983e-01 6.377583953137317963e-01 5.583008750600957359e-01 8.778045259650790744e-01 0.000000000000000000e+00 8.726200762308635728e-01 8.641523995230511179e-01 7.120604604299249907e-01 7.508467569193491009e-01 7.853392095920299631e-01 8.334514254299401070e-01 8.487660659884275205e-01 8.786669659516586073e-01 8.507538008882575831e-01 8.681897182675033520e-01
2.300000000000000000e+01 1.040949936220862293e+00 9.349378234248510999e-01 9.006066385577777833e-01 8.964428289053552046e-01 8.931532288207331138e-01 8.805781445352474091e-01 8.693028868320322733e-01 8.778820654641763532e-01 8.638448357150347867e-01 8.681273998392871061e-01 8.350363052262277375e-01 8.335634579268411670e-01 7.977035195301382942e-01 9.423725428930336268e-01 7.242917289810804071e-01 8.675056146904005505e-01 8.980992161166374554e-01 8.762245607390355406e-01 9.335063890914832019e-01 8.946628169628210170e-01 5.497509524321839702e-01 8.726200762308635728e-01 0.000000000000000000e+00 5.160528433523436931e-01 8.550503808801728223e-01 8.858068359721129603e-01 9.078815346128195074e-01 7.938803904294524649e-01 7.820307262013879157e-01 7.824768826717891645e-01 8.242095437083685194e-01 9.064367802661208451e-01
2.400000000000000000e+01 1.050410692965864090e+00 9.456946276316882116e-01 9.101152389780438057e-01 9.067486851234125567e-01 9.029483412333192405e-01 8.902094669027009743e-01 8.796508387341557267e-01 8.864061869292596541e-01 8.760452013229920176e-01 8.774760996441950400e-01 8.479446171511422214e-01 8.453914397825057492e-01 8.151953593571705792e-01 9.379421533909075848e-01 7.503796895522647503e-01 8.619002738913841277e-01 8.924803827829888014e-01 8.699402944645204805e-01 9.268774260153365141e-01 8.877821872813060899e-01 6.228827960315928003e-01 8.641523995230511179e-01 5.160528433523436931e-01 0.000000000000000000e+00 8.417911493085832308e-01 8.727645756056223725e-01 8.948767739902057095e-01 7.732751201483174519e-01 7.600394905514142874e-01 7.621877641917818025e-01 8.064598193568881523e-01 8.924547155769486650e-01
2.500000000000000000e+01 1.153654235982729537e+00 1.049304758344834498e+00 9.937131521862803130e-01 9.973111176157571922e-01 9.886093723587914273e-01 9.736901378088005377e-01 9.683255633155647413e-01 9.606338929891189427e-01 9.796290101699407504e-01 9.581776086943449844e-01 9.528872869712217142e-01 9.428339903918769860e-01 9.497036658262458797e-01 8.560598196345263755e-01 9.165185087204534842e-01 7.761587768608444460e-01 7.947741329255941789e-01 7.667306882954310066e-01 8.033672033670857804e-01 7.651025420918842190e-01 8.669230623806492009e-01 7.120604604299249907e-01 8.550503808801728223e-01 8.417911493085832308e-01 0.000000000000000000e+00 5.853535976981834033e-01 6.580269845298087894e-01 7.538635326127192116e-01 7.791156019423022272e-01 8.175788299392867664e-01 7.627474895975343561e-01 7.588329898043824073e-01
2.600000000000000000e+01 1.181133958104991333e+00 1.078133912386908921e+00 1.025337232289830869e+00 1.028412770082439476e+00 1.020190587661332859e+00 1.005675443520074097e+00 1.000134410342048863e+00 9.933343552181375102e-01 1.010159648358749607e+00 9.906274705233388822e-01 9.841621157344269122e-01 9.748606367349319513e-01 9.787143714002799477e-01 8.887357665603827783e-01 9.454136915631070615e-01 8.147077171589156563e-01 8.289261103517229223e-01 8.039293743778022083e-01 8.318148697536682512e-01 7.982255340835706647e-01 8.980530299440059316e-01 7.508467569193491009e-01 8.858068359721129603e-01 8.727645756056223725e-01 5.853535976981834033e-01 0.000000000000000000e+00 5.306901040588960505e-01 7.784182480421213413e-01 8.023668030584640842e-01 8.371726670932386760e-01 7.763200883996848045e-01 7.282662394741139522e-01
2.700000000000000000e+01 1.201856884046254237e+00 1.099793126535473675e+00 1.049125550228732440e+00 1.051759546804380996e+00 1.043917184208033699e+00 1.029685600086451824e+00 1.023951091465738372e+00 1.017933676557165157e+00 1.032960197768181043e+00 1.014960776725326141e+00 1.007420283099467628e+00 9.986771444770559114e-01 1.000225344352467793e+00 9.184863325975625159e-01 9.666722680944199730e-01 8.462608103326516584e-01 8.596864225819476069e-01 8.357663549653797652e-01 8.617432297640519323e-01 8.296636074102581304e-01 9.204700565348895580e-01 7.853392095920299631e-01 9.078815346128195074e-01 8.948767739902057095e-01 6.580269845298087894e-01 5.306901040588960505e-01 0.000000000000000000e+00 7.978501508044275603e-01 8.205138838540362300e-01 8.527460629062328934e-01 7.900264625485722281e-01 7.114401707728679192e-01
2.800000000000000000e+01 1.118012748243484289e+00 1.018658622840741046e+00 9.799985391210759289e-01 9.793131168721589397e-01 9.739650319482198171e-01 9.610784731242647538e-01 9.532167802863846795e-01 9.536516399952739143e-01 9.551680693340518502e-01 9.479216986483707252e-01 9.304401335378877924e-01 9.251818056926173206e-01 9.104843981072106018e-01 9.358843363953455174e-01 8.690734850197965322e-01 8.570613017557904278e-01 8.834549144869852100e-01 8.581874211239881589e-01 9.073026326574153977e-01 8.685153717660081263e-01 8.153981153179143959e-01 8.334514254299401070e-01 7.938803904294524649e-01 7.732751201483174519e-01 7.538635326127192116e-01 7.784182480421213413e-01 7.978501508044275603e-01 0.000000000000000000e+00 5.295340064388045498e-01 6.629753617078013583e-01 5.853978752670656593e-01 7.726950739282805181e-01
2.900000000000000000e+01 1.110840883045526750e+00 1.012420328314603379e+00 9.769746834205543795e-01 9.755100031692605089e-01 9.707908462502585767e-01 9.583177954009556299e-01 9.500349669080339066e-01 9.519241210708415668e-01 9.502104055815585593e-01 9.456455011484579121e-01 9.259807143404612528e-01 9.216824905089657793e-01 9.026202993450260781e-01 9.464650990342897696e-01 8.594791173026983255e-01 8.683844290909463748e-01 8.952405246602499478e-01 8.705288900997014689e-01 9.205758795927077021e-01 8.818911123686132836e-01 8.057322503497930111e-01 8.487660659884275205e-01 7.820307262013879157e-01 7.600394905514142874e-01 7.791156019423022272e-01 8.023668030584640842e-01 8.205138838540362300e-01 5.295340064388045498e-01 0.000000000000000000e+00 6.051103183454746848e-01 6.223513551663273358e-01 7.928254635363165548e-01
3.000000000000000000e+01 1.106340621441647354e+00 1.010632564280088630e+00 9.820070178032458408e-01 9.791260839199802390e-01 9.756323346882567193e-01 9.640857128674262810e-01 9.551988796307546714e-01 9.595728418117670522e-01 9.520317700419300699e-01 9.524760102164884223e-01 9.293535391006857438e-01 9.269365214526699148e-01 8.997312112519342264e-01 9.708608184559697207e-01 8.551317622021281650e-01 8.944136273159966066e-01 9.212199596599028872e-01 8.974427536826907748e-01 9.477428874595781316e-01 9.095107467180589822e-01 8.070898235145647082e-01 8.786669659516586073e-01 7.824768826717891645e-01 7.621877641917818025e-01 8.175788299392867664e-01 8.371726670932386760e-01 8.527460629062328934e-01 6.629753617078013583e-01 6.051103183454746848e-01 0.000000000000000000e+00 6.822556320075896519e-01 8.182265864689783896e-01
3.100000000000000000e+01 1.135664376347998106e+00 1.038006302291763161e+00 1.001730647065490976e+00 1.000759756244039567e+00 9.957433768752077530e-01 9.832243887409297667e-01 9.754038034255196887e-01 9.761881819857871623e-01 9.765769766309244648e-01 9.704708951316722843e-01 9.528020893468480690e-01 9.480525827199339783e-01 9.316816285464952774e-01 9.552538225113591519e-01 8.917670610818702048e-01 8.778161681394520688e-01 9.026022059456602076e-01 8.777896819145547536e-01 9.242669384831552204e-01 8.863722033781227250e-01 8.437486098062707551e-01 8.507538008882575831e-01 8.242095437083685194e-01 8.064598193568881523e-01 7.627474895975343561e-01 7.763200883996848045e-01 7.900264625485722281e-01 5.853978752670656593e-01 6.223513551663273358e-01 6.822556320075896519e-01 0.000000000000000000e+00 7.398482958606755755e-01
3.200000000000000000e+01 1.200980940113513196e+00 1.103103627792517472e+00 1.063233349642913161e+00 1.063410213632077106e+00 1.057574985473598073e+00 1.044682797387832984e+00 1.037682016557821996e+00 1.036156375651934969e+00 1.041266291898462093e+00 1.031479215039251773e+00 1.017538056151916059e+00 1.011624113541205627e+00 1.001073076508616655e+00 9.843591585356175067e-01 9.650376715490476265e-01 9.096214460718741179e-01 9.293126235414139735e-01 9.050849410186012634e-01 9.424792456496846604e-01 9.072717196279640461e-01 9.216774018931017665e-01 8.681897182675033520e-01 9.064367802661208451e-01 8.924547155769486650e-01 7.588329898043824073e-01 7.282662394741139522e-01 7.114401707728679192e-01 7.726950739282805181e-01 7.928254635363165548e-01 8.182265864689783896e-01 7.398482958606755755e-01 0.000000000000000000e+00
