0.000000000000000000e+00 1.000000000000000000e+00 2.000000000000000000e+00 3.000000000000000000e+00 4.000000000000000000e+00 5.000000000000000000e+00 6.000000000000000000e+00 7.000000000000000000e+00 8.000000000000000000e+00 9.000000000000000000e+00 1.000000000000000000e+01 1.100000000000000000e+01 1.200000000000000000e+01 1.300000000000000000e+01 1.400000000000000000e+01 1.500000000000000000e+01 1.600000000000000000e+01 1.700000000000000000e+01 1.800000000000000000e+01 1.900000000000000000e+01 2.000000000000000000e+01 2.100000000000000000e+01 2.200000000000000000e+01 2.300000000000000000e+01 2.400000000000000000e+01 2.500000000000000000e+01 2.600000000000000000e+01 2.700000000000000000e+01 2.800000000000000000e+01 2.900000000000000000e+01 3.000000000000000000e+01 3.100000000000000000e+01 3.200000000000000000e+01
1.000000000000000000e+00 0.000000000000000000e+00 8.699045812925061405e-01 9.817519918032120430e-01 9.634009121672548748e-01 9.786664762472907508e-01 9.887004854438767865e-01 9.823555596668320788e-01 1.008636098377697188e+00 9.522178424123930451e-01 9.989832903941414655e-01 9.742391506907132070e-01 9.879610655839979882e-01 9.700046110201866467e-01 1.197607343426472459e+00 1.003043027734660919e+00 1.136234097564137180e+00 1.163346426270167600e+00 1.147499371729031603e+00 1.203249984906149761e+00 1.167544312110728288e+00 1.035467013252765467e+00 1.155566552570791883e+00 1.046861444848001366e+00 1.056524790145225046e+00 1.158888721408446898e+00 1.186621589502608209e+00 1.207545791485818754e+00 1.125002258213363637e+00 1.118637247387131550e+00 1.118951223441896348e+00 1.143386303450888875e+00 1.207943228875385966e+00
2.000000000000000000e+00 8.699045812925061405e-01 0.000000000000000000e+00 8.363878692707698015e-01 8.067200843905493191e-01 8.309992034463866695e-01 8.450379708383066735e-01 8.355435519337282013e-01 8.720528432610028524e-01 7.864421741935678778e-01 8.592720991266370456e-01 8.261609121189038563e-01 8.457168311039656716e-01 8.418115522050643174e-01 1.081680056151574698e+00 8.889157172441963795e-01 1.021280656238818807e+00 1.048586599015488785e+00 1.033307702414606011e+00 1.089722651601453096e+00 1.054130728617305834e+00 9.237994063258032629e-01 1.043677236270956987e+00 9.382967746076047444e-01 9.493170556185079878e-01 1.052450547144514914e+00 1.081570062186468562e+00 1.103454721127808291e+00 1.023506691692736448e+00 1.018050411640058828e+00 1.021066479289092888e+00 1.043655581413263089e+00 1.108110211973908132e+00
3.000000000000000000e+00 9.817519918032120430e-01 8.363878692707698015e-01 0.000000000000000000e+00 5.995125835443817497e-01 4.613915190482711370e-01 5.761264690032215086e-01 6.281627187039204863e-01 6.629128876562107031e-01 7.325796359582630313e-01 6.519323636057873239e-01 7.397964859561488860e-01 7.251860442493344161e-01 8.444405568070211254e-01 9.910687093745684795e-01 8.741727274943937864e-01 9.366712647279413773e-01 9.633447201343272592e-01 9.509702415429248656e-01 1.008366693082997978e+00 9.738824396048868515e-01 8.864344393529395294e-01 9.694031494639847590e-01 9.024157392981986270e-01 9.121347240073267582e-01 9.955183957524922356e-01 1.027430951466582698e+00 1.051443463385992594e+00 9.832347596672417200e-01 9.809139241100124362e-01 9.905759456091141057e-01 1.005777224902494993e+00 1.066837043556474907e+00
4.000000000000000000e+00 9.634009121672548748e-01 8.067200843905493191e-01 5.995125835443817497e-01 0.000000000000000000e+00 5.683005674616288250e-01 6.411907878168849884e-01 6.349697842776655943e-01 7.155866583344028253e-01 6.841181754277834148e-01 6.929973673850952087e-01 7.176423503764194356e-01 7.193423193993188081e-01 8.267171326209740156e-01 1.004212501670708635e+00 8.632863903409220274e-01 9.476798391863718862e-01 9.747678791895280082e-01 9.614337177439391535e-01 1.018796307596756767e+00 9.838843543056530194e-01 8.818127698731170749e-01 9.776622033126891598e-01 8.984057208492037816e-01 9.089424773540744074e-01 9.993020875899976119e-01 1.030697496846538108e+00 1.054271790530973085e+00 9.827869686771177893e-01 9.797005193362322562e-01 9.879847840024236216e-01 1.005053186504984097e+00 1.067230727595522399e+00
5.000000000000000000e+00 9.786664762472907508e-01 8.309992034463866695e-01 4.613915190482711370e-01 5.683005674616288250e-01 0.000000000000000000e+00 5.467341238288847549e-01 5.902023721421105762e-01 6.627664982484915424e-01 7.139043284859198923e-01 6.391187715860141560e-01 7.214734013428526493e-01 7.072163785362578503e-01 8.342452215922196990e-01 9.885409502417530359e-01 8.652697073434796327e-01 9.332974147704948820e-01 9.602164898451650554e-01 9.475007588383863588e-01 1.005017669082855614e+00 9.703530612000981215e-01 8.785658565601408565e-01 9.653629138381918384e-01 8.949516911647028561e-01 9.049625995935699496e-01 9.904325905454540724e-01 1.022304730536906181e+00 1.046257067805227425e+00 9.772245907449439439e-01 9.747541649658837404e-01 9.842308929098402270e-01 9.998184911855974022e-01 1.061207385406721215e+00
6.000000000000000000e+00 9.887004854438767865e-01 8.450379708383066735e-01 5.761264690032215086e-01 6.411907878168849884e-01 5.467341238288847549e-01 0.000000000000000000e+00 5.318641153054686210e-01 6.005401728856609722e-01 7.206969135893279699e-01 5.467472007367800702e-01 7.078595060413731543e-01 6.774704821643132702e-01 8.288688396104243461e-01 9.703359452212281244e-01 8.561075044612425078e-01 9.151679449700900193e-01 9.422715574555622364e-01 9.296889658931448697e-01 9.875344589142815988e-01 9.528599570895228688e-01 8.655926606645418797e-01 9.483791456286938537e-01 8.822241142023812266e-01 8.920631951765469747e-01 9.753896601651041998e-01 1.007666078386848074e+00 1.031902110996053334e+00 9.641771605350923924e-01 9.621090426726273126e-01 9.724877072608968387e-01 9.871408392597507131e-01 1.048184945994024897e+00
7.000000000000000000e+00 9.823555596668320788e-01 8.355435519337282013e-01 6.281627187039204863e-01 6.349697842776655943e-01 5.902023721421105762e-01 5.318641153054686210e-01 0.000000000000000000e+00 6.463429397519784292e-01 6.867385941826589235e-01 5.810378108961474775e-01 6.662070287421427706e-01 6.338419630900765656e-01 8.103688068026807523e-01 9.712796394757712282e-01 8.408945294895640021e-01 9.143246745716773205e-01 9.418896191757839542e-01 9.285506012366500084e-01 9.865560858254525112e-01 9.515052176236364900e-01 8.533723878898318294e-01 9.458021499153510536e-01 8.709510934308566377e-01 8.815203082879012886e-01 9.700884904592843583e-01 1.002193927581669364e+00 1.026239931627516810e+00 9.563969410724795228e-01 9.539111474250498990e-01 9.637024887463592204e-01 9.794132550283913830e-01 1.041272770051454355e+00
8.000000000000000000e+00 1.008636098377697188e+00 8.720528432610028524e-01 6.629128876562107031e-01 7.155866583344028253e-01 6.627664982484915424e-01 6.005401728856609722e-01 6.463429397519784292e-01 0.000000000000000000e+00 7.630960089300449223e-01 5.333549559526599149e-01 7.387874241878663595e-01 6.995050820817231285e-01 8.430912072739992213e-01 9.454261475951633020e-01 8.622467998685945378e-01 8.924867692695483967e-01 9.192835106044074944e-01 9.077878997584016840e-01 9.658767319239116578e-01 9.316408415266441700e-01 8.636524965232685869e-01 9.293071464835194195e-01 8.793591475446640437e-01 8.880651809007535924e-01 9.621244246988620574e-01 9.951095601621777753e-01 1.019930732246223215e+00 9.564745369639953143e-01 9.554219327827000452e-01 9.676315466521663300e-01 9.798172600348240557e-01 1.039410907171084641e+00
9.000000000000000000e+00 9.522178424123930451e-01 7.864421741935678778e-01 7.325796359582630313e-01 6.841181754277834148e-01 7.139043284859198923e-01 7.206969135893279699e-01 6.867385941826589235e-01 7.630960089300449223e-01 0.000000000000000000e+00 7.357822178311396177e-01 6.290240051546772682e-01 6.864485459456891592e-01 7.629886690642943003e-01 1.001564766536000350e+00 8.166216168577593582e-01 9.412246744523287134e-01 9.691882170592520662e-01 9.541984872255262484e-01 1.011731745298624530e+00 9.760317852662159233e-01 8.470802721331180951e-01 9.669806953797712712e-01 8.658759743070127968e-01 8.783539354186122861e-01 9.818653752513322175e-01 1.012706110211179400e+00 1.035744488994928769e+00 9.589518077781040706e-01 9.547251463764399038e-01 9.612722606392176683e-01 9.812121981536510162e-01 1.045408661380133886e+00
1.000000000000000000e+01 9.989832903941414655e-01 8.592720991266370456e-01 6.519323636057873239e-01 6.929973673850952087e-01 6.391187715860141560e-01 5.467472007367800702e-01 5.810378108961474775e-01 5.333549559526599149e-01 7.357822178311396177e-01 0.000000000000000000e+00 7.052018604844038085e-01 6.568277994541450449e-01 8.258856270203925876e-01 9.512608072877968279e-01 8.481877798851054084e-01 8.960132346419369398e-01 9.233976631421418890e-01 9.109160674569569682e-01 9.691943778284122235e-01 9.344733519520471710e-01 8.528669414800822413e-01 9.305338627879209401e-01 8.696236107494663692e-01 8.791690154681244262e-01 9.597483389025369682e-01 9.924887662169297187e-01 1.017047626048727338e+00 9.508491442864130949e-01 9.492528786798011264e-01 9.606651612046219757e-01 9.742170057441579267e-01 1.034842183537841187e+00
1.100000000000000000e+01 9.742391506907132070e-01 8.261609121189038563e-01 7.397964859561488860e-01 7.176423503764194356e-01 7.214734013428526493e-01 7.078595060413731543e-01 6.662070287421427706e-01 7.387874241878663595e-01 6.290240051546772682e-01 7.052018604844038085e-01 0.000000000000000000e+00 5.759101414919706174e-01 7.476063539287275406e-01 9.731317789863991319e-01 7.913269657374073507e-01 9.117588581363649247e-01 9.403505133126863758e-01 9.250712054324725653e-01 9.832955924839816841e-01 9.473181936877543841e-01 8.155749951627988548e-01 9.383066055946838180e-01 8.366552457358960027e-01 8.498333880169923749e-01 9.548564443231453147e-01 9.864470998344270214e-01 1.009946660166972432e+00 9.338788768451851130e-01 9.301249405429008466e-01 9.381789068807677712e-01 9.571108595972113164e-01 1.021420733525919111e+00
1.200000000000000000e+01 9.879610655839979882e-01 8.457168311039656716e-01 7.251860442493344161e-01 7.193423193993188081e-01 7.072163785362578503e-01 6.774704821643132702e-01 6.338419630900765656e-01 6.995050820817231285e-01 6.864485459456891592e-01 6.568277994541450449e-01 5.759101414919706174e-01 0.000000000000000000e+00 7.738128247865226905e-01 9.546176230899934279e-01 8.023984462723752209e-01 8.941581312682833627e-01 9.228709360720530608e-01 9.081459521440937710e-01 9.668666944946473496e-01 9.310373712159298876e-01 8.145953460755552822e-01 9.234360885206511771e-01 8.349926752176173306e-01 8.470566275587285698e-01 9.445585033474723780e-01 9.768937025009618580e-01 1.000947053527812436e+00 9.283014772201163556e-01 9.254870831976911294e-01 9.353647103812858798e-01 9.520306706271051134e-01 1.015219598960505731e+00
1.300000000000000000e+01 9.700046110201866467e-01 8.418115522050643174e-01 8.444405568070211254e-01 8.267171326209740156e-01 8.342452215922196990e-01 8.288688396104243461e-01 8.103688068026807523e-01 8.430912072739992213e-01 7.629886690642943003e-01 8.258856270203925876e-01 7.476063539287275406e-01 7.738128247865226905e-01 0.000000000000000000e+00 1.001376299680544202e+00 6.835936376416242855e-01 9.352342160593303255e-01 9.641009100363520101e-01 9.463814311377090061e-01 1.003489804951141151e+00 9.666335531216456722e-01 7.766255041928784575e-01 9.523054653567284422e-01 8.000933430370200661e-01 8.180515683860438703e-01 9.530259627396904243e-01 9.824011229016540447e-01 1.004183887691024069e+00 9.155388006709770377e-01 9.084499162204411338e-01 9.104761988093945657e-01 9.376918431628262773e-01 1.006544682761786103e+00
1.400000000000000000e+01 1.197607343426472459e+00 1.081680056151574698e+00 9.910687093745684795e-01 1.004212501670708635e+00 9.885409502417530359e-01 9.703359452212281244e-01 9.712796394757712282e-01 9.454261475951633020e-01 1.001564766536000350e+00 9.512608072877968279e-01 9.731317789863991319e-01 9.546176230899934279e-01 1.001376299680544202e+00 0.000000000000000000e+00 9.831681239554701524e-01 6.552111715257389335e-01 5.730142997909302149e-01 6.452674859836258214e-01 6.077452416724657969e-01 6.370522593166374481e-01 9.435333857512298028e-01 7.150711883769118593e-01 9.436633889254189000e-01 9.391920079923894438e-01 8.563609860265959384e-01 8.892051467106880658e-01 9.191036808406551906e-01 9.370708385182549005e-01 9.482514139311246648e-01 9.768727238351802011e-01 9.569905885025042913e-01 9.858581720155221717e-01
1.500000000000000000e+01 1.003043027734660919e+00 8.889157172441963795e-01 8.741727274943937864e-01 8.632863903409220274e-01 8.652697073434796327e-01 8.561075044612425078e-01 8.408945294895640021e-01 8.622467998685945378e-01 8.166216168577593582e-01 8.481877798851054084e-01 7.913269657374073507e-01 8.023984462723752209e-01 6.835936376416242855e-01 9.831681239554701524e-01 0.000000000000000000e+00 9.137948903374333298e-01 9.432677696608455786e-01 9.240336675484053242e-01 9.811125801221021181e-01 9.435619808863759950e-01 6.936744156681513562e-01 9.264143055738671695e-01 7.258666626213245987e-01 7.525492801012434452e-01 9.201436639228210979e-01 9.494559091159775477e-01 9.710180661095444421e-01 8.743644510389023683e-01 8.655146989639610489e-01 8.661472511543411024e-01 8.981520262450515268e-01 9.710001564336772084e-01
1.600000000000000000e+01 1.136234097564137180e+00 1.021280656238818807e+00 9.366712647279413773e-01 9.476798391863718862e-01 9.332974147704948820e-01 9.151679449700900193e-01 9.143246745716773205e-01 8.924867692695483967e-01 9.412246744523287134e-01 8.960132346419369398e-01 9.117588581363649247e-01 8.941581312682833627e-01 9.352342160593303255e-01 6.552111715257389335e-01 9.137948903374333298e-01 0.000000000000000000e+00 5.481533535272860025e-01 4.618856807108477902e-01 6.507874658503860488e-01 5.787779701151452016e-01 8.699244316841416857e-01 6.185606774677858688e-01 8.687672722948889259e-01 8.631032547437513802e-01 7.764263989089670304e-01 8.151453345908636905e-01 8.468479180711732113e-01 8.581599156335044665e-01 8.700641948907545942e-01 9.002697445342506821e-01 8.794675282819595097e-01 9.110861882613510154e-01
1.700000000000000000e+01 1.163346426270167600e+00 1.048586599015488785e+00 9.633447201343272592e-01 9.747678791895280082e-01 9.602164898451650554e-01 9.422715574555622364e-01 9.418896191757839542e-01 9.192835106044074944e-01 9.691882170592520662e-01 9.233976631421418890e-01 9.403505133126863758e-01 9.228709360720530608e-01 9.641009100363520101e-01 5.730142997909302149e-01 9.432677696608455786e-01 5.481533535272860025e-01 0.000000000000000000e+00 5.052309462405610851e-01 5.623320397917666025e-01 5.100285187237227902e-01 9.007629117449191813e-01 6.273812059009216124e-01 8.994261677139094857e-01 8.937469189701447991e-01 7.950169538644344946e-01 8.293268229194037389e-01 8.602286116679156436e-01 8.845434966314342784e-01 8.969224376434226098e-01 9.270968896585414232e-01 9.042171933219438351e-01 9.307032210499532887e-01
1.800000000000000000e+01 1.147499371729031603e+00 1.033307702414606011e+00 9.509702415429248656e-01 9.614337177439391535e-01 9.475007588383863588e-01 9.296889658931448697e-01 9.285506012366500084e-01 9.077878997584016840e-01 9.541984872255262484e-01 9.109160674569569682e-01 9.250712054324725653e-01 9.081459521440937710e-01 9.463814311377090061e-01 6.452674859836258214e-01 9.240336675484053242e-01 4.618856807108477902e-01 5.052309462405610851e-01 0.000000000000000000e+00 6.115553438327137048e-01 5.051790806367497666e-01 8.796686110217455390e-01 5.786070566355492328e-01 8.775542636229984872e-01 8.711993564062530115e-01 7.669523035714094217e-01 8.043073082069838176e-01 8.362849381829602358e-01 8.592276115339334552e-01 8.721546334346867990e-01 9.032396324893612327e-01 8.793516259780287392e-01 9.064435215313180194e-01
1.900000000000000000e+01 1.203249984906149761e+00 1.089722651601453096e+00 1.008366693082997978e+00 1.018796307596756767e+00 1.005017669082855614e+00 9.875344589142815988e-01 9.865560858254525112e-01 9.658767319239116578e-01 1.011731745298624530e+00 9.691943778284122235e-01 9.832955924839816841e-01 9.668666944946473496e-01 1.003489804951141151e+00 6.077452416724657969e-01 9.811125801221021181e-01 6.507874658503860488e-01 5.623320397917666025e-01 6.115553438327137048e-01 0.000000000000000000e+00 5.342804343231137842e-01 9.377296793002194430e-01 6.377652172241643491e-01 9.349517706388759120e-01 9.282441959094518413e-01 8.035414264278828433e-01 8.321234612112946571e-01 8.621779685494299628e-01 9.083088328004225165e-01 9.221851714213531448e-01 9.535456902447536631e-01 9.257479441276199594e-01 9.436988339240262036e-01
2.000000000000000000e+01 1.167544312110728288e+00 1.054130728617305834e+00 9.738824396048868515e-01 9.838843543056530194e-01 9.703530612000981215e-01 9.528599570895228688e-01 9.515052176236364900e-01 9.316408415266441700e-01 9.760317852662159233e-01 9.344733519520471710e-01 9.473181936877543841e-01 9.310373712159298876e-01 9.666335531216456722e-01 6.370522593166374481e-01 9.435619808863759950e-01 5.787779701151452016e-01 5.100285187237227902e-01 5.051790806367497666e-01 5.342804343231137842e-01 0.000000000000000000e+00 8.990951499103359001e-01 5.583072183874604466e-01 8.960828812198984306e-01 8.891203452663611895e-01 7.652780556713341120e-01 7.985400713291601615e-01 8.301075006113260990e-01 8.695051546150847077e-01 8.834756016906741838e-01 9.152705041781803441e-01 8.878456212139020920e-01 9.085097854377348625e-01
2.100000000000000000e+01 1.035467013252765467e+00 9.237994063258032629e-01 8.864344393529395294e-01 8.818127698731170749e-01 8.785658565601408565e-01 8.655926606645418797e-01 8.533723878898318294e-01 8.636524965232685869e-01 8.470802721331180951e-01 8.528669414800822413e-01 8.155749951627988548e-01 8.145953460755552822e-01 7.766255041928784575e-01 9.435333857512298028e-01 6.936744156681513562e-01 8.699244316841416857e-01 9.007629117449191813e-01 8.796686110217455390e-01 9.377296793002194430e-01 8.990951499103359001e-01 0.000000000000000000e+00 8.791809659771974150e-01 5.498582498796242835e-01 6.232127892658669843e-01 8.690550732909696485e-01 9.006050656694823964e-01 9.233278436403655753e-01 8.186352866603332501e-01 8.095112724291795292e-01 8.154321696304200895e-01 8.481713738488658727e-01 9.260771833547187804e-01
2.200000000000000000e+01 1.155566552570791883e+00 1.043677236270956987e+00 9.694031494639847590e-01 9.776622033126891598e-01 9.653629138381918384e-01 9.483791456286938537e-01 9.458021499153510536e-01 9.293071464835194195e-01 9.669806953797712712e-01 9.305338627879209401e-01 9.383066055946838180e-01 9.234360885206511771e-01 9.523054653567284422e-01 7.150711883769118593e-01 9.264143055738671695e-01 6.185606774677858688e-01 6.273812059009216124e-01 5.786070566355492328e-01 6.377652172241643491e-01 5.583072183874604466e-01 8.791809659771974150e-01 0.000000000000000000e+00 8.741349324556351164e-01 8.655590588980539568e-01 7.121770841812518071e-01 7.510862775556632620e-01 7.856979850981171687e-01 8.343312191662535238e-01 8.502343365879652115e-01 8.842713892491580463e-01 8.520779133304308139e-01 8.692924380091948677e-01
2.300000000000000000e+01 1.046861444848001366e+00 9.382967746076047444e-01 9.024157392981986270e-01 8.984057208492037816e-01 8.949516911647028561e-01 8.822241142023812266e-01 8.709510934308566377e-01 8.793591475446640437e-01 8.658759743070127968e-01 8.696236107494663692e-01 8.366552457358960027e-01 8.349926752176173306e-01 8.000933430370200661e-01 9.436633889254189000e-01 7.258666626213245987e-01 8.687672722948889259e-01 8.994261677139094857e-01 8.775542636229984872e-01 9.349517706388759120e-01 8.960828812198984306e-01 5.498582498796242835e-01 8.741349324556351164e-01 0.000000000000000000e+00 5.161367093048385701e-01 8.572677981195147012e-01 8.884669760064931587e-01 9.108616657041395115e-01 7.970066426857260744e-01 7.856130495306605788e-01 7.904913285225128039e-01 8.286173109435375217e-01 9.109876288144644896e-01
2.400000000000000000e+01 1.056524790145225046e+00 9.493170556185079878e-01 9.121347240073267582e-01 9.089424773540744074e-01 9.049625995935699496e-01 8.920631951765469747e-01 8.815203082879012886e-01 8.880651809007535924e-01 8.783539354186122861e-01 8.791690154681244262e-01 8.498333880169923749e-01 8.470566275587285698e-01 8.180515683860438703e-01 9.391920079923894438e-01 7.525492801012434452e-01 8.631032547437513802e-01 8.937469189701447991e-01 8.711993564062530115e-01 9.282441959094518413e-01 8.891203452663611895e-01 6.232127892658669843e-01 8.655590588980539568e-01 5.161367093048385701e-01 0.000000000000000000e+00 8.438064441902364266e-01 8.752225760516854081e-01 8.976556946735154696e-01 7.759545459896306507e-01 7.630745927335700340e-01 7.693979300377080666e-01 8.104544089354255298e-01 8.967760950869729797e-01
2.500000000000000000e+01 1.158888721408446898e+00 1.052450547144514914e+00 9.955183957524922356e-01 9.993020875899976119e-01 9.904325905454540724e-01 9.753896601651041998e-01 9.700884904592843583e-01 9.621244246988620574e-01 9.818653752513322175e-01 9.597483389025369682e-01 9.548564443231453147e-01 9.445585033474723780e-01 9.530259627396904243e-01 8.563609860265959384e-01 9.201436639228210979e-01 7.764263989089670304e-01 7.950169538644344946e-01 7.669523035714094217e-01 8.035414264278828433e-01 7.652780556713341120e-01 8.690550732909696485e-01 7.121770841812518071e-01 8.572677981195147012e-01 8.438064441902364266e-01 0.000000000000000000e+00 5.853885051502900616e-01 6.581260133725963524e-01 7.544700765374741103e-01 7.803235825216849886e-01 8.228352839403563213e-01 7.635680276580112391e-01 7.594176444484013189e-01
2.600000000000000000e+01 1.186621589502608209e+00 1.081570062186468562e+00 1.027430951466582698e+00 1.030697496846538108e+00 1.022304730536906181e+00 1.007666078386848074e+00 1.002193927581669364e+00 9.951095601621777753e-01 1.012706110211179400e+00 9.924887662169297187e-01 9.864470998344270214e-01 9.768937025009618580e-01 9.824011229016540447e-01 8.892051467106880658e-01 9.494559091159775477e-01 8.151453345908636905e-01 8.293268229194037389e-01 8.043073082069838176e-01 8.321234612112946571e-01 7.985400713291601615e-01 9.006050656694823964e-01 7.510862775556632620e-01 8.884669760064931587e-01 8.752225760516854081e-01 5.853885051502900616e-01 0.000000000000000000e+00 5.307066211890094642e-01 7.791916113471508698e-01 8.038229119042352711e-01 8.428379199688473822e-01 7.771803408645658884e-01 7.286056908290197143e-01
2.700000000000000000e+01 1.207545791485818754e+00 1.103454721127808291e+00 1.051443463385992594e+00 1.054271790530973085e+00 1.046257067805227425e+00 1.031902110996053334e+00 1.026239931627516810e+00 1.019930732246223215e+00 1.035744488994928769e+00 1.017047626048727338e+00 1.009946660166972432e+00 1.000947053527812436e+00 1.004183887691024069e+00 9.191036808406551906e-01 9.710180661095444421e-01 8.468479180711732113e-01 8.602286116679156436e-01 8.362849381829602358e-01 8.621779685494299628e-01 8.301075006113260990e-01 9.233278436403655753e-01 7.856979850981171687e-01 9.108616657041395115e-01 8.976556946735154696e-01 6.581260133725963524e-01 5.307066211890094642e-01 0.000000000000000000e+00 7.987899810929193212e-01 8.221912146711194413e-01 8.587423191056327010e-01 7.909789629783983145e-01 7.116568775075353681e-01
2.800000000000000000e+01 1.125002258213363637e+00 1.023506691692736448e+00 9.832347596672417200e-01 9.827869686771177893e-01 9.772245907449439439e-01 9.641771605350923924e-01 9.563969410724795228e-01 9.564745369639953143e-01 9.589518077781040706e-01 9.508491442864130949e-01 9.338788768451851130e-01 9.283014772201163556e-01 9.155388006709770377e-01 9.370708385182549005e-01 8.743644510389023683e-01 8.581599156335044665e-01 8.845434966314342784e-01 8.592276115339334552e-01 9.083088328004225165e-01 8.695051546150847077e-01 8.186352866603332501e-01 8.343312191662535238e-01 7.970066426857260744e-01 7.759545459896306507e-01 7.544700765374741103e-01 7.791916113471508698e-01 7.987899810929193212e-01 0.000000000000000000e+00 5.296701250172912712e-01 6.657387752717289775e-01 5.856808995748448154e-01 7.743174422529854883e-01
2.900000000000000000e+01 1.118637247387131550e+00 1.018050411640058828e+00 9.809139241100124362e-01 9.797005193362322562e-01 9.747541649658837404e-01 9.621090426726273126e-01 9.539111474250498990e-01 9.554219327827000452e-01 9.547251463764399038e-01 9.492528786798011264e-01 9.301249405429008466e-01 9.254870831976911294e-01 9.084499162204411338e-01 9.482514139311246648e-01 8.655146989639610489e-01 8.700641948907545942e-01 8.969224376434226098e-01 8.721546334346867990e-01 9.221851714213531448e-01 8.834756016906741838e-01 8.095112724291795292e-01 8.502343365879652115e-01 7.856130495306605788e-01 7.630745927335700340e-01 7.803235825216849886e-01 8.038229119042352711e-01 8.221912146711194413e-01 5.296701250172912712e-01 0.000000000000000000e+00 6.068646102147818855e-01 6.230079682561773247e-01 7.953694884903081963e-01
3.000000000000000000e+01 1.118951223441896348e+00 1.021066479289092888e+00 9.905759456091141057e-01 9.879847840024236216e-01 9.842308929098402270e-01 9.724877072608968387e-01 9.637024887463592204e-01 9.676315466521663300e-01 9.612722606392176683e-01 9.606651612046219757e-01 9.381789068807677712e-01 9.353647103812858798e-01 9.104761988093945657e-01 9.768727238351802011e-01 8.661472511543411024e-01 9.002697445342506821e-01 9.270968896585414232e-01 9.032396324893612327e-01 9.535456902447536631e-01 9.152705041781803441e-01 8.154321696304200895e-01 8.842713892491580463e-01 7.904913285225128039e-01 7.693979300377080666e-01 8.228352839403563213e-01 8.428379199688473822e-01 8.587423191056327010e-01 6.657387752717289775e-01 6.068646102147818855e-01 0.000000000000000000e+00 6.861549850542392193e-01 8.254386616246711661e-01
3.100000000000000000e+01 1.143386303450888875e+00 1.043655581413263089e+00 1.005777224902494993e+00 1.005053186504984097e+00 9.998184911855974022e-01 9.871408392597507131e-01 9.794132550283913830e-01 9.798172600348240557e-01 9.812121981536510162e-01 9.742170057441579267e-01 9.571108595972113164e-01 9.520306706271051134e-01 9.376918431628262773e-01 9.569905885025042913e-01 8.981520262450515268e-01 8.794675282819595097e-01 9.042171933219438351e-01 8.793516259780287392e-01 9.257479441276199594e-01 8.878456212139020920e-01 8.481713738488658727e-01 8.520779133304308139e-01 8.286173109435375217e-01 8.104544089354255298e-01 7.635680276580112391e-01 7.771803408645658884e-01 7.909789629783983145e-01 5.856808995748448154e-01 6.230079682561773247e-01 6.861549850542392193e-01 0.000000000000000000e+00 7.411145153354241621e-01
3.200000000000000000e+01 1.207943228875385966e+00 1.108110211973908132e+00 1.066837043556474907e+00 1.067230727595522399e+00 1.061207385406721215e+00 1.048184945994024897e+00 1.041272770051454355e+00 1.039410907171084641e+00 1.045408661380133886e+00 1.034842183537841187e+00 1.021420733525919111e+00 1.015219598960505731e+00 1.006544682761786103e+00 9.858581720155221717e-01 9.710001564336772084e-01 9.110861882613510154e-01 9.307032210499532887e-01 9.064435215313180194e-01 9.436988339240262036e-01 9.085097854377348625e-01 9.260771833547187804e-01 8.692924380091948677e-01 9.109876288144644896e-01 8.967760950869729797e-01 7.594176444484013189e-01 7.286056908290197143e-01 7.116568775075353681e-01 7.743174422529854883e-01 7.953694884903081963e-01 8.254386616246711661e-01 7.411145153354241621e-01 0.000000000000000000e+00
