0.000000000000000000e+00 1.000000000000000000e+00 2.000000000000000000e+00 3.000000000000000000e+00 4.000000000000000000e+00 5.000000000000000000e+00 6.000000000000000000e+00 7.000000000000000000e+00 8.000000000000000000e+00 9.000000000000000000e+00 1.000000000000000000e+01 1.100000000000000000e+01 1.200000000000000000e+01 1.300000000000000000e+01 1.400000000000000000e+01 1.500000000000000000e+01 1.600000000000000000e+01 1.700000000000000000e+01 1.800000000000000000e+01 1.900000000000000000e+01 2.000000000000000000e+01 2.100000000000000000e+01 2.200000000000000000e+01 2.300000000000000000e+01 2.400000000000000000e+01 2.500000000000000000e+01 2.600000000000000000e+01 2.700000000000000000e+01 2.800000000000000000e+01 2.900000000000000000e+01 3.000000000000000000e+01 3.100000000000000000e+01 3.200000000000000000e+01
1.000000000000000000e+00 0.000000000000000000e+00 8.649978052640013848e-01 9.746998344041284401e-01 9.565313038906796406e-01 9.714675785797128871e-01 9.809817141250678496e-01 9.744228269432405609e-01 1.000445966289627897e+00 9.442959064187361751e-01 9.907311861854735113e-01 9.652243944631362371e-01 9.788604920495479478e-01 9.567724191338203843e-01 1.184677294121493585e+00 9.857107522196357774e-01 1.122778022224925287e+00 1.149870005367057857e+00 1.133740162077786939e+00 1.189252397164370256e+00 1.153467790884606936e+00 1.018499386451826139e+00 1.140758536377809440e+00 1.028142439733941593e+00 1.037118952749201073e+00 1.141100772779706007e+00 1.167870275165489913e+00 1.188035946750420235e+00 1.102276486155418622e+00 1.093759859655401234e+00 1.081459929768057826e+00 1.118465790803879090e+00 1.184259161134139759e+00
2.000000000000000000e+00 8.649978052640013848e-01 0.000000000000000000e+00 8.353498660174787371e-01 8.058917332725937799e-01 8.299397149850407107e-01 8.437090415978294455e-01 8.341955622796882741e-01 8.703617066852524786e-01 7.854574750589580212e-01 8.576327003635517698e-01 8.244919965546546603e-01 8.438222427059697273e-01 8.379106657935221358e-01 1.076079145750189703e+00 8.811102199051792372e-01 1.015266412534999496e+00 1.042518380333172345e+00 1.027004587459317664e+00 1.083160986645079982e+00 1.047516820421268369e+00 9.156045890986266311e-01 1.036405316819625666e+00 9.283245546005183257e-01 9.385451417049799350e-01 1.042339162163942179e+00 1.070457240032238522e+00 1.091562220306533382e+00 1.008738727639778121e+00 1.001215387460618667e+00 9.917200244025532463e-01 1.026585649954875334e+00 1.092025388717059897e+00
3.000000000000000000e+00 9.746998344041284401e-01 8.353498660174787371e-01 0.000000000000000000e+00 5.994945285729996742e-01 4.613901003466613915e-01 5.761047728983659244e-01 6.281286708856576029e-01 6.628254562796314087e-01 7.324398564502845321e-01 6.518562023633036606e-01 7.396068110592459721e-01 7.250068649584172631e-01 8.424064923236952440e-01 9.888498606813307390e-01 8.699251366489983983e-01 9.341953964357698759e-01 9.608045703978436158e-01 9.482734934128729254e-01 1.005445126243642795e+00 9.709377536021099875e-01 8.825466559322696636e-01 9.659708810821376890e-01 8.971713362006745740e-01 9.062714232414987858e-01 9.897751834237709101e-01 1.020740041274468490e+00 1.044010955244115690e+00 9.736142330896264685e-01 9.694402647116990845e-01 9.670929303202804306e-01 9.938845104355660265e-01 1.055491184578442709e+00
4.000000000000000000e+00 9.565313038906796406e-01 8.058917332725937799e-01 5.994945285729996742e-01 0.000000000000000000e+00 5.682836574015324160e-01 6.411259152457056132e-01 6.349017753674409681e-01 7.154119264424358970e-01 6.840330997849959349e-01 6.928475038679504650e-01 7.174373854483953039e-01 7.191010229149169541e-01 8.247696228479347580e-01 1.001609896473934835e+00 8.589155297605648443e-01 9.447979646816131449e-01 9.718194419442647281e-01 9.583164718481975708e-01 1.015442923462285707e+00 9.805046644490256202e-01 8.775559950826374855e-01 9.737640226630335238e-01 8.927034330012197927e-01 9.025612039714550061e-01 9.929836461540710868e-01 1.023410301130877942e+00 1.046229129339489861e+00 9.724490461620713955e-01 9.674734730786831438e-01 9.636422516984293196e-01 9.924113714300262235e-01 1.055198632171313822e+00
5.000000000000000000e+00 9.714675785797128871e-01 8.299397149850407107e-01 4.613901003466613915e-01 5.682836574015324160e-01 0.000000000000000000e+00 5.467175035813887085e-01 5.901784832068174280e-01 6.626830987521401539e-01 7.137868289028261870e-01 6.390504923529238823e-01 7.213137773790434526e-01 7.070608223035187434e-01 8.323070141717981985e-01 9.863087689117864265e-01 8.611301086576561570e-01 9.308085476657090851e-01 9.576615769099410258e-01 9.447889238686564273e-01 1.002078048263787879e+00 9.673908363861023485e-01 8.747315500322361270e-01 9.619103967547901757e-01 8.897499369552919202e-01 8.991278250213656786e-01 9.846544938533241531e-01 1.015572652788806929e+00 1.038779427391171462e+00 9.675576455340213489e-01 9.632326438461931151e-01 9.606865435617466531e-01 9.878661240985129322e-01 1.049799763431456423e+00
6.000000000000000000e+00 9.809817141250678496e-01 8.437090415978294455e-01 5.761047728983659244e-01 6.411259152457056132e-01 5.467175035813887085e-01 0.000000000000000000e+00 5.318591086104201837e-01 6.005118519498457985e-01 7.205426627684110574e-01 5.467295670373135685e-01 7.077432777515304529e-01 6.773878761551440641e-01 8.270160074187030697e-01 9.683978154897503465e-01 8.522679581803349613e-01 9.129944803032943312e-01 9.400305250162768189e-01 9.273016818079986567e-01 9.849237778731223525e-01 9.502306945184753051e-01 8.621748563059035142e-01 9.452827020608476349e-01 8.774991412524304479e-01 8.867323177169794679e-01 9.700389839358647404e-01 1.001367988357295014e+00 1.024863133855617336e+00 9.550462499197049926e-01 9.511541940560215291e-01 9.495814565482740832e-01 9.757266325374940319e-01 1.037252295460160845e+00
7.000000000000000000e+00 9.744228269432405609e-01 8.341955622796882741e-01 6.281286708856576029e-01 6.349017753674409681e-01 5.901784832068174280e-01 5.318591086104201837e-01 0.000000000000000000e+00 6.463013533298802571e-01 6.866216813495440441e-01 5.810155881671859035e-01 6.661329554483592652e-01 6.337839172587881320e-01 8.086903643158854793e-01 9.692490780767131220e-01 8.372323733928388467e-01 9.120558521849937428e-01 9.395495022367561511e-01 9.260616729671944380e-01 9.838362843415293657e-01 9.487673163910532725e-01 8.499945170311520304e-01 9.425869864125882014e-01 8.662329286208576562e-01 8.761597909864307088e-01 9.645737202820792167e-01 9.957162338817788783e-01 1.019011477988591929e+00 9.470576826260599379e-01 9.427396891324748562e-01 9.405367902460364249e-01 9.677597020025074936e-01 1.030106419955666208e+00
8.000000000000000000e+00 1.000445966289627897e+00 8.703617066852524786e-01 6.628254562796314087e-01 7.154119264424358970e-01 6.626830987521401539e-01 6.005118519498457985e-01 6.463013533298802571e-01 0.000000000000000000e+00 7.628016862783166818e-01 5.333505193270990929e-01 7.386233295382214070e-01 6.994303399075886274e-01 8.410932109761045661e-01 9.439045226459072957e-01 8.585120833051618217e-01 8.907595503831022832e-01 9.174913821376513567e-01 9.058657009332560239e-01 9.637456141317215508e-01 9.294954758474986978e-01 8.606398302004019119e-01 9.267351457899255518e-01 8.751508661711935311e-01 8.833275667194089298e-01 9.574407302120448993e-01 9.895056171028306924e-01 1.013603803848738716e+00 9.481961873053530443e-01 9.453665526733081581e-01 9.457634587965380035e-01 9.692969011164163096e-01 1.029289103600678601e+00
9.000000000000000000e+00 9.442959064187361751e-01 7.854574750589580212e-01 7.324398564502845321e-01 6.840330997849959349e-01 7.137868289028261870e-01 7.205426627684110574e-01 6.866216813495440441e-01 7.628016862783166818e-01 0.000000000000000000e+00 7.355465484431065182e-01 6.289202077708788696e-01 6.862370232602547082e-01 7.616761479668102686e-01 9.985842514989484719e-01 8.128074258653732453e-01 9.379552533816983839e-01 9.658408465203862647e-01 9.506739702625186528e-01 1.007948203999434300e+00 9.722231270080661236e-01 8.428471383034801256e-01 9.626214564170936239e-01 8.600653454653119923e-01 8.717394593837173300e-01 9.749436074388302398e-01 1.004770907070783759e+00 1.027025433302846347e+00 9.478546501290818771e-01 9.417040876362634538e-01 9.359887480270883131e-01 9.677270718078234690e-01 1.032569615606490299e+00
1.000000000000000000e+01 9.907311861854735113e-01 8.576327003635517698e-01 6.518562023633036606e-01 6.928475038679504650e-01 6.390504923529238823e-01 5.467295670373135685e-01 5.810155881671859035e-01 5.333505193270990929e-01 7.355465484431065182e-01 0.000000000000000000e+00 7.050864172904314220e-01 6.567802400655099460e-01 8.240491162934190372e-01 9.496089329645216459e-01 8.445894340921566990e-01 8.941488283602385678e-01 9.214646542800366547e-01 9.088483802326090544e-01 9.669089959835213133e-01 9.321735441979457359e-01 8.498417484496025853e-01 9.277926328474930262e-01 8.653616452937960002e-01 8.743365746777538305e-01 9.548345341915112083e-01 9.866364572349699547e-01 1.010460601894614507e+00 9.422775107531722316e-01 9.388916331138796867e-01 9.384358958977703224e-01 9.633680282054271071e-01 1.024405581299200119e+00
1.100000000000000000e+01 9.652243944631362371e-01 8.244919965546546603e-01 7.396068110592459721e-01 7.174373854483953039e-01 7.213137773790434526e-01 7.077432777515304529e-01 6.661329554483592652e-01 7.386233295382214070e-01 6.289202077708788696e-01 7.050864172904314220e-01 0.000000000000000000e+00 5.758767188609595911e-01 7.465256343155682872e-01 9.708002687477921278e-01 7.883967771290942839e-01 9.091878630668004391e-01 9.376941703662744487e-01 9.222614499495345175e-01 9.802300861315187408e-01 9.442380058749815230e-01 8.124432450136718220e-01 9.347228279367458814e-01 8.320799044360072116e-01 8.444871248047431944e-01 9.488404394346170445e-01 9.794166714307779298e-01 1.002133015810821925e+00 9.239162282244557378e-01 9.183084994284202995e-01 9.142330330003760608e-01 9.447276034531124633e-01 1.009528708478141468e+00
1.200000000000000000e+01 9.788604920495479478e-01 8.438222427059697273e-01 7.250068649584172631e-01 7.191010229149169541e-01 7.070608223035187434e-01 6.773878761551440641e-01 6.337839172587881320e-01 6.994303399075886274e-01 6.862370232602547082e-01 6.567802400655099460e-01 5.758767188609595911e-01 0.000000000000000000e+00 7.724630628725798198e-01 9.527605351633146036e-01 7.994543688358357603e-01 8.920895901791334737e-01 9.207208412004477260e-01 9.058581821961280145e-01 9.643389058922038348e-01 9.284987905306689715e-01 8.118676158933613163e-01 9.204347772851282361e-01 8.309593949230846821e-01 8.423490090228065164e-01 9.392718771526633592e-01 9.706202416780154163e-01 9.939083842649536482e-01 9.192695841813238733e-01 9.146554775217803357e-01 9.125609247625394715e-01 9.406174751034812598e-01 1.004202965235369227e+00
1.300000000000000000e+01 9.567724191338203843e-01 8.379106657935221358e-01 8.424064923236952440e-01 8.247696228479347580e-01 8.323070141717981985e-01 8.270160074187030697e-01 8.086903643158854793e-01 8.410932109761045661e-01 7.616761479668102686e-01 8.240491162934190372e-01 7.465256343155682872e-01 7.724630628725798198e-01 0.000000000000000000e+00 9.962500904265252366e-01 6.817720065810723984e-01 9.298248308254533079e-01 9.585692779773351546e-01 9.406624122524653853e-01 9.974375125178249757e-01 9.605676923710781967e-01 7.721360094203930657e-01 9.456154062809110084e-01 7.935457717854335069e-01 8.102032694602232521e-01 9.433879652430527951e-01 9.716098556190335689e-01 9.925216086752814970e-01 9.012900445908804681e-01 8.921700130902074921e-01 8.814518964854092253e-01 9.207885156742394717e-01 9.903767321681646862e-01
1.400000000000000000e+01 1.184677294121493585e+00 1.076079145750189703e+00 9.888498606813307390e-01 1.001609896473934835e+00 9.863087689117864265e-01 9.683978154897503465e-01 9.692490780767131220e-01 9.439045226459072957e-01 9.985842514989484719e-01 9.496089329645216459e-01 9.708002687477921278e-01 9.527605351633146036e-01 9.962500904265252366e-01 0.000000000000000000e+00 9.772931645070979112e-01 6.552024244822969301e-01 5.730031952397749428e-01 6.452438977973919965e-01 6.076899290191930536e-01 6.369971389884523383e-01 9.405455144465817430e-01 7.149303920586251859e-01 9.401760076274094935e-01 9.358312357491109790e-01 8.554381156526409402e-01 8.877583817990817305e-01 9.171930862391042272e-01 9.337766944056478113e-01 9.433727259988866631e-01 9.611033732959954889e-01 9.522165130011186474e-01 9.813484239754464156e-01
1.500000000000000000e+01 9.857107522196357774e-01 8.811102199051792372e-01 8.699251366489983983e-01 8.589155297605648443e-01 8.611301086576561570e-01 8.522679581803349613e-01 8.372323733928388467e-01 8.585120833051618217e-01 8.128074258653732453e-01 8.445894340921566990e-01 7.883967771290942839e-01 7.994543688358357603e-01 6.817720065810723984e-01 9.772931645070979112e-01 0.000000000000000000e+00 9.077563284860401538e-01 9.370575921960919707e-01 9.176853213548079591e-01 9.743837154377257281e-01 9.368533304384258908e-01 6.912633760898760915e-01 9.191408970727954486e-01 7.216385371486198075e-01 7.467111660206537938e-01 9.099461524455818573e-01 9.379858825339513206e-01 9.586068750702774199e-01 8.597886153456362202e-01 8.489986933984765560e-01 8.367522260269169010e-01 8.805813081452691371e-01 9.538667625640218084e-01
1.600000000000000000e+01 1.122778022224925287e+00 1.015266412534999496e+00 9.341953964357698759e-01 9.447979646816131449e-01 9.308085476657090851e-01 9.129944803032943312e-01 9.120558521849937428e-01 8.907595503831022832e-01 9.379552533816983839e-01 8.941488283602385678e-01 9.091878630668004391e-01 8.920895901791334737e-01 9.298248308254533079e-01 6.552024244822969301e-01 9.077563284860401538e-01 0.000000000000000000e+00 5.481500371639702607e-01 4.618789193248336034e-01 6.507527032742992379e-01 5.787469287295701204e-01 8.669486140450179956e-01 6.184641627994316160e-01 8.653610390923009987e-01 8.598743258635523912e-01 7.756132164230844506e-01 8.138077619728067980e-01 8.450454681690178216e-01 8.551263214095039533e-01 8.654962735726792200e-01 8.849460044343506748e-01 8.749523474658726929e-01 9.067065118851802552e-01
1.700000000000000000e+01 1.149870005367057857e+00 1.042518380333172345e+00 9.608045703978436158e-01 9.718194419442647281e-01 9.576615769099410258e-01 9.400305250162768189e-01 9.395495022367561511e-01 9.174913821376513567e-01 9.658408465203862647e-01 9.214646542800366547e-01 9.376941703662744487e-01 9.207208412004477260e-01 9.585692779773351546e-01 5.730031952397749428e-01 9.370575921960919707e-01 5.481500371639702607e-01 0.000000000000000000e+00 5.052284503481321298e-01 5.623134437472605551e-01 5.100112155806064695e-01 8.976190460696815698e-01 6.273075939288199621e-01 8.958393338470234113e-01 8.903437475855853211e-01 7.942771077799359869e-01 8.280979106944841295e-01 8.585584770976104618e-01 8.815404553154959633e-01 8.923514618564951650e-01 9.117189691058760204e-01 8.998044823445934259e-01 9.265391051214284523e-01
1.800000000000000000e+01 1.133740162077786939e+00 1.027004587459317664e+00 9.482734934128729254e-01 9.583164718481975708e-01 9.447889238686564273e-01 9.273016818079986567e-01 9.260616729671944380e-01 9.058657009332560239e-01 9.506739702625186528e-01 9.088483802326090544e-01 9.222614499495345175e-01 9.058581821961280145e-01 9.406624122524653853e-01 6.452438977973919965e-01 9.176853213548079591e-01 4.618789193248336034e-01 5.052284503481321298e-01 0.000000000000000000e+00 6.115438060995022074e-01 5.051701850630057056e-01 8.764824373241124622e-01 5.785546009792226219e-01 8.739593102151814730e-01 8.678175162686685429e-01 7.662796125630508826e-01 8.031525448011633816e-01 8.346931658745966320e-01 8.563665314349349078e-01 8.677463584908473582e-01 8.880895782152480322e-01 8.750961193818278527e-01 9.023870121387091991e-01
1.900000000000000000e+01 1.189252397164370256e+00 1.083160986645079982e+00 1.005445126243642795e+00 1.015442923462285707e+00 1.002078048263787879e+00 9.849237778731223525e-01 9.838362843415293657e-01 9.637456141317215508e-01 1.007948203999434300e+00 9.669089959835213133e-01 9.802300861315187408e-01 9.643389058922038348e-01 9.974375125178249757e-01 6.076899290191930536e-01 9.743837154377257281e-01 6.507527032742992379e-01 5.623134437472605551e-01 6.115438060995022074e-01 0.000000000000000000e+00 5.342796848017152822e-01 9.342222191631763817e-01 6.377440096055129182e-01 9.310339513942671452e-01 9.245651282500111368e-01 8.030124110597396392e-01 8.311780921927722776e-01 8.608395821731102959e-01 9.055514401307316330e-01 9.178318401284146777e-01 9.383896750404563392e-01 9.217262986978587147e-01 9.400565557571995967e-01
2.000000000000000000e+01 1.153467790884606936e+00 1.047516820421268369e+00 9.709377536021099875e-01 9.805046644490256202e-01 9.673908363861023485e-01 9.502306945184753051e-01 9.487673163910532725e-01 9.294954758474986978e-01 9.722231270080661236e-01 9.321735441979457359e-01 9.442380058749815230e-01 9.284987905306689715e-01 9.605676923710781967e-01 6.369971389884523383e-01 9.368533304384258908e-01 5.787469287295701204e-01 5.100112155806064695e-01 5.051701850630057056e-01 5.342796848017152822e-01 0.000000000000000000e+00 8.956410111338670710e-01 5.582874211177946133e-01 8.922354974363249092e-01 8.855204699343690589e-01 7.647459557014288922e-01 7.975787395063689278e-01 8.287442241777205343e-01 8.667940333126229469e-01 8.791914031409173713e-01 9.002332687128475897e-01 8.838467551447382053e-01 9.048175659672907933e-01
2.100000000000000000e+01 1.018499386451826139e+00 9.156045890986266311e-01 8.825466559322696636e-01 8.775559950826374855e-01 8.747315500322361270e-01 8.621748563059035142e-01 8.499945170311520304e-01 8.606398302004019119e-01 8.428471383034801256e-01 8.498417484496025853e-01 8.124432450136718220e-01 8.118676158933613163e-01 7.721360094203930657e-01 9.405455144465817430e-01 6.912633760898760915e-01 8.669486140450179956e-01 8.976190460696815698e-01 8.764824373241124622e-01 9.342222191631763817e-01 8.956410111338670710e-01 0.000000000000000000e+00 8.753914360915924231e-01 5.495717965502544544e-01 6.223290218672641316e-01 8.631004354969384895e-01 8.934071318395180317e-01 9.152088623475227447e-01 8.098281915432317124e-01 7.993060498821307203e-01 7.935075531898054813e-01 8.361744455486961325e-01 9.135230493736035129e-01
2.200000000000000000e+01 1.140758536377809440e+00 1.036405316819625666e+00 9.659708810821376890e-01 9.737640226630335238e-01 9.619103967547901757e-01 9.452827020608476349e-01 9.425869864125882014e-01 9.267351457899255518e-01 9.626214564170936239e-01 9.277926328474930262e-01 9.347228279367458814e-01 9.204347772851282361e-01 9.456154062809110084e-01 7.149303920586251859e-01 9.191408970727954486e-01 6.184641627994316160e-01 6.273075939288199621e-01 5.785546009792226219e-01 6.377440096055129182e-01 5.582874211177946133e-01 8.753914360915924231e-01 0.000000000000000000e+00 8.700190219037053918e-01 8.617676110989980209e-01 7.118261361268747311e-01 7.503586509775965752e-01 7.846023004991136141e-01 8.319393422043870334e-01 8.462848690037962918e-01 8.696752024548088933e-01 8.485112199050115489e-01 8.660228533441256538e-01
2.300000000000000000e+01 1.028142439733941593e+00 9.283245546005183257e-01 8.971713362006745740e-01 8.927034330012197927e-01 8.897499369552919202e-01 8.774991412524304479e-01 8.662329286208576562e-01 8.751508661711935311e-01 8.600653454653119923e-01 8.653616452937960002e-01 8.320799044360072116e-01 8.309593949230846821e-01 7.935457717854335069e-01 9.401760076274094935e-01 7.216385371486198075e-01 8.653610390923009987e-01 8.958393338470234113e-01 8.739593102151814730e-01 9.310339513942671452e-01 8.922354974363249092e-01 5.495717965502544544e-01 8.700190219037053918e-01 0.000000000000000000e+00 5.159125130806476722e-01 8.511611098264018072e-01 8.810681637660746635e-01 9.025117211087569924e-01 7.885942137444610367e-01 7.760345665805388204e-01 7.695727559101059878e-01 8.167800182579407764e-01 8.981572181059700455e-01
2.400000000000000000e+01 1.037118952749201073e+00 9.385451417049799350e-01 9.062714232414987858e-01 9.025612039714550061e-01 8.991278250213656786e-01 8.867323177169794679e-01 8.761597909864307088e-01 8.833275667194089298e-01 8.717394593837173300e-01 8.743365746777538305e-01 8.444871248047431944e-01 8.423490090228065164e-01 8.102032694602232521e-01 9.358312357491109790e-01 7.467111660206537938e-01 8.598743258635523912e-01 8.903437475855853211e-01 8.678175162686685429e-01 9.245651282500111368e-01 8.855204699343690589e-01 6.223290218672641316e-01 8.617676110989980209e-01 5.159125130806476722e-01 0.000000000000000000e+00 8.383022248532789877e-01 8.684383267955200214e-01 8.899261525458859179e-01 7.688052275315246931e-01 7.550253294364419610e-01 7.507074212596069884e-01 7.998098890686204943e-01 8.846705407875168348e-01
2.500000000000000000e+01 1.141100772779706007e+00 1.042339162163942179e+00 9.897751834237709101e-01 9.929836461540710868e-01 9.846544938533241531e-01 9.700389839358647404e-01 9.645737202820792167e-01 9.574407302120448993e-01 9.749436074388302398e-01 9.548345341915112083e-01 9.488404394346170445e-01 9.392718771526633592e-01 9.433879652430527951e-01 8.554381156526409402e-01 9.099461524455818573e-01 7.756132164230844506e-01 7.942771077799359869e-01 7.662796125630508826e-01 8.030124110597396392e-01 7.647459557014288922e-01 8.631004354969384895e-01 7.118261361268747311e-01 8.511611098264018072e-01 8.383022248532789877e-01 0.000000000000000000e+00 5.852845237325106087e-01 6.578290186967425957e-01 7.528440583067885772e-01 7.771001280188871707e-01 8.092040054741054256e-01 7.614080455024969663e-01 7.577161480364345003e-01
2.600000000000000000e+01 1.167870275165489913e+00 1.070457240032238522e+00 1.020740041274468490e+00 1.023410301130877942e+00 1.015572652788806929e+00 1.001367988357295014e+00 9.957162338817788783e-01 9.895056171028306924e-01 1.004770907070783759e+00 9.866364572349699547e-01 9.794166714307779298e-01 9.706202416780154163e-01 9.716098556190335689e-01 8.877583817990817305e-01 9.379858825339513206e-01 8.138077619728067980e-01 8.280979106944841295e-01 8.031525448011633816e-01 8.311780921927722776e-01 7.975787395063689278e-01 8.934071318395180317e-01 7.503586509775965752e-01 8.810681637660746635e-01 8.684383267955200214e-01 5.852845237325106087e-01 0.000000000000000000e+00 5.306566187136974033e-01 7.770966158887955277e-01 7.999073629225643689e-01 8.280835660560077471e-01 7.749071066724104728e-01 7.276256315180926748e-01
2.700000000000000000e+01 1.188035946750420235e+00 1.091562220306533382e+00 1.044010955244115690e+00 1.046229129339489861e+00 1.038779427391171462e+00 1.024863133855617336e+00 1.019011477988591929e+00 1.013603803848738716e+00 1.027025433302846347e+00 1.010460601894614507e+00 1.002133015810821925e+00 9.939083842649536482e-01 9.925216086752814970e-01 9.171930862391042272e-01 9.586068750702774199e-01 8.450454681690178216e-01 8.585584770976104618e-01 8.346931658745966320e-01 8.608395821731102959e-01 8.287442241777205343e-01 9.152088623475227447e-01 7.846023004991136141e-01 9.025117211087569924e-01 8.899261525458859179e-01 6.578290186967425957e-01 5.306566187136974033e-01 0.000000000000000000e+00 7.962189560161705426e-01 8.176482171327188464e-01 8.430639475139081185e-01 7.884416086650893885e-01 7.110402629137317909e-01
2.800000000000000000e+01 1.102276486155418622e+00 1.008738727639778121e+00 9.736142330896264685e-01 9.724490461620713955e-01 9.675576455340213489e-01 9.550462499197049926e-01 9.470576826260599379e-01 9.481961873053530443e-01 9.478546501290818771e-01 9.422775107531722316e-01 9.239162282244557378e-01 9.192695841813238733e-01 9.012900445908804681e-01 9.337766944056478113e-01 8.597886153456362202e-01 8.551263214095039533e-01 8.815404553154959633e-01 8.563665314349349078e-01 9.055514401307316330e-01 8.667940333126229469e-01 8.098281915432317124e-01 8.319393422043870334e-01 7.885942137444610367e-01 7.688052275315246931e-01 7.528440583067885772e-01 7.770966158887955277e-01 7.962189560161705426e-01 0.000000000000000000e+00 5.293141087096404629e-01 6.587183774450586782e-01 5.849452540912312148e-01 7.698140020003005901e-01
2.900000000000000000e+01 1.093759859655401234e+00 1.001215387460618667e+00 9.694402647116990845e-01 9.674734730786831438e-01 9.632326438461931151e-01 9.511541940560215291e-01 9.427396891324748562e-01 9.453665526733081581e-01 9.417040876362634538e-01 9.388916331138796867e-01 9.183084994284202995e-01 9.146554775217803357e-01 8.921700130902074921e-01 9.433727259988866631e-01 8.489986933984765560e-01 8.654962735726792200e-01 8.923514618564951650e-01 8.677463584908473582e-01 9.178318401284146777e-01 8.791914031409173713e-01 7.993060498821307203e-01 8.462848690037962918e-01 7.760345665805388204e-01 7.550253294364419610e-01 7.771001280188871707e-01 7.999073629225643689e-01 8.176482171327188464e-01 5.293141087096404629e-01 0.000000000000000000e+00 6.024460309489714227e-01 6.212992682833187175e-01 7.884006188484988797e-01
3.000000000000000000e+01 1.081459929768057826e+00 9.917200244025532463e-01 9.670929303202804306e-01 9.636422516984293196e-01 9.606865435617466531e-01 9.495814565482740832e-01 9.405367902460364249e-01 9.457634587965380035e-01 9.359887480270883131e-01 9.384358958977703224e-01 9.142330330003760608e-01 9.125609247625394715e-01 8.814518964854092253e-01 9.611033732959954889e-01 8.367522260269169010e-01 8.849460044343506748e-01 9.117189691058760204e-01 8.880895782152480322e-01 9.383896750404563392e-01 9.002332687128475897e-01 7.935075531898054813e-01 8.696752024548088933e-01 7.695727559101059878e-01 7.507074212596069884e-01 8.092040054741054256e-01 8.280835660560077471e-01 8.430639475139081185e-01 6.587183774450586782e-01 6.024460309489714227e-01 0.000000000000000000e+00 6.762212308040693731e-01 8.064225006933658513e-01
3.100000000000000000e+01 1.118465790803879090e+00 1.026585649954875334e+00 9.938845104355660265e-01 9.924113714300262235e-01 9.878661240985129322e-01 9.757266325374940319e-01 9.677597020025074936e-01 9.692969011164163096e-01 9.677270718078234690e-01 9.633680282054271071e-01 9.447276034531124633e-01 9.406174751034812598e-01 9.207885156742394717e-01 9.522165130011186474e-01 8.805813081452691371e-01 8.749523474658726929e-01 8.998044823445934259e-01 8.750961193818278527e-01 9.217262986978587147e-01 8.838467551447382053e-01 8.361744455486961325e-01 8.485112199050115489e-01 8.167800182579407764e-01 7.998098890686204943e-01 7.614080455024969663e-01 7.749071066724104728e-01 7.884416086650893885e-01 5.849452540912312148e-01 6.212992682833187175e-01 6.762212308040693731e-01 0.000000000000000000e+00 7.376540931357391528e-01
3.200000000000000000e+01 1.184259161134139759e+00 1.092025388717059897e+00 1.055491184578442709e+00 1.055198632171313822e+00 1.049799763431456423e+00 1.037252295460160845e+00 1.030106419955666208e+00 1.029289103600678601e+00 1.032569615606490299e+00 1.024405581299200119e+00 1.009528708478141468e+00 1.004202965235369227e+00 9.903767321681646862e-01 9.813484239754464156e-01 9.538667625640218084e-01 9.067065118851802552e-01 9.265391051214284523e-01 9.023870121387091991e-01 9.400565557571995967e-01 9.048175659672907933e-01 9.135230493736035129e-01 8.660228533441256538e-01 8.981572181059700455e-01 8.846705407875168348e-01 7.577161480364345003e-01 7.276256315180926748e-01 7.110402629137317909e-01 7.698140020003005901e-01 7.884006188484988797e-01 8.064225006933658513e-01 7.376540931357391528e-01 0.000000000000000000e+00
