0.000000000000000000e+00 1.000000000000000000e+00 2.000000000000000000e+00 3.000000000000000000e+00 4.000000000000000000e+00 5.000000000000000000e+00 6.000000000000000000e+00 7.000000000000000000e+00 8.000000000000000000e+00 9.000000000000000000e+00 1.000000000000000000e+01 1.100000000000000000e+01 1.200000000000000000e+01 1.300000000000000000e+01 1.400000000000000000e+01 1.500000000000000000e+01 1.600000000000000000e+01 1.700000000000000000e+01 1.800000000000000000e+01 1.900000000000000000e+01 2.000000000000000000e+01 2.100000000000000000e+01 2.200000000000000000e+01 2.300000000000000000e+01 2.400000000000000000e+01 2.500000000000000000e+01 2.600000000000000000e+01 2.700000000000000000e+01 2.800000000000000000e+01 2.900000000000000000e+01 3.000000000000000000e+01 3.100000000000000000e+01 3.200000000000000000e+01
1.000000000000000000e+00 0.000000000000000000e+00 8.712722116126419003e-01 9.835929150330314785e-01 9.652083261053988616e-01 9.805458109479614492e-01 9.907024422764376670e-01 9.844165946273288892e-01 1.010741086949820788e+00 9.543146901669452564e-01 1.001110173320496788e+00 9.765935557356062446e-01 9.903161669328460759e-01 9.735790238318318135e-01 1.200777486179454234e+00 1.007725028577493909e+00 1.139535104563097478e+00 1.166645703664009659e+00 1.150868055301426773e+00 1.206665606002598867e+00 1.170982364695673628e+00 1.039920800057094308e+00 1.159179560921601126e+00 1.051792140828820443e+00 1.061622246122599922e+00 1.163227096747041278e+00 1.191164988422985127e+00 1.212251776877379505e+00 1.130838034316773877e+00 1.125123392997658955e+00 1.128984217485056840e+00 1.149833963958679428e+00 1.213719868772594079e+00
2.000000000000000000e+00 8.712722116126419003e-01 0.000000000000000000e+00 8.366827287896759779e-01 8.069545782066888107e-01 8.312984035504309421e-01 8.454098627779307318e-01 8.359182009630996557e-01 8.725245976675723991e-01 7.867115517659153401e-01 8.597278478094223519e-01 8.266181835911987630e-01 8.462374390600363450e-01 8.429158878161195911e-01 1.083194687192279071e+00 8.911723259343291570e-01 1.022908348475786822e+00 1.050226091696096820e+00 1.035011177364821178e+00 1.091490936652854682e+00 1.055914802209480641e+00 9.261427856162518513e-01 1.045638460303007111e+00 9.411626928565484107e-01 9.524108925967817996e-01 1.055184068809717823e+00 1.084551366654094240e+00 1.106626876868253895e+00 1.027698989406206964e+00 1.022869956496669230e+00 1.029427866335567598e+00 1.048534211248061565e+00 1.112441071515501534e+00
3.000000000000000000e+00 9.835929150330314785e-01 8.366827287896759779e-01 0.000000000000000000e+00 5.995180112635200009e-01 4.613919022184755914e-01 5.761318155215857661e-01 6.281712622933752765e-01 6.629356729623951949e-01 7.326231328762211614e-01 6.519515883150406310e-01 7.398488153919522414e-01 7.252324084921709657e-01 8.450468173621872303e-01 9.916643235918287669e-01 8.754239778164913943e-01 9.373366019847584329e-01 9.640270341768388818e-01 9.516952466116979092e-01 1.009151569549998850e+00 9.746741114531571881e-01 8.875536128827614668e-01 9.703279989734174826e-01 9.039340802947415376e-01 9.138315511606240893e-01 9.970853542933608704e-01 1.029245928664235477e+00 1.053449773306187165e+00 9.860132147170614925e-01 9.842477723530003164e-01 9.972927047518915789e-01 1.009249187241026968e+00 1.069951871449740022e+00
4.000000000000000000e+00 9.652083261053988616e-01 8.069545782066888107e-01 5.995180112635200009e-01 0.000000000000000000e+00 5.683053469581667017e-01 6.412082672395158500e-01 6.349872993641094698e-01 7.156344496752342632e-01 6.841433081605912125e-01 6.930373396913946937e-01 7.176964797281493169e-01 7.194047781805258390e-01 8.272905392889173815e-01 1.004918010577775744e+00 8.645684273387970187e-01 9.484615582816433577e-01 9.755670817864463551e-01 9.622791546307094546e-01 1.019704594470814296e+00 9.848004454366865446e-01 8.830383873576641562e-01 9.787203039318224107e-01 9.000576501744692592e-01 9.107911994565558444e-01 1.001033384686127681e+00 1.032681544344521418e+00 1.056450107731162991e+00 9.857762408004082655e-01 9.832571466492734391e-01 9.949583879017287469e-01 1.008744988756093308e+00 1.070537955451223322e+00
5.000000000000000000e+00 9.805458109479614492e-01 8.312984035504309421e-01 4.613919022184755914e-01 5.683053469581667017e-01 0.000000000000000000e+00 5.467383868075985642e-01 5.902083470985710623e-01 6.627889784351526092e-01 7.139411277846015036e-01 6.391364738262608203e-01 7.215174678330278368e-01 7.072567109770663274e-01 8.348236962029120800e-01 9.891451867910483475e-01 8.664907656288516336e-01 9.339715406157915734e-01 9.609081794860858672e-01 9.482353867121886548e-01 1.005813253430971610e+00 9.711553112586237546e-01 8.796727707957026077e-01 9.662995647147925027e-01 8.964616443490069919e-01 9.066558074234412068e-01 9.920172929404389439e-01 1.024139806562874844e+00 1.048284974394063429e+00 9.800254746256984451e-01 9.781109571840655992e-01 9.909752701151386400e-01 1.003317829703613162e+00 1.064350253545933267e+00
6.000000000000000000e+00 9.907024422764376670e-01 8.454098627779307318e-01 5.761318155215857661e-01 6.412082672395158500e-01 5.467383868075985642e-01 0.000000000000000000e+00 5.318656229855667217e-01 6.005481731359449959e-01 7.207455015349035765e-01 5.467517921223623567e-01 7.078938251718507324e-01 6.774926432162132750e-01 8.294293883612611218e-01 9.708660200637597715e-01 8.572484699048561474e-01 9.157622730734524819e-01 9.428841912580390172e-01 9.303417810574694524e-01 9.882477214013087874e-01 9.535786875293497111e-01 8.665862003974194039e-01 9.492266544424983188e-01 8.836035564539179710e-01 8.936186460025257183e-01 9.768687886457183556e-01 1.009396096544482591e+00 1.033825360766019053e+00 9.668390191550926271e-01 9.653167364834331909e-01 9.790608813002001920e-01 9.905030357922581796e-01 1.051217664611439950e+00
7.000000000000000000e+00 9.844165946273288892e-01 8.359182009630996557e-01 6.281712622933752765e-01 6.349872993641094698e-01 5.902083470985710623e-01 5.318656229855667217e-01 0.000000000000000000e+00 6.463555551780719721e-01 6.867751521162954731e-01 5.810443236695010949e-01 6.662287851796224736e-01 6.338573260382852625e-01 8.108765733750553650e-01 9.718430287348811536e-01 8.419834358349955750e-01 9.149535521433651564e-01 9.425379935736746262e-01 9.292401286112672576e-01 9.873085513396189228e-01 9.522630462377370542e-01 8.543578262414266433e-01 9.466923372311648599e-01 8.723333447655989836e-01 8.830903875102980027e-01 9.716260602023656379e-01 1.003987541542719741e+00 1.028230032077826372e+00 9.591330119638128426e-01 9.571957939736532861e-01 9.703667668380890898e-01 9.828605762413642477e-01 1.044387567625272073e+00
8.000000000000000000e+00 1.010741086949820788e+00 8.725245976675723991e-01 6.629356729623951949e-01 7.156344496752342632e-01 6.627889784351526092e-01 6.005481731359449959e-01 6.463555551780719721e-01 0.000000000000000000e+00 7.631870023176070550e-01 5.333563678582493583e-01 7.388387621537368943e-01 6.995276095966201924e-01 8.437042798275367073e-01 9.458417055638623783e-01 8.633666888844613307e-01 8.929582654299677014e-01 9.197727854530555192e-01 9.083128520118559646e-01 9.664585271997014893e-01 9.322267796153380637e-01 8.645340825260969808e-01 9.300107604499863179e-01 8.805933834431547425e-01 8.894526223703596024e-01 9.634208308514484731e-01 9.966512715865138983e-01 1.021662247980878568e+00 9.588942713028865139e-01 9.583720959552610719e-01 9.739034025532513628e-01 9.829262376748546526e-01 1.042226858570573622e+00
9.000000000000000000e+00 9.543146901669452564e-01 7.867115517659153401e-01 7.326231328762211614e-01 6.841433081605912125e-01 7.139411277846015036e-01 7.207455015349035765e-01 6.867751521162954731e-01 7.631870023176070550e-01 0.000000000000000000e+00 7.358547375753512476e-01 6.290531195808637399e-01 6.865097902330773438e-01 7.633761402193441903e-01 1.002415121951739652e+00 8.177502924864434863e-01 9.421559073769525394e-01 9.701406622247814582e-01 9.552006613487502573e-01 1.012804787791879324e+00 9.771124785230029808e-01 8.483249112317698959e-01 9.682156768605958419e-01 8.675913182313119698e-01 8.803075663195816247e-01 9.838261892861754898e-01 1.014935568286545964e+00 1.038178291869738423e+00 9.622278045873542407e-01 9.585802562780318947e-01 9.685943095672386871e-01 9.852221383324304416e-01 1.049019292202726827e+00
1.000000000000000000e+01 1.001110173320496788e+00 8.597278478094223519e-01 6.519515883150406310e-01 6.930373396913946937e-01 6.391364738262608203e-01 5.467517921223623567e-01 5.810443236695010949e-01 5.333563678582493583e-01 7.358547375753512476e-01 0.000000000000000000e+00 7.052379116346823018e-01 6.568417804810430249e-01 8.264479579137284926e-01 9.517170862376300722e-01 8.492650681841229510e-01 8.965276567845827937e-01 9.239309827623500837e-01 9.114865195695480704e-01 9.698243555958314666e-01 9.351075529054653224e-01 8.537525607595979338e-01 9.312903678038275679e-01 8.708748030418704822e-01 8.805863267638640579e-01 9.611167128330226905e-01 9.941078380939358805e-01 1.018859890090561215e+00 9.533621519883521689e-01 9.523004481004029298e-01 9.670522165615518251e-01 9.774308945076268795e-01 1.037755926505765203e+00
1.100000000000000000e+01 9.765935557356062446e-01 8.266181835911987630e-01 7.398488153919522414e-01 7.176964797281493169e-01 7.215174678330278368e-01 7.078938251718507324e-01 6.662287851796224736e-01 7.388387621537368943e-01 6.290531195808637399e-01 7.052379116346823018e-01 0.000000000000000000e+00 5.759204700156420609e-01 7.479347266536735539e-01 9.738092548281926941e-01 7.922017651317587728e-01 9.125036903596315252e-01 9.411194632470811783e-01 9.258835586445710586e-01 9.841795803853825575e-01 9.482066418620713755e-01 8.165019897700505069e-01 9.393377702243435046e-01 8.380136395983521780e-01 8.514217138006141550e-01 9.565843591686740144e-01 9.884493769421280884e-01 1.012156983134479660e+00 9.368501247846012792e-01 9.336517126101939734e-01 9.451301709364019477e-01 9.608321893835645167e-01 1.024807143204625515e+00
1.200000000000000000e+01 9.903161669328460759e-01 8.462374390600363450e-01 7.252324084921709657e-01 7.194047781805258390e-01 7.072567109770663274e-01 6.774926432162132750e-01 6.338573260382852625e-01 6.995276095966201924e-01 6.865097902330773438e-01 6.568417804810430249e-01 5.759204700156420609e-01 0.000000000000000000e+00 7.742275658217174783e-01 9.551525146531598676e-01 8.032816601819590119e-01 8.947519899836116064e-01 9.234879205918482548e-01 9.088016404962988570e-01 9.675896114269355586e-01 9.317635033364015662e-01 8.154014451762212623e-01 9.242928526844234050e-01 8.361876032048054519e-01 8.484514980800237360e-01 9.460685978654093109e-01 9.786713656236913916e-01 1.002928558389561520e+00 9.309885987597745771e-01 9.287119239961578732e-01 9.419632281477972047e-01 9.554557710273952065e-01 1.018348713661803462e+00
1.300000000000000000e+01 9.735790238318318135e-01 8.429158878161195911e-01 8.450468173621872303e-01 8.272905392889173815e-01 8.348236962029120800e-01 8.294293883612611218e-01 8.108765733750553650e-01 8.437042798275367073e-01 7.633761402193441903e-01 8.264479579137284926e-01 7.479347266536735539e-01 7.742275658217174783e-01 0.000000000000000000e+00 1.002957371438044420e+00 6.841405547258898601e-01 9.368994430477719515e-01 9.658023476309387512e-01 9.481386475306530226e-01 1.005344926381543491e+00 9.684931484834087279e-01 7.779925184585878561e-01 9.543501818226638456e-01 8.020866220083395781e-01 8.204463590609787360e-01 9.559468301528444290e-01 9.856440058519810865e-01 1.007664671995513572e+00 9.199318866402752537e-01 9.134557753046272932e-01 9.191102377508266752e-01 9.429236541725913856e-01 1.011352122955741617e+00
1.400000000000000000e+01 1.200777486179454234e+00 1.083194687192279071e+00 9.916643235918287669e-01 1.004918010577775744e+00 9.891451867910483475e-01 9.708660200637597715e-01 9.718430287348811536e-01 9.458417055638623783e-01 1.002415121951739652e+00 9.517170862376300722e-01 9.738092548281926941e-01 9.551525146531598676e-01 1.002957371438044420e+00 0.000000000000000000e+00 9.849879555394402963e-01 6.552136073701044783e-01 5.730173324777023680e-01 6.452739290956641671e-01 6.077604573649808550e-01 6.370673763832619407e-01 9.444622665871631462e-01 7.151100399648031569e-01 9.447410335530221914e-01 9.402276294848697091e-01 8.566226469546396327e-01 8.896114525396063843e-01 9.196363109990635110e-01 9.380623748921903537e-01 9.497086789185049671e-01 9.813630833597704051e-01 9.584443484521016909e-01 9.871462405067434887e-01
1.500000000000000000e+01 1.007725028577493909e+00 8.911723259343291570e-01 8.754239778164913943e-01 8.645684273387970187e-01 8.664907656288516336e-01 8.572484699048561474e-01 8.419834358349955750e-01 8.633666888844613307e-01 8.177502924864434863e-01 8.492650681841229510e-01 7.922017651317587728e-01 8.032816601819590119e-01 6.841405547258898601e-01 9.849879555394402963e-01 0.000000000000000000e+00 9.156635937694772576e-01 9.451894668705866920e-01 9.259971192717635358e-01 9.831920514815295498e-01 9.456351699192704352e-01 6.943936876138634418e-01 9.286585318151332480e-01 7.271289321570990616e-01 7.543022611965364277e-01 9.232751316527572083e-01 9.529574948032875081e-01 9.747870259533808479e-01 8.788847429748669615e-01 8.706101025494359380e-01 8.749001748209408458e-01 9.036367223614296673e-01 9.761883871399708035e-01
1.600000000000000000e+01 1.139535104563097478e+00 1.022908348475786822e+00 9.373366019847584329e-01 9.484615582816433577e-01 9.339715406157915734e-01 9.157622730734524819e-01 9.149535521433651564e-01 8.929582654299677014e-01 9.421559073769525394e-01 8.965276567845827937e-01 9.125036903596315252e-01 8.947519899836116064e-01 9.368994430477719515e-01 6.552136073701044783e-01 9.156635937694772576e-01 0.000000000000000000e+00 5.481543552364485095e-01 4.618875829706152736e-01 6.507974084717180752e-01 5.787867496256708932e-01 8.708491284437216429e-01 6.185877423176040502e-01 8.698201512771079891e-01 8.640990980956022582e-01 7.766588116143187115e-01 8.155238080685387470e-01 8.473539748853258224e-01 8.590756716117307068e-01 8.714301139382871764e-01 9.046277833741729335e-01 8.808467096163263843e-01 9.123436057754719108e-01
1.700000000000000000e+01 1.166645703664009659e+00 1.050226091696096820e+00 9.640270341768388818e-01 9.755670817864463551e-01 9.609081794860858672e-01 9.428841912580390172e-01 9.425379935736746262e-01 9.197727854530555192e-01 9.701406622247814582e-01 9.239309827623500837e-01 9.411194632470811783e-01 9.234879205918482548e-01 9.658023476309387512e-01 5.730173324777023680e-01 9.451894668705866920e-01 5.481543552364485095e-01 0.000000000000000000e+00 5.052316308253823607e-01 5.623372409477074285e-01 5.100333037728090879e-01 9.017397484393514517e-01 6.274016423933703734e-01 9.005352725077817588e-01 8.947970331226944296e-01 7.952279061340432609e-01 8.296734974528818807e-01 8.606960249658071049e-01 8.854498008867357495e-01 8.982889777408773480e-01 9.314705813562829118e-01 9.055646714498915006e-01 9.318969815643955990e-01
1.800000000000000000e+01 1.150868055301426773e+00 1.035011177364821178e+00 9.516952466116979092e-01 9.622791546307094546e-01 9.482353867121886548e-01 9.303417810574694524e-01 9.292401286112672576e-01 9.083128520118559646e-01 9.552006613487502573e-01 9.114865195695480704e-01 9.258835586445710586e-01 9.088016404962988570e-01 9.481386475306530226e-01 6.452739290956641671e-01 9.259971192717635358e-01 4.618875829706152736e-01 5.052316308253823607e-01 0.000000000000000000e+00 6.115586780052817417e-01 5.051815905009346963e-01 8.806581131576232124e-01 5.786217129034527673e-01 8.786658826467204086e-01 8.722432107414621605e-01 7.671447703293809983e-01 8.046340763185071410e-01 8.367317007371131155e-01 8.600921238235765820e-01 8.734729141089501159e-01 9.075452037123008520e-01 8.806528846662049492e-01 9.076090511785772641e-01
1.900000000000000000e+01 1.206665606002598867e+00 1.091490936652854682e+00 1.009151569549998850e+00 1.019704594470814296e+00 1.005813253430971610e+00 9.882477214013087874e-01 9.873085513396189228e-01 9.664585271997014893e-01 1.012804787791879324e+00 9.698243555958314666e-01 9.841795803853825575e-01 9.675896114269355586e-01 1.005344926381543491e+00 6.077604573649808550e-01 9.831920514815295498e-01 6.507974084717180752e-01 5.623372409477074285e-01 6.115586780052817417e-01 0.000000000000000000e+00 5.342806631930989703e-01 9.388179099802540506e-01 6.377711098939378154e-01 9.361633039885157714e-01 9.293803096296102684e-01 8.036928357172572479e-01 8.323904235141206254e-01 8.625525531708735372e-01 9.091423598552570429e-01 9.234868728214429279e-01 9.578521575271408128e-01 9.269782844790934728e-01 9.447448672735894171e-01
2.000000000000000000e+01 1.170982364695673628e+00 1.055914802209480641e+00 9.746741114531571881e-01 9.848004454366865446e-01 9.711553112586237546e-01 9.535786875293497111e-01 9.522630462377370542e-01 9.322267796153380637e-01 9.771124785230029808e-01 9.351075529054653224e-01 9.482066418620713755e-01 9.317635033364015662e-01 9.684931484834087279e-01 6.370673763832619407e-01 9.456351699192704352e-01 5.787867496256708932e-01 5.100333037728090879e-01 5.051815905009346963e-01 5.342806631930989703e-01 0.000000000000000000e+00 9.001668144762193791e-01 5.583127099012881178e-01 8.972725677219779428e-01 8.902319845492789874e-01 7.654305326419865718e-01 7.988120290138163160e-01 8.304897910162214458e-01 8.703249920425883968e-01 8.847567011348165256e-01 9.195415368635553310e-01 8.890695603370433187e-01 9.095713242263907539e-01
2.100000000000000000e+01 1.039920800057094308e+00 9.261427856162518513e-01 8.875536128827614668e-01 8.830383873576641562e-01 8.796727707957026077e-01 8.665862003974194039e-01 8.543578262414266433e-01 8.645340825260969808e-01 8.483249112317698959e-01 8.537525607595979338e-01 8.165019897700505069e-01 8.154014451762212623e-01 7.779925184585878561e-01 9.444622665871631462e-01 6.943936876138634418e-01 8.708491284437216429e-01 9.017397484393514517e-01 8.806581131576232124e-01 9.388179099802540506e-01 9.001668144762193791e-01 0.000000000000000000e+00 8.803540249030539222e-01 5.499432456288337878e-01 6.234752825199691983e-01 8.708838022584328709e-01 9.028004918592384964e-01 9.257892704506742731e-01 8.213526935662927020e-01 8.126276600973332265e-01 8.218162326073892299e-01 8.519073015461480214e-01 9.298751766217683290e-01
2.200000000000000000e+01 1.159179560921601126e+00 1.045638460303007111e+00 9.703279989734174826e-01 9.787203039318224107e-01 9.662995647147925027e-01 9.492266544424983188e-01 9.466923372311648599e-01 9.300107604499863179e-01 9.682156768605958419e-01 9.312903678038275679e-01 9.393377702243435046e-01 9.242928526844234050e-01 9.543501818226638456e-01 7.151100399648031569e-01 9.286585318151332480e-01 6.185877423176040502e-01 6.274016423933703734e-01 5.786217129034527673e-01 6.377711098939378154e-01 5.583127099012881178e-01 8.803540249030539222e-01 0.000000000000000000e+00 8.754065794546370682e-01 8.667296122673078251e-01 7.122783368194642861e-01 7.512930213790083300e-01 7.860063234778396080e-01 8.350555276756026490e-01 8.514147130109199768e-01 8.884088011192068368e-01 8.531719675308584439e-01 8.702360901185266506e-01
2.300000000000000000e+01 1.051792140828820443e+00 9.411626928565484107e-01 9.039340802947415376e-01 9.000576501744692592e-01 8.964616443490069919e-01 8.836035564539179710e-01 8.723333447655989836e-01 8.805933834431547425e-01 8.675913182313119698e-01 8.708748030418704822e-01 8.380136395983521780e-01 8.361876032048054519e-01 8.020866220083395781e-01 9.447410335530221914e-01 7.271289321570990616e-01 8.698201512771079891e-01 9.005352725077817588e-01 8.786658826467204086e-01 9.361633039885157714e-01 8.972725677219779428e-01 5.499432456288337878e-01 8.754065794546370682e-01 0.000000000000000000e+00 5.162024850211737181e-01 8.591448280886828659e-01 8.907285652867302783e-01 9.134007346181247655e-01 7.995946309427239829e-01 7.885244825034718463e-01 7.965382050707605632e-01 8.322966845555079818e-01 9.148824841651959083e-01
2.400000000000000000e+01 1.061622246122599922e+00 9.524108925967817996e-01 9.138315511606240893e-01 9.107911994565558444e-01 9.066558074234412068e-01 8.936186460025257183e-01 8.830903875102980027e-01 8.894526223703596024e-01 8.803075663195816247e-01 8.805863267638640579e-01 8.514217138006141550e-01 8.484514980800237360e-01 8.204463590609787360e-01 9.402276294848697091e-01 7.543022611965364277e-01 8.640990980956022582e-01 8.947970331226944296e-01 8.722432107414621605e-01 9.293803096296102684e-01 8.902319845492789874e-01 6.234752825199691983e-01 8.667296122673078251e-01 5.162024850211737181e-01 0.000000000000000000e+00 8.454982316669481524e-01 8.772962738223701873e-01 9.000061686894098578e-01 7.781502778342923587e-01 7.655128655592455811e-01 7.747531376900347322e-01 8.137566110887852755e-01 9.004507248227100469e-01
2.500000000000000000e+01 1.163227096747041278e+00 1.055184068809717823e+00 9.970853542933608704e-01 1.001033384686127681e+00 9.920172929404389439e-01 9.768687886457183556e-01 9.716260602023656379e-01 9.634208308514484731e-01 9.838261892861754898e-01 9.611167128330226905e-01 9.565843591686740144e-01 9.460685978654093109e-01 9.559468301528444290e-01 8.566226469546396327e-01 9.232751316527572083e-01 7.766588116143187115e-01 7.952279061340432609e-01 7.671447703293809983e-01 8.036928357172572479e-01 7.654305326419865718e-01 8.708838022584328709e-01 7.122783368194642861e-01 8.591448280886828659e-01 8.454982316669481524e-01 0.000000000000000000e+00 5.854179455363535123e-01 6.582093787873655177e-01 7.549568576235718975e-01 7.812767366185571216e-01 8.266692759029867776e-01 7.642277938856987252e-01 7.599119929345770075e-01
2.600000000000000000e+01 1.191164988422985127e+00 1.084551366654094240e+00 1.029245928664235477e+00 1.032681544344521418e+00 1.024139806562874844e+00 1.009396096544482591e+00 1.003987541542719741e+00 9.966512715865138983e-01 1.014935568286545964e+00 9.941078380939358805e-01 9.884493769421280884e-01 9.786713656236913916e-01 9.856440058519810865e-01 8.896114525396063843e-01 9.529574948032875081e-01 8.155238080685387470e-01 8.296734974528818807e-01 8.046340763185071410e-01 8.323904235141206254e-01 7.988120290138163160e-01 9.028004918592384964e-01 7.512930213790083300e-01 8.907285652867302783e-01 8.772962738223701873e-01 5.854179455363535123e-01 0.000000000000000000e+00 5.307204583375111362e-01 7.798124349648920539e-01 8.049760082045105403e-01 8.469977957734431406e-01 7.778665611184838458e-01 7.288927232936899259e-01
2.700000000000000000e+01 1.212251776877379505e+00 1.106626876868253895e+00 1.053449773306187165e+00 1.056450107731162991e+00 1.048284974394063429e+00 1.033825360766019053e+00 1.028230032077826372e+00 1.021662247980878568e+00 1.038178291869738423e+00 1.018859890090561215e+00 1.012156983134479660e+00 1.002928558389561520e+00 1.007664671995513572e+00 9.196363109990635110e-01 9.747870259533808479e-01 8.473539748853258224e-01 8.606960249658071049e-01 8.367317007371131155e-01 8.625525531708735372e-01 8.304897910162214458e-01 9.257892704506742731e-01 7.860063234778396080e-01 9.134007346181247655e-01 9.000061686894098578e-01 6.582093787873655177e-01 5.307204583375111362e-01 0.000000000000000000e+00 7.995463958148558703e-01 8.235246052403841777e-01 8.631696951459015832e-01 7.917370722728791499e-01 7.118400736178074339e-01
2.800000000000000000e+01 1.130838034316773877e+00 1.027698989406206964e+00 9.860132147170614925e-01 9.857762408004082655e-01 9.800254746256984451e-01 9.668390191550926271e-01 9.591330119638128426e-01 9.588942713028865139e-01 9.622278045873542407e-01 9.533621519883521689e-01 9.368501247846012792e-01 9.309885987597745771e-01 9.199318866402752537e-01 9.380623748921903537e-01 8.788847429748669615e-01 8.590756716117307068e-01 8.854498008867357495e-01 8.600921238235765820e-01 9.091423598552570429e-01 8.703249920425883968e-01 8.213526935662927020e-01 8.350555276756026490e-01 7.995946309427239829e-01 7.781502778342923587e-01 7.549568576235718975e-01 7.798124349648920539e-01 7.995463958148558703e-01 0.000000000000000000e+00 5.297720880929719378e-01 6.676328301184846215e-01 5.859005695129690938e-01 7.756308140688874531e-01
2.900000000000000000e+01 1.125123392997658955e+00 1.022869956496669230e+00 9.842477723530003164e-01 9.832571466492734391e-01 9.781109571840655992e-01 9.653167364834331909e-01 9.571957939736532861e-01 9.583720959552610719e-01 9.585802562780318947e-01 9.523004481004029298e-01 9.336517126101939734e-01 9.287119239961578732e-01 9.134557753046272932e-01 9.497086789185049671e-01 8.706101025494359380e-01 8.714301139382871764e-01 8.982889777408773480e-01 8.734729141089501159e-01 9.234868728214429279e-01 8.847567011348165256e-01 8.126276600973332265e-01 8.514147130109199768e-01 7.885244825034718463e-01 7.655128655592455811e-01 7.812767366185571216e-01 8.049760082045105403e-01 8.235246052403841777e-01 5.297720880929719378e-01 0.000000000000000000e+00 6.080332855418786320e-01 6.235053092596267721e-01 7.974062591197159655e-01
3.000000000000000000e+01 1.128984217485056840e+00 1.029427866335567598e+00 9.972927047518915789e-01 9.949583879017287469e-01 9.909752701151386400e-01 9.790608813002001920e-01 9.703667668380890898e-01 9.739034025532513628e-01 9.685943095672386871e-01 9.670522165615518251e-01 9.451301709364019477e-01 9.419632281477972047e-01 9.191102377508266752e-01 9.813630833597704051e-01 8.749001748209408458e-01 9.046277833741729335e-01 9.314705813562829118e-01 9.075452037123008520e-01 9.578521575271408128e-01 9.195415368635553310e-01 8.218162326073892299e-01 8.884088011192068368e-01 7.965382050707605632e-01 7.747531376900347322e-01 8.266692759029867776e-01 8.469977957734431406e-01 8.631696951459015832e-01 6.676328301184846215e-01 6.080332855418786320e-01 0.000000000000000000e+00 6.888599121392251501e-01 8.308339495693641830e-01
3.100000000000000000e+01 1.149833963958679428e+00 1.048534211248061565e+00 1.009249187241026968e+00 1.008744988756093308e+00 1.003317829703613162e+00 9.905030357922581796e-01 9.828605762413642477e-01 9.829262376748546526e-01 9.852221383324304416e-01 9.774308945076268795e-01 9.608321893835645167e-01 9.554557710273952065e-01 9.429236541725913856e-01 9.584443484521016909e-01 9.036367223614296673e-01 8.808467096163263843e-01 9.055646714498915006e-01 8.806528846662049492e-01 9.269782844790934728e-01 8.890695603370433187e-01 8.519073015461480214e-01 8.531719675308584439e-01 8.322966845555079818e-01 8.137566110887852755e-01 7.642277938856987252e-01 7.778665611184838458e-01 7.917370722728791499e-01 5.859005695129690938e-01 6.235053092596267721e-01 6.888599121392251501e-01 0.000000000000000000e+00 7.421189115502853095e-01
3.200000000000000000e+01 1.213719868772594079e+00 1.112441071515501534e+00 1.069951871449740022e+00 1.070537955451223322e+00 1.064350253545933267e+00 1.051217664611439950e+00 1.044387567625272073e+00 1.042226858570573622e+00 1.049019292202726827e+00 1.037755926505765203e+00 1.024807143204625515e+00 1.018348713661803462e+00 1.011352122955741617e+00 9.871462405067434887e-01 9.761883871399708035e-01 9.123436057754719108e-01 9.318969815643955990e-01 9.076090511785772641e-01 9.447448672735894171e-01 9.095713242263907539e-01 9.298751766217683290e-01 8.702360901185266506e-01 9.148824841651959083e-01 9.004507248227100469e-01 7.599119929345770075e-01 7.288927232936899259e-01 7.118400736178074339e-01 7.756308140688874531e-01 7.974062591197159655e-01 8.308339495693641830e-01 7.421189115502853095e-01 0.000000000000000000e+00
