0.000000000000000000e+00 1.000000000000000000e+00 2.000000000000000000e+00 3.000000000000000000e+00 4.000000000000000000e+00 5.000000000000000000e+00 6.000000000000000000e+00 7.000000000000000000e+00 8.000000000000000000e+00 9.000000000000000000e+00 1.000000000000000000e+01 1.100000000000000000e+01 1.200000000000000000e+01 1.300000000000000000e+01 1.400000000000000000e+01 1.500000000000000000e+01 1.600000000000000000e+01 1.700000000000000000e+01 1.800000000000000000e+01 1.900000000000000000e+01 2.000000000000000000e+01 2.100000000000000000e+01 2.200000000000000000e+01 2.300000000000000000e+01 2.400000000000000000e+01 2.500000000000000000e+01 2.600000000000000000e+01 2.700000000000000000e+01 2.800000000000000000e+01 2.900000000000000000e+01 3.000000000000000000e+01 3.100000000000000000e+01 3.200000000000000000e+01
1.000000000000000000e+00 0.000000000000000000e+00 8.692399009123231712e-01 9.808662750130694441e-01 9.625305479818923038e-01 9.777623688529838430e-01 9.877383403464667921e-01 9.813650930050892285e-01 1.007625564390379536e+00 9.512087886190736530e-01 9.979620991055240253e-01 9.731087222388276059e-01 9.868310686832376666e-01 9.682884959847178896e-01 1.196095987432135743e+00 1.000792938826729150e+00 1.134661267272369711e+00 1.161774441750061060e+00 1.145894809887944232e+00 1.201623415136180428e+00 1.165907221262426408e+00 1.033337874670305911e+00 1.153847419181056377e+00 1.044501043875272428e+00 1.054084463166897523e+00 1.156829529790911915e+00 1.184465937951180825e+00 1.205313386111261931e+00 1.122222481812154449e+00 1.115530023478164212e+00 1.113949085197678990e+00 1.140312012955099430e+00 1.205204811878644477e+00
2.000000000000000000e+00 8.692399009123231712e-01 0.000000000000000000e+00 8.362492839498449904e-01 8.066095809545675843e-01 8.308584588937254489e-01 8.448630900035238867e-01 8.353670628902472028e-01 8.718314461090599377e-01 7.863141715425665534e-01 8.590578913217119528e-01 8.259441905714423049e-01 8.454710249875977413e-01 8.412777423596268234e-01 1.080974447156770157e+00 8.878234377708980052e-01 1.020522234553945973e+00 1.047822946414729950e+00 1.032514232820455069e+00 1.088899398787855022e+00 1.053300023237308203e+00 9.226829313319524495e-01 1.042764237415813255e+00 9.369281406040250726e-01 9.478409301150600985e-01 1.051178805296203000e+00 1.080183584462943491e+00 1.101979471970937041e+00 1.021531946798112767e+00 1.015758284470685391e+00 1.016881342930533894e+00 1.041353995098965424e+00 1.106091710622896684e+00
3.000000000000000000e+00 9.808662750130694441e-01 8.362492839498449904e-01 0.000000000000000000e+00 5.995100548176269806e-01 4.613913345419030643e-01 5.761239283024419677e-01 6.281586250126163229e-01 6.629022111567726139e-01 7.325590743057031062e-01 6.519232880217575854e-01 7.397714219295058458e-01 7.251638984552056799e-01 8.441464926728702300e-01 9.907910695546444657e-01 8.735592112097381179e-01 9.363609792914731056e-01 9.630266543905310339e-01 9.506322254074526246e-01 1.008000948019614595e+00 9.735134617956386904e-01 8.858940847046632427e-01 9.689720856033927632e-01 9.016798611155849574e-01 9.113131256645898848e-01 9.947877959451376650e-01 1.026585042305848683e+00 1.050508304183571884e+00 9.819146320287703844e-01 9.793097406729225352e-01 9.871515585803116721e-01 1.004125282157169341e+00 1.065380401152199674e+00
4.000000000000000000e+00 9.625305479818923038e-01 8.066095809545675843e-01 5.995100548176269806e-01 0.000000000000000000e+00 5.682983395054456155e-01 6.411826020838482521e-01 6.349615141559645792e-01 7.155643378508329544e-01 6.841061917075379473e-01 6.929786289109896025e-01 7.176164394942118330e-01 7.193126471000185207e-01 8.264385130258699030e-01 1.003883867114996331e+00 8.626581012906437973e-01 9.473155281309331155e-01 9.743955812369249347e-01 9.610398206042776170e-01 1.018373345200318747e+00 9.834576776925372243e-01 8.812221417272891877e-01 9.771693623041914911e-01 8.976067824170179676e-01 9.080493137166965045e-01 9.984954506565177912e-01 1.029773492140677815e+00 1.053257260203050549e+00 9.813690437553246326e-01 9.779928153605041974e-01 9.844408022625437127e-01 1.003299641804521247e+00 1.065685597640921856e+00
5.000000000000000000e+00 9.777623688529838430e-01 8.308584588937254489e-01 4.613913345419030643e-01 5.682983395054456155e-01 0.000000000000000000e+00 5.467321173824823966e-01 5.901995196254967713e-01 6.627560044043863119e-01 7.138869503954221596e-01 6.391104522473027849e-01 7.214522919145550661e-01 7.071971320138744632e-01 8.339644558699151888e-01 9.882594117392997646e-01 8.646706347046491103e-01 9.329831556293874950e-01 9.598941815783905707e-01 9.471583866714030631e-01 1.004647072881659442e+00 9.699792907057074309e-01 8.780313437600546500e-01 9.649264958143231041e-01 8.942197835921772420e-01 9.041427017450092141e-01 9.896939085279174986e-01 1.021449684552843573e+00 1.045312104274732867e+00 9.758940728318274971e-01 9.731392843904542733e-01 9.807934762737082757e-01 9.981539247346855603e-01 1.059738026175369274e+00
6.000000000000000000e+00 9.877383403464667921e-01 8.448630900035238867e-01 5.761239283024419677e-01 6.411826020838482521e-01 5.467321173824823966e-01 0.000000000000000000e+00 5.318634012254488397e-01 6.005364584694332653e-01 7.206741181826525899e-01 5.467450394302071359e-01 7.078431260920191592e-01 6.774598794102678623e-01 8.285969626278758549e-01 9.700890149801484341e-01 8.555468331352344968e-01 9.148909354080558831e-01 9.419861359476546792e-01 9.293847679457860611e-01 9.872022497639851846e-01 9.525251385620694400e-01 8.651118457355209124e-01 9.479842867064918188e-01 8.815538979429395905e-01 8.913082580678890476e-01 9.747000843459747710e-01 1.006859853830951446e+00 1.031005760898995316e+00 9.629111932081562131e-01 9.605634133463529789e-01 9.691297276604728950e-01 9.855397254915163607e-01 1.046766598655889613e+00
7.000000000000000000e+00 9.813650930050892285e-01 8.353670628902472028e-01 6.281586250126163229e-01 6.349615141559645792e-01 5.901995196254967713e-01 5.318634012254488397e-01 0.000000000000000000e+00 6.463370816551610165e-01 6.867214569760626830e-01 5.810347839900413813e-01 6.661966307921253216e-01 6.338346249489738016e-01 8.101221559874108857e-01 9.710173086090012617e-01 8.403588125027086075e-01 9.140316881285397432e-01 9.415876768598321345e-01 9.282294306328455757e-01 9.862057656441318709e-01 9.511523314393643957e-01 8.528954548516942680e-01 9.453875678774221747e-01 8.702795030872394477e-01 8.807583685273243645e-01 9.693719209891018540e-01 1.001358398824046647e+00 1.025312824559225344e+00 9.550963364986619908e-01 9.523294443674383825e-01 9.603014740547206607e-01 9.777725967822656905e-01 1.039816764949326178e+00
8.000000000000000000e+00 1.007625564390379536e+00 8.718314461090599377e-01 6.629022111567726139e-01 7.155643378508329544e-01 6.627560044043863119e-01 6.005364584694332653e-01 6.463370816551610165e-01 0.000000000000000000e+00 7.630534452258690425e-01 5.333542986818493592e-01 7.387631508223818644e-01 6.994943711472069170e-01 8.427947487395998083e-01 9.452324893262886718e-01 8.616963299177438085e-01 8.922669284784785493e-01 9.190554714874925590e-01 9.075431875530759473e-01 9.656056362441647334e-01 9.313677684813108648e-01 8.632246821054874175e-01 9.289791822807482724e-01 8.787576431474450889e-01 8.873896148677575813e-01 9.615196423244338764e-01 9.943905797658267876e-01 1.019123128631157282e+00 9.553212465201750270e-01 9.539963627293530646e-01 9.644143640940994189e-01 9.783335368038490465e-01 1.038092573686291153e+00
9.000000000000000000e+00 9.512087886190736530e-01 7.863141715425665534e-01 7.325590743057031062e-01 6.841061917075379473e-01 7.138869503954221596e-01 7.206741181826525899e-01 6.867214569760626830e-01 7.630534452258690425e-01 0.000000000000000000e+00 7.357482830754400460e-01 6.290102278603405539e-01 6.864197579096017465e-01 7.627993485049017197e-01 1.001169179385058783e+00 8.160664361364260433e-01 9.407912384019676555e-01 9.687451164784535163e-01 9.537321698450667018e-01 1.011232742725187483e+00 9.755291158724825884e-01 8.464802110086528941e-01 9.664062258956342966e-01 8.650462582026254843e-01 8.774104122341692680e-01 9.809530526707133102e-01 1.011669418233421824e+00 1.034612851054760085e+00 9.574007342454340375e-01 9.528783059592071947e-01 9.575649413921460962e-01 9.793117149943593169e-01 1.043725006660897847e+00
1.000000000000000000e+01 9.979620991055240253e-01 8.590578913217119528e-01 6.519232880217575854e-01 6.929786289109896025e-01 6.391104522473027849e-01 5.467450394302071359e-01 5.810347839900413813e-01 5.333542986818493592e-01 7.357482830754400460e-01 0.000000000000000000e+00 7.051847915497740926e-01 6.568211296141522881e-01 8.256132595229815907e-01 9.510482576941621247e-01 8.476577155567832644e-01 8.957734704457307462e-01 9.231491901743937856e-01 9.106502423677886870e-01 9.689009396838550447e-01 9.341778931429982613e-01 8.524373094846109389e-01 9.301813648284675828e-01 8.690141133641142712e-01 8.784793209828547500e-01 9.591101945542959140e-01 9.917339950266745863e-01 1.016202711479835319e+00 9.496522684203285714e-01 9.477816347633118976e-01 9.573936226090093982e-01 9.726844492047521662e-01 1.033478781221224718e+00
1.100000000000000000e+01 9.731087222388276059e-01 8.259441905714423049e-01 7.397714219295058458e-01 7.176164394942118330e-01 7.214522919145550661e-01 7.078431260920191592e-01 6.661966307921253216e-01 7.387631508223818644e-01 6.290102278603405539e-01 7.051847915497740926e-01 0.000000000000000000e+00 5.759052850018823166e-01 7.474459723649341525e-01 9.728162032388056879e-01 7.908942514466128504e-01 9.114117445758755931e-01 9.399923257086995054e-01 9.246927376124423059e-01 9.828839920715044531e-01 9.469044271039481764e-01 8.151255020515926208e-01 9.378263417226162524e-01 8.359941291056010026e-01 8.490616846263627782e-01 9.540513647043866730e-01 9.855148482814370947e-01 1.008917672322300785e+00 9.324675930345476260e-01 9.284286788512978728e-01 9.346409505966102316e-01 9.553420624769519698e-01 1.019839552917594094e+00
1.200000000000000000e+01 9.868310686832376666e-01 8.454710249875977413e-01 7.251638984552056799e-01 7.193126471000185207e-01 7.071971320138744632e-01 6.774598794102678623e-01 6.338346249489738016e-01 6.994943711472069170e-01 6.864197579096017465e-01 6.568211296141522881e-01 5.759052850018823166e-01 0.000000000000000000e+00 7.736111531386514750e-01 9.543684165857788670e-01 8.019617938287026959e-01 8.938813215890848429e-01 9.225834636802250355e-01 9.078403921624709216e-01 9.665299695598712493e-01 9.306990823381835476e-01 8.142035960915983139e-01 9.230368863734472740e-01 8.344096327593109041e-01 8.463770591909443031e-01 9.438543871295850263e-01 9.760653217086832090e-01 1.000023731690789841e+00 9.270223702262976317e-01 9.239315924234909883e-01 9.319915705848988985e-01 9.503989640260956939e-01 1.013756711187647763e+00
1.300000000000000000e+01 9.682884959847178896e-01 8.412777423596268234e-01 8.441464926728702300e-01 8.264385130258699030e-01 8.339644558699151888e-01 8.285969626278758549e-01 8.101221559874108857e-01 8.427947487395998083e-01 7.627993485049017197e-01 8.256132595229815907e-01 7.474459723649341525e-01 7.736111531386514750e-01 0.000000000000000000e+00 1.000628988723727630e+00 6.833178145103300238e-01 9.344473224006624168e-01 9.632975415916773532e-01 9.455519403807295387e-01 1.002615318060553706e+00 9.657567604318373355e-01 7.759548008106267325e-01 9.513424769168561390e-01 7.991147900537132198e-01 8.168804823264153026e-01 9.516555650156701684e-01 9.808827814988567706e-01 1.002555841585477392e+00 9.134516913656063331e-01 9.060489418644162019e-01 9.061354031120005814e-01 9.352096984605577923e-01 1.004297400394515538e+00
1.400000000000000000e+01 1.196095987432135743e+00 1.080974447156770157e+00 9.907910695546444657e-01 1.003883867114996331e+00 9.882594117392997646e-01 9.700890149801484341e-01 9.710173086090012617e-01 9.452324893262886718e-01 1.001169179385058783e+00 9.510482576941621247e-01 9.728162032388056879e-01 9.543684165857788670e-01 1.000628988723727630e+00 0.000000000000000000e+00 9.822892133742182619e-01 6.552100222756525039e-01 5.730128879114000373e-01 6.452644735586305913e-01 6.077381295780821535e-01 6.370451974704234299e-01 9.430826343290832359e-01 7.150530367353771233e-01 9.431344649462125584e-01 9.386808449793415665e-01 8.562384012372403763e-01 8.890147026488619542e-01 9.188537800349414475e-01 9.365864293036048061e-01 9.475264051207561433e-01 9.744953563997813539e-01 9.562807580586918377e-01 9.852497218739575402e-01
1.500000000000000000e+01 1.000792938826729150e+00 8.878234377708980052e-01 8.735592112097381179e-01 8.626581012906437973e-01 8.646706347046491103e-01 8.555468331352344968e-01 8.403588125027086075e-01 8.616963299177438085e-01 8.160664361364260433e-01 8.476577155567832644e-01 7.908942514466128504e-01 8.019617938287026959e-01 6.833178145103300238e-01 9.822892133742182619e-01 0.000000000000000000e+00 9.128926930875522761e-01 9.423410214537717433e-01 9.230871979202757149e-01 9.801122374272972504e-01 9.425643662084222107e-01 6.933109881421168907e-01 9.253364352690036654e-01 7.252284777250677106e-01 7.516679095327034599e-01 9.186501355647525013e-01 9.477917512359950170e-01 9.692304016423558544e-01 8.721843158481281666e-01 8.630348158901590683e-01 8.617034707163360174e-01 8.955178418396907425e-01 9.685484837943203473e-01
1.600000000000000000e+01 1.134661267272369711e+00 1.020522234553945973e+00 9.363609792914731056e-01 9.473155281309331155e-01 9.329831556293874950e-01 9.148909354080558831e-01 9.140316881285397432e-01 8.922669284784785493e-01 9.407912384019676555e-01 8.957734704457307462e-01 9.114117445758755931e-01 8.938813215890848429e-01 9.344473224006624168e-01 6.552100222756525039e-01 9.128926930875522761e-01 0.000000000000000000e+00 5.481528779525699502e-01 4.618847832871479930e-01 6.507827807895856242e-01 5.787738432283431322e-01 8.694758094132368775e-01 6.185480097003832611e-01 8.682503335503026776e-01 8.626113143651870097e-01 7.763173669346696837e-01 8.149676382725814516e-01 8.466100820299402585e-01 8.577114272747432544e-01 8.693827581061996934e-01 8.979560598128815130e-01 8.787926250738613554e-01 9.104913394220899292e-01
1.700000000000000000e+01 1.161774441750061060e+00 1.047822946414729950e+00 9.630266543905310339e-01 9.743955812369249347e-01 9.598941815783905707e-01 9.419861359476546792e-01 9.415876768598321345e-01 9.190554714874925590e-01 9.687451164784535163e-01 9.231491901743937856e-01 9.399923257086995054e-01 9.225834636802250355e-01 9.632975415916773532e-01 5.730128879114000373e-01 9.423410214537717433e-01 5.481528779525699502e-01 0.000000000000000000e+00 5.052306221712061785e-01 5.623295986126486401e-01 5.100262778058270996e-01 9.002895500049394872e-01 6.273716527269388443e-01 8.988823337060749541e-01 8.932288427707517631e-01 7.949180390971328780e-01 8.291641642815663626e-01 8.600090644908369164e-01 8.840992382980905617e-01 8.962402995923965943e-01 9.247750353559527348e-01 9.035573064515003416e-01 9.301386026019118347e-01
1.800000000000000000e+01 1.145894809887944232e+00 1.032514232820455069e+00 9.506322254074526246e-01 9.610398206042776170e-01 9.471583866714030631e-01 9.293847679457860611e-01 9.282294306328455757e-01 9.075431875530759473e-01 9.537321698450667018e-01 9.106502423677886870e-01 9.246927376124423059e-01 9.078403921624709216e-01 9.455519403807295387e-01 6.452644735586305913e-01 9.230871979202757149e-01 4.618847832871479930e-01 5.052306221712061785e-01 0.000000000000000000e+00 6.115537635610801548e-01 5.051778959038375483e-01 8.791892970329731050e-01 5.786001969257674737e-01 8.770092941966070033e-01 8.706843416022123083e-01 7.668619939072309766e-01 8.041538569627708632e-01 8.360749031603629255e-01 8.588031772082671544e-01 8.714955155545311971e-01 9.009505710330727446e-01 8.787134880981715135e-01 9.058918071292509921e-01
1.900000000000000000e+01 1.201623415136180428e+00 1.088899398787855022e+00 1.008000948019614595e+00 1.018373345200318747e+00 1.004647072881659442e+00 9.872022497639851846e-01 9.862057656441318709e-01 9.656056362441647334e-01 1.011232742725187483e+00 9.689009396838550447e-01 9.828839920715044531e-01 9.665299695598712493e-01 1.002615318060553706e+00 6.077381295780821535e-01 9.801122374272972504e-01 6.507827807895856242e-01 5.623295986126486401e-01 6.115537635610801548e-01 0.000000000000000000e+00 5.342803265849167538e-01 9.372036747072174379e-01 6.377624472145229095e-01 9.343591856707289534e-01 9.276849111937688352e-01 8.034703972427459373e-01 8.319981776396045969e-01 8.620019569303511986e-01 9.078985433174042718e-01 9.215331333704857020e-01 9.512548845588475466e-01 9.251431717941440702e-01 9.432036166544346401e-01
2.000000000000000000e+01 1.165907221262426408e+00 1.053300023237308203e+00 9.735134617956386904e-01 9.834576776925372243e-01 9.699792907057074309e-01 9.525251385620694400e-01 9.511523314393643957e-01 9.313677684813108648e-01 9.755291158724825884e-01 9.341778931429982613e-01 9.469044271039481764e-01 9.306990823381835476e-01 9.657567604318373355e-01 6.370451974704234299e-01 9.425643662084222107e-01 5.787738432283431322e-01 5.100262778058270996e-01 5.051778959038375483e-01 5.342803265849167538e-01 0.000000000000000000e+00 8.985769791104722959e-01 5.583046460548528600e-01 8.955007195059689895e-01 8.885728195024635845e-01 7.652065006503379063e-01 7.984123637141842256e-01 8.299277572709864437e-01 8.691015401427220066e-01 8.828336460160790544e-01 9.129971559793563785e-01 8.872439217543091061e-01 9.080070272913505214e-01
2.100000000000000000e+01 1.033337874670305911e+00 9.226829313319524495e-01 8.858940847046632427e-01 8.812221417272891877e-01 8.780313437600546500e-01 8.651118457355209124e-01 8.528954548516942680e-01 8.632246821054874175e-01 8.464802110086528941e-01 8.524373094846109389e-01 8.151255020515926208e-01 8.142035960915983139e-01 7.759548008106267325e-01 9.430826343290832359e-01 6.933109881421168907e-01 8.694758094132368775e-01 9.002895500049394872e-01 8.791892970329731050e-01 9.372036747072174379e-01 8.985769791104722959e-01 0.000000000000000000e+00 8.786148152717618842e-01 5.498149100104405829e-01 6.230793442894193568e-01 8.681783762335075760e-01 8.995565952810775645e-01 9.221548867756310663e-01 8.173070782066855777e-01 8.079679075500385554e-01 8.121020840076933478e-01 8.463536338111894430e-01 9.242720839739844152e-01
2.200000000000000000e+01 1.153847419181056377e+00 1.042764237415813255e+00 9.689720856033927632e-01 9.771693623041914911e-01 9.649264958143231041e-01 9.479842867064918188e-01 9.453875678774221747e-01 9.289791822807482724e-01 9.664062258956342966e-01 9.301813648284675828e-01 9.378263417226162524e-01 9.230368863734472740e-01 9.513424769168561390e-01 7.150530367353771233e-01 9.253364352690036654e-01 6.185480097003832611e-01 6.273716527269388443e-01 5.786001969257674737e-01 6.377624472145229095e-01 5.583046460548528600e-01 8.786148152717618842e-01 0.000000000000000000e+00 8.735138218014772971e-01 8.649834267473324179e-01 7.121294997814924255e-01 7.509890168772299646e-01 7.855527199144030082e-01 8.339728508784696182e-01 8.496402543065613155e-01 8.820620775163980909e-01 8.515376114161115062e-01 8.688445937890416637e-01
2.300000000000000000e+01 1.044501043875272428e+00 9.369281406040250726e-01 9.016798611155849574e-01 8.976067824170179676e-01 8.942197835921772420e-01 8.815538979429395905e-01 8.702795030872394477e-01 8.787576431474450889e-01 8.650462582026254843e-01 8.690141133641142712e-01 8.359941291056010026e-01 8.344096327593109041e-01 7.991147900537132198e-01 9.431344649462125584e-01 7.252284777250677106e-01 8.682503335503026776e-01 8.988823337060749541e-01 8.770092941966070033e-01 9.343591856707289534e-01 8.955007195059689895e-01 5.498149100104405829e-01 8.735138218014772971e-01 0.000000000000000000e+00 5.161029440352169484e-01 8.563582059417897963e-01 8.873762196081032005e-01 9.096404794116446091e-01 7.957279796686533846e-01 7.841550879495733373e-01 7.873037026660292259e-01 8.268103462236893186e-01 9.091226049714693502e-01
2.400000000000000000e+01 1.054084463166897523e+00 9.478409301150600985e-01 9.113131256645898848e-01 9.080493137166965045e-01 9.041427017450092141e-01 8.913082580678890476e-01 8.807583685273243645e-01 8.873896148677575813e-01 8.774104122341692680e-01 8.784793209828547500e-01 8.490616846263627782e-01 8.463770591909443031e-01 8.168804823264153026e-01 9.386808449793415665e-01 7.516679095327034599e-01 8.626113143651870097e-01 8.932288427707517631e-01 8.706843416022123083e-01 9.276849111937688352e-01 8.885728195024635845e-01 6.230793442894193568e-01 8.649834267473324179e-01 5.161029440352169484e-01 0.000000000000000000e+00 8.429812953066193604e-01 8.742164335635969064e-01 8.965187991007357304e-01 7.748613004603830401e-01 7.618429600270015811e-01 7.665429873548821327e-01 8.088206734233582829e-01 8.950076350675519876e-01
2.500000000000000000e+01 1.156829529790911915e+00 1.051178805296203000e+00 9.947877959451376650e-01 9.984954506565177912e-01 9.896939085279174986e-01 9.747000843459747710e-01 9.693719209891018540e-01 9.615196423244338764e-01 9.809530526707133102e-01 9.591101945542959140e-01 9.540513647043866730e-01 9.438543871295850263e-01 9.516555650156701684e-01 8.562384012372403763e-01 9.186501355647525013e-01 7.763173669346696837e-01 7.949180390971328780e-01 7.668619939072309766e-01 8.034703972427459373e-01 7.652065006503379063e-01 8.681783762335075760e-01 7.121294997814924255e-01 8.563582059417897963e-01 8.429812953066193604e-01 0.000000000000000000e+00 5.853744237544933338e-01 6.580861355181537586e-01 7.542248937629794092e-01 7.798378020134164590e-01 8.207712453639812722e-01 7.632352899220589126e-01 7.591806056185941287e-01
2.600000000000000000e+01 1.184465937951180825e+00 1.080183584462943491e+00 1.026585042305848683e+00 1.029773492140677815e+00 1.021449684552843573e+00 1.006859853830951446e+00 1.001358398824046647e+00 9.943905797658267876e-01 1.011669418233421824e+00 9.917339950266745863e-01 9.855148482814370947e-01 9.760653217086832090e-01 9.808827814988567706e-01 8.890147026488619542e-01 9.477917512359950170e-01 8.149676382725814516e-01 8.291641642815663626e-01 8.041538569627708632e-01 8.319981776396045969e-01 7.984123637141842256e-01 8.995565952810775645e-01 7.509890168772299646e-01 8.873762196081032005e-01 8.742164335635969064e-01 5.853744237544933338e-01 0.000000000000000000e+00 5.306999914914567462e-01 7.788796912241002790e-01 8.032376421853861803e-01 8.406102559778172445e-01 7.768327349785368874e-01 7.284678755947986417e-01
2.700000000000000000e+01 1.205313386111261931e+00 1.101979471970937041e+00 1.050508304183571884e+00 1.053257260203050549e+00 1.045312104274732867e+00 1.031005760898995316e+00 1.025312824559225344e+00 1.019123128631157282e+00 1.034612851054760085e+00 1.016202711479835319e+00 1.008917672322300785e+00 1.000023731690789841e+00 1.002555841585477392e+00 9.188537800349414475e-01 9.692304016423558544e-01 8.466100820299402585e-01 8.600090644908369164e-01 8.360749031603629255e-01 8.620019569303511986e-01 8.299277572709864437e-01 9.221548867756310663e-01 7.855527199144030082e-01 9.096404794116446091e-01 8.965187991007357304e-01 6.580861355181537586e-01 5.306999914914567462e-01 0.000000000000000000e+00 7.984113125825906820e-01 8.215171123618236759e-01 8.563818401441833927e-01 7.905949419918525400e-01 7.115686901213729154e-01
2.800000000000000000e+01 1.122222481812154449e+00 1.021531946798112767e+00 9.819146320287703844e-01 9.813690437553246326e-01 9.758940728318274971e-01 9.629111932081562131e-01 9.550963364986619908e-01 9.553212465201750270e-01 9.574007342454340375e-01 9.496522684203285714e-01 9.324675930345476260e-01 9.270223702262976317e-01 9.134516913656063331e-01 9.365864293036048061e-01 8.721843158481281666e-01 8.577114272747432544e-01 8.840992382980905617e-01 8.588031772082671544e-01 9.078985433174042718e-01 8.691015401427220066e-01 8.173070782066855777e-01 8.339728508784696182e-01 7.957279796686533846e-01 7.748613004603830401e-01 7.542248937629794092e-01 7.788796912241002790e-01 7.984113125825906820e-01 0.000000000000000000e+00 5.296162190859856622e-01 6.646736877461010273e-01 5.855674681749714061e-01 7.736644544568518356e-01
2.900000000000000000e+01 1.115530023478164212e+00 1.015758284470685391e+00 9.793097406729225352e-01 9.779928153605041974e-01 9.731392843904542733e-01 9.605634133463529789e-01 9.523294443674383825e-01 9.539963627293530646e-01 9.528783059592071947e-01 9.477816347633118976e-01 9.284286788512978728e-01 9.239315924234909883e-01 9.060489418644162019e-01 9.475264051207561433e-01 8.630348158901590683e-01 8.693827581061996934e-01 8.962402995923965943e-01 8.714955155545311971e-01 9.215331333704857020e-01 8.828336460160790544e-01 8.079679075500385554e-01 8.496402543065613155e-01 7.841550879495733373e-01 7.618429600270015811e-01 7.798378020134164590e-01 8.032376421853861803e-01 8.215171123618236759e-01 5.296162190859856622e-01 0.000000000000000000e+00 6.061943521003261282e-01 6.227470209644718757e-01 7.943471033296674033e-01
3.000000000000000000e+01 1.113949085197678990e+00 1.016881342930533894e+00 9.871515585803116721e-01 9.844408022625437127e-01 9.807934762737082757e-01 9.691297276604728950e-01 9.603014740547206607e-01 9.644143640940994189e-01 9.575649413921460962e-01 9.573936226090093982e-01 9.346409505966102316e-01 9.319915705848988985e-01 9.061354031120005814e-01 9.744953563997813539e-01 8.617034707163360174e-01 8.979560598128815130e-01 9.247750353559527348e-01 9.009505710330727446e-01 9.512548845588475466e-01 9.129971559793563785e-01 8.121020840076933478e-01 8.820620775163980909e-01 7.873037026660292259e-01 7.665429873548821327e-01 8.207712453639812722e-01 8.406102559778172445e-01 8.563818401441833927e-01 6.646736877461010273e-01 6.061943521003261282e-01 0.000000000000000000e+00 6.846469254757336920e-01 8.225915696020282830e-01
3.100000000000000000e+01 1.140312012955099430e+00 1.041353995098965424e+00 1.004125282157169341e+00 1.003299641804521247e+00 9.981539247346855603e-01 9.855397254915163607e-01 9.777725967822656905e-01 9.783335368038490465e-01 9.793117149943593169e-01 9.726844492047521662e-01 9.553420624769519698e-01 9.503989640260956939e-01 9.352096984605577923e-01 9.562807580586918377e-01 8.955178418396907425e-01 8.787926250738613554e-01 9.035573064515003416e-01 8.787134880981715135e-01 9.251431717941440702e-01 8.872439217543091061e-01 8.463536338111894430e-01 8.515376114161115062e-01 8.268103462236893186e-01 8.088206734233582829e-01 7.632352899220589126e-01 7.768327349785368874e-01 7.905949419918525400e-01 5.855674681749714061e-01 6.227470209644718757e-01 6.846469254757336920e-01 0.000000000000000000e+00 7.406069888612747398e-01
3.200000000000000000e+01 1.205204811878644477e+00 1.106091710622896684e+00 1.065380401152199674e+00 1.065685597640921856e+00 1.059738026175369274e+00 1.046766598655889613e+00 1.039816764949326178e+00 1.038092573686291153e+00 1.043725006660897847e+00 1.033478781221224718e+00 1.019839552917594094e+00 1.013756711187647763e+00 1.004297400394515538e+00 9.852497218739575402e-01 9.685484837943203473e-01 9.104913394220899292e-01 9.301386026019118347e-01 9.058918071292509921e-01 9.432036166544346401e-01 9.080070272913505214e-01 9.242720839739844152e-01 8.688445937890416637e-01 9.091226049714693502e-01 8.950076350675519876e-01 7.591806056185941287e-01 7.284678755947986417e-01 7.115686901213729154e-01 7.736644544568518356e-01 7.943471033296674033e-01 8.225915696020282830e-01 7.406069888612747398e-01 0.000000000000000000e+00
