0.000000000000000000e+00 1.000000000000000000e+00 2.000000000000000000e+00 3.000000000000000000e+00 4.000000000000000000e+00 5.000000000000000000e+00 6.000000000000000000e+00 7.000000000000000000e+00 8.000000000000000000e+00 9.000000000000000000e+00 1.000000000000000000e+01 1.100000000000000000e+01 1.200000000000000000e+01 1.300000000000000000e+01 1.400000000000000000e+01 1.500000000000000000e+01 1.600000000000000000e+01 1.700000000000000000e+01 1.800000000000000000e+01 1.900000000000000000e+01 2.000000000000000000e+01 2.100000000000000000e+01 2.200000000000000000e+01 2.300000000000000000e+01 2.400000000000000000e+01 2.500000000000000000e+01 2.600000000000000000e+01 2.700000000000000000e+01 2.800000000000000000e+01 2.900000000000000000e+01 3.000000000000000000e+01 3.100000000000000000e+01 3.200000000000000000e+01
1.000000000000000000e+00 0.000000000000000000e+00 8.558254843950772184e-01 9.670936480609559904e-01 9.483980727775220831e-01 9.633745240112990826e-01 9.721142178445235649e-01 9.644873749764194537e-01 9.914333498780132370e-01 9.254795772546189347e-01 9.811002381291233920e-01 9.457180447949299351e-01 9.646254078635784213e-01 9.449400607325373347e-01 1.172948465147655606e+00 9.726924327780109847e-01 1.108131528089412621e+00 1.135890416969043137e+00 1.118753882655398657e+00 1.175504605242096545e+00 1.138298232615230665e+00 9.914877721251229570e-01 1.123707548205227669e+00 1.004310458694983588e+00 1.012058424065631179e+00 1.115242167537177531e+00 1.140074517153371270e+00 1.158447128042915386e+00 1.080258009378282980e+00 1.074928406109819212e+00 1.071773206741072793e+00 1.098113755358110621e+00 1.149448321930613748e+00
2.000000000000000000e+00 8.558254843950772184e-01 0.000000000000000000e+00 8.253594406125908112e-01 7.958775832690758723e-01 8.195240772902540050e-01 8.323299206508146808e-01 8.217260752188678685e-01 8.587291985478457956e-01 7.638601849572976832e-01 8.453886733398656705e-01 8.016109136035652893e-01 8.265814101364025168e-01 8.242836773680188855e-01 1.063040043372099452e+00 8.667349202464335045e-01 9.994121055725033731e-01 1.027352420674208400e+00 1.010899705395012615e+00 1.068352084611482233e+00 1.031316824968400381e+00 8.870216006063311731e-01 1.018514797177508369e+00 9.032572089427619577e-01 9.123804579333729681e-01 1.016358651363888255e+00 1.042715035324231598e+00 1.062146913817929361e+00 9.868986321448487420e-01 9.826637569826932594e-01 9.827284014581463278e-01 1.006759021667067211e+00 1.057765133427187365e+00
3.000000000000000000e+00 9.670936480609559904e-01 8.253594406125908112e-01 0.000000000000000000e+00 5.993103167095832351e-01 4.613721433229346358e-01 5.759632573444714021e-01 6.277639149336996516e-01 6.624547097724458045e-01 7.257879805499178882e-01 6.514273819766547291e-01 7.333017318912679050e-01 7.224032083387029735e-01 8.386948628704240516e-01 9.873642129257376165e-01 8.651487616998682073e-01 9.299104872833356961e-01 9.571707585801401130e-01 9.437294164322767021e-01 1.002101039520514991e+00 9.662711092289442139e-01 8.634540248611004554e-01 9.596683900302893644e-01 8.814048670922318696e-01 8.894408588751472333e-01 9.755121852198926913e-01 1.004623183783359464e+00 1.026155745470287650e+00 9.622469214357962652e-01 9.610944413991584501e-01 9.678609016130585996e-01 9.845712349088964199e-01 1.032081666805230835e+00
4.000000000000000000e+00 9.483980727775220831e-01 7.958775832690758723e-01 5.993103167095832351e-01 0.000000000000000000e+00 5.681319212000094376e-01 6.406403241775376900e-01 6.342615315056224778e-01 7.144119854701711514e-01 6.786346183757774320e-01 6.918363107752771857e-01 7.106354318708926199e-01 7.156439259116255114e-01 8.201333400993713330e-01 9.986614792563226484e-01 8.528573635815278609e-01 9.390203267737040616e-01 9.667024455330643917e-01 9.522654382781297056e-01 1.010607890643431261e+00 9.743236062477527160e-01 8.570793569144068424e-01 9.658952982006170362e-01 8.755840948582864769e-01 8.843657065307042320e-01 9.770120357736000738e-01 1.005606395938096531e+00 1.026701688521481026e+00 9.595943089518648161e-01 9.577016475469732892e-01 9.631124713024170614e-01 9.816386835399975030e-01 1.030276153034969777e+00
5.000000000000000000e+00 9.633745240112990826e-01 8.195240772902540050e-01 4.613721433229346358e-01 5.681319212000094376e-01 0.000000000000000000e+00 5.466137207491935657e-01 5.899258598761009109e-01 6.622953077188211690e-01 7.076533519835597197e-01 6.386542420949492538e-01 7.154627064022826000e-01 7.046628542722398469e-01 8.285538357996378167e-01 9.845651704277418315e-01 8.561827767666901901e-01 9.262750028153459159e-01 9.537742471354420104e-01 9.399902153377965863e-01 9.984762372789850460e-01 9.624645471555794973e-01 8.554090693597173889e-01 9.553386163714112644e-01 8.737418290965313084e-01 8.820440980266970321e-01 9.700833292511028549e-01 9.991506437522470474e-01 1.020622184449414993e+00 9.559229507326663100e-01 9.546335745245160265e-01 9.612340018584106804e-01 9.782993783572477842e-01 1.026124912831504421e+00
6.000000000000000000e+00 9.721142178445235649e-01 8.323299206508146808e-01 5.759632573444714021e-01 6.406403241775376900e-01 5.466137207491935657e-01 0.000000000000000000e+00 5.317745058692565641e-01 6.003767863836813046e-01 7.139714027721475453e-01 5.466298021206112967e-01 7.027416765085735539e-01 6.757927101842263751e-01 8.237261572799801090e-01 9.671870248249401225e-01 8.478842063104919946e-01 9.090480322071694541e-01 9.367094334792831489e-01 9.230914204284592639e-01 9.818881322759072106e-01 9.458897111636577204e-01 8.434045837160797365e-01 9.393279419471578517e-01 8.619907194193525690e-01 8.701357883395275383e-01 9.561443217525196214e-01 9.856086264197656543e-01 1.007361599979175404e+00 9.439761142418474638e-01 9.430932883483504892e-01 9.506172929993648157e-01 9.667268277278158184e-01 1.014165774265295639e+00
7.000000000000000000e+00 9.644873749764194537e-01 8.217260752188678685e-01 6.277639149336996516e-01 6.342615315056224778e-01 5.899258598761009109e-01 5.317745058692565641e-01 0.000000000000000000e+00 6.459734803645715839e-01 6.808365598010879260e-01 5.808367268017029517e-01 6.621614553247042734e-01 6.325767139157122410e-01 8.051365857573151708e-01 9.672891971199224503e-01 8.322698614711879772e-01 9.073633453958602768e-01 9.354763607924834190e-01 9.210896808524144941e-01 9.800358921407097412e-01 9.436521690126904449e-01 8.304996048725425961e-01 9.358244207313355378e-01 8.499722609067252854e-01 8.587828792684029100e-01 9.497541174890391513e-01 9.790395120159771647e-01 1.000599417682644043e+00 9.351593593497409262e-01 9.338850018392246266e-01 9.408575281197000262e-01 9.579622136528118670e-01 1.006196192252222676e+00
8.000000000000000000e+00 9.914333498780132370e-01 8.587291985478457956e-01 6.624547097724458045e-01 7.144119854701711514e-01 6.622953077188211690e-01 6.003767863836813046e-01 6.459734803645715839e-01 0.000000000000000000e+00 7.547030243782368863e-01 5.333102026937750484e-01 7.330683617148564535e-01 6.979076120302708519e-01 8.382658285927704345e-01 9.437736416471380618e-01 8.550493774056414642e-01 8.879617422148746719e-01 9.152998529609597256e-01 9.028262754769744713e-01 9.618570742019496578e-01 9.263379792879693486e-01 8.429473363839135036e-01 9.220484721542037132e-01 8.607030014236833892e-01 8.678166669829914248e-01 9.450462569230853038e-01 9.752222891818476125e-01 9.975628083353684783e-01 9.383791174840163674e-01 9.384852811121622285e-01 9.478249723140550476e-01 9.615169624056678632e-01 1.007479133395250859e+00
9.000000000000000000e+00 9.254795772546189347e-01 7.638601849572976832e-01 7.257879805499178882e-01 6.786346183757774320e-01 7.076533519835597197e-01 7.139714027721475453e-01 6.808365598010879260e-01 7.547030243782368863e-01 0.000000000000000000e+00 7.279825558093413473e-01 6.193273252192103007e-01 6.769647221293951800e-01 7.497120095351859081e-01 9.862705204848596363e-01 7.977412142027203723e-01 9.227716504764706951e-01 9.513281672173850012e-01 9.351882129170812075e-01 9.936974075950311125e-01 9.565905580948419473e-01 8.128428026325111855e-01 9.452114757029439485e-01 8.334702938001536943e-01 8.440440752510782740e-01 9.491890111457406132e-01 9.772346372484903565e-01 9.978001497136708142e-01 9.255355330978731754e-01 9.225744046210397897e-01 9.263652760957683530e-01 9.475991806924606298e-01 9.982295528461828660e-01
1.000000000000000000e+01 9.811002381291233920e-01 8.453886733398656705e-01 6.514273819766547291e-01 6.918363107752771857e-01 6.386542420949492538e-01 5.466298021206112967e-01 5.808367268017029517e-01 5.333102026937750484e-01 7.279825558093413473e-01 0.000000000000000000e+00 7.003281548860339489e-01 6.556483410665897571e-01 8.210734904802521328e-01 9.488870351911879997e-01 8.407356828367303914e-01 8.907604995694287098e-01 9.186761796852289663e-01 9.051988935901074118e-01 9.644077420462164874e-01 9.283903915412599073e-01 8.316382036209730710e-01 9.224366409836750602e-01 8.503605457674980883e-01 8.582343694351934893e-01 9.416170676616293367e-01 9.715358455575089369e-01 9.936086492558511285e-01 9.317638947853514875e-01 9.313563703691898343e-01 9.399334796344145371e-01 9.549203244742476837e-01 1.001889994924306304e+00
1.100000000000000000e+01 9.457180447949299351e-01 8.016109136035652893e-01 7.333017318912679050e-01 7.106354318708926199e-01 7.154627064022826000e-01 7.027416765085735539e-01 6.621614553247042734e-01 7.330683617148564535e-01 6.193273252192103007e-01 7.003281548860339489e-01 0.000000000000000000e+00 5.737238260398301870e-01 7.376789508476520041e-01 9.614567515804093301e-01 7.764724681420919206e-01 8.970784256266755019e-01 9.261936487855679800e-01 9.098153823565822140e-01 9.689466791677618929e-01 9.316038110934841132e-01 7.852120087198397602e-01 9.203080212674741301e-01 8.080077643218586125e-01 8.192171397844456582e-01 9.259405411827870136e-01 9.546890627805832974e-01 9.756914584762867992e-01 9.041425509381955106e-01 9.016734998893378705e-01 9.070209279516727729e-01 9.271732360554885144e-01 9.778243600933893553e-01
1.200000000000000000e+01 9.646254078635784213e-01 8.265814101364025168e-01 7.224032083387029735e-01 7.156439259116255114e-01 7.046628542722398469e-01 6.757927101842263751e-01 6.325767139157122410e-01 6.979076120302708519e-01 6.769647221293951800e-01 6.556483410665897571e-01 5.737238260398301870e-01 0.000000000000000000e+00 7.679023658069927816e-01 9.491746469041972833e-01 7.932673527057564344e-01 8.858528977936133142e-01 9.150545442549420372e-01 8.993016324228595426e-01 9.589061113272125958e-01 9.217586436080613677e-01 7.908061419698075856e-01 9.120068181559599640e-01 8.129266014793725681e-01 8.230917097104561986e-01 9.225556051542194158e-01 9.520319672746835327e-01 9.735822600731862675e-01 9.054615035517838972e-01 9.039173691284940748e-01 9.110736831324690588e-01 9.289748940112267928e-01 9.784355875872359221e-01
1.300000000000000000e+01 9.449400607325373347e-01 8.242836773680188855e-01 8.386948628704240516e-01 8.201333400993713330e-01 8.285538357996378167e-01 8.237261572799801090e-01 8.051365857573151708e-01 8.382658285927704345e-01 7.497120095351859081e-01 8.210734904802521328e-01 7.376789508476520041e-01 7.679023658069927816e-01 0.000000000000000000e+00 9.940850998793646642e-01 6.807820663409503981e-01 9.252314777549111025e-01 9.545674786923412647e-01 9.358582467445260011e-01 9.939172147716854866e-01 9.557053107723996188e-01 7.583368161811283592e-01 9.392552262856035394e-01 7.822998843426614002e-01 7.974196277955583056e-01 9.293407612603823420e-01 9.559708871365504290e-01 9.753446505948140111e-01 8.924108214975166042e-01 8.868641330344815277e-01 8.864013303118574161e-01 9.142664943829104107e-01 9.691592207032999617e-01
1.400000000000000000e+01 1.172948465147655606e+00 1.063040043372099452e+00 9.873642129257376165e-01 9.986614792563226484e-01 9.845651704277418315e-01 9.671870248249401225e-01 9.672891971199224503e-01 9.437736416471380618e-01 9.862705204848596363e-01 9.488870351911879997e-01 9.614567515804093301e-01 9.491746469041972833e-01 9.940850998793646642e-01 0.000000000000000000e+00 9.760234262593258103e-01 6.559190873625972973e-01 5.732589894913484585e-01 6.457975108717755042e-01 6.077827555973538409e-01 6.372920107625352770e-01 9.248647945783659008e-01 7.156421895649691667e-01 9.285434230604177053e-01 9.237637629564292574e-01 8.535385199598122252e-01 8.845197768284911444e-01 9.124265898780852257e-01 9.313131375583540983e-01 9.429627859087694741e-01 9.682497062954353861e-01 9.517754656139072456e-01 9.687103590260726094e-01
1.500000000000000000e+01 9.726924327780109847e-01 8.667349202464335045e-01 8.651487616998682073e-01 8.528573635815278609e-01 8.561827767666901901e-01 8.478842063104919946e-01 8.322698614711879772e-01 8.550493774056414642e-01 7.977412142027203723e-01 8.407356828367303914e-01 7.764724681420919206e-01 7.932673527057564344e-01 6.807820663409503981e-01 9.760234262593258103e-01 0.000000000000000000e+00 9.042215898068806101e-01 9.340835879268079012e-01 9.139661518152999431e-01 9.719696611899824035e-01 9.331047968924448544e-01 6.827756590253220015e-01 9.139783694156660143e-01 7.141659639517112801e-01 7.370782438957936833e-01 8.972709896357307091e-01 9.238571299278042215e-01 9.430447197003821724e-01 8.529993822238886025e-01 8.459663873126246347e-01 8.444167230212291653e-01 8.764197554484918218e-01 9.348750129092695538e-01
1.600000000000000000e+01 1.108131528089412621e+00 9.994121055725033731e-01 9.299104872833356961e-01 9.390203267737040616e-01 9.262750028153459159e-01 9.090480322071694541e-01 9.073633453958602768e-01 8.879617422148746719e-01 9.227716504764706951e-01 8.907604995694287098e-01 8.970784256266755019e-01 8.858528977936133142e-01 9.252314777549111025e-01 6.559190873625972973e-01 9.042215898068806101e-01 0.000000000000000000e+00 5.482616581380117537e-01 4.618691863660726593e-01 6.513087070524479216e-01 5.787314458338983503e-01 8.491039084387246305e-01 6.182840238626254870e-01 8.516644010690321842e-01 8.458441401111740365e-01 7.721080184578985595e-01 8.085259958315267337e-01 8.379894741022464455e-01 8.510125586460193237e-01 8.633374098609400971e-01 8.901068732055794630e-01 8.726532404649240959e-01 8.916824105018421598e-01
1.700000000000000000e+01 1.135890416969043137e+00 1.027352420674208400e+00 9.571707585801401130e-01 9.667024455330643917e-01 9.537742471354420104e-01 9.367094334792831489e-01 9.354763607924834190e-01 9.152998529609597256e-01 9.513281672173850012e-01 9.186761796852289663e-01 9.261936487855679800e-01 9.150545442549420372e-01 9.545674786923412647e-01 5.732589894913484585e-01 9.340835879268079012e-01 5.482616581380117537e-01 0.000000000000000000e+00 5.052973334794461646e-01 5.625017926154574077e-01 5.099936069489456880e-01 8.802250127621074061e-01 6.274515713898087821e-01 8.825965423443018487e-01 8.767458052884804509e-01 7.917904303068652450e-01 8.242010961743109210e-01 8.530785412773085330e-01 8.780688223308235063e-01 8.908190971115386159e-01 9.175694834969931879e-01 8.983249420035435140e-01 9.129482838162346070e-01
1.800000000000000000e+01 1.118753882655398657e+00 1.010899705395012615e+00 9.437294164322767021e-01 9.522654382781297056e-01 9.399902153377965863e-01 9.230914204284592639e-01 9.210896808524144941e-01 9.028262754769744713e-01 9.351882129170812075e-01 9.051988935901074118e-01 9.098153823565822140e-01 8.993016324228595426e-01 9.358582467445260011e-01 6.457975108717755042e-01 9.139661518152999431e-01 4.618691863660726593e-01 5.052973334794461646e-01 0.000000000000000000e+00 6.120528945099361628e-01 5.051759041213916834e-01 8.583437897140882011e-01 5.785134995217660059e-01 8.600213441668682623e-01 8.535696523202092045e-01 7.634145390293032296e-01 7.986770629526633858e-01 8.285185960337004829e-01 8.524549031216090977e-01 8.657144535022478493e-01 8.933215077792542314e-01 8.730856833202698120e-01 8.880399461256325289e-01
1.900000000000000000e+01 1.175504605242096545e+00 1.068352084611482233e+00 1.002101039520514991e+00 1.010607890643431261e+00 9.984762372789850460e-01 9.818881322759072106e-01 9.800358921407097412e-01 9.618570742019496578e-01 9.936974075950311125e-01 9.644077420462164874e-01 9.689466791677618929e-01 9.589061113272125958e-01 9.939172147716854866e-01 6.077827555973538409e-01 9.719696611899824035e-01 6.513087070524479216e-01 5.625017926154574077e-01 6.120528945099361628e-01 0.000000000000000000e+00 5.346200220981023321e-01 9.172506199153820372e-01 6.387619854309984913e-01 9.183099859120367192e-01 9.115306810613057475e-01 8.025801014538522793e-01 8.298521979286619388e-01 8.581913579948896587e-01 9.033328974948686696e-01 9.174488806476055469e-01 9.453371620839596812e-01 9.217175789636653516e-01 9.288826330113635343e-01
2.000000000000000000e+01 1.138298232615230665e+00 1.031316824968400381e+00 9.662711092289442139e-01 9.743236062477527160e-01 9.624645471555794973e-01 9.458897111636577204e-01 9.436521690126904449e-01 9.263379792879693486e-01 9.565905580948419473e-01 9.283903915412599073e-01 9.316038110934841132e-01 9.217586436080613677e-01 9.557053107723996188e-01 6.372920107625352770e-01 9.331047968924448544e-01 5.787314458338983503e-01 5.099936069489456880e-01 5.051759041213916834e-01 5.346200220981023321e-01 0.000000000000000000e+00 8.773550733887853781e-01 5.584397000369205610e-01 8.781997858957466541e-01 8.711891185679967453e-01 7.627640228127579025e-01 7.943240462171548000e-01 8.239637581018453005e-01 8.632230450713975767e-01 8.774370681385461612e-01 9.057309898459102726e-01 8.823415577369659868e-01 8.916367115306025326e-01
2.100000000000000000e+01 9.914877721251229570e-01 8.870216006063311731e-01 8.634540248611004554e-01 8.570793569144068424e-01 8.554090693597173889e-01 8.434045837160797365e-01 8.304996048725425961e-01 8.429473363839135036e-01 8.128428026325111855e-01 8.316382036209730710e-01 7.852120087198397602e-01 7.908061419698075856e-01 7.583368161811283592e-01 9.248647945783659008e-01 6.827756590253220015e-01 8.491039084387246305e-01 8.802250127621074061e-01 8.583437897140882011e-01 9.172506199153820372e-01 8.773550733887853781e-01 0.000000000000000000e+00 8.555548911968411385e-01 5.433259081970933657e-01 6.077867223337072300e-01 8.349508038790385278e-01 8.638179865256592205e-01 8.842219535011202058e-01 7.874012283023672509e-01 7.809014998512100458e-01 7.861040738069979827e-01 8.167393259045347964e-01 8.792463340102600888e-01
2.200000000000000000e+01 1.123707548205227669e+00 1.018514797177508369e+00 9.596683900302893644e-01 9.658952982006170362e-01 9.553386163714112644e-01 9.393279419471578517e-01 9.358244207313355378e-01 9.220484721542037132e-01 9.452114757029439485e-01 9.224366409836750602e-01 9.203080212674741301e-01 9.120068181559599640e-01 9.392552262856035394e-01 7.156421895649691667e-01 9.139783694156660143e-01 6.182840238626254870e-01 6.274515713898087821e-01 5.785134995217660059e-01 6.387619854309984913e-01 5.584397000369205610e-01 8.555548911968411385e-01 0.000000000000000000e+00 8.545413520673958985e-01 8.460689746218723606e-01 7.097911842679449634e-01 7.468200698746432220e-01 7.793642311497805952e-01 8.277344713485839112e-01 8.437209209244838082e-01 8.741284569757146183e-01 8.463152828504345582e-01 8.520908027278943919e-01
2.300000000000000000e+01 1.004310458694983588e+00 9.032572089427619577e-01 8.814048670922318696e-01 8.755840948582864769e-01 8.737418290965313084e-01 8.619907194193525690e-01 8.499722609067252854e-01 8.607030014236833892e-01 8.334702938001536943e-01 8.503605457674980883e-01 8.080077643218586125e-01 8.129266014793725681e-01 7.822998843426614002e-01 9.285434230604177053e-01 7.141659639517112801e-01 8.516644010690321842e-01 8.825965423443018487e-01 8.600213441668682623e-01 9.183099859120367192e-01 8.781997858957466541e-01 5.433259081970933657e-01 8.545413520673958985e-01 0.000000000000000000e+00 5.127527409257142121e-01 8.276313812820539351e-01 8.561414786761418760e-01 8.762339785884976084e-01 7.717700538484641992e-01 7.633646130610955982e-01 7.676189952546981221e-01 8.027963028844500304e-01 8.690119896684982415e-01
2.400000000000000000e+01 1.012058424065631179e+00 9.123804579333729681e-01 8.894408588751472333e-01 8.843657065307042320e-01 8.820440980266970321e-01 8.701357883395275383e-01 8.587828792684029100e-01 8.678166669829914248e-01 8.440440752510782740e-01 8.582343694351934893e-01 8.192171397844456582e-01 8.230917097104561986e-01 7.974196277955583056e-01 9.237637629564292574e-01 7.370782438957936833e-01 8.458441401111740365e-01 8.767458052884804509e-01 8.535696523202092045e-01 9.115306810613057475e-01 8.711891185679967453e-01 6.077867223337072300e-01 8.460689746218723606e-01 5.127527409257142121e-01 0.000000000000000000e+00 8.146238372475627099e-01 8.433188357953611547e-01 8.634504677134213768e-01 7.526099555537830721e-01 7.430852790215991543e-01 7.489002626332845747e-01 7.861424015361311302e-01 8.554935739040852027e-01
2.500000000000000000e+01 1.115242167537177531e+00 1.016358651363888255e+00 9.755121852198926913e-01 9.770120357736000738e-01 9.700833292511028549e-01 9.561443217525196214e-01 9.497541174890391513e-01 9.450462569230853038e-01 9.491890111457406132e-01 9.416170676616293367e-01 9.259405411827870136e-01 9.225556051542194158e-01 9.293407612603823420e-01 8.535385199598122252e-01 8.972709896357307091e-01 7.721080184578985595e-01 7.917904303068652450e-01 7.634145390293032296e-01 8.025801014538522793e-01 7.627640228127579025e-01 8.349508038790385278e-01 7.097911842679449634e-01 8.276313812820539351e-01 8.146238372475627099e-01 0.000000000000000000e+00 5.830690382670453698e-01 6.522919972452023707e-01 7.442554897495374799e-01 7.691859760247305999e-01 8.075631932814826275e-01 7.555204886992812341e-01 7.400409628309381205e-01
2.600000000000000000e+01 1.140074517153371270e+00 1.042715035324231598e+00 1.004623183783359464e+00 1.005606395938096531e+00 9.991506437522470474e-01 9.856086264197656543e-01 9.790395120159771647e-01 9.752222891818476125e-01 9.772346372484903565e-01 9.715358455575089369e-01 9.546890627805832974e-01 9.520319672746835327e-01 9.559708871365504290e-01 8.845197768284911444e-01 9.238571299278042215e-01 8.085259958315267337e-01 8.242010961743109210e-01 7.986770629526633858e-01 8.298521979286619388e-01 7.943240462171548000e-01 8.638179865256592205e-01 7.468200698746432220e-01 8.561414786761418760e-01 8.433188357953611547e-01 5.830690382670453698e-01 0.000000000000000000e+00 5.295689539084558195e-01 7.657181615365649119e-01 7.898683304691889173e-01 8.252853824581041220e-01 7.674545027721493273e-01 7.145728338834091975e-01
2.700000000000000000e+01 1.158447128042915386e+00 1.062146913817929361e+00 1.026155745470287650e+00 1.026701688521481026e+00 1.020622184449414993e+00 1.007361599979175404e+00 1.000599417682644043e+00 9.975628083353684783e-01 9.978001497136708142e-01 9.936086492558511285e-01 9.756914584762867992e-01 9.735822600731862675e-01 9.753446505948140111e-01 9.124265898780852257e-01 9.430447197003821724e-01 8.379894741022464455e-01 8.530785412773085330e-01 8.285185960337004829e-01 8.581913579948896587e-01 8.239637581018453005e-01 8.842219535011202058e-01 7.793642311497805952e-01 8.762339785884976084e-01 8.634504677134213768e-01 6.522919972452023707e-01 5.295689539084558195e-01 0.000000000000000000e+00 7.825960005559662314e-01 8.058074007667814787e-01 8.390634481237375653e-01 7.791624305747333334e-01 7.006699872536090723e-01
2.800000000000000000e+01 1.080258009378282980e+00 9.868986321448487420e-01 9.622469214357962652e-01 9.595943089518648161e-01 9.559229507326663100e-01 9.439761142418474638e-01 9.351593593497409262e-01 9.383791174840163674e-01 9.255355330978731754e-01 9.317638947853514875e-01 9.041425509381955106e-01 9.054615035517838972e-01 8.924108214975166042e-01 9.313131375583540983e-01 8.529993822238886025e-01 8.510125586460193237e-01 8.780688223308235063e-01 8.524549031216090977e-01 9.033328974948686696e-01 8.632230450713975767e-01 7.874012283023672509e-01 8.277344713485839112e-01 7.717700538484641992e-01 7.526099555537830721e-01 7.442554897495374799e-01 7.657181615365649119e-01 7.825960005559662314e-01 0.000000000000000000e+00 5.290074127942427928e-01 6.608967005616390722e-01 5.841518613940774873e-01 7.530053504359752736e-01
2.900000000000000000e+01 1.074928406109819212e+00 9.826637569826932594e-01 9.610944413991584501e-01 9.577016475469732892e-01 9.546335745245160265e-01 9.430932883483504892e-01 9.338850018392246266e-01 9.384852811121622285e-01 9.225744046210397897e-01 9.313563703691898343e-01 9.016734998893378705e-01 9.039173691284940748e-01 8.868641330344815277e-01 9.429627859087694741e-01 8.459663873126246347e-01 8.633374098609400971e-01 8.908190971115386159e-01 8.657144535022478493e-01 9.174488806476055469e-01 8.774370681385461612e-01 7.809014998512100458e-01 8.437209209244838082e-01 7.633646130610955982e-01 7.430852790215991543e-01 7.691859760247305999e-01 7.898683304691889173e-01 8.058074007667814787e-01 5.290074127942427928e-01 0.000000000000000000e+00 6.044311509352155998e-01 6.208685813632579542e-01 7.740762055466905434e-01
3.000000000000000000e+01 1.071773206741072793e+00 9.827284014581463278e-01 9.678609016130585996e-01 9.631124713024170614e-01 9.612340018584106804e-01 9.506172929993648157e-01 9.408575281197000262e-01 9.478249723140550476e-01 9.263652760957683530e-01 9.399334796344145371e-01 9.070209279516727729e-01 9.110736831324690588e-01 8.864013303118574161e-01 9.682497062954353861e-01 8.444167230212291653e-01 8.901068732055794630e-01 9.175694834969931879e-01 8.933215077792542314e-01 9.453371620839596812e-01 9.057309898459102726e-01 7.861040738069979827e-01 8.741284569757146183e-01 7.676189952546981221e-01 7.489002626332845747e-01 8.075631932814826275e-01 8.252853824581041220e-01 8.390634481237375653e-01 6.608967005616390722e-01 6.044311509352155998e-01 0.000000000000000000e+00 6.803341164965515109e-01 8.011539752948793058e-01
3.100000000000000000e+01 1.098113755358110621e+00 1.006759021667067211e+00 9.845712349088964199e-01 9.816386835399975030e-01 9.782993783572477842e-01 9.667268277278158184e-01 9.579622136528118670e-01 9.615169624056678632e-01 9.475991806924606298e-01 9.549203244742476837e-01 9.271732360554885144e-01 9.289748940112267928e-01 9.142664943829104107e-01 9.517754656139072456e-01 8.764197554484918218e-01 8.726532404649240959e-01 8.983249420035435140e-01 8.730856833202698120e-01 9.217175789636653516e-01 8.823415577369659868e-01 8.167393259045347964e-01 8.463152828504345582e-01 8.027963028844500304e-01 7.861424015361311302e-01 7.555204886992812341e-01 7.674545027721493273e-01 7.791624305747333334e-01 5.841518613940774873e-01 6.208685813632579542e-01 6.803341164965515109e-01 0.000000000000000000e+00 7.262351561839404113e-01
3.200000000000000000e+01 1.149448321930613748e+00 1.057765133427187365e+00 1.032081666805230835e+00 1.030276153034969777e+00 1.026124912831504421e+00 1.014165774265295639e+00 1.006196192252222676e+00 1.007479133395250859e+00 9.982295528461828660e-01 1.001889994924306304e+00 9.778243600933893553e-01 9.784355875872359221e-01 9.691592207032999617e-01 9.687103590260726094e-01 9.348750129092695538e-01 8.916824105018421598e-01 9.129482838162346070e-01 8.880399461256325289e-01 9.288826330113635343e-01 8.916367115306025326e-01 8.792463340102600888e-01 8.520908027278943919e-01 8.690119896684982415e-01 8.554935739040852027e-01 7.400409628309381205e-01 7.145728338834091975e-01 7.006699872536090723e-01 7.530053504359752736e-01 7.740762055466905434e-01 8.011539752948793058e-01 7.262351561839404113e-01 0.000000000000000000e+00
