0.000000000000000000e+00 1.000000000000000000e+00 2.000000000000000000e+00 3.000000000000000000e+00 4.000000000000000000e+00 5.000000000000000000e+00 6.000000000000000000e+00 7.000000000000000000e+00 8.000000000000000000e+00 9.000000000000000000e+00 1.000000000000000000e+01 1.100000000000000000e+01 1.200000000000000000e+01 1.300000000000000000e+01 1.400000000000000000e+01 1.500000000000000000e+01 1.600000000000000000e+01 1.700000000000000000e+01 1.800000000000000000e+01 1.900000000000000000e+01 2.000000000000000000e+01 2.100000000000000000e+01 2.200000000000000000e+01 2.300000000000000000e+01 2.400000000000000000e+01 2.500000000000000000e+01 2.600000000000000000e+01 2.700000000000000000e+01 2.800000000000000000e+01 2.900000000000000000e+01 3.000000000000000000e+01 3.100000000000000000e+01 3.200000000000000000e+01
1.000000000000000000e+00 0.000000000000000000e+00 1.430678332656633689e+00 1.331055599985655036e+00 1.753814450584585405e+00 1.747006184633958847e+00 1.823085840375362920e+00 1.831637921216507259e+00 1.829577026690276664e+00 1.736137977531462040e+00 1.829619549558482605e+00 1.762753049147716577e+00 1.784910876309083960e+00 1.747085425276507564e+00 1.448350434592555747e+00 1.668848033986237489e+00 1.397111730324215317e+00 1.439332064511367637e+00 1.727571773170191616e+00 1.478570747154875464e+00 1.821351375174166565e+00 1.292656857754541644e+00 1.470345696307998162e+00 1.304933885060123089e+00 1.314634695705280354e+00 1.438038949009337930e+00 1.480827022193770715e+00 1.514552004598280766e+00 2.002051984891760839e+00 1.991219331203070153e+00 2.026332994571244051e+00 2.019872970461869421e+00 1.666870555498703776e+00
2.000000000000000000e+00 1.430678332656633689e+00 0.000000000000000000e+00 1.590572864860100744e+00 1.990894933689711266e+00 2.000198222429410144e+00 2.078009604859189619e+00 2.077624816305953637e+00 2.094120679685667064e+00 1.939880427426667664e+00 2.087838127301626656e+00 1.991853579651869044e+00 2.030118559613713014e+00 1.984140894349639250e+00 1.727940231048915365e+00 1.934029544408290224e+00 1.676760458499410023e+00 1.719331572279571230e+00 2.007651545945369875e+00 1.759595251327065624e+00 2.102266539715248683e+00 1.566587104301586653e+00 1.752658050262656309e+00 1.583308993869199988e+00 1.595382042691511959e+00 1.723795341753701305e+00 1.768039725843264742e+00 1.802710040948406034e+00 2.292087905885711763e+00 2.282085416206250272e+00 2.321795084642813478e+00 2.313144230497989007e+00 1.960309948885110565e+00
3.000000000000000000e+00 1.331055599985655036e+00 1.590572864860100744e+00 0.000000000000000000e+00 1.286336012024321906e+00 9.980022499363030430e-01 1.287595144591900720e+00 1.411514659301133179e+00 1.427402245768005340e+00 1.587156612189892124e+00 1.430863737874951136e+00 1.593679339775944115e+00 1.545598813225312007e+00 1.712871637241808020e+00 1.254132145330055348e+00 1.603006742333932255e+00 1.215009001401399891e+00 1.253812596412313685e+00 1.547769193812301491e+00 1.300594153304575284e+00 1.645156764507410996e+00 1.198605845696497862e+00 1.311955350353708694e+00 1.212265367057445697e+00 1.220384634447268191e+00 1.304332027820674256e+00 1.350974004471591661e+00 1.387790542920872783e+00 1.901187431189756971e+00 1.898409265020826409e+00 1.952237205746337967e+00 1.924663310812879669e+00 1.562461963506031726e+00
4.000000000000000000e+00 1.753814450584585405e+00 1.990894933689711266e+00 1.286336012024321906e+00 0.000000000000000000e+00 1.620783446242911152e+00 1.834280427594941365e+00 1.835509001116315986e+00 1.967034147672536815e+00 1.915146387954993257e+00 1.940449728892620795e+00 1.986167543888952114e+00 1.974092667024363923e+00 2.126100515718039041e+00 1.735436045121522053e+00 2.034803368892512232e+00 1.691879139190754389e+00 1.732251385425410017e+00 2.024180896601448953e+00 1.777154712000522219e+00 2.120972144662161440e+00 1.642445835860314229e+00 1.782477564048577046e+00 1.658547495163447572e+00 1.668632720125609481e+00 1.768740163213971872e+00 1.815071160008584039e+00 1.851476396370731914e+00 2.357459766289390579e+00 2.352601718714258716e+00 2.403321100127103982e+00 2.381153803894764387e+00 2.022093513926819686e+00
5.000000000000000000e+00 1.747006184633958847e+00 2.000198222429410144e+00 9.980022499363030430e-01 1.620783446242911152e+00 0.000000000000000000e+00 1.591768674738612610e+00 1.711090107517151626e+00 1.837296768699607785e+00 1.962630253760510923e+00 1.804304111668497468e+00 1.972307192510029950e+00 1.923380415098669083e+00 2.111960928445776986e+00 1.672011042795181535e+00 2.005585766365055811e+00 1.631107304889206189e+00 1.670616285478776497e+00 1.963791067937383783e+00 1.716878555890940516e+00 2.061126077887705854e+00 1.604062175722166028e+00 1.726161649473569204e+00 1.618738172745566306e+00 1.627562003003191204e+00 1.716807669308635820e+00 1.763491558652950930e+00 1.800259962778640643e+00 2.311450806898120547e+00 2.308116265324888339e+00 2.361399159233563694e+00 2.335261048545441476e+00 1.974058549397674778e+00
6.000000000000000000e+00 1.823085840375362920e+00 2.078009604859189619e+00 1.287595144591900720e+00 1.834280427594941365e+00 1.591768674738612610e+00 0.000000000000000000e+00 1.582999146924840339e+00 1.754279975978784822e+00 2.027369488110728035e+00 1.616019255017030476e+00 1.994355535010087888e+00 1.905664050050575931e+00 2.154923162969527350e+00 1.700169753570285547e+00 2.040205435944945744e+00 1.658550715183726210e+00 1.698531013707209603e+00 1.991479282653985550e+00 1.745182194869234094e+00 2.089265973898100981e+00 1.634656001681733972e+00 1.754527868842783667e+00 1.649606291198912444e+00 1.658377799080835491e+00 1.746298654816223817e+00 1.793382416855662465e+00 1.830404909444556028e+00 2.342712177720139621e+00 2.339863578697118918e+00 2.394600113724870916e+00 2.367175050991850327e+00 2.005659691437677417e+00
7.000000000000000000e+00 1.831637921216507259e+00 2.077624816305953637e+00 1.411514659301133179e+00 1.835509001116315986e+00 1.711090107517151626e+00 1.582999146924840339e+00 0.000000000000000000e+00 1.871077970509582133e+00 1.968080818718865865e+00 1.713468534599775550e+00 1.918266093269136885e+00 1.821815124616063208e+00 2.134807405102962630e+00 1.720965656347906325e+00 2.027931823879002060e+00 1.676019622205397352e+00 1.717266419911922082e+00 2.008718031718353725e+00 1.762762339891181140e+00 2.106264495073640219e+00 1.629160367537879406e+00 1.767925923906682462e+00 1.646299183600363314e+00 1.656610664206904726e+00 1.755938866785342167e+00 1.803038979050339607e+00 1.839920109431738782e+00 2.347459402023427621e+00 2.343365214998138768e+00 2.396737816790547093e+00 2.372526378699443050e+00 2.013144053678618040e+00
8.000000000000000000e+00 1.829577026690276664e+00 2.094120679685667064e+00 1.427402245768005340e+00 1.967034147672536815e+00 1.837296768699607785e+00 1.754279975978784822e+00 1.871077970509582133e+00 0.000000000000000000e+00 2.081884499735169314e+00 1.576297273099425800e+00 2.023387519800137202e+00 1.913979618774078517e+00 2.149052565118496183e+00 1.628132343668124538e+00 2.015830808919381045e+00 1.589473490914002474e+00 1.628597360759992174e+00 1.923022667805585062e+00 1.677175072144444945e+00 2.021726173540679738e+00 1.597491503489097742e+00 1.691617410206920580e+00 1.610155403402397489e+00 1.617012730796605791e+00 1.689399903603100217e+00 1.736975968941323112e+00 1.774494947692805136e+00 2.294015879135743674e+00 2.293295470875039932e+00 2.351528023532352130e+00 2.318574696434446913e+00 1.954072363235243248e+00
9.000000000000000000e+00 1.736137977531462040e+00 1.939880427426667664e+00 1.587156612189892124e+00 1.915146387954993257e+00 1.962630253760510923e+00 2.027369488110728035e+00 1.968080818718865865e+00 2.081884499735169314e+00 0.000000000000000000e+00 2.044614693397822869e+00 1.804611294900617668e+00 1.923514058844755681e+00 1.993679564978166674e+00 1.750970968787875393e+00 1.947662922503999638e+00 1.698945949361675867e+00 1.742391417826963718e+00 2.030449848571246552e+00 1.783903334565653642e+00 2.126267037014834216e+00 1.582294827816178806e+00 1.777891836346609855e+00 1.604814911835093838e+00 1.619612174982135056e+00 1.753165809466070257e+00 1.799288863579484810e+00 1.835152474849202742e+00 2.327134883342533378e+00 2.318425496875187619e+00 2.364374433183850321e+00 2.352183089803256522e+00 1.999323392468732585e+00
1.000000000000000000e+01 1.829619549558482605e+00 2.087838127301626656e+00 1.430863737874951136e+00 1.940449728892620795e+00 1.804304111668497468e+00 1.616019255017030476e+00 1.713468534599775550e+00 1.576297273099425800e+00 2.044614693397822869e+00 0.000000000000000000e+00 1.970950517240138478e+00 1.833458093957381241e+00 2.130810016200699764e+00 1.649288289687659503e+00 2.003336886986586407e+00 1.606927289797362990e+00 1.647470055845196679e+00 1.940227323535681503e+00 1.694772140590828036e+00 2.038675609211520801e+00 1.590844367632214595e+00 1.704580015721412378e+00 1.605604103317125109e+00 1.613950997852858560e+00 1.698243427399710015e+00 1.745833426753426343e+00 1.783193167427141068e+00 2.297586337223287423e+00 2.295548685564130942e+00 2.352307064802158010e+00 2.322752570439964970e+00 1.960523839060730911e+00
1.100000000000000000e+01 1.762753049147716577e+00 1.991853579651869044e+00 1.593679339775944115e+00 1.986167543888952114e+00 1.972307192510029950e+00 1.994355535010087888e+00 1.918266093269136885e+00 2.023387519800137202e+00 1.804611294900617668e+00 1.970950517240138478e+00 0.000000000000000000e+00 1.670453347083348472e+00 1.941492173565290358e+00 1.682782384299577938e+00 1.868272461371344395e+00 1.628486941766858598e+00 1.673094998685486168e+00 1.960207737006981699e+00 1.714664774933485125e+00 2.056551423496863151e+00 1.499770987625890672e+00 1.706931547275422068e+00 1.525767846723755650e+00 1.542225919242475651e+00 1.682417285810647201e+00 1.729459268582693499e+00 1.765827954752448248e+00 2.257057136782940177e+00 2.248525690486224526e+00 2.297001548076784694e+00 2.284215676912916493e+00 1.932182590459485372e+00
1.200000000000000000e+01 1.784910876309083960e+00 2.030118559613713014e+00 1.545598813225312007e+00 1.974092667024363923e+00 1.923380415098669083e+00 1.905664050050575931e+00 1.821815124616063208e+00 1.913979618774078517e+00 1.923514058844755681e+00 1.833458093957381241e+00 1.670453347083348472e+00 0.000000000000000000e+00 2.002065555023008869e+00 1.630239451104733117e+00 1.888484320999531896e+00 1.579159863959836541e+00 1.622952423864907345e+00 1.911704969244147900e+00 1.666923884507540476e+00 2.009300957351699779e+00 1.494922655353344343e+00 1.665211834375925681e+00 1.516796116156997165e+00 1.529981501787249787e+00 1.648268973400699000e+00 1.695980099279477793e+00 1.732990315512124235e+00 2.233694410511890993e+00 2.228081609046658862e+00 2.281244402307037511e+00 2.260872073696580387e+00 1.904841227080360522e+00
1.300000000000000000e+01 1.747085425276507564e+00 1.984140894349639250e+00 1.712871637241808020e+00 2.126100515718039041e+00 2.111960928445776986e+00 2.154923162969527350e+00 2.134807405102962630e+00 2.149052565118496183e+00 1.993679564978166674e+00 2.130810016200699764e+00 1.941492173565290358e+00 2.002065555023008869e+00 0.000000000000000000e+00 1.708991526961909813e+00 1.726547066014015641e+00 1.648141946345224040e+00 1.694664352017390296e+00 1.978599186228644502e+00 1.732217893856742075e+00 2.073069296221807356e+00 1.440586284292886265e+00 1.713624910709207638e+00 1.473080984705584573e+00 1.495768299987125349e+00 1.676154552843116985e+00 1.722195245267604813e+00 1.757547576878519147e+00 2.231817084001843199e+00 2.217935479221875283e+00 2.258071353319606622e+00 2.259394480063276589e+00 1.914773971702644406e+00
1.400000000000000000e+01 1.448350434592555747e+00 1.727940231048915365e+00 1.254132145330055348e+00 1.735436045121522053e+00 1.672011042795181535e+00 1.700169753570285547e+00 1.720965656347906325e+00 1.628132343668124538e+00 1.750970968787875393e+00 1.649288289687659503e+00 1.682782384299577938e+00 1.630239451104733117e+00 1.708991526961909813e+00 0.000000000000000000e+00 1.514171858470912291e+00 6.814356484115926538e-01 5.846254539301689590e-01 9.842932186306816433e-01 6.187332492104500314e-01 1.019878458921359199e+00 1.038105259178345285e+00 8.247881481579730778e-01 1.029904719578440098e+00 1.020698695773407216e+00 9.032307019047771668e-01 9.446208145192687144e-01 9.834936311776798501e-01 1.604752842743420782e+00 1.625559384183017153e+00 1.708279411473539788e+00 1.618132989061501714e+00 1.209486815176117336e+00
1.500000000000000000e+01 1.668848033986237489e+00 1.934029544408290224e+00 1.603006742333932255e+00 2.034803368892512232e+00 2.005585766365055811e+00 2.040205435944945744e+00 2.027931823879002060e+00 2.015830808919381045e+00 1.947662922503999638e+00 2.003336886986586407e+00 1.868272461371344395e+00 1.888484320999531896e+00 1.726547066014015641e+00 1.514171858470912291e+00 0.000000000000000000e+00 1.447193215194965132e+00 1.496000283669819186e+00 1.777051607264687139e+00 1.531174825384175930e+00 1.870896419313360370e+00 1.138800689066651994e+00 1.504091022797078070e+00 1.188646196756262707e+00 1.225167192953913631e+00 1.458988259938740040e+00 1.506138597509195654e+00 1.541863913178881385e+00 2.001897799604700268e+00 1.983774387600011346e+00 2.022760366989728276e+00 2.034863900659313884e+00 1.697845395591585316e+00
1.600000000000000000e+01 1.397111730324215317e+00 1.676760458499410023e+00 1.215009001401399891e+00 1.691879139190754389e+00 1.631107304889206189e+00 1.658550715183726210e+00 1.676019622205397352e+00 1.589473490914002474e+00 1.698945949361675867e+00 1.606927289797362990e+00 1.628486941766858598e+00 1.579159863959836541e+00 1.648141946345224040e+00 6.814356484115926538e-01 1.447193215194965132e+00 0.000000000000000000e+00 5.907277074307804021e-01 7.629429487548704536e-01 7.069062741646445769e-01 1.011776472583462150e+00 9.650965489904508310e-01 7.370880957612191420e-01 9.551806755894194367e-01 9.445943603929571886e-01 8.297241404039792378e-01 8.793320779054070169e-01 9.207533561863432414e-01 1.527697346919964616e+00 1.548771780813709364e+00 1.633434043335212138e+00 1.544093840314099353e+00 1.141807034623979700e+00
1.700000000000000000e+01 1.439332064511367637e+00 1.719331572279571230e+00 1.253812596412313685e+00 1.732251385425410017e+00 1.670616285478776497e+00 1.698531013707209603e+00 1.717266419911922082e+00 1.628597360759992174e+00 1.742391417826963718e+00 1.647470055845196679e+00 1.673094998685486168e+00 1.622952423864907345e+00 1.694664352017390296e+00 5.846254539301689590e-01 1.496000283669819186e+00 5.907277074307804021e-01 0.000000000000000000e+00 8.583771624627209995e-01 5.887510800579522918e-01 9.041144034246675343e-01 1.016183370034621891e+00 7.697032128336231960e-01 1.006494634610630712e+00 9.961312519604152982e-01 8.652201940589114848e-01 9.077278643093500410e-01 9.472402946418958525e-01 1.573549563162254472e+00 1.595888958088921283e+00 1.680430874379214234e+00 1.586449665202036119e+00 1.175631083466905924e+00
1.800000000000000000e+01 1.727571773170191616e+00 2.007651545945369875e+00 1.547769193812301491e+00 2.024180896601448953e+00 1.963791067937383783e+00 1.991479282653985550e+00 2.008718031718353725e+00 1.923022667805585062e+00 2.030449848571246552e+00 1.940227323535681503e+00 1.960207737006981699e+00 1.911704969244147900e+00 1.978599186228644502e+00 9.842932186306816433e-01 1.777051607264687139e+00 7.629429487548704536e-01 8.583771624627209995e-01 0.000000000000000000e+00 9.841879441146004215e-01 1.239702495329594312e+00 1.294338252784994481e+00 1.024950488239467772e+00 1.283736587650261551e+00 1.272639606207569329e+00 1.141344957829797391e+00 1.188829655791540985e+00 1.229956858526940033e+00 1.848925036895105123e+00 1.871546448542483754e+00 1.957171961372286439e+00 1.863304422362214829e+00 1.455748129279096581e+00
1.900000000000000000e+01 1.478570747154875464e+00 1.759595251327065624e+00 1.300594153304575284e+00 1.777154712000522219e+00 1.716878555890940516e+00 1.745182194869234094e+00 1.762762339891181140e+00 1.677175072144444945e+00 1.783903334565653642e+00 1.694772140590828036e+00 1.714664774933485125e+00 1.666923884507540476e+00 1.732217893856742075e+00 6.187332492104500314e-01 1.531174825384175930e+00 7.069062741646445769e-01 5.887510800579522918e-01 9.841879441146004215e-01 0.000000000000000000e+00 9.052470011434523567e-01 1.049060372409913011e+00 7.633309792370279734e-01 1.037608422372093830e+00 1.025934273932318952e+00 8.581224084313352485e-01 8.923710618845916986e-01 9.298958256583518267e-01 1.587437372472067842e+00 1.613366546796881851e+00 1.700190484927748713e+00 1.595347214621924081e+00 1.170811768275493048e+00
2.000000000000000000e+01 1.821351375174166565e+00 2.102266539715248683e+00 1.645156764507410996e+00 2.120972144662161440e+00 2.061126077887705854e+00 2.089265973898100981e+00 2.106264495073640219e+00 2.021726173540679738e+00 2.126267037014834216e+00 2.038675609211520801e+00 2.056551423496863151e+00 2.009300957351699779e+00 2.073069296221807356e+00 1.019878458921359199e+00 1.870896419313360370e+00 1.011776472583462150e+00 9.041144034246675343e-01 1.239702495329594312e+00 9.052470011434523567e-01 0.000000000000000000e+00 1.387610703865356232e+00 1.062128390826355462e+00 1.375915566133905088e+00 1.364027244176782894e+00 1.200225906519273078e+00 1.239919005723508105e+00 1.279305076215122794e+00 1.927077041365611976e+00 1.952690585595689976e+00 2.039840410682682403e+00 1.936647510057859733e+00 1.516454916948915432e+00
2.100000000000000000e+01 1.292656857754541644e+00 1.566587104301586653e+00 1.198605845696497862e+00 1.642445835860314229e+00 1.604062175722166028e+00 1.634656001681733972e+00 1.629160367537879406e+00 1.597491503489097742e+00 1.582294827816178806e+00 1.590844367632214595e+00 1.499770987625890672e+00 1.494922655353344343e+00 1.440586284292886265e+00 1.038105259178345285e+00 1.138800689066651994e+00 9.650965489904508310e-01 1.016183370034621891e+00 1.294338252784994481e+00 1.049060372409913011e+00 1.387610703865356232e+00 0.000000000000000000e+00 1.013368094510651352e+00 5.574754858581925099e-01 6.384328832828831679e-01 9.609702399884834101e-01 1.010183119917591243e+00 1.046838846005711643e+00 1.491472752393166790e+00 1.469436115972773793e+00 1.512778594508529917e+00 1.532956327718751677e+00 1.204244194274525004e+00
2.200000000000000000e+01 1.470345696307998162e+00 1.752658050262656309e+00 1.311955350353708694e+00 1.782477564048577046e+00 1.726161649473569204e+00 1.754527868842783667e+00 1.767925923906682462e+00 1.691617410206920580e+00 1.777891836346609855e+00 1.704580015721412378e+00 1.706931547275422068e+00 1.665211834375925681e+00 1.713624910709207638e+00 8.247881481579730778e-01 1.504091022797078070e+00 7.370880957612191420e-01 7.697032128336231960e-01 1.024950488239467772e+00 7.633309792370279734e-01 1.062128390826355462e+00 1.013368094510651352e+00 0.000000000000000000e+00 9.978700531408044583e-01 9.830369464309525185e-01 7.660322140841686611e-01 8.137737127185940000e-01 8.575020117529741359e-01 1.523389796425896670e+00 1.554280195921870389e+00 1.646577738073743191e+00 1.530176089282884178e+00 1.102224221815406580e+00
2.300000000000000000e+01 1.304933885060123089e+00 1.583308993869199988e+00 1.212265367057445697e+00 1.658547495163447572e+00 1.618738172745566306e+00 1.649606291198912444e+00 1.646299183600363314e+00 1.610155403402397489e+00 1.604814911835093838e+00 1.605604103317125109e+00 1.525767846723755650e+00 1.516796116156997165e+00 1.473080984705584573e+00 1.029904719578440098e+00 1.188646196756262707e+00 9.551806755894194367e-01 1.006494634610630712e+00 1.283736587650261551e+00 1.037608422372093830e+00 1.375915566133905088e+00 5.574754858581925099e-01 9.978700531408044583e-01 0.000000000000000000e+00 5.184403844419840368e-01 9.392901800779172028e-01 9.884647702187356888e-01 1.024962205439107654e+00 1.456249796576832178e+00 1.429146530154991934e+00 1.469286796914653692e+00 1.501431911108430217e+00 1.179463856735764704e+00
2.400000000000000000e+01 1.314634695705280354e+00 1.595382042691511959e+00 1.220384634447268191e+00 1.668632720125609481e+00 1.627562003003191204e+00 1.658377799080835491e+00 1.656610664206904726e+00 1.617012730796605791e+00 1.619612174982135056e+00 1.613950997852858560e+00 1.542225919242475651e+00 1.529981501787249787e+00 1.495768299987125349e+00 1.020698695773407216e+00 1.225167192953913631e+00 9.445943603929571886e-01 9.961312519604152982e-01 1.272639606207569329e+00 1.025934273932318952e+00 1.364027244176782894e+00 6.384328832828831679e-01 9.830369464309525185e-01 5.184403844419840368e-01 0.000000000000000000e+00 9.198174204257041353e-01 9.692486684368859517e-01 1.005791481631729711e+00 1.426462307133372853e+00 1.395734447027097813e+00 1.436528861555697034e+00 1.475615571218744648e+00 1.158879244426373578e+00
2.500000000000000000e+01 1.438038949009337930e+00 1.723795341753701305e+00 1.304332027820674256e+00 1.768740163213971872e+00 1.716807669308635820e+00 1.746298654816223817e+00 1.755938866785342167e+00 1.689399903603100217e+00 1.753165809466070257e+00 1.698243427399710015e+00 1.682417285810647201e+00 1.648268973400699000e+00 1.676154552843116985e+00 9.032307019047771668e-01 1.458988259938740040e+00 8.297241404039792378e-01 8.652201940589114848e-01 1.141344957829797391e+00 8.581224084313352485e-01 1.200225906519273078e+00 9.609702399884834101e-01 7.660322140841686611e-01 9.392901800779172028e-01 9.198174204257041353e-01 0.000000000000000000e+00 5.892553383941152578e-01 6.688816994482327249e-01 1.393021967788368620e+00 1.440874623274937205e+00 1.544515929212755267e+00 1.382088336984840460e+00 9.256611899488720319e-01
2.600000000000000000e+01 1.480827022193770715e+00 1.768039725843264742e+00 1.350974004471591661e+00 1.815071160008584039e+00 1.763491558652950930e+00 1.793382416855662465e+00 1.803038979050339607e+00 1.736975968941323112e+00 1.799288863579484810e+00 1.745833426753426343e+00 1.729459268582693499e+00 1.695980099279477793e+00 1.722195245267604813e+00 9.446208145192687144e-01 1.506138597509195654e+00 8.793320779054070169e-01 9.077278643093500410e-01 1.188829655791540985e+00 8.923710618845916986e-01 1.239919005723508105e+00 1.010183119917591243e+00 8.137737127185940000e-01 9.884647702187356888e-01 9.692486684368859517e-01 5.892553383941152578e-01 0.000000000000000000e+00 5.326920009324094263e-01 1.429930814613974199e+00 1.479104942748190377e+00 1.579617128874136966e+00 1.400646130154531654e+00 8.834263596974500921e-01
2.700000000000000000e+01 1.514552004598280766e+00 1.802710040948406034e+00 1.387790542920872783e+00 1.851476396370731914e+00 1.800259962778640643e+00 1.830404909444556028e+00 1.839920109431738782e+00 1.774494947692805136e+00 1.835152474849202742e+00 1.783193167427141068e+00 1.765827954752448248e+00 1.732990315512124235e+00 1.757547576878519147e+00 9.834936311776798501e-01 1.541863913178881385e+00 9.207533561863432414e-01 9.472402946418958525e-01 1.229956858526940033e+00 9.298958256583518267e-01 1.279305076215122794e+00 1.046838846005711643e+00 8.575020117529741359e-01 1.024962205439107654e+00 1.005791481631729711e+00 6.688816994482327249e-01 5.326920009324094263e-01 0.000000000000000000e+00 1.460981246716578585e+00 1.510088871641030339e+00 1.608246671875755318e+00 1.422826071695563410e+00 8.633794343345990718e-01
2.800000000000000000e+01 2.002051984891760839e+00 2.292087905885711763e+00 1.901187431189756971e+00 2.357459766289390579e+00 2.311450806898120547e+00 2.342712177720139621e+00 2.347459402023427621e+00 2.294015879135743674e+00 2.327134883342533378e+00 2.297586337223287423e+00 2.257057136782940177e+00 2.233694410511890993e+00 2.231817084001843199e+00 1.604752842743420782e+00 2.001897799604700268e+00 1.527697346919964616e+00 1.573549563162254472e+00 1.848925036895105123e+00 1.587437372472067842e+00 1.927077041365611976e+00 1.491472752393166790e+00 1.523389796425896670e+00 1.456249796576832178e+00 1.426462307133372853e+00 1.393021967788368620e+00 1.429930814613974199e+00 1.460981246716578585e+00 0.000000000000000000e+00 1.559174533804039031e+00 1.892436599089526439e+00 1.648296792441879433e+00 1.561818466958647900e+00
2.900000000000000000e+01 1.991219331203070153e+00 2.282085416206250272e+00 1.898409265020826409e+00 2.352601718714258716e+00 2.308116265324888339e+00 2.339863578697118918e+00 2.343365214998138768e+00 2.293295470875039932e+00 2.318425496875187619e+00 2.295548685564130942e+00 2.248525690486224526e+00 2.228081609046658862e+00 2.217935479221875283e+00 1.625559384183017153e+00 1.983774387600011346e+00 1.548771780813709364e+00 1.595888958088921283e+00 1.871546448542483754e+00 1.613366546796881851e+00 1.952690585595689976e+00 1.469436115972773793e+00 1.554280195921870389e+00 1.429146530154991934e+00 1.395734447027097813e+00 1.440874623274937205e+00 1.479104942748190377e+00 1.510088871641030339e+00 1.559174533804039031e+00 0.000000000000000000e+00 1.755622115954415197e+00 1.756167605505211782e+00 1.616381925148319354e+00
3.000000000000000000e+01 2.026332994571244051e+00 2.321795084642813478e+00 1.952237205746337967e+00 2.403321100127103982e+00 2.361399159233563694e+00 2.394600113724870916e+00 2.396737816790547093e+00 2.351528023532352130e+00 2.364374433183850321e+00 2.352307064802158010e+00 2.297001548076784694e+00 2.281244402307037511e+00 2.258071353319606622e+00 1.708279411473539788e+00 2.022760366989728276e+00 1.633434043335212138e+00 1.680430874379214234e+00 1.957171961372286439e+00 1.700190484927748713e+00 2.039840410682682403e+00 1.512778594508529917e+00 1.646577738073743191e+00 1.469286796914653692e+00 1.436528861555697034e+00 1.544515929212755267e+00 1.579617128874136966e+00 1.608246671875755318e+00 1.892436599089526439e+00 1.755622115954415197e+00 0.000000000000000000e+00 1.915288124774069622e+00 1.707363425913980937e+00
3.100000000000000000e+01 2.019872970461869421e+00 2.313144230497989007e+00 1.924663310812879669e+00 2.381153803894764387e+00 2.335261048545441476e+00 2.367175050991850327e+00 2.372526378699443050e+00 2.318574696434446913e+00 2.352183089803256522e+00 2.322752570439964970e+00 2.284215676912916493e+00 2.260872073696580387e+00 2.259394480063276589e+00 1.618132989061501714e+00 2.034863900659313884e+00 1.544093840314099353e+00 1.586449665202036119e+00 1.863304422362214829e+00 1.595347214621924081e+00 1.936647510057859733e+00 1.532956327718751677e+00 1.530176089282884178e+00 1.501431911108430217e+00 1.475615571218744648e+00 1.382088336984840460e+00 1.400646130154531654e+00 1.422826071695563410e+00 1.648296792441879433e+00 1.756167605505211782e+00 1.915288124774069622e+00 0.000000000000000000e+00 1.466391635805361471e+00
3.200000000000000000e+01 1.666870555498703776e+00 1.960309948885110565e+00 1.562461963506031726e+00 2.022093513926819686e+00 1.974058549397674778e+00 2.005659691437677417e+00 2.013144053678618040e+00 1.954072363235243248e+00 1.999323392468732585e+00 1.960523839060730911e+00 1.932182590459485372e+00 1.904841227080360522e+00 1.914773971702644406e+00 1.209486815176117336e+00 1.697845395591585316e+00 1.141807034623979700e+00 1.175631083466905924e+00 1.455748129279096581e+00 1.170811768275493048e+00 1.516454916948915432e+00 1.204244194274525004e+00 1.102224221815406580e+00 1.179463856735764704e+00 1.158879244426373578e+00 9.256611899488720319e-01 8.834263596974500921e-01 8.633794343345990718e-01 1.561818466958647900e+00 1.616381925148319354e+00 1.707363425913980937e+00 1.466391635805361471e+00 0.000000000000000000e+00
