0.000000000000000000e+00 1.000000000000000000e+00 2.000000000000000000e+00 3.000000000000000000e+00 4.000000000000000000e+00 5.000000000000000000e+00 6.000000000000000000e+00 7.000000000000000000e+00 8.000000000000000000e+00 9.000000000000000000e+00 1.000000000000000000e+01 1.100000000000000000e+01 1.200000000000000000e+01 1.300000000000000000e+01 1.400000000000000000e+01 1.500000000000000000e+01 1.600000000000000000e+01 1.700000000000000000e+01 1.800000000000000000e+01 1.900000000000000000e+01 2.000000000000000000e+01 2.100000000000000000e+01 2.200000000000000000e+01 2.300000000000000000e+01 2.400000000000000000e+01 2.500000000000000000e+01 2.600000000000000000e+01 2.700000000000000000e+01 2.800000000000000000e+01 2.900000000000000000e+01 3.000000000000000000e+01 3.100000000000000000e+01 3.200000000000000000e+01
1.000000000000000000e+00 0.000000000000000000e+00 3.606730407234018720e+00 1.796251881354890445e+00 4.069772423590707788e+00 1.953489195884207996e+00 3.738885240115970010e+00 4.254656977922405048e+00 4.097485150163957535e+00 3.929889762227351646e+00 4.174444497053078962e+00 3.828753361594041671e+00 1.717562803112713476e+00 3.780073764654063861e+00 1.720758706788289683e+00 3.467816355401875938e+00 1.656403170111077072e+00 1.686480233973059573e+00 1.670167147547118258e+00 1.732574036436384191e+00 1.694631890915117012e+00 1.390983172043256610e+00 1.688088734023280191e+00 1.406345205378620067e+00 1.456919657470484353e+00 1.984973041924801285e+00 1.884870301543029703e+00 1.910875062251327750e+00 4.498588500538150292e+00 4.402509180194637217e+00 2.679536849053524517e+00 4.036683541178939905e+00 4.460488631588776620e+00
2.000000000000000000e+00 3.606730407234018720e+00 0.000000000000000000e+00 3.960662142477398895e+00 6.199741198935511122e+00 4.115998451061847696e+00 5.902978493166742169e+00 6.405107500801911158e+00 6.271732198120601787e+00 5.970249170037530639e+00 6.343156093662122075e+00 5.948463718306807202e+00 3.877978731879473173e+00 5.989569141975563227e+00 3.926892660938458679e+00 5.734962034280080445e+00 3.864400749920840816e+00 3.894498273697517998e+00 3.879183393043350581e+00 3.942251611548398316e+00 3.904624091463052338e+00 3.634198740249266812e+00 3.900369151115933519e+00 3.661570387504267110e+00 3.717208737355518267e+00 4.203498072004047792e+00 4.106189506420458102e+00 4.133957961319755903e+00 6.750315704241459436e+00 6.661247830100664125e+00 4.958305761966380842e+00 6.298076477627217784e+00 6.708554914432997229e+00
3.000000000000000000e+00 1.796251881354890445e+00 3.960662142477398895e+00 0.000000000000000000e+00 3.034600052662507430e+00 5.604593046156158831e-01 2.617613651926086416e+00 3.461260399562326562e+00 3.215753989805908652e+00 3.825370462201793664e+00 3.365476797596519631e+00 3.616680681594954372e+00 1.317874527365446857e+00 3.951665688294875078e+00 1.317311561623369709e+00 3.627576152986460301e+00 1.280076274128706393e+00 1.304827036300352905e+00 1.300970828375856758e+00 1.363386855158157829e+00 1.331187640691859908e+00 1.443821395764375959e+00 1.347173364975497778e+00 1.475160166642931037e+00 1.525601425796909716e+00 1.691158259599802927e+00 1.604293428556466283e+00 1.640121404641954106e+00 4.420484422701274063e+00 4.364878325768045464e+00 2.741487229269426340e+00 3.999731170134770863e+00 4.339922333121450926e+00
4.000000000000000000e+00 4.069772423590707788e+00 6.199741198935511122e+00 3.034600052662507430e+00 0.000000000000000000e+00 3.143222461089129283e+00 5.105810575880541435e+00 5.685699645638322863e+00 5.678917756820909268e+00 5.933496901475524332e+00 5.777155509916397591e+00 5.859639726088812672e+00 3.614079500283349233e+00 6.218591617140617700e+00 3.679533109725458662e+00 5.911177417570957715e+00 3.637476533355113339e+00 3.663432475060654614e+00 3.657482786945531306e+00 3.720320216553322901e+00 3.687065587768625363e+00 3.736313066705626795e+00 3.699600223703997770e+00 3.769068129082675966e+00 3.821287559003891943e+00 4.037162245959986073e+00 3.948953182438603271e+00 3.983642728460883298e+00 6.739179775178265608e+00 6.678784574998108958e+00 5.044613231497955042e+00 6.314514210774627045e+00 6.665129142149489816e+00
5.000000000000000000e+00 1.953489195884207996e+00 4.115998451061847696e+00 5.604593046156158831e-01 3.143222461089129283e+00 0.000000000000000000e+00 2.731112909120568144e+00 3.565314926334869128e+00 3.374579790541495150e+00 3.969943111179763839e+00 3.509814316339587847e+00 3.765617110490901531e+00 1.467887439536219807e+00 4.106716955706705363e+00 1.479014464140763430e+00 3.783744007186535363e+00 1.441296360794044995e+00 1.466191603163193857e+00 1.462140297387623189e+00 1.524635800732438984e+00 1.492329848929618397e+00 1.600330650140245892e+00 1.508028528336064378e+00 1.631872186018070492e+00 1.682484358966572113e+00 1.851544557493731924e+00 1.764610791818440605e+00 1.800367822722819922e+00 4.579016386657367654e+00 4.523104795323082961e+00 2.899070392479419223e+00 4.158061434986166205e+00 4.498955120983295863e+00
6.000000000000000000e+00 3.738885240115970010e+00 5.902978493166742169e+00 2.617613651926086416e+00 5.105810575880541435e+00 2.731112909120568144e+00 0.000000000000000000e+00 4.916777166307079838e+00 5.057109138914911206e+00 5.736830829766009110e+00 4.950562947677603631e+00 5.492988798303545472e+00 3.166399179215161119e+00 5.874037771814025533e+00 3.253304256613277712e+00 5.551666519700926727e+00 3.213635124300661339e+00 3.239277060373311645e+00 3.234537370947223156e+00 3.297608466891734480e+00 3.264864547979673404e+00 3.366043769863056312e+00 3.279805182366559713e+00 3.398737225414638630e+00 3.449950007967013121e+00 3.622617413470713643e+00 3.535847718283539720e+00 3.571609421755024272e+00 6.348584029263334649e+00 6.292616660635304449e+00 4.668917186354594406e+00 5.928084103636654945e+00 6.269498732774175132e+00
7.000000000000000000e+00 4.254656977922405048e+00 6.405107500801911158e+00 3.461260399562326562e+00 5.685699645638322863e+00 3.565314926334869128e+00 4.916777166307079838e+00 0.000000000000000000e+00 5.782863332548129343e+00 6.120250742648376097e+00 5.529814572051369836e+00 5.838884944345552164e+00 3.481450972628201690e+00 6.350986073319230485e+00 3.811935644565999315e+00 6.041150409703607949e+00 3.765295013296569238e+00 3.793128431111522314e+00 3.785626038002852578e+00 3.850008862646156160e+00 3.815715618342162330e+00 3.857081774238575456e+00 3.826750259657988096e+00 3.893291876069242541e+00 3.947087977046216167e+00 4.163559544091150144e+00 4.076123290232429142e+00 4.111068225180693148e+00 6.866822023429787869e+00 6.807282149414846550e+00 5.176480420577650676e+00 6.444407471327103565e+00 6.794370215647789202e+00
8.000000000000000000e+00 4.097485150163957535e+00 6.271732198120601787e+00 3.215753989805908652e+00 5.678917756820909268e+00 3.374579790541495150e+00 5.057109138914911206e+00 5.782863332548129343e+00 0.000000000000000000e+00 6.139018247667663353e+00 5.116470192691478402e+00 5.847710327605684988e+00 3.490846442960372720e+00 6.217309640368055668e+00 3.553415691839316271e+00 5.887275208584194175e+00 3.513418923956287188e+00 3.539566891386454639e+00 3.534970233787800620e+00 3.598732958043330932e+00 3.565909444151372121e+00 3.695305768801698143e+00 3.581713237722034648e+00 3.728042730950349437e+00 3.778710313448261360e+00 3.927195610150208793e+00 3.841382305338825631e+00 3.877777860945808897e+00 6.666405983599333673e+00 6.612994943769916922e+00 4.995490723874535632e+00 6.248511935588423327e+00 6.584839228589726368e+00
9.000000000000000000e+00 3.929889762227351646e+00 5.970249170037530639e+00 3.825370462201793664e+00 5.933496901475524332e+00 3.969943111179763839e+00 5.736830829766009110e+00 6.120250742648376097e+00 6.139018247667663353e+00 0.000000000000000000e+00 6.175575367406368699e+00 5.595301741106045945e+00 3.657537942091804162e+00 5.977897418744246849e+00 3.847264121176225071e+00 5.757562663182328677e+00 3.786880183486274198e+00 3.817218130474565374e+00 3.803173319841866462e+00 3.867321523024276786e+00 3.830047600766273597e+00 3.617299779270609861e+00 3.828935261556419611e+00 3.657951663768537642e+00 3.718511276759508988e+00 4.140693176924886032e+00 4.047044128177105904e+00 4.077152134130600736e+00 6.732689774023733698e+00 6.653022692909552838e+00 4.975883254961965818e+00 6.292573349721026332e+00 6.685097768321610623e+00
1.000000000000000000e+01 4.174444497053078962e+00 6.343156093662122075e+00 3.365476797596519631e+00 5.777155509916397591e+00 3.509814316339587847e+00 4.950562947677603631e+00 5.529814572051369836e+00 5.116470192691478402e+00 6.175575367406368699e+00 0.000000000000000000e+00 5.843600235826426292e+00 3.444410230773069514e+00 6.275945531641989206e+00 3.658159942692564837e+00 5.951604903286764170e+00 3.613950818522587483e+00 3.641432284030208688e+00 3.635160626731962719e+00 3.699725006238350211e+00 3.665963188249736326e+00 3.760149056427355418e+00 3.679408002782276199e+00 3.794967016952146110e+00 3.847149999531943365e+00 4.021310079465392207e+00 3.935129562279334969e+00 3.971051170032939837e+00 6.747150281232346281e+00 6.691662323974322923e+00 5.070073148484880221e+00 6.328198875680348223e+00 6.669554410315705617e+00
1.100000000000000000e+01 3.828753361594041671e+00 5.948463718306807202e+00 3.616680681594954372e+00 5.859639726088812672e+00 3.765617110490901531e+00 5.492988798303545472e+00 5.838884944345552164e+00 5.847710327605684988e+00 5.595301741106045945e+00 5.843600235826426292e+00 0.000000000000000000e+00 3.061898868264798956e+00 5.821575177508922394e+00 3.559668006151734954e+00 5.569240563546152600e+00 3.500011612409132056e+00 3.531036173070778883e+00 3.517798627895871721e+00 3.583253454885793943e+00 3.546080698176688806e+00 3.400684145908586586e+00 3.547541946024693083e+00 3.446009734302051264e+00 3.507291567974119673e+00 3.866660348580879258e+00 3.775854285457983295e+00 3.807819150509377693e+00 6.496136324706761833e+00 6.423990244075757694e+00 4.766120372949036010e+00 6.064591146667824617e+00 6.442490029934679008e+00
1.200000000000000000e+01 1.717562803112713476e+00 3.877978731879473173e+00 1.317874527365446857e+00 3.614079500283349233e+00 1.467887439536219807e+00 3.166399179215161119e+00 3.481450972628201690e+00 3.490846442960372720e+00 3.657537942091804162e+00 3.444410230773069514e+00 3.061898868264798956e+00 0.000000000000000000e+00 3.751601324484668876e+00 1.259215769805178464e+00 3.442976562795441176e+00 1.204285733339482745e+00 1.235084306764845596e+00 1.224502393354078844e+00 1.291008405470356557e+00 1.254851434636086616e+00 1.250591470617823164e+00 1.262096720755488510e+00 1.292333221486638317e+00 1.349278567015034902e+00 1.594401369977169525e+00 1.507229107562827908e+00 1.541882690663324285e+00 4.284289797317756943e+00 4.223253565633151574e+00 2.591025738501044895e+00 3.862728160260695098e+00 4.217546123510408584e+00
1.300000000000000000e+01 3.780073764654063861e+00 5.989569141975563227e+00 3.951665688294875078e+00 6.218591617140617700e+00 4.106716955706705363e+00 5.874037771814025533e+00 6.350986073319230485e+00 6.217309640368055668e+00 5.977897418744246849e+00 6.275945531641989206e+00 5.821575177508922394e+00 3.751601324484668876e+00 0.000000000000000000e+00 3.794548942459419205e+00 5.401419836295977106e+00 3.725122262047276145e+00 3.756837633047612979e+00 3.738410304941635953e+00 3.801933876508892141e+00 3.762766730032793383e+00 3.374733140164687839e+00 3.753190039860625049e+00 3.407380939254775143e+00 3.468707489291640300e+00 4.046327424212416091e+00 3.947134223728144597e+00 3.973233309166972482e+00 6.551083832726630085e+00 6.454712033593849263e+00 4.737239661139552638e+00 6.094307273740607656e+00 6.520575978829714181e+00
1.400000000000000000e+01 1.720758706788289683e+00 3.926892660938458679e+00 1.317311561623369709e+00 3.679533109725458662e+00 1.479014464140763430e+00 3.253304256613277712e+00 3.811935644565999315e+00 3.553415691839316271e+00 3.847264121176225071e+00 3.658159942692564837e+00 3.559668006151734954e+00 1.259215769805178464e+00 3.794548942459419205e+00 0.000000000000000000e+00 3.425015833719106340e+00 6.565903607882159765e-01 5.737162136206590546e-01 6.469973887954068026e-01 6.104113041454635180e-01 6.398661911324214913e-01 1.210140230837057240e+00 7.226615470424986309e-01 1.232514122127354339e+00 1.273383636561900012e+00 1.122904534721482550e+00 1.031812858901275609e+00 1.072162666280883192e+00 4.039946910100138844e+00 4.010520934055596065e+00 2.437546916750350068e+00 3.627689845219343567e+00 3.894430661788342185e+00
1.500000000000000000e+01 3.467816355401875938e+00 5.734962034280080445e+00 3.627576152986460301e+00 5.911177417570957715e+00 3.783744007186535363e+00 5.551666519700926727e+00 6.041150409703607949e+00 5.887275208584194175e+00 5.757562663182328677e+00 5.951604903286764170e+00 5.569240563546152600e+00 3.442976562795441176e+00 5.401419836295977106e+00 3.425015833719106340e+00 0.000000000000000000e+00 3.352385793769187217e+00 3.384530487039597357e+00 3.364509348107793674e+00 3.427731755372130706e+00 3.387888253856138121e+00 2.901586825994819208e+00 3.375151280974164614e+00 2.933946590781904007e+00 3.000523218709268747e+00 3.661287203523924560e+00 3.560115347153286258e+00 3.584760084814008430e+00 6.132756650462888537e+00 6.029809808786649405e+00 4.298978987384506567e+00 5.671079655271515918e+00 6.109954375166929630e+00
1.600000000000000000e+01 1.656403170111077072e+00 3.864400749920840816e+00 1.280076274128706393e+00 3.637476533355113339e+00 1.441296360794044995e+00 3.213635124300661339e+00 3.765295013296569238e+00 3.513418923956287188e+00 3.786880183486274198e+00 3.613950818522587483e+00 3.500011612409132056e+00 1.204285733339482745e+00 3.725122262047276145e+00 6.565903607882159765e-01 3.352385793769187217e+00 0.000000000000000000e+00 5.486532147690588168e-01 4.622597444747307271e-01 6.537155730344537119e-01 5.806370924335491068e-01 1.134873869738657559e+00 6.235879241256225836e-01 1.156524922303191039e+00 1.196539393609816759e+00 1.039941764447928962e+00 9.592490745667714425e-01 1.002118130774128923e+00 3.956542338532421432e+00 3.928617108946057535e+00 2.361154214526820727e+00 3.549895829712986561e+00 3.820486724516599431e+00
1.700000000000000000e+01 1.686480233973059573e+00 3.894498273697517998e+00 1.304827036300352905e+00 3.663432475060654614e+00 1.466191603163193857e+00 3.239277060373311645e+00 3.793128431111522314e+00 3.539566891386454639e+00 3.817218130474565374e+00 3.641432284030208688e+00 3.531036173070778883e+00 1.235084306764845596e+00 3.756837633047612979e+00 5.737162136206590546e-01 3.384530487039597357e+00 5.486532147690588168e-01 0.000000000000000000e+00 5.054986375072165750e-01 5.635333553689596542e-01 5.108692357574202703e-01 1.168167722604941394e+00 6.313208757967447848e-01 1.189583290095990842e+00 1.229588743152570718e+00 1.052070875403897654e+00 9.630345325005305046e-01 1.004453612235012949e+00 3.985807470922755336e+00 3.958460590860291894e+00 2.389275447549233267e+00 3.574272239058737810e+00 3.835751981679346834e+00
1.800000000000000000e+01 1.670167147547118258e+00 3.879183393043350581e+00 1.300970828375856758e+00 3.657482786945531306e+00 1.462140297387623189e+00 3.234537370947223156e+00 3.785626038002852578e+00 3.534970233787800620e+00 3.803173319841866462e+00 3.635160626731962719e+00 3.517798627895871721e+00 1.224502393354078844e+00 3.738410304941635953e+00 6.469973887954068026e-01 3.364509348107793674e+00 4.622597444747307271e-01 5.054986375072165750e-01 0.000000000000000000e+00 6.130231124534999410e-01 5.057657622837981037e-01 1.147032058023801371e+00 5.813630970404479736e-01 1.167977669886255176e+00 1.207499376758073506e+00 1.021190597665138755e+00 9.374420888575800692e-01 9.803008895845548576e-01 3.959228775310697834e+00 3.932870708167524931e+00 2.366409752986502024e+00 3.549893656603689607e+00 3.811857405371564589e+00
1.900000000000000000e+01 1.732574036436384191e+00 3.942251611548398316e+00 1.363386855158157829e+00 3.720320216553322901e+00 1.524635800732438984e+00 3.297608466891734480e+00 3.850008862646156160e+00 3.598732958043330932e+00 3.867321523024276786e+00 3.699725006238350211e+00 3.583253454885793943e+00 1.291008405470356557e+00 3.801933876508892141e+00 6.104113041454635180e-01 3.427731755372130706e+00 6.537155730344537119e-01 5.635333553689596542e-01 6.130231124534999410e-01 0.000000000000000000e+00 5.347249396672810740e-01 1.211441956438557677e+00 6.401578152851221670e-01 1.231758970590481672e+00 1.271016514570157074e+00 1.048807819128060759e+00 9.485957541240088720e-01 9.881775447402290080e-01 4.014073924962707984e+00 3.989087257056852742e+00 2.420963572989633494e+00 3.597108914851458117e+00 3.842835187501287386e+00
2.000000000000000000e+01 1.694631890915117012e+00 3.904624091463052338e+00 1.331187640691859908e+00 3.687065587768625363e+00 1.492329848929618397e+00 3.264864547979673404e+00 3.815715618342162330e+00 3.565909444151372121e+00 3.830047600766273597e+00 3.665963188249736326e+00 3.546080698176688806e+00 1.254851434636086616e+00 3.762766730032793383e+00 6.398661911324214913e-01 3.387888253856138121e+00 5.806370924335491068e-01 5.108692357574202703e-01 5.057657622837981037e-01 5.347249396672810740e-01 0.000000000000000000e+00 1.170802937527877008e+00 5.595677384496753337e-01 1.191035684358119129e+00 1.230118256262220378e+00 1.009778823753816335e+00 9.179525646816675266e-01 9.597303983990703724e-01 3.972919771021154567e+00 3.948155491751934143e+00 2.381816972228824714e+00 3.558949209921713042e+00 3.808978850520060355e+00
2.100000000000000000e+01 1.390983172043256610e+00 3.634198740249266812e+00 1.443821395764375959e+00 3.736313066705626795e+00 1.600330650140245892e+00 3.366043769863056312e+00 3.857081774238575456e+00 3.695305768801698143e+00 3.617299779270609861e+00 3.760149056427355418e+00 3.400684145908586586e+00 1.250591470617823164e+00 3.374733140164687839e+00 1.210140230837057240e+00 2.901586825994819208e+00 1.134873869738657559e+00 1.168167722604941394e+00 1.147032058023801371e+00 1.211441956438557677e+00 1.170802937527877008e+00 0.000000000000000000e+00 1.156763756104612684e+00 5.659078381582187678e-01 6.917632430834195212e-01 1.443550301285669635e+00 1.345650017421104794e+00 1.371827160049341687e+00 3.930079310645200330e+00 3.832307202842353711e+00 2.126273696033617266e+00 3.483592204327814912e+00 3.914743284235611576e+00
2.200000000000000000e+01 1.688088734023280191e+00 3.900369151115933519e+00 1.347173364975497778e+00 3.699600223703997770e+00 1.508028528336064378e+00 3.279805182366559713e+00 3.826750259657988096e+00 3.581713237722034648e+00 3.828935261556419611e+00 3.679408002782276199e+00 3.547541946024693083e+00 1.262096720755488510e+00 3.753190039860625049e+00 7.226615470424986309e-01 3.375151280974164614e+00 6.235879241256225836e-01 6.313208757967447848e-01 5.813630970404479736e-01 6.401578152851221670e-01 5.595677384496753337e-01 1.156763756104612684e+00 0.000000000000000000e+00 1.175661292485207232e+00 1.213618637509712439e+00 9.439310176692286003e-01 8.613614937573210728e-01 9.069049572690859318e-01 3.941733781825660365e+00 3.920050369250676958e+00 2.358353887873042343e+00 3.527992696080206159e+00 3.770138798880318554e+00
2.300000000000000000e+01 1.406345205378620067e+00 3.661570387504267110e+00 1.475160166642931037e+00 3.769068129082675966e+00 1.631872186018070492e+00 3.398737225414638630e+00 3.893291876069242541e+00 3.728042730950349437e+00 3.657951663768537642e+00 3.794967016952146110e+00 3.446009734302051264e+00 1.292333221486638317e+00 3.407380939254775143e+00 1.232514122127354339e+00 2.933946590781904007e+00 1.156524922303191039e+00 1.189583290095990842e+00 1.167977669886255176e+00 1.231758970590481672e+00 1.191035684358119129e+00 5.659078381582187678e-01 1.175661292485207232e+00 0.000000000000000000e+00 5.436624476323901334e-01 1.458252879549305492e+00 1.358392470292187015e+00 1.383359455754648026e+00 3.919166298522113401e+00 3.815229851597753630e+00 2.098714321896208101e+00 3.468514825321614481e+00 3.909290092902163671e+00
2.400000000000000000e+01 1.456919657470484353e+00 3.717208737355518267e+00 1.525601425796909716e+00 3.821287559003891943e+00 1.682484358966572113e+00 3.449950007967013121e+00 3.947087977046216167e+00 3.778710313448261360e+00 3.718511276759508988e+00 3.847149999531943365e+00 3.507291567974119673e+00 1.349278567015034902e+00 3.468707489291640300e+00 1.273383636561900012e+00 3.000523218709268747e+00 1.196539393609816759e+00 1.229588743152570718e+00 1.207499376758073506e+00 1.271016514570157074e+00 1.230118256262220378e+00 6.917632430834195212e-01 1.213618637509712439e+00 5.436624476323901334e-01 0.000000000000000000e+00 1.493405571300443269e+00 1.392799050458531029e+00 1.417216827287551828e+00 3.938438520133520804e+00 3.831002059259586368e+00 2.113212613764697156e+00 3.488586853263462295e+00 3.934735367779844672e+00
2.500000000000000000e+01 1.984973041924801285e+00 4.203498072004047792e+00 1.691158259599802927e+00 4.037162245959986073e+00 1.851544557493731924e+00 3.622617413470713643e+00 4.163559544091150144e+00 3.927195610150208793e+00 4.140693176924886032e+00 4.021310079465392207e+00 3.866660348580879258e+00 1.594401369977169525e+00 4.046327424212416091e+00 1.122904534721482550e+00 3.661287203523924560e+00 1.039941764447928962e+00 1.052070875403897654e+00 1.021190597665138755e+00 1.048807819128060759e+00 1.009778823753816335e+00 1.443550301285669635e+00 9.439310176692286003e-01 1.458252879549305492e+00 1.493405571300443269e+00 0.000000000000000000e+00 8.802878575467432132e-01 9.798438215031610721e-01 4.160459845301827109e+00 4.153366804613360053e+00 2.599348975459272904e+00 3.730456026925080160e+00 3.924176368607994014e+00
2.600000000000000000e+01 1.884870301543029703e+00 4.106189506420458102e+00 1.604293428556466283e+00 3.948953182438603271e+00 1.764610791818440605e+00 3.535847718283539720e+00 4.076123290232429142e+00 3.841382305338825631e+00 4.047044128177105904e+00 3.935129562279334969e+00 3.775854285457983295e+00 1.507229107562827908e+00 3.947134223728144597e+00 1.031812858901275609e+00 3.560115347153286258e+00 9.592490745667714425e-01 9.630345325005305046e-01 9.374420888575800692e-01 9.485957541240088720e-01 9.179525646816675266e-01 1.345650017421104794e+00 8.613614937573210728e-01 1.358392470292187015e+00 1.392799050458531029e+00 8.802878575467432132e-01 0.000000000000000000e+00 5.682575464733130577e-01 4.039253473720898491e+00 4.031500061769917487e+00 2.465949596997261128e+00 3.572484242992112868e+00 3.687781720414249342e+00
2.700000000000000000e+01 1.910875062251327750e+00 4.133957961319755903e+00 1.640121404641954106e+00 3.983642728460883298e+00 1.800367822722819922e+00 3.571609421755024272e+00 4.111068225180693148e+00 3.877777860945808897e+00 4.077152134130600736e+00 3.971051170032939837e+00 3.807819150509377693e+00 1.541882690663324285e+00 3.973233309166972482e+00 1.072162666280883192e+00 3.584760084814008430e+00 1.002118130774128923e+00 1.004453612235012949e+00 9.803008895845548576e-01 9.881775447402290080e-01 9.597303983990703724e-01 1.371827160049341687e+00 9.069049572690859318e-01 1.383359455754648026e+00 1.417216827287551828e+00 9.798438215031610721e-01 5.682575464733130577e-01 0.000000000000000000e+00 4.052494074204143537e+00 4.043931753846096377e+00 2.472408928933039984e+00 3.566147007161384330e+00 3.635311868082097497e+00
2.800000000000000000e+01 4.498588500538150292e+00 6.750315704241459436e+00 4.420484422701274063e+00 6.739179775178265608e+00 4.579016386657367654e+00 6.348584029263334649e+00 6.866822023429787869e+00 6.666405983599333673e+00 6.732689774023733698e+00 6.747150281232346281e+00 6.496136324706761833e+00 4.284289797317756943e+00 6.551083832726630085e+00 4.039946910100138844e+00 6.132756650462888537e+00 3.956542338532421432e+00 3.985807470922755336e+00 3.959228775310697834e+00 4.014073924962707984e+00 3.972919771021154567e+00 3.930079310645200330e+00 3.941733781825660365e+00 3.919166298522113401e+00 3.938438520133520804e+00 4.160459845301827109e+00 4.039253473720898491e+00 4.052494074204143537e+00 0.000000000000000000e+00 5.222605088715201127e+00 4.760551015503038386e+00 5.455515478605763136e+00 6.400839973903384994e+00
2.900000000000000000e+01 4.402509180194637217e+00 6.661247830100664125e+00 4.364878325768045464e+00 6.678784574998108958e+00 4.523104795323082961e+00 6.292616660635304449e+00 6.807282149414846550e+00 6.612994943769916922e+00 6.653022692909552838e+00 6.691662323974322923e+00 6.423990244075757694e+00 4.223253565633151574e+00 6.454712033593849263e+00 4.010520934055596065e+00 6.029809808786649405e+00 3.928617108946057535e+00 3.958460590860291894e+00 3.932870708167524931e+00 3.989087257056852742e+00 3.948155491751934143e+00 3.832307202842353711e+00 3.920050369250676958e+00 3.815229851597753630e+00 3.831002059259586368e+00 4.153366804613360053e+00 4.031500061769917487e+00 4.043931753846096377e+00 5.222605088715201127e+00 0.000000000000000000e+00 4.550616856127897236e+00 5.611480094714840661e+00 6.391078420741071575e+00
3.000000000000000000e+01 2.679536849053524517e+00 4.958305761966380842e+00 2.741487229269426340e+00 5.044613231497955042e+00 2.899070392479419223e+00 4.668917186354594406e+00 5.176480420577650676e+00 4.995490723874535632e+00 4.975883254961965818e+00 5.070073148484880221e+00 4.766120372949036010e+00 2.591025738501044895e+00 4.737239661139552638e+00 2.437546916750350068e+00 4.298978987384506567e+00 2.361154214526820727e+00 2.389275447549233267e+00 2.366409752986502024e+00 2.420963572989633494e+00 2.381816972228824714e+00 2.126273696033617266e+00 2.358353887873042343e+00 2.098714321896208101e+00 2.113212613764697156e+00 2.599348975459272904e+00 2.465949596997261128e+00 2.472408928933039984e+00 4.760551015503038386e+00 4.550616856127897236e+00 0.000000000000000000e+00 4.183266949052269368e+00 4.755690008689781756e+00
3.100000000000000000e+01 4.036683541178939905e+00 6.298076477627217784e+00 3.999731170134770863e+00 6.314514210774627045e+00 4.158061434986166205e+00 5.928084103636654945e+00 6.444407471327103565e+00 6.248511935588423327e+00 6.292573349721026332e+00 6.328198875680348223e+00 6.064591146667824617e+00 3.862728160260695098e+00 6.094307273740607656e+00 3.627689845219343567e+00 5.671079655271515918e+00 3.549895829712986561e+00 3.574272239058737810e+00 3.549893656603689607e+00 3.597108914851458117e+00 3.558949209921713042e+00 3.483592204327814912e+00 3.527992696080206159e+00 3.468514825321614481e+00 3.488586853263462295e+00 3.730456026925080160e+00 3.572484242992112868e+00 3.566147007161384330e+00 5.455515478605763136e+00 5.611480094714840661e+00 4.183266949052269368e+00 0.000000000000000000e+00 5.670687345198177631e+00
3.200000000000000000e+01 4.460488631588776620e+00 6.708554914432997229e+00 4.339922333121450926e+00 6.665129142149489816e+00 4.498955120983295863e+00 6.269498732774175132e+00 6.794370215647789202e+00 6.584839228589726368e+00 6.685097768321610623e+00 6.669554410315705617e+00 6.442490029934679008e+00 4.217546123510408584e+00 6.520575978829714181e+00 3.894430661788342185e+00 6.109954375166929630e+00 3.820486724516599431e+00 3.835751981679346834e+00 3.811857405371564589e+00 3.842835187501287386e+00 3.808978850520060355e+00 3.914743284235611576e+00 3.770138798880318554e+00 3.909290092902163671e+00 3.934735367779844672e+00 3.924176368607994014e+00 3.687781720414249342e+00 3.635311868082097497e+00 6.400839973903384994e+00 6.391078420741071575e+00 4.755690008689781756e+00 5.670687345198177631e+00 0.000000000000000000e+00
