0.000000000000000000e+00 1.000000000000000000e+00 2.000000000000000000e+00 3.000000000000000000e+00 4.000000000000000000e+00 5.000000000000000000e+00 6.000000000000000000e+00 7.000000000000000000e+00 8.000000000000000000e+00 9.000000000000000000e+00 1.000000000000000000e+01 1.100000000000000000e+01 1.200000000000000000e+01 1.300000000000000000e+01 1.400000000000000000e+01 1.500000000000000000e+01 1.600000000000000000e+01 1.700000000000000000e+01 1.800000000000000000e+01 1.900000000000000000e+01 2.000000000000000000e+01 2.100000000000000000e+01 2.200000000000000000e+01 2.300000000000000000e+01 2.400000000000000000e+01 2.500000000000000000e+01 2.600000000000000000e+01 2.700000000000000000e+01 2.800000000000000000e+01 2.900000000000000000e+01 3.000000000000000000e+01 3.100000000000000000e+01 3.200000000000000000e+01
1.000000000000000000e+00 0.000000000000000000e+00 3.029578783093739069e+00 1.865275848040188533e+00 4.080777954235600191e+00 3.917882122375468068e+00 4.352650521578644849e+00 4.435317024533950381e+00 4.288816873145422370e+00 4.107301915870761988e+00 4.289903286831956208e+00 4.059249678841281295e+00 4.035990969097235315e+00 3.998447593315905824e+00 1.816895779423463919e+00 3.276359682397578688e+00 1.774767758708018173e+00 1.827898482659060075e+00 3.090457638988155065e+00 1.870312426921463267e+00 3.429219482694147114e+00 1.671103253144769374e+00 1.900475798025109464e+00 1.689138298499555768e+00 1.702203073832471381e+00 1.838900685197849549e+00 1.896783812817910198e+00 1.942609948334219849e+00 4.446577035066686001e+00 4.406780230870166903e+00 4.595635082009498440e+00 4.371889914230502328e+00 2.383016789048071793e+00
2.000000000000000000e+00 3.029578783093739069e+00 0.000000000000000000e+00 3.525158422545945136e+00 5.703559927410505992e+00 5.565343816323771620e+00 5.992374777452089241e+00 6.055372042987294812e+00 5.937308665379231520e+00 5.642565683378572672e+00 5.927454846852549863e+00 5.621665010776387916e+00 5.640803943550763755e+00 5.553117060620399670e+00 3.460982811656108105e+00 4.875622181751006146e+00 3.416372131858121719e+00 3.470949495953331354e+00 4.732297813826006561e+00 3.513412451583257212e+00 5.071850060967040719e+00 3.285694702771784215e+00 3.540957620330392075e+00 3.310134173186742856e+00 3.326969325842616954e+00 3.479825296043760119e+00 3.539439809418341909e+00 3.586234138776765334e+00 6.089287995391988950e+00 6.048445745838824550e+00 6.243779606229167278e+00 6.021636441260909578e+00 4.033447969432331526e+00
3.000000000000000000e+00 1.865275848040188533e+00 3.525158422545945136e+00 0.000000000000000000e+00 3.362615358841068769e+00 2.735051710942149494e+00 3.557153208015174428e+00 3.849839198756829894e+00 3.711260403935443541e+00 4.068206788455933420e+00 3.737133522173159861e+00 3.989325863402372718e+00 3.773781428393320425e+00 4.129970586394476229e+00 1.564349353577791701e+00 3.292756833682870088e+00 1.547250706882611793e+00 1.589505701501888080e+00 2.864027168252223365e+00 1.643229862187669976e+00 3.205076284335258929e+00 1.627455934577276997e+00 1.717840816478243715e+00 1.636220857438687615e+00 1.641384388479199208e+00 1.685507206402287350e+00 1.745136105304875285e+00 1.793305091041042632e+00 4.350015810610835310e+00 4.327815728084683400e+00 4.552723038038767989e+00 4.280428774231676670e+00 2.269360516566814034e+00
4.000000000000000000e+00 4.080777954235600191e+00 5.703559927410505992e+00 3.362615358841068769e+00 0.000000000000000000e+00 5.180861206904296523e+00 5.886349943233715187e+00 5.919498543659730494e+00 6.111099719152838894e+00 5.998569875595189060e+00 6.058897736455572058e+00 6.113481001561833494e+00 5.983390888570439436e+00 6.327643836040763858e+00 3.895342813725922504e+00 5.529103716280709513e+00 3.869604115125850896e+00 3.915839960913837903e+00 5.186245264040003633e+00 3.966454615275568418e+00 5.527181454321155485e+00 3.885479149885560979e+00 4.027050187339329845e+00 3.899929872064715752e+00 3.909074620041612214e+00 3.986787893173671549e+00 4.046843532748100714e+00 4.094865183356660054e+00 6.636498594556033304e+00 6.608949656236823955e+00 6.827311909610497942e+00 6.569091140448970023e+00 4.564500655142483154e+00
5.000000000000000000e+00 3.917882122375468068e+00 5.565343816323771620e+00 2.735051710942149494e+00 5.180861206904296523e+00 0.000000000000000000e+00 5.164538759692470116e+00 5.506162778215837328e+00 5.713641945836632097e+00 6.019604851709463134e+00 5.634471691955885930e+00 5.960616282038134983e+00 5.742150574729344648e+00 6.156052706365793270e+00 3.626191123759060275e+00 5.326063836690480890e+00 3.605983188450338162e+00 3.649718582222772678e+00 4.922786606399736087e+00 3.702559296888149110e+00 5.263983783657840476e+00 3.666337398428621164e+00 3.772605959251073671e+00 3.676961542730981414e+00 3.683385951842440775e+00 3.737971351191699654e+00 3.797858873009182012e+00 3.846054513466744318e+00 6.398340990331061739e+00 6.374569117178905842e+00 6.598075639938275394e+00 6.329834739704354618e+00 4.320675769529093380e+00
6.000000000000000000e+00 4.352650521578644849e+00 5.992374777452089241e+00 3.557153208015174428e+00 5.886349943233715187e+00 5.164538759692470116e+00 0.000000000000000000e+00 5.242321029647055930e+00 5.736901938296095516e+00 6.417762137759432051e+00 5.295601402460198059e+00 6.277614615304058177e+00 5.966428049001113898e+00 6.534625891774972217e+00 3.997459392962683822e+00 5.693610151012022946e+00 3.975152664432302529e+00 4.020005899775366487e+00 5.292172870389752148e+00 4.072864829539165399e+00 5.633958412702844143e+00 4.031620326008830801e+00 4.141106740927319230e+00 4.042766973449383627e+00 4.049457723955530497e+00 4.106330196141425581e+00 4.166607473789240679e+00 4.214994774106197717e+00 6.766907676777324632e+00 6.743021920260099833e+00 6.967818003488175371e+00 6.699655631711985748e+00 4.690676334165028827e+00
7.000000000000000000e+00 4.435317024533950381e+00 6.055372042987294812e+00 3.849839198756829894e+00 5.919498543659730494e+00 5.506162778215837328e+00 5.242321029647055930e+00 0.000000000000000000e+00 6.091886627678554156e+00 6.327550905958482019e+00 5.624233816135179254e+00 6.159821579382333212e+00 5.831072844807988709e+00 6.569921227880609393e+00 4.108423250265116344e+00 5.744519148841944478e+00 4.080211301082647068e+00 4.127843159628378444e+00 5.397212834532474801e+00 4.178811091314221571e+00 5.739115305677749745e+00 4.094950160218050250e+00 4.237914379259978936e+00 4.110083437870092560e+00 4.119477641093327591e+00 4.198316824583667284e+00 4.259074386363845832e+00 4.307489092865868230e+00 6.850124740672591805e+00 6.822916597107147041e+00 7.044573924327035108e+00 6.785000415666944562e+00 4.780025584896042012e+00
8.000000000000000000e+00 4.288816873145422370e+00 5.937308665379231520e+00 3.711260403935443541e+00 6.111099719152838894e+00 5.713641945836632097e+00 5.736901938296095516e+00 6.091886627678554156e+00 0.000000000000000000e+00 6.469364849049240362e+00 5.191192904484841719e+00 6.273454005939099076e+00 5.912545960093228636e+00 6.447694308077943859e+00 3.815995184250527750e+00 5.576669707359910966e+00 3.797783684360432233e+00 3.840881540667933525e+00 5.115125705197360872e+00 3.896008779223854912e+00 5.457582161942287513e+00 3.897969814002523847e+00 3.972601621518133008e+00 3.905205340823228788e+00 3.909126863110110151e+00 3.943305411671370386e+00 4.003521047312450065e+00 4.052122689206810513e+00 6.614412613030329346e+00 6.594259012401535003e+00 6.824363320458032511e+00 6.546281573335923198e+00 4.532849761040140812e+00
9.000000000000000000e+00 4.107301915870761988e+00 5.642565683378572672e+00 4.068206788455933420e+00 5.998569875595189060e+00 6.019604851709463134e+00 6.417762137759432051e+00 6.327550905958482019e+00 6.469364849049240362e+00 0.000000000000000000e+00 6.395536469499452537e+00 5.814256740772231424e+00 6.014577949714015936e+00 6.158651926496439444e+00 4.053292602073682360e+00 5.459320513958744847e+00 4.008016961961281766e+00 4.063292820721740028e+00 5.324343199069843990e+00 4.106881362836283245e+00 5.665050905785047775e+00 3.870420061567727110e+00 4.135612762221419381e+00 3.899864753149209662e+00 3.919256942417391087e+00 4.077610016969222428e+00 4.139056122055942311e+00 4.186992329715293337e+00 6.694355039035907673e+00 6.654404158356376442e+00 6.859669963992090835e+00 6.633746613752366628e+00 4.643960106022167800e+00
1.000000000000000000e+01 4.289903286831956208e+00 5.927454846852549863e+00 3.737133522173159861e+00 6.058897736455572058e+00 5.634471691955885930e+00 5.295601402460198059e+00 5.624233816135179254e+00 5.191192904484841719e+00 6.395536469499452537e+00 0.000000000000000000e+00 6.168791929391504780e+00 5.731665861290371033e+00 6.419217930380289872e+00 3.840250496570953409e+00 5.555473189277624790e+00 3.816947380134183554e+00 3.862469431329748293e+00 5.134315357394974910e+00 3.916087853699960153e+00 5.476972838968444890e+00 3.884589898088783855e+00 3.985067528542730386e+00 3.894717979001608654e+00 3.900610820288202163e+00 3.951914111079780412e+00 4.012559370669340097e+00 4.061203483993700125e+00 6.616154317816952179e+00 6.593419774699585290e+00 6.821224312626863018e+00 6.549792552793649136e+00 4.539520805806756876e+00
1.100000000000000000e+01 4.059249678841281295e+00 5.621665010776387916e+00 3.989325863402372718e+00 6.113481001561833494e+00 5.960616282038134983e+00 6.277614615304058177e+00 6.159821579382333212e+00 6.273454005939099076e+00 5.814256740772231424e+00 6.168791929391504780e+00 0.000000000000000000e+00 5.358139350303061654e+00 5.965198887030942032e+00 3.837108459755477874e+00 5.209349827330929550e+00 3.787505041542761575e+00 3.845014342531605234e+00 5.104036046179929897e+00 3.887933129260332077e+00 5.445435097313207962e+00 3.621576268979090685e+00 3.911203544526802744e+00 3.655554461895903273e+00 3.677570034480055483e+00 3.851597334988748678e+00 3.914220600131326222e+00 3.962712395144355249e+00 6.466357421086224910e+00 6.424854442468213023e+00 6.632996432262669551e+00 6.410336954916855845e+00 4.422248643268807733e+00
1.200000000000000000e+01 4.035990969097235315e+00 5.640803943550763755e+00 3.773781428393320425e+00 5.983390888570439436e+00 5.742150574729344648e+00 5.966428049001113898e+00 5.831072844807988709e+00 5.912545960093228636e+00 6.014577949714015936e+00 5.731665861290371033e+00 5.358139350303061654e+00 0.000000000000000000e+00 6.033968058926584277e+00 3.634757576530396328e+00 5.193182429512014586e+00 3.597156336817925570e+00 3.649367451483649827e+00 4.914348766729013107e+00 3.698024573134407245e+00 5.257007220637763822e+00 3.554028012148808813e+00 3.743943744742240121e+00 3.575302036713990717e+00 3.588644650143982595e+00 3.698412153247595313e+00 3.760401291590723005e+00 3.809186162005473442e+00 6.340165604027549584e+00 6.308738612014973768e+00 6.529015590813545877e+00 6.279911796900202958e+00 4.280010074388878039e+00
1.300000000000000000e+01 3.998447593315905824e+00 5.553117060620399670e+00 4.129970586394476229e+00 6.327643836040763858e+00 6.156052706365793270e+00 6.534625891774972217e+00 6.569921227880609393e+00 6.447694308077943859e+00 6.158651926496439444e+00 6.419217930380289872e+00 5.965198887030942032e+00 6.033968058926584277e+00 0.000000000000000000e+00 3.854521745962315116e+00 4.996259319678174826e+00 3.793592472438908736e+00 3.856098067652337757e+00 5.109584628697573905e+00 3.893846147736690799e+00 5.449956506276121715e+00 3.514906170740335511e+00 3.896413119232981614e+00 3.559523393858362361e+00 3.589766114287814780e+00 3.823792241078043830e+00 3.886768631868710244e+00 3.934865594811474132e+00 6.412579767416176857e+00 6.361250700018677762e+00 6.555987728450856089e+00 6.359770238907856310e+00 4.383036070275271534e+00
1.400000000000000000e+01 1.816895779423463919e+00 3.460982811656108105e+00 1.564349353577791701e+00 3.895342813725922504e+00 3.626191123759060275e+00 3.997459392962683822e+00 4.108423250265116344e+00 3.815995184250527750e+00 4.053292602073682360e+00 3.840250496570953409e+00 3.837108459755477874e+00 3.634757576530396328e+00 3.854521745962315116e+00 0.000000000000000000e+00 2.895551170633702043e+00 7.040416399156692595e-01 5.927858082647183835e-01 1.988060417408853642e+00 6.274712830599264990e-01 2.236077067919028050e+00 1.149131983683488345e+00 9.282309429571549142e-01 1.132873014362674402e+00 1.119876411771617564e+00 9.501676999687675984e-01 9.989861865566227461e-01 1.045549349277515860e+00 3.716499883785901126e+00 3.728516732579807424e+00 3.991103042994716965e+00 3.627460564904885665e+00 1.567977450267153294e+00
1.500000000000000000e+01 3.276359682397578688e+00 4.875622181751006146e+00 3.292756833682870088e+00 5.529103716280709513e+00 5.326063836690480890e+00 5.693610151012022946e+00 5.744519148841944478e+00 5.576669707359910966e+00 5.459320513958744847e+00 5.555473189277624790e+00 5.209349827330929550e+00 5.193182429512014586e+00 4.996259319678174826e+00 2.895551170633702043e+00 0.000000000000000000e+00 2.824510935143112356e+00 2.891855204400541002e+00 4.140413033099928697e+00 2.926329065019943609e+00 4.481003610030414919e+00 2.409031634960593138e+00 2.912514845897247184e+00 2.476782341579988334e+00 2.523969359800144474e+00 2.831810668312517265e+00 2.897249944268464716e+00 2.946352618787368094e+00 5.404079997479084518e+00 5.343591125263161601e+00 5.537222642054799415e+00 5.363559258744247771e+00 3.395959884808880780e+00
1.600000000000000000e+01 1.774767758708018173e+00 3.416372131858121719e+00 1.547250706882611793e+00 3.869604115125850896e+00 3.605983188450338162e+00 3.975152664432302529e+00 4.080211301082647068e+00 3.797783684360432233e+00 4.008016961961281766e+00 3.816947380134183554e+00 3.787505041542761575e+00 3.597156336817925570e+00 3.793592472438908736e+00 7.040416399156692595e-01 2.824510935143112356e+00 0.000000000000000000e+00 6.271891468508279388e-01 1.732664743200119428e+00 7.541954934423382717e-01 2.275564502609400019e+00 1.070626248279838544e+00 8.409853888614071682e-01 1.052224415303308680e+00 1.037697255736046875e+00 8.780715979785294056e-01 9.375001079636751111e-01 9.875506236688267325e-01 3.637130689127187289e+00 3.647619283398178425e+00 3.911778058414092207e+00 3.554129539811728300e+00 1.503430450991739775e+00
1.700000000000000000e+01 1.827898482659060075e+00 3.470949495953331354e+00 1.589505701501888080e+00 3.915839960913837903e+00 3.649718582222772678e+00 4.020005899775366487e+00 4.127843159628378444e+00 3.840881540667933525e+00 4.063292820721740028e+00 3.862469431329748293e+00 3.845014342531605234e+00 3.649367451483649827e+00 3.856098067652337757e+00 5.927858082647183835e-01 2.891855204400541002e+00 6.271891468508279388e-01 0.000000000000000000e+00 1.875661878234830215e+00 6.060122275934269886e-01 2.126308310646001676e+00 1.141376124058166353e+00 8.977994507651183564e-01 1.123689981804376847e+00 1.109655883124049280e+00 9.293190237076716098e-01 9.790337185853397184e-01 1.026025094245538449e+00 3.700494465311115810e+00 3.714166366967978306e+00 3.978699901557797070e+00 3.610930250348816983e+00 1.549934448475004611e+00
1.800000000000000000e+01 3.090457638988155065e+00 4.732297813826006561e+00 2.864027168252223365e+00 5.186245264040003633e+00 4.922786606399736087e+00 5.292172870389752148e+00 5.397212834532474801e+00 5.115125705197360872e+00 5.324343199069843990e+00 5.134315357394974910e+00 5.104036046179929897e+00 4.914348766729013107e+00 5.109584628697573905e+00 1.988060417408853642e+00 4.140413033099928697e+00 1.732664743200119428e+00 1.875661878234830215e+00 0.000000000000000000e+00 2.016200987475412987e+00 3.448265068246679999e+00 2.386244635051736118e+00 2.124073474694285757e+00 2.367482579751607474e+00 2.352674730384426205e+00 2.178438647640844827e+00 2.235278915598621907e+00 2.284666558472750353e+00 4.945512860908137576e+00 4.958191107125559327e+00 5.223471147597112285e+00 4.859605886634893679e+00 2.804232156646879304e+00
1.900000000000000000e+01 1.870312426921463267e+00 3.513412451583257212e+00 1.643229862187669976e+00 3.966454615275568418e+00 3.702559296888149110e+00 4.072864829539165399e+00 4.178811091314221571e+00 3.896008779223854912e+00 4.106881362836283245e+00 3.916087853699960153e+00 3.887933129260332077e+00 3.698024573134407245e+00 3.893846147736690799e+00 6.274712830599264990e-01 2.926329065019943609e+00 7.541954934423382717e-01 6.060122275934269886e-01 2.016200987475412987e+00 0.000000000000000000e+00 2.108008563719797390e+00 1.172833121361837483e+00 8.838529045291705355e-01 1.153439578318587122e+00 1.138126810934082078e+00 9.132788286145692158e-01 9.525096690881660333e-01 9.963698181136273480e-01 3.707780847450577788e+00 3.728381749755099506e+00 3.996898286888218799e+00 3.609196905780594378e+00 1.532797101738777368e+00
2.000000000000000000e+01 3.429219482694147114e+00 5.071850060967040719e+00 3.205076284335258929e+00 5.527181454321155485e+00 5.263983783657840476e+00 5.633958412702844143e+00 5.739115305677749745e+00 5.457582161942287513e+00 5.665050905785047775e+00 5.476972838968444890e+00 5.445435097313207962e+00 5.257007220637763822e+00 5.449956506276121715e+00 2.236077067919028050e+00 4.481003610030414919e+00 2.275564502609400019e+00 2.126308310646001676e+00 3.448265068246679999e+00 2.108008563719797390e+00 0.000000000000000000e+00 2.726479293794051628e+00 2.402856668740458446e+00 2.706875471687796519e+00 2.691413176111734806e+00 2.474021075394928104e+00 2.519200115453004152e+00 2.565197051422604346e+00 5.264660349674623596e+00 5.283945604655432504e+00 5.552282876564530234e+00 5.169006494447772937e+00 3.097598102214557336e+00
2.100000000000000000e+01 1.671103253144769374e+00 3.285694702771784215e+00 1.627455934577276997e+00 3.885479149885560979e+00 3.666337398428621164e+00 4.031620326008830801e+00 4.094950160218050250e+00 3.897969814002523847e+00 3.870420061567727110e+00 3.884589898088783855e+00 3.621576268979090685e+00 3.554028012148808813e+00 3.514906170740335511e+00 1.149131983683488345e+00 2.409031634960593138e+00 1.070626248279838544e+00 1.141376124058166353e+00 2.386244635051736118e+00 1.172833121361837483e+00 2.726479293794051628e+00 0.000000000000000000e+00 1.145529183060399303e+00 5.638850933190588943e-01 6.517051929676116462e-01 1.057036452913484803e+00 1.124610038516394850e+00 1.174592559294193039e+00 3.611418272001052365e+00 3.540908094082877433e+00 3.734329061318297782e+00 3.583603028669610779e+00 1.625279844739177193e+00
2.200000000000000000e+01 1.900475798025109464e+00 3.540957620330392075e+00 1.717840816478243715e+00 4.027050187339329845e+00 3.772605959251073671e+00 4.141106740927319230e+00 4.237914379259978936e+00 3.972601621518133008e+00 4.135612762221419381e+00 3.985067528542730386e+00 3.911203544526802744e+00 3.743943744742240121e+00 3.896413119232981614e+00 9.282309429571549142e-01 2.912514845897247184e+00 8.409853888614071682e-01 8.977994507651183564e-01 2.124073474694285757e+00 8.838529045291705355e-01 2.402856668740458446e+00 1.145529183060399303e+00 0.000000000000000000e+00 1.120618826972020754e+00 1.101205024773082242e+00 8.081939058522651376e-01 8.634189066562736325e-01 9.148013867632107665e-01 3.639976940541457928e+00 3.669814317046995455e+00 3.947292030540697105e+00 3.537678854925137450e+00 1.455655509450984653e+00
2.300000000000000000e+01 1.689138298499555768e+00 3.310134173186742856e+00 1.636220857438687615e+00 3.899929872064715752e+00 3.676961542730981414e+00 4.042766973449383627e+00 4.110083437870092560e+00 3.905205340823228788e+00 3.899864753149209662e+00 3.894717979001608654e+00 3.655554461895903273e+00 3.575302036713990717e+00 3.559523393858362361e+00 1.132873014362674402e+00 2.476782341579988334e+00 1.052224415303308680e+00 1.123689981804376847e+00 2.367482579751607474e+00 1.153439578318587122e+00 2.706875471687796519e+00 5.638850933190588943e-01 1.120618826972020754e+00 0.000000000000000000e+00 5.203394189941745740e-01 1.027177402823906460e+00 1.095082941162836887e+00 1.145109583299333211e+00 3.565608182899247858e+00 3.486073519930344311e+00 3.671781534360326837e+00 3.543778148150773966e+00 1.593012559368902181e+00
2.400000000000000000e+01 1.702203073832471381e+00 3.326969325842616954e+00 1.641384388479199208e+00 3.909074620041612214e+00 3.683385951842440775e+00 4.049457723955530497e+00 4.119477641093327591e+00 3.909126863110110151e+00 3.919256942417391087e+00 3.900610820288202163e+00 3.677570034480055483e+00 3.588644650143982595e+00 3.589766114287814780e+00 1.119876411771617564e+00 2.523969359800144474e+00 1.037697255736046875e+00 1.109655883124049280e+00 2.352674730384426205e+00 1.138126810934082078e+00 2.691413176111734806e+00 6.517051929676116462e-01 1.101205024773082242e+00 5.203394189941745740e-01 0.000000000000000000e+00 1.003994667666030738e+00 1.072267243175585305e+00 1.122394200376030104e+00 3.530388997705239618e+00 3.444175685950503052e+00 3.628264274069510797e+00 3.514047721626408105e+00 1.568727531437550837e+00
2.500000000000000000e+01 1.838900685197849549e+00 3.479825296043760119e+00 1.685507206402287350e+00 3.986787893173671549e+00 3.737971351191699654e+00 4.106330196141425581e+00 4.198316824583667284e+00 3.943305411671370386e+00 4.077610016969222428e+00 3.951914111079780412e+00 3.851597334988748678e+00 3.698412153247595313e+00 3.823792241078043830e+00 9.501676999687675984e-01 2.831810668312517265e+00 8.780715979785294056e-01 9.293190237076716098e-01 2.178438647640844827e+00 9.132788286145692158e-01 2.474021075394928104e+00 1.057036452913484803e+00 8.081939058522651376e-01 1.027177402823906460e+00 1.003994667666030738e+00 0.000000000000000000e+00 5.927715351793698684e-01 6.782545612381667421e-01 3.465839474338014981e+00 3.522466061683566352e+00 3.815473304560243584e+00 3.334920658886589173e+00 1.225125745061831584e+00
2.600000000000000000e+01 1.896783812817910198e+00 3.539439809418341909e+00 1.745136105304875285e+00 4.046843532748100714e+00 3.797858873009182012e+00 4.166607473789240679e+00 4.259074386363845832e+00 4.003521047312450065e+00 4.139056122055942311e+00 4.012559370669340097e+00 3.914220600131326222e+00 3.760401291590723005e+00 3.886768631868710244e+00 9.989861865566227461e-01 2.897249944268464716e+00 9.375001079636751111e-01 9.790337185853397184e-01 2.235278915598621907e+00 9.525096690881660333e-01 2.519200115453004152e+00 1.124610038516394850e+00 8.634189066562736325e-01 1.095082941162836887e+00 1.072267243175585305e+00 5.927715351793698684e-01 0.000000000000000000e+00 5.343303902608977918e-01 3.508036488560211552e+00 3.573400880611523611e+00 3.866805217661091199e+00 3.345924622465366483e+00 1.172075033558211743e+00
2.700000000000000000e+01 1.942609948334219849e+00 3.586234138776765334e+00 1.793305091041042632e+00 4.094865183356660054e+00 3.846054513466744318e+00 4.214994774106197717e+00 4.307489092865868230e+00 4.052122689206810513e+00 4.186992329715293337e+00 4.061203483993700125e+00 3.962712395144355249e+00 3.809186162005473442e+00 3.934865594811474132e+00 1.045549349277515860e+00 2.946352618787368094e+00 9.875506236688267325e-01 1.026025094245538449e+00 2.284666558472750353e+00 9.963698181136273480e-01 2.565197051422604346e+00 1.174592559294193039e+00 9.148013867632107665e-01 1.145109583299333211e+00 1.122394200376030104e+00 6.782545612381667421e-01 5.343303902608977918e-01 0.000000000000000000e+00 3.546312498015003811e+00 3.615149987370875451e+00 3.907994732238781133e+00 3.369508356638005964e+00 1.149977601485108192e+00
2.800000000000000000e+01 4.446577035066686001e+00 6.089287995391988950e+00 4.350015810610835310e+00 6.636498594556033304e+00 6.398340990331061739e+00 6.766907676777324632e+00 6.850124740672591805e+00 6.614412613030329346e+00 6.694355039035907673e+00 6.616154317816952179e+00 6.466357421086224910e+00 6.340165604027549584e+00 6.412579767416176857e+00 3.716499883785901126e+00 5.404079997479084518e+00 3.637130689127187289e+00 3.700494465311115810e+00 4.945512860908137576e+00 3.707780847450577788e+00 5.264660349674623596e+00 3.611418272001052365e+00 3.639976940541457928e+00 3.565608182899247858e+00 3.530388997705239618e+00 3.465839474338014981e+00 3.508036488560211552e+00 3.546312498015003811e+00 0.000000000000000000e+00 5.099010720867886093e+00 6.029494898904583344e+00 5.257760136695488029e+00 3.836152613894087793e+00
2.900000000000000000e+01 4.406780230870166903e+00 6.048445745838824550e+00 4.327815728084683400e+00 6.608949656236823955e+00 6.374569117178905842e+00 6.743021920260099833e+00 6.822916597107147041e+00 6.594259012401535003e+00 6.654404158356376442e+00 6.593419774699585290e+00 6.424854442468213023e+00 6.308738612014973768e+00 6.361250700018677762e+00 3.728516732579807424e+00 5.343591125263161601e+00 3.647619283398178425e+00 3.714166366967978306e+00 4.958191107125559327e+00 3.728381749755099506e+00 5.283945604655432504e+00 3.540908094082877433e+00 3.669814317046995455e+00 3.486073519930344311e+00 3.444175685950503052e+00 3.522466061683566352e+00 3.573400880611523611e+00 3.615149987370875451e+00 5.099010720867886093e+00 0.000000000000000000e+00 5.673436927914717209e+00 5.522336176667504759e+00 3.953920880398317905e+00
3.000000000000000000e+01 4.595635082009498440e+00 6.243779606229167278e+00 4.552723038038767989e+00 6.827311909610497942e+00 6.598075639938275394e+00 6.967818003488175371e+00 7.044573924327035108e+00 6.824363320458032511e+00 6.859669963992090835e+00 6.821224312626863018e+00 6.632996432262669551e+00 6.529015590813545877e+00 6.555987728450856089e+00 3.991103042994716965e+00 5.537222642054799415e+00 3.911778058414092207e+00 3.978699901557797070e+00 5.223471147597112285e+00 3.996898286888218799e+00 5.552282876564530234e+00 3.734329061318297782e+00 3.947292030540697105e+00 3.671781534360326837e+00 3.628264274069510797e+00 3.815473304560243584e+00 3.866805217661091199e+00 3.907994732238781133e+00 6.029494898904583344e+00 5.673436927914717209e+00 0.000000000000000000e+00 5.963467845894635744e+00 4.254928179032126501e+00
3.100000000000000000e+01 4.371889914230502328e+00 6.021636441260909578e+00 4.280428774231676670e+00 6.569091140448970023e+00 6.329834739704354618e+00 6.699655631711985748e+00 6.785000415666944562e+00 6.546281573335923198e+00 6.633746613752366628e+00 6.549792552793649136e+00 6.410336954916855845e+00 6.279911796900202958e+00 6.359770238907856310e+00 3.627460564904885665e+00 5.363559258744247771e+00 3.554129539811728300e+00 3.610930250348816983e+00 4.859605886634893679e+00 3.609196905780594378e+00 5.169006494447772937e+00 3.583603028669610779e+00 3.537678854925137450e+00 3.543778148150773966e+00 3.514047721626408105e+00 3.334920658886589173e+00 3.345924622465366483e+00 3.369508356638005964e+00 5.257760136695488029e+00 5.522336176667504759e+00 5.963467845894635744e+00 0.000000000000000000e+00 3.498765909256489337e+00
3.200000000000000000e+01 2.383016789048071793e+00 4.033447969432331526e+00 2.269360516566814034e+00 4.564500655142483154e+00 4.320675769529093380e+00 4.690676334165028827e+00 4.780025584896042012e+00 4.532849761040140812e+00 4.643960106022167800e+00 4.539520805806756876e+00 4.422248643268807733e+00 4.280010074388878039e+00 4.383036070275271534e+00 1.567977450267153294e+00 3.395959884808880780e+00 1.503430450991739775e+00 1.549934448475004611e+00 2.804232156646879304e+00 1.532797101738777368e+00 3.097598102214557336e+00 1.625279844739177193e+00 1.455655509450984653e+00 1.593012559368902181e+00 1.568727531437550837e+00 1.225125745061831584e+00 1.172075033558211743e+00 1.149977601485108192e+00 3.836152613894087793e+00 3.953920880398317905e+00 4.254928179032126501e+00 3.498765909256489337e+00 0.000000000000000000e+00
