0.000000000000000000e+00 1.000000000000000000e+00 2.000000000000000000e+00 3.000000000000000000e+00 4.000000000000000000e+00 5.000000000000000000e+00 6.000000000000000000e+00 7.000000000000000000e+00 8.000000000000000000e+00 9.000000000000000000e+00 1.000000000000000000e+01 1.100000000000000000e+01 1.200000000000000000e+01 1.300000000000000000e+01 1.400000000000000000e+01 1.500000000000000000e+01 1.600000000000000000e+01 1.700000000000000000e+01 1.800000000000000000e+01 1.900000000000000000e+01 2.000000000000000000e+01 2.100000000000000000e+01 2.200000000000000000e+01 2.300000000000000000e+01 2.400000000000000000e+01 2.500000000000000000e+01 2.600000000000000000e+01 2.700000000000000000e+01 2.800000000000000000e+01 2.900000000000000000e+01 3.000000000000000000e+01 3.100000000000000000e+01 3.200000000000000000e+01
1.000000000000000000e+00 0.000000000000000000e+00 5.192813351524512289e-01 6.040056458188964861e-01 5.863950856947882651e-01 5.983353023549363714e-01 6.018092871344319361e-01 5.909957903134631652e-01 6.180109584406071610e-01 5.553341161080997956e-01 6.057443932997990110e-01 5.618014231454885321e-01 5.781304499079373826e-01 4.362387119837049521e-01 7.886545470961956461e-01 3.952617539568108462e-01 7.219889910412120582e-01 7.518892606028325654e-01 7.341364317211344082e-01 7.940813026791452289e-01 7.559489801406498177e-01 5.389583332783101088e-01 7.427040134095076462e-01 5.499141702618464134e-01 5.669126951571017425e-01 7.515464594032307266e-01 7.927152342367553839e-01 8.250014511058638700e-01 6.940178277538417984e-01 6.782988115806948271e-01 6.662036780548350468e-01 7.327145710247116028e-01 8.549195720587456915e-01
2.000000000000000000e+00 5.192813351524512289e-01 0.000000000000000000e+00 8.203842429019632121e-01 7.927132783652343084e-01 8.142591820166206196e-01 8.246418408129213562e-01 8.136752644153267822e-01 8.484316086835023141e-01 7.663706180697800185e-01 8.349644095882857719e-01 7.945031542723358653e-01 8.134804171919487459e-01 7.201824944132699802e-01 1.045111431831450499e+00 6.877777353698322216e-01 9.805189596101198113e-01 1.010107661628142584e+00 9.933424517087295902e-01 1.053434217624468872e+00 1.015736327457081201e+00 8.178915727183100337e-01 1.004435091738434149e+00 8.297728108209834197e-01 8.458416739525878025e-01 1.018636388146841654e+00 1.060194036847149412e+00 1.092809031974400602e+00 9.679575510613269707e-01 9.538795514101915396e-01 9.448693005014487944e-01 1.006509070955428964e+00 1.125395220424429743e+00
3.000000000000000000e+00 6.040056458188964861e-01 8.203842429019632121e-01 0.000000000000000000e+00 5.993863882204114590e-01 4.613647562508583766e-01 5.757739052558835668e-01 6.274749364605373136e-01 6.620433837857201409e-01 7.305863960008940339e-01 6.508709302115374129e-01 7.358637683238663518e-01 7.216333023653578316e-01 7.782226590680856315e-01 9.883660670597331777e-01 7.516859712642276481e-01 9.312739251869543988e-01 9.595896768096615626e-01 9.463532225605982839e-01 1.006749069349689663e+00 9.706433288603506515e-01 8.412560146879435319e-01 9.660930209937478308e-01 8.540873202365342198e-01 8.663858877668684233e-01 9.982943435148868838e-01 1.041002135066900092e+00 1.074652936846686169e+00 9.699978823388066829e-01 9.611340344682656189e-01 9.616018684377607428e-01 1.007856200021168158e+00 1.115929170494412093e+00
4.000000000000000000e+00 5.863950856947882651e-01 7.927132783652343084e-01 5.993863882204114590e-01 0.000000000000000000e+00 5.681504018046207305e-01 6.404998183018687508e-01 6.339557796599456507e-01 7.141216330923650935e-01 6.824907233114314575e-01 6.913642065532177305e-01 7.132716112546456655e-01 7.150392668381364558e-01 7.597954502287125322e-01 9.999986037856110066e-01 7.351286208802778610e-01 9.406283196338323105e-01 9.694418851311862317e-01 9.551855279202653426e-01 1.015662089319233630e+00 9.790639629357575924e-01 8.319302889502180332e-01 9.727128586783003739e-01 8.451880061684395873e-01 8.585222286778322331e-01 1.000488924952670278e+00 1.042989233157880280e+00 1.076417310520720649e+00 9.670006216014159772e-01 9.569924318879451386e-01 9.554885950372280501e-01 1.005099826978964384e+00 1.115676308481073464e+00
5.000000000000000000e+00 5.983353023549363714e-01 8.142591820166206196e-01 4.613647562508583766e-01 5.681504018046207305e-01 0.000000000000000000e+00 5.465203295770134639e-01 5.897411112200804384e-01 6.620804824996456839e-01 7.122937129330435546e-01 6.382926493938021473e-01 7.181388272210357249e-01 7.041785346474815910e-01 7.700398308432678807e-01 9.863424670294418384e-01 7.443676997945085638e-01 9.284493540880507378e-01 9.570042864401114846e-01 9.434448406389147612e-01 1.003969280768475691e+00 9.676872612172655597e-01 8.342703377966154132e-01 9.626588217607453535e-01 8.474031372862513845e-01 8.599322315145656592e-01 9.939023422848501932e-01 1.036605293808990469e+00 1.070224518207065989e+00 9.646453907524328297e-01 9.556027374327752399e-01 9.558138335468948643e-01 1.002586533530539725e+00 1.111123064424911933e+00
6.000000000000000000e+00 6.018092871344319361e-01 8.246418408129213562e-01 5.757739052558835668e-01 6.404998183018687508e-01 5.465203295770134639e-01 0.000000000000000000e+00 5.317926194065286660e-01 6.003895606947157182e-01 7.191953551759651120e-01 5.465467424698760013e-01 7.057974707705175765e-01 6.758100435759806235e-01 7.690340405583893091e-01 9.701637131260092417e-01 7.432722516688934355e-01 9.125759806618038983e-01 9.412238085985670244e-01 9.278923935968704795e-01 9.886554983842706923e-01 9.524325624941771817e-01 8.270726300917246032e-01 9.480365235340307839e-01 8.404161115414063854e-01 8.524473720382832465e-01 9.813595233043687083e-01 1.024253114950189447e+00 1.058015440416712805e+00 9.549198770204545550e-01 9.465722766090488571e-01 9.480926287988891143e-01 9.928152145762281222e-01 1.099996025464917038e+00
7.000000000000000000e+00 5.909957903134631652e-01 8.136752644153267822e-01 6.274749364605373136e-01 6.339557796599456507e-01 5.897411112200804384e-01 5.317926194065286660e-01 0.000000000000000000e+00 6.461875754750615597e-01 6.855985010051364181e-01 5.809141113946534318e-01 6.648283477623738724e-01 6.327046308335790847e-01 7.537682509749792370e-01 9.716110394525845351e-01 7.299803779962144024e-01 9.122891357411198054e-01 9.414031264776582253e-01 9.273369431735204449e-01 9.882968794471652663e-01 9.516927296953661131e-01 8.155272148863330628e-01 9.461235696341206980e-01 8.295935553947038077e-01 8.422720517095174664e-01 9.768925493623298317e-01 1.019734812577852479e+00 1.053397423326856819e+00 9.477403664498240676e-01 9.388556972448981464e-01 9.395519030559122964e-01 9.858341767231517672e-01 1.094320269426453107e+00
8.000000000000000000e+00 6.180109584406071610e-01 8.484316086835023141e-01 6.620433837857201409e-01 7.141216330923650935e-01 6.620804824996456839e-01 6.003895606947157182e-01 6.461875754750615597e-01 0.000000000000000000e+00 7.609065018043730255e-01 5.333347191977639845e-01 7.370677065458915989e-01 6.984677256876024032e-01 7.845568766308750330e-01 9.465848265228737901e-01 7.564996147031268769e-01 8.914525210976738112e-01 9.196712298193235879e-01 9.075199160648214081e-01 9.683672204871361933e-01 9.326759312876020669e-01 8.309085523078312274e-01 9.305210959625308531e-01 8.435439966876840945e-01 8.541384383370027589e-01 9.696145872002174260e-01 1.012805339303962660e+00 1.046867910069914531e+00 9.500366746884141289e-01 9.432106634817963853e-01 9.473513083940650059e-01 9.876197680136531432e-01 1.091501282028746855e+00
9.000000000000000000e+00 5.553341161080997956e-01 7.663706180697800185e-01 7.305863960008940339e-01 6.824907233114314575e-01 7.122937129330435546e-01 7.191953551759651120e-01 6.855985010051364181e-01 7.609065018043730255e-01 0.000000000000000000e+00 7.338605796083030874e-01 6.272998093623091131e-01 6.838758760643495194e-01 7.097104053788376721e-01 9.980336572059811395e-01 6.939927474172669086e-01 9.350509587381787835e-01 9.647315711557810092e-01 9.488981240871005030e-01 1.009625922089045336e+00 9.722412443865326992e-01 7.987139570638819297e-01 9.632163007315389658e-01 8.133287399313355870e-01 8.283051446009477292e-01 9.847125835456896903e-01 1.026983324324031388e+00 1.060122920117349432e+00 9.441184986685289271e-01 9.326053779349102735e-01 9.286259823981719563e-01 9.826265086359959877e-01 1.096622870430966179e+00
1.000000000000000000e+01 6.057443932997990110e-01 8.349644095882857719e-01 6.508709302115374129e-01 6.913642065532177305e-01 6.382926493938021473e-01 5.465467424698760013e-01 5.809141113946534318e-01 5.333347191977639845e-01 7.338605796083030874e-01 0.000000000000000000e+00 7.038615762351027039e-01 6.560420777855471286e-01 7.693510440505086923e-01 9.526868489604398693e-01 7.429022381225927063e-01 8.952510402588429450e-01 9.240845032576191498e-01 9.109491648159911970e-01 9.720481658505436551e-01 9.358499527738073365e-01 8.197880412462346111e-01 9.321156535177314018e-01 8.332721631057371514e-01 8.446900043201417407e-01 9.677643856062486671e-01 1.010884644069000027e+00 1.044812183031154085e+00 9.445283461167117700e-01 9.369760104025571801e-01 9.399926095228046119e-01 9.823744444897077877e-01 1.088017460818002657e+00
1.100000000000000000e+01 5.618014231454885321e-01 7.945031542723358653e-01 7.358637683238663518e-01 7.132716112546456655e-01 7.181388272210357249e-01 7.057974707705175765e-01 6.648283477623738724e-01 7.370677065458915989e-01 6.272998093623091131e-01 7.038615762351027039e-01 0.000000000000000000e+00 5.756276786238765375e-01 7.045899914502575800e-01 9.745288692842275502e-01 6.903772460207961981e-01 9.110777209154330425e-01 9.411904434432257771e-01 9.253050514026383011e-01 9.865641120444598178e-01 9.490528955837447267e-01 7.813477828729780139e-01 9.404055081717527242e-01 7.979723967742453627e-01 8.127570170176630082e-01 9.640869582101553315e-01 1.006729944626649109e+00 1.040093673507110017e+00 9.271723207871509498e-01 9.167161680287546632e-01 9.149816364187179918e-01 9.658082679759552036e-01 1.078014572523418702e+00
1.200000000000000000e+01 5.781304499079373826e-01 8.134804171919487459e-01 7.216333023653578316e-01 7.150392668381364558e-01 7.041785346474815910e-01 6.758100435759806235e-01 6.327046308335790847e-01 6.984677256876024032e-01 6.838758760643495194e-01 6.560420777855471286e-01 5.756276786238765375e-01 0.000000000000000000e+00 7.272350955903574832e-01 9.575740440413866850e-01 7.063831194026861660e-01 8.951857220381038704e-01 9.253304649855850217e-01 9.100615157906514208e-01 9.716913113966426652e-01 9.343966171785917929e-01 7.853769408597324198e-01 9.272170426587510450e-01 8.017829967843184136e-01 8.152879699166850624e-01 9.554080605628357814e-01 9.984219084462400140e-01 1.032078278828145734e+00 9.244472560254339832e-01 9.154271392425658016e-01 9.163308199347521832e-01 9.629399590130858222e-01 1.072284435709518924e+00
1.300000000000000000e+01 4.362387119837049521e-01 7.201824944132699802e-01 7.782226590680856315e-01 7.597954502287125322e-01 7.700398308432678807e-01 7.690340405583893091e-01 7.537682509749792370e-01 7.845568766308750330e-01 7.097104053788376721e-01 7.693510440505086923e-01 7.045899914502575800e-01 7.272350955903574832e-01 0.000000000000000000e+00 9.506053715431659334e-01 5.534318169433172230e-01 8.829485217841914757e-01 9.132524699151326475e-01 8.951386714725241278e-01 9.554154940327953538e-01 9.170498173440988499e-01 6.934523203614857412e-01 9.034311812010179521e-01 7.076357815201304025e-01 7.256646919089064784e-01 9.121338452255046692e-01 9.534963253504618041e-01 9.858623345217976119e-01 8.552309265621336198e-01 8.398510195466807327e-01 8.287971623863765736e-01 8.941883934209826634e-01 1.016054127491302861e+00
1.400000000000000000e+01 7.886545470961956461e-01 1.045111431831450499e+00 9.883660670597331777e-01 9.999986037856110066e-01 9.863424670294418384e-01 9.701637131260092417e-01 9.716110394525845351e-01 9.465848265228737901e-01 9.980336572059811395e-01 9.526868489604398693e-01 9.745288692842275502e-01 9.575740440413866850e-01 9.506053715431659334e-01 0.000000000000000000e+00 9.115763871374484850e-01 6.555735755073839321e-01 5.731541727262031705e-01 6.455917103008820268e-01 6.081118727937860902e-01 6.374350142967168953e-01 9.418261781158181467e-01 7.161484323578818367e-01 9.406800319046035863e-01 9.363475785534096651e-01 8.614584881431307517e-01 9.000355611230068664e-01 9.359503025984741154e-01 9.395386384642809841e-01 9.494717743338944027e-01 9.774557840276154597e-01 9.675582956457047246e-01 1.021978629786699733e+00
1.500000000000000000e+01 3.952617539568108462e-01 6.877777353698322216e-01 7.516859712642276481e-01 7.351286208802778610e-01 7.443676997945085638e-01 7.432722516688934355e-01 7.299803779962144024e-01 7.564996147031268769e-01 6.939927474172669086e-01 7.429022381225927063e-01 6.903772460207961981e-01 7.063831194026861660e-01 5.534318169433172230e-01 9.115763871374484850e-01 0.000000000000000000e+00 8.430835185941683019e-01 8.735156981092900841e-01 8.549928124150557585e-01 9.152216300465519927e-01 8.766725855575838722e-01 6.335858842436794536e-01 8.622497366013764930e-01 6.525459583206190128e-01 6.735688847417475866e-01 8.688573202095913883e-01 9.101536554312477101e-01 9.424316907681911104e-01 8.095415718329821431e-01 7.936967436023601996e-01 7.821893291019406114e-01 8.487823578452438067e-01 9.717582136448450481e-01
1.600000000000000000e+01 7.219889910412120582e-01 9.805189596101198113e-01 9.312739251869543988e-01 9.406283196338323105e-01 9.284493540880507378e-01 9.125759806618038983e-01 9.122891357411198054e-01 8.914525210976738112e-01 9.350509587381787835e-01 8.952510402588429450e-01 9.110777209154330425e-01 8.951857220381038704e-01 8.829485217841914757e-01 6.555735755073839321e-01 8.430835185941683019e-01 0.000000000000000000e+00 5.482659220014504120e-01 4.619315866258676406e-01 6.516023694816927003e-01 5.790394240396574688e-01 8.688268447906060121e-01 6.191151591266678134e-01 8.665291180267533644e-01 8.608844137442035471e-01 7.805454930511855904e-01 8.248234931446749574e-01 8.624652233914671395e-01 8.599513910127449812e-01 8.707843028540028785e-01 9.006038870861428070e-01 8.890040033852468770e-01 9.457180391248971585e-01
1.700000000000000000e+01 7.518892606028325654e-01 1.010107661628142584e+00 9.595896768096615626e-01 9.694418851311862317e-01 9.570042864401114846e-01 9.412238085985670244e-01 9.414031264776582253e-01 9.196712298193235879e-01 9.647315711557810092e-01 9.240845032576191498e-01 9.411904434432257771e-01 9.253304649855850217e-01 9.132524699151326475e-01 5.731541727262031705e-01 8.735156981092900841e-01 5.482659220014504120e-01 0.000000000000000000e+00 5.052808788710122512e-01 5.626607413656593559e-01 5.101226950006256811e-01 9.007207138428270365e-01 6.279031530893232071e-01 8.982552425235621474e-01 8.925778328851821097e-01 7.990031144715620259e-01 8.385994023340723746e-01 8.752142848882866755e-01 8.868049096192212044e-01 8.983154253290704938e-01 9.284723005989874434e-01 9.140266596693118473e-01 9.644428837114362718e-01
1.800000000000000000e+01 7.341364317211344082e-01 9.933424517087295902e-01 9.463532225605982839e-01 9.551855279202653426e-01 9.434448406389147612e-01 9.278923935968704795e-01 9.273369431735204449e-01 9.075199160648214081e-01 9.488981240871005030e-01 9.109491648159911970e-01 9.253050514026383011e-01 9.100615157906514208e-01 8.951386714725241278e-01 6.455917103008820268e-01 8.549928124150557585e-01 4.619315866258676406e-01 5.052808788710122512e-01 0.000000000000000000e+00 6.121226714533481994e-01 5.052693403238917025e-01 8.802593732187731224e-01 5.789369943501631033e-01 8.770903179160696173e-01 8.706718350643338766e-01 7.704703939955991343e-01 8.129588775301976877e-01 8.505626453153312116e-01 8.613042927819669625e-01 8.734996666317665914e-01 9.047784974746633235e-01 8.887378684186890698e-01 9.392792993310383753e-01
1.900000000000000000e+01 7.940813026791452289e-01 1.053434217624468872e+00 1.006749069349689663e+00 1.015662089319233630e+00 1.003969280768475691e+00 9.886554983842706923e-01 9.882968794471652663e-01 9.683672204871361933e-01 1.009625922089045336e+00 9.720481658505436551e-01 9.865641120444598178e-01 9.716913113966426652e-01 9.554154940327953538e-01 6.081118727937860902e-01 9.152216300465519927e-01 6.516023694816927003e-01 5.626607413656593559e-01 6.121226714533481994e-01 0.000000000000000000e+00 5.345888070132287506e-01 9.414963044360937783e-01 6.387221176002854106e-01 9.377371388723114709e-01 9.308989099287019453e-01 8.076863422502243983e-01 8.409243860997437370e-01 8.761894131106016115e-01 9.121861017126697835e-01 9.257529727361725191e-01 9.580632773487225418e-01 9.365023067618101216e-01 9.756616646676212756e-01
2.000000000000000000e+01 7.559489801406498177e-01 1.015736327457081201e+00 9.706433288603506515e-01 9.790639629357575924e-01 9.676872612172655597e-01 9.524325624941771817e-01 9.516927296953661131e-01 9.326759312876020669e-01 9.722412443865326992e-01 9.358499527738073365e-01 9.490528955837447267e-01 9.343966171785917929e-01 9.170498173440988499e-01 6.374350142967168953e-01 8.766725855575838722e-01 5.790394240396574688e-01 5.101226950006256811e-01 5.052693403238917025e-01 5.345888070132287506e-01 0.000000000000000000e+00 9.018304906060941040e-01 5.585306976263816336e-01 8.978458769868142841e-01 8.907303057603719321e-01 7.682986087532913677e-01 8.061853372900280590e-01 8.429961066031348427e-01 8.721766859306716579e-01 8.858127985894764800e-01 9.184859784893977253e-01 8.973523958683036206e-01 9.394611189592030343e-01
2.100000000000000000e+01 5.389583332783101088e-01 8.178915727183100337e-01 8.412560146879435319e-01 8.319302889502180332e-01 8.342703377966154132e-01 8.270726300917246032e-01 8.155272148863330628e-01 8.309085523078312274e-01 7.987139570638819297e-01 8.197880412462346111e-01 7.813477828729780139e-01 7.853769408597324198e-01 6.934523203614857412e-01 9.418261781158181467e-01 6.335858842436794536e-01 8.688268447906060121e-01 9.007207138428270365e-01 8.802593732187731224e-01 9.414963044360937783e-01 9.018304906060941040e-01 0.000000000000000000e+00 8.845959924804825958e-01 5.487595223372141451e-01 6.210096453778770620e-01 8.875120023657426804e-01 9.301925504486880936e-01 9.630008544354760058e-01 8.292042181922647526e-01 8.156652212799874180e-01 8.146896875797808857e-01 8.720202377927068760e-01 9.936782413194831243e-01
2.200000000000000000e+01 7.427040134095076462e-01 1.004435091738434149e+00 9.660930209937478308e-01 9.727128586783003739e-01 9.626588217607453535e-01 9.480365235340307839e-01 9.461235696341206980e-01 9.305210959625308531e-01 9.632163007315389658e-01 9.321156535177314018e-01 9.404055081717527242e-01 9.272170426587510450e-01 9.034311812010179521e-01 7.161484323578818367e-01 8.622497366013764930e-01 6.191151591266678134e-01 6.279031530893232071e-01 5.789369943501631033e-01 6.387221176002854106e-01 5.585306976263816336e-01 8.845959924804825958e-01 0.000000000000000000e+00 8.787562977415539489e-01 8.698542601975307598e-01 7.140189729803060326e-01 7.568693996949085179e-01 7.962707399388142537e-01 8.370876818821382237e-01 8.531887348759731315e-01 8.889779301487601426e-01 8.608724567870933431e-01 8.971824768417844265e-01
2.300000000000000000e+01 5.499141702618464134e-01 8.297728108209834197e-01 8.540873202365342198e-01 8.451880061684395873e-01 8.474031372862513845e-01 8.404161115414063854e-01 8.295935553947038077e-01 8.435439966876840945e-01 8.133287399313355870e-01 8.332721631057371514e-01 7.979723967742453627e-01 8.017829967843184136e-01 7.076357815201304025e-01 9.406800319046035863e-01 6.525459583206190128e-01 8.665291180267533644e-01 8.982552425235621474e-01 8.770903179160696173e-01 9.377371388723114709e-01 8.978458769868142841e-01 5.487595223372141451e-01 8.787562977415539489e-01 0.000000000000000000e+00 5.158470915576549576e-01 8.754988101905499809e-01 9.178337264600731071e-01 9.503352672823635050e-01 8.085623295467081473e-01 7.932764502609687129e-01 7.922091319985884450e-01 8.529756514155040215e-01 9.783474779469942817e-01
2.400000000000000000e+01 5.669126951571017425e-01 8.458416739525878025e-01 8.663858877668684233e-01 8.585222286778322331e-01 8.599322315145656592e-01 8.524473720382832465e-01 8.422720517095174664e-01 8.541384383370027589e-01 8.283051446009477292e-01 8.446900043201417407e-01 8.127570170176630082e-01 8.152879699166850624e-01 7.256646919089064784e-01 9.363475785534096651e-01 6.735688847417475866e-01 8.608844137442035471e-01 8.925778328851821097e-01 8.706718350643338766e-01 9.308989099287019453e-01 8.907303057603719321e-01 6.210096453778770620e-01 8.698542601975307598e-01 5.158470915576549576e-01 0.000000000000000000e+00 8.610777983340588415e-01 9.033101319287522024e-01 9.356364139602086905e-01 7.869226811834206803e-01 7.705701672016130876e-01 7.717607342942418569e-01 8.334441455302503687e-01 9.616967902604560692e-01
2.500000000000000000e+01 7.515464594032307266e-01 1.018636388146841654e+00 9.982943435148868838e-01 1.000488924952670278e+00 9.939023422848501932e-01 9.813595233043687083e-01 9.768925493623298317e-01 9.696145872002174260e-01 9.847125835456896903e-01 9.677643856062486671e-01 9.640869582101553315e-01 9.554080605628357814e-01 9.121338452255046692e-01 8.614584881431307517e-01 8.688573202095913883e-01 7.805454930511855904e-01 7.990031144715620259e-01 7.704703939955991343e-01 8.076863422502243983e-01 7.682986087532913677e-01 8.875120023657426804e-01 7.140189729803060326e-01 8.754988101905499809e-01 8.610777983340588415e-01 0.000000000000000000e+00 5.866558860968786870e-01 6.622494983480360364e-01 7.596352181988117458e-01 7.879108657545684791e-01 8.359250575284091767e-01 7.711881932810440432e-01 7.758724418968021563e-01
2.600000000000000000e+01 7.927152342367553839e-01 1.060194036847149412e+00 1.041002135066900092e+00 1.042989233157880280e+00 1.036605293808990469e+00 1.024253114950189447e+00 1.019734812577852479e+00 1.012805339303962660e+00 1.026983324324031388e+00 1.010884644069000027e+00 1.006729944626649109e+00 9.984219084462400140e-01 9.534963253504618041e-01 9.000355611230068664e-01 9.101536554312477101e-01 8.248234931446749574e-01 8.385994023340723746e-01 8.129588775301976877e-01 8.409243860997437370e-01 8.061853372900280590e-01 9.301925504486880936e-01 7.568693996949085179e-01 9.178337264600731071e-01 9.033101319287522024e-01 5.866558860968786870e-01 0.000000000000000000e+00 5.315501397258375338e-01 7.903899017846842678e-01 8.188984452996225238e-01 8.658862595141896268e-01 7.894674897544495806e-01 7.404630181811733269e-01
2.700000000000000000e+01 8.250014511058638700e-01 1.092809031974400602e+00 1.074652936846686169e+00 1.076417310520720649e+00 1.070224518207065989e+00 1.058015440416712805e+00 1.053397423326856819e+00 1.046867910069914531e+00 1.060122920117349432e+00 1.044812183031154085e+00 1.040093673507110017e+00 1.032078278828145734e+00 9.858623345217976119e-01 9.359503025984741154e-01 9.424316907681911104e-01 8.624652233914671395e-01 8.752142848882866755e-01 8.505626453153312116e-01 8.761894131106016115e-01 8.429961066031348427e-01 9.630008544354760058e-01 7.962707399388142537e-01 9.503352672823635050e-01 9.356364139602086905e-01 6.622494983480360364e-01 5.315501397258375338e-01 0.000000000000000000e+00 8.167278571740508308e-01 8.450614488845041850e-01 8.913648658988686524e-01 8.092280264439413173e-01 7.222954314866680825e-01
2.800000000000000000e+01 6.940178277538417984e-01 9.679575510613269707e-01 9.699978823388066829e-01 9.670006216014159772e-01 9.646453907524328297e-01 9.549198770204545550e-01 9.477403664498240676e-01 9.500366746884141289e-01 9.441184986685289271e-01 9.445283461167117700e-01 9.271723207871509498e-01 9.244472560254339832e-01 8.552309265621336198e-01 9.395386384642809841e-01 8.095415718329821431e-01 8.599513910127449812e-01 8.868049096192212044e-01 8.613042927819669625e-01 9.121861017126697835e-01 8.721766859306716579e-01 8.292042181922647526e-01 8.370876818821382237e-01 8.085623295467081473e-01 7.869226811834206803e-01 7.596352181988117458e-01 7.903899017846842678e-01 8.167278571740508308e-01 0.000000000000000000e+00 5.301525269393573270e-01 6.684920811401950935e-01 5.877466034593765709e-01 8.042511724252967564e-01
2.900000000000000000e+01 6.782988115806948271e-01 9.538795514101915396e-01 9.611340344682656189e-01 9.569924318879451386e-01 9.556027374327752399e-01 9.465722766090488571e-01 9.388556972448981464e-01 9.432106634817963853e-01 9.326053779349102735e-01 9.369760104025571801e-01 9.167161680287546632e-01 9.154271392425658016e-01 8.398510195466807327e-01 9.494717743338944027e-01 7.936967436023601996e-01 8.707843028540028785e-01 8.983154253290704938e-01 8.734996666317665914e-01 9.257529727361725191e-01 8.858127985894764800e-01 8.156652212799874180e-01 8.531887348759731315e-01 7.932764502609687129e-01 7.705701672016130876e-01 7.879108657545684791e-01 8.188984452996225238e-01 8.450614488845041850e-01 5.301525269393573270e-01 0.000000000000000000e+00 6.076116880619604199e-01 6.270227591067103479e-01 8.331509647037675936e-01
3.000000000000000000e+01 6.662036780548350468e-01 9.448693005014487944e-01 9.616018684377607428e-01 9.554885950372280501e-01 9.558138335468948643e-01 9.480926287988891143e-01 9.395519030559122964e-01 9.473513083940650059e-01 9.286259823981719563e-01 9.399926095228046119e-01 9.149816364187179918e-01 9.163308199347521832e-01 8.287971623863765736e-01 9.774557840276154597e-01 7.821893291019406114e-01 9.006038870861428070e-01 9.284723005989874434e-01 9.047784974746633235e-01 9.580632773487225418e-01 9.184859784893977253e-01 8.146896875797808857e-01 8.889779301487601426e-01 7.922091319985884450e-01 7.717607342942418569e-01 8.359250575284091767e-01 8.658862595141896268e-01 8.913648658988686524e-01 6.684920811401950935e-01 6.076116880619604199e-01 0.000000000000000000e+00 6.948842217844286573e-01 8.779871566158439222e-01
3.100000000000000000e+01 7.327145710247116028e-01 1.006509070955428964e+00 1.007856200021168158e+00 1.005099826978964384e+00 1.002586533530539725e+00 9.928152145762281222e-01 9.858341767231517672e-01 9.876197680136531432e-01 9.826265086359959877e-01 9.823744444897077877e-01 9.658082679759552036e-01 9.629399590130858222e-01 8.941883934209826634e-01 9.675582956457047246e-01 8.487823578452438067e-01 8.890040033852468770e-01 9.140266596693118473e-01 8.887378684186890698e-01 9.365023067618101216e-01 8.973523958683036206e-01 8.720202377927068760e-01 8.608724567870933431e-01 8.529756514155040215e-01 8.334441455302503687e-01 7.711881932810440432e-01 7.894674897544495806e-01 8.092280264439413173e-01 5.877466034593765709e-01 6.270227591067103479e-01 6.948842217844286573e-01 0.000000000000000000e+00 7.648198493074618298e-01
3.200000000000000000e+01 8.549195720587456915e-01 1.125395220424429743e+00 1.115929170494412093e+00 1.115676308481073464e+00 1.111123064424911933e+00 1.099996025464917038e+00 1.094320269426453107e+00 1.091501282028746855e+00 1.096622870430966179e+00 1.088017460818002657e+00 1.078014572523418702e+00 1.072284435709518924e+00 1.016054127491302861e+00 1.021978629786699733e+00 9.717582136448450481e-01 9.457180391248971585e-01 9.644428837114362718e-01 9.392792993310383753e-01 9.756616646676212756e-01 9.394611189592030343e-01 9.936782413194831243e-01 8.971824768417844265e-01 9.783474779469942817e-01 9.616967902604560692e-01 7.758724418968021563e-01 7.404630181811733269e-01 7.222954314866680825e-01 8.042511724252967564e-01 8.331509647037675936e-01 8.779871566158439222e-01 7.648198493074618298e-01 0.000000000000000000e+00
