0.000000000000000000e+00 1.000000000000000000e+00 2.000000000000000000e+00 3.000000000000000000e+00 4.000000000000000000e+00 5.000000000000000000e+00 6.000000000000000000e+00 7.000000000000000000e+00 8.000000000000000000e+00 9.000000000000000000e+00 1.000000000000000000e+01 1.100000000000000000e+01 1.200000000000000000e+01 1.300000000000000000e+01 1.400000000000000000e+01 1.500000000000000000e+01 1.600000000000000000e+01 1.700000000000000000e+01 1.800000000000000000e+01 1.900000000000000000e+01 2.000000000000000000e+01 2.100000000000000000e+01 2.200000000000000000e+01 2.300000000000000000e+01 2.400000000000000000e+01 2.500000000000000000e+01 2.600000000000000000e+01 2.700000000000000000e+01 2.800000000000000000e+01 2.900000000000000000e+01 3.000000000000000000e+01 3.100000000000000000e+01 3.200000000000000000e+01
1.000000000000000000e+00 0.000000000000000000e+00 8.684512095636093276e-01 9.815489489768186582e-01 9.627943606929497689e-01 9.783944400437788458e-01 9.886741610090623578e-01 9.820801231759404004e-01 1.009211076085038794e+00 9.507594191958598229e-01 9.992757551458646414e-01 9.730333343669700374e-01 9.874711781325790083e-01 9.654941889791557319e-01 1.195484085633733651e+00 9.969892896118263126e-01 1.148374151503313678e+00 1.172753559100041088e+00 1.160441746041362743e+00 1.205936713894337098e+00 1.179899703639006869e+00 1.032630797691485247e+00 1.174076468560395048e+00 1.044209035437077882e+00 1.055286654612436426e+00 1.195761448753835055e+00 1.233535398055914500e+00 1.261737234747439595e+00 1.156536934549317053e+00 1.145142430477407602e+00 1.139866614955585611e+00 1.192874576977991818e+00 1.296375138501219437e+00
2.000000000000000000e+00 8.684512095636093276e-01 0.000000000000000000e+00 8.369039796924039321e-01 8.070415838597501113e-01 8.315013881288547681e-01 8.457068602297201920e-01 8.360931865026048904e-01 8.730747742723901084e-01 7.864291577191991900e-01 8.601476020833644931e-01 8.262235721126615084e-01 8.461582907225296823e-01 8.400962764410710992e-01 1.077127627583756686e+00 8.854877481893080882e-01 1.030815621749890942e+00 1.055245842393031985e+00 1.043388102143863572e+00 1.089228398474432202e+00 1.063325978385133208e+00 9.219624190432191835e-01 1.058609490873360981e+00 9.363498622932062698e-01 9.482940690807479811e-01 1.083938897632542364e+00 1.122084594503587995e+00 1.150538346887120644e+00 1.050184337752941843e+00 1.040269283759839292e+00 1.038373091371416201e+00 1.086718690537862742e+00 1.187297941150051050e+00
3.000000000000000000e+00 9.815489489768186582e-01 8.369039796924039321e-01 0.000000000000000000e+00 5.995253400665504495e-01 4.613864407643163412e-01 5.760999789054432885e-01 6.280883877976308760e-01 6.629027443141162212e-01 7.325498177068513472e-01 6.518780055672863671e-01 7.395215419907313903e-01 7.249007360576816827e-01 8.438756242633889126e-01 9.798506370929824794e-01 8.721527386427417872e-01 9.392031656075399138e-01 9.626951927226654604e-01 9.535244080724167848e-01 9.996368331455951495e-01 9.749325279796270394e-01 8.839305393585112913e-01 9.753819794539386745e-01 8.994879372677346829e-01 9.094081826780180400e-01 1.014625673629923508e+00 1.053465956011969906e+00 1.082565592408744282e+00 9.993279361896498791e-01 9.938174486013726661e-01 1.000349524206875174e+00 1.035377818285586393e+00 1.126261599698945792e+00
4.000000000000000000e+00 9.627943606929497689e-01 8.070415838597501113e-01 5.995253400665504495e-01 0.000000000000000000e+00 5.683152243911432366e-01 6.412269162022912194e-01 6.349604182484451798e-01 7.156955372065332277e-01 6.840621518287913760e-01 6.930588452514545583e-01 7.174243290793241856e-01 7.191801078946263859e-01 8.260293144080528283e-01 9.943881359359021399e-01 8.611549121865486045e-01 9.516506962835891148e-01 9.756341022230112792e-01 9.655403450658865960e-01 1.011792633730829616e+00 9.866240459504993510e-01 8.795532398747092362e-01 9.854864233770574966e-01 8.957817717478750996e-01 9.066475310191193238e-01 1.020920472574809335e+00 1.059676517121823425e+00 1.088644156448666189e+00 1.000949203411060751e+00 9.944126534655504113e-01 9.991816898373984124e-01 1.037261007418758485e+00 1.130593850588647031e+00
5.000000000000000000e+00 9.783944400437788458e-01 8.315013881288547681e-01 4.613864407643163412e-01 5.683152243911432366e-01 0.000000000000000000e+00 5.467313877574058179e-01 5.901641204320886569e-01 6.627954741712813735e-01 7.139120827949386738e-01 6.391102477918602087e-01 7.212654410759747892e-01 7.070066507481295170e-01 8.337723869139352928e-01 9.777431187316170114e-01 8.633764846530466164e-01 9.362165644815483301e-01 9.599833237127910479e-01 9.504636211282850855e-01 9.967478920869112802e-01 9.718403483569222345e-01 8.762347949050479645e-01 9.717859943565334557e-01 8.922080826117058105e-01 9.024357888902505564e-01 1.010046352452175000e+00 1.048911972378841595e+00 1.077996926362477348e+00 9.937078495214404228e-01 9.880063185714773599e-01 9.942851156701539850e-01 1.029868400676632323e+00 1.121301387702809960e+00
6.000000000000000000e+00 9.886741610090623578e-01 8.457068602297201920e-01 5.760999789054432885e-01 6.412269162022912194e-01 5.467313877574058179e-01 0.000000000000000000e+00 5.318565175387652832e-01 6.005571059031264980e-01 7.208269521157802950e-01 5.467454677151963871e-01 7.077649241445042039e-01 6.773321823101504657e-01 8.287369789471876746e-01 9.592436839885014610e-01 8.546229000507646889e-01 9.176603486531516030e-01 9.416101119693909283e-01 9.321665563165255630e-01 9.787366525385403637e-01 9.537977257034366829e-01 8.634457751668047631e-01 9.541148714231042494e-01 8.796356476683089287e-01 8.896079291244296527e-01 9.938145878251951615e-01 1.032821310160986661e+00 1.062000852761682657e+00 9.796224478203026109e-01 9.744759660580750715e-01 9.818689845619990031e-01 1.015777360629357418e+00 1.106097694646977159e+00
7.000000000000000000e+00 9.820801231759404004e-01 8.360931865026048904e-01 6.280883877976308760e-01 6.349604182484451798e-01 5.901641204320886569e-01 5.318565175387652832e-01 0.000000000000000000e+00 6.463758787993034716e-01 6.868590670231443651e-01 5.810621841664180831e-01 6.661567634348571909e-01 6.337707990512154721e-01 8.102817505240671458e-01 9.609326384694740764e-01 8.395119097866249325e-01 9.175486767470582006e-01 9.420114539439574664e-01 9.318165592814346976e-01 9.786545609899317544e-01 9.533029995357407138e-01 8.514565126671962414e-01 9.524531334610581990e-01 8.686213028676255110e-01 8.793696628089011647e-01 9.896843853882817399e-01 1.028714853489272274e+00 1.057841637602056517e+00 9.727499983454528376e-01 9.670695927677648296e-01 9.736905509702435957e-01 1.009156410113498215e+00 1.100914789883315370e+00
8.000000000000000000e+00 1.009211076085038794e+00 8.730747742723901084e-01 6.629027443141162212e-01 7.156955372065332277e-01 6.627954741712813735e-01 6.005571059031264980e-01 6.463758787993034716e-01 0.000000000000000000e+00 7.634053077097117113e-01 5.333487906732570227e-01 7.388092613434916744e-01 6.994076125056319926e-01 8.433724717012791583e-01 9.332634337264991142e-01 8.611987191462017188e-01 8.937226657092292026e-01 9.173146834711083386e-01 9.088686295237142776e-01 9.555111245834326805e-01 9.310178668592308249e-01 8.615209379406330026e-01 9.332286050480933515e-01 8.767190257178494317e-01 8.854026446355782731e-01 9.777759642824537245e-01 1.016927714719425113e+00 1.046289374913872861e+00 9.696306137029457872e-01 9.658258324705710773e-01 9.755310914902803887e-01 1.005460579631515916e+00 1.092629424692067142e+00
9.000000000000000000e+00 9.507594191958598229e-01 7.864291577191991900e-01 7.325498177068513472e-01 6.840621518287913760e-01 7.139120827949386738e-01 7.208269521157802950e-01 6.868590670231443651e-01 7.634053077097117113e-01 0.000000000000000000e+00 7.360526630417756344e-01 6.290332428392569897e-01 6.865888936764851236e-01 7.625537417898129444e-01 9.938805095778893151e-01 8.148690481609540681e-01 9.473081419491202748e-01 9.722929459655338391e-01 9.605586957981426810e-01 1.007237239100106097e+00 9.812014174050527338e-01 8.455170302799219773e-01 9.773814604349497781e-01 8.640066181780075016e-01 8.769337302684179214e-01 1.006748898120072955e+00 1.045470697156617446e+00 1.074270772336184399e+00 9.796761286664241730e-01 9.716738003978930838e-01 9.741847326680810326e-01 1.016545540450616958e+00 1.113586587682688700e+00
1.000000000000000000e+01 9.992757551458646414e-01 8.601476020833644931e-01 6.518780055672863671e-01 6.930588452514545583e-01 6.391102477918602087e-01 5.467454677151963871e-01 5.810621841664180831e-01 5.333487906732570227e-01 7.360526630417756344e-01 0.000000000000000000e+00 7.052351065024747845e-01 6.567692346089463173e-01 8.261299885967701151e-01 9.399016767634351677e-01 8.471518805845720257e-01 8.980736685009735876e-01 9.223108807874846882e-01 9.128996119574528390e-01 9.598671493374164587e-01 9.348501493266190288e-01 8.509317330623191733e-01 9.355498554708081560e-01 8.672178948960029832e-01 8.768073872594039919e-01 9.768882236064322377e-01 1.016066481857489601e+00 1.045357641982571861e+00 9.651742685919635356e-01 9.606698822973822605e-01 9.693364218672249066e-01 1.001318095295150368e+00 1.090361322148132084e+00
1.100000000000000000e+01 9.730333343669700374e-01 8.262235721126615084e-01 7.395215419907313903e-01 7.174243290793241856e-01 7.212654410759747892e-01 7.077649241445042039e-01 6.661567634348571909e-01 7.388092613434916744e-01 6.290332428392569897e-01 7.052351065024747845e-01 0.000000000000000000e+00 5.759525724804089863e-01 7.476242834956845495e-01 9.645507180949637327e-01 7.902473119663796508e-01 9.167635808366683126e-01 9.423685232888767693e-01 9.302624834858075342e-01 9.775757923062957655e-01 9.512216436777709561e-01 8.142442983839046633e-01 9.472280726429282982e-01 8.349722338974447933e-01 8.484330387467142742e-01 9.774314994217765395e-01 1.016474254260285148e+00 1.045430216128742318e+00 9.524882341088374282e-01 9.452225827801192803e-01 9.495836037944949126e-01 9.896274159012636851e-01 1.085551142102669120e+00
1.200000000000000000e+01 9.874711781325790083e-01 8.461582907225296823e-01 7.249007360576816827e-01 7.191801078946263859e-01 7.070066507481295170e-01 6.773321823101504657e-01 6.337707990512154721e-01 6.994076125056319926e-01 6.865888936764851236e-01 6.567692346089463173e-01 5.759525724804089863e-01 0.000000000000000000e+00 7.741187862424616650e-01 9.449003756546978661e-01 8.016275421086301867e-01 8.978680914438974536e-01 9.235560116158416655e-01 9.119280330565573411e-01 9.596154455684680062e-01 9.334004841108480832e-01 8.132119444290490939e-01 9.305978334239168870e-01 8.332087458107930722e-01 8.454175170788991167e-01 9.645205894431070348e-01 1.003805672097484836e+00 1.032955035619220086e+00 9.447326340296937630e-01 9.387134674547656932e-01 9.453566983266621371e-01 9.817072612529087472e-01 1.074965224117456541e+00
1.300000000000000000e+01 9.654941889791557319e-01 8.400962764410710992e-01 8.438756242633889126e-01 8.260293144080528283e-01 8.337723869139352928e-01 8.287369789471876746e-01 8.102817505240671458e-01 8.433724717012791583e-01 7.625537417898129444e-01 8.261299885967701151e-01 7.476242834956845495e-01 7.741187862424616650e-01 0.000000000000000000e+00 9.969204148007018151e-01 6.828417514035055591e-01 9.446862139528644509e-01 9.707426410029631469e-01 9.563729617425356100e-01 1.003021451672640785e+00 9.757521559732240668e-01 7.762232752443909423e-01 9.670292509071221065e-01 7.994056657388750597e-01 8.179492477934822148e-01 9.837752768873166964e-01 1.022115777436267914e+00 1.050442697991417651e+00 9.406791530966209791e-01 9.291120915511175138e-01 9.259028085132081642e-01 9.785935110574159879e-01 1.083916187716947421e+00
1.400000000000000000e+01 1.195484085633733651e+00 1.077127627583756686e+00 9.798506370929824794e-01 9.943881359359021399e-01 9.777431187316170114e-01 9.592436839885014610e-01 9.609326384694740764e-01 9.332634337264991142e-01 9.938805095778893151e-01 9.399016767634351677e-01 9.645507180949637327e-01 9.449003756546978661e-01 9.969204148007018151e-01 0.000000000000000000e+00 9.776026994480339072e-01 6.478924056007195897e-01 5.683409219231823073e-01 6.377768733701072446e-01 5.949403143115652437e-01 6.282181423947290622e-01 9.333143149568501329e-01 7.025540270276238175e-01 9.324189455486842082e-01 9.266457231773408409e-01 8.384822588523750397e-01 8.699790178910651317e-01 8.988987433245163583e-01 9.213246316619123633e-01 9.330861881447869433e-01 9.643077437255884732e-01 9.467821813346177784e-01 9.825792230508227920e-01
1.500000000000000000e+01 9.969892896118263126e-01 8.854877481893080882e-01 8.721527386427417872e-01 8.611549121865486045e-01 8.633764846530466164e-01 8.546229000507646889e-01 8.395119097866249325e-01 8.611987191462017188e-01 8.148690481609540681e-01 8.471518805845720257e-01 7.902473119663796508e-01 8.016275421086301867e-01 6.828417514035055591e-01 9.776026994480339072e-01 0.000000000000000000e+00 9.221755699209464030e-01 9.488260843014724166e-01 9.329500902404659346e-01 9.795818839295049596e-01 9.516036246155250566e-01 6.938116066680475313e-01 9.400547654502882100e-01 7.257563974328278267e-01 7.527865873266346153e-01 9.496341903953848806e-01 9.879125579201344376e-01 1.016044966854044551e+00 8.977570799276253233e-01 8.844296944870626564e-01 8.795716657711492026e-01 9.368268964176786895e-01 1.046527255768922471e+00
1.600000000000000000e+01 1.148374151503313678e+00 1.030815621749890942e+00 9.392031656075399138e-01 9.516506962835891148e-01 9.362165644815483301e-01 9.176603486531516030e-01 9.175486767470582006e-01 8.937226657092292026e-01 9.473081419491202748e-01 8.980736685009735876e-01 9.167635808366683126e-01 8.978680914438974536e-01 9.446862139528644509e-01 6.478924056007195897e-01 9.221755699209464030e-01 0.000000000000000000e+00 5.473157047271590692e-01 4.617672614507475348e-01 6.437024291372506202e-01 5.776463772698732235e-01 8.734627655312130479e-01 6.176390918165874933e-01 8.713897748813712596e-01 8.644589423616371171e-01 7.742442956507655794e-01 8.130543765434083969e-01 8.445576896571800329e-01 8.569595160794638566e-01 8.693248581865284930e-01 9.020721268892661904e-01 8.840056632832857808e-01 9.244828280164096856e-01
1.700000000000000000e+01 1.172753559100041088e+00 1.055245842393031985e+00 9.626951927226654604e-01 9.756341022230112792e-01 9.599833237127910479e-01 9.416101119693909283e-01 9.420114539439574664e-01 9.173146834711083386e-01 9.722929459655338391e-01 9.223108807874846882e-01 9.423685232888767693e-01 9.235560116158416655e-01 9.707426410029631469e-01 5.683409219231823073e-01 9.488260843014724166e-01 5.473157047271590692e-01 0.000000000000000000e+00 5.046719775823869103e-01 5.581483514553122749e-01 5.092432162020128494e-01 9.013184381697765257e-01 6.248467393421874849e-01 8.990112597300694564e-01 8.919893500145881227e-01 7.879370482902074979e-01 8.211696939989059363e-01 8.510232456616380059e-01 8.789677395842052654e-01 8.920723141318502858e-01 9.251731779086309615e-01 9.038863533277790019e-01 9.367878796289039744e-01
1.800000000000000000e+01 1.160441746041362743e+00 1.043388102143863572e+00 9.535244080724167848e-01 9.655403450658865960e-01 9.504636211282850855e-01 9.321665563165255630e-01 9.318165592814346976e-01 9.088686295237142776e-01 9.605586957981426810e-01 9.128996119574528390e-01 9.302624834858075342e-01 9.119280330565573411e-01 9.563729617425356100e-01 6.377768733701072446e-01 9.329500902404659346e-01 4.617672614507475348e-01 5.046719775823869103e-01 0.000000000000000000e+00 6.060312059488182079e-01 5.046596642989600312e-01 8.834453941509412545e-01 5.778394777590043496e-01 8.803904975146590317e-01 8.726837130108346940e-01 7.633522575924045483e-01 8.001504304130298006e-01 8.313665505619927121e-01 8.568446340690800689e-01 8.705063688374090614e-01 9.045830615018273235e-01 8.821948400506252064e-01 9.161953161327576201e-01
1.900000000000000000e+01 1.205936713894337098e+00 1.089228398474432202e+00 9.996368331455951495e-01 1.011792633730829616e+00 9.967478920869112802e-01 9.787366525385403637e-01 9.786545609899317544e-01 9.555111245834326805e-01 1.007237239100106097e+00 9.598671493374164587e-01 9.775757923062957655e-01 9.596154455684680062e-01 1.003021451672640785e+00 5.949403143115652437e-01 9.795818839295049596e-01 6.437024291372506202e-01 5.581483514553122749e-01 6.060312059488182079e-01 0.000000000000000000e+00 5.312617476983252374e-01 9.307430778864442811e-01 6.304078417078335939e-01 9.269545426192802307e-01 9.187655148573836694e-01 7.860646177629400100e-01 8.117763276516265503e-01 8.393503060205047550e-01 8.926182908046169651e-01 9.077091813215034666e-01 9.427673787127197613e-01 9.143071528937429804e-01 9.345891147205478422e-01
2.000000000000000000e+01 1.179899703639006869e+00 1.063325978385133208e+00 9.749325279796270394e-01 9.866240459504993510e-01 9.718403483569222345e-01 9.537977257034366829e-01 9.533029995357407138e-01 9.310178668592308249e-01 9.812014174050527338e-01 9.348501493266190288e-01 9.512216436777709561e-01 9.334004841108480832e-01 9.757521559732240668e-01 6.282181423947290622e-01 9.516036246155250566e-01 5.776463772698732235e-01 5.092432162020128494e-01 5.046596642989600312e-01 5.312617476983252374e-01 0.000000000000000000e+00 9.016603201469866047e-01 5.571334169555564042e-01 8.976734301734505816e-01 8.892574847974690222e-01 7.584169090971077942e-01 7.900453189783929187e-01 8.199404167504800167e-01 8.641374724667767460e-01 8.791903244259928751e-01 9.145353907205828747e-01 8.870470748481986689e-01 9.118264667233610954e-01
2.100000000000000000e+01 1.032630797691485247e+00 9.219624190432191835e-01 8.839305393585112913e-01 8.795532398747092362e-01 8.762347949050479645e-01 8.634457751668047631e-01 8.514565126671962414e-01 8.615209379406330026e-01 8.455170302799219773e-01 8.509317330623191733e-01 8.142442983839046633e-01 8.132119444290490939e-01 7.762232752443909423e-01 9.333143149568501329e-01 6.938116066680475313e-01 8.734627655312130479e-01 9.013184381697765257e-01 8.834453941509412545e-01 9.307430778864442811e-01 9.016603201469866047e-01 0.000000000000000000e+00 8.868298353528827338e-01 5.497924018442652550e-01 6.231762925002812814e-01 8.901748594459344410e-01 9.294226987692122410e-01 9.578469682792414286e-01 8.342106411598779747e-01 8.215706641915299091e-01 8.232583916547246972e-01 8.764212129342783264e-01 9.875874599039653479e-01
2.200000000000000000e+01 1.174076468560395048e+00 1.058609490873360981e+00 9.753819794539386745e-01 9.854864233770574966e-01 9.717859943565334557e-01 9.541148714231042494e-01 9.524531334610581990e-01 9.332286050480933515e-01 9.773814604349497781e-01 9.355498554708081560e-01 9.472280726429282982e-01 9.305978334239168870e-01 9.670292509071221065e-01 7.025540270276238175e-01 9.400547654502882100e-01 6.176390918165874933e-01 6.248467393421874849e-01 5.778394777590043496e-01 6.304078417078335939e-01 5.571334169555564042e-01 8.868298353528827338e-01 0.000000000000000000e+00 8.808282886136187262e-01 8.707009840415005364e-01 7.091258099668658055e-01 7.469662576862445835e-01 7.801017899950968282e-01 8.327385243001086401e-01 8.499937276202913505e-01 8.881191441495515093e-01 8.546136496617533496e-01 8.752057150307945843e-01
2.300000000000000000e+01 1.044209035437077882e+00 9.363498622932062698e-01 8.994879372677346829e-01 8.957817717478750996e-01 8.922080826117058105e-01 8.796356476683089287e-01 8.686213028676255110e-01 8.767190257178494317e-01 8.640066181780075016e-01 8.672178948960029832e-01 8.349722338974447933e-01 8.332087458107930722e-01 7.994056657388750597e-01 9.324189455486842082e-01 7.257563974328278267e-01 8.713897748813712596e-01 8.990112597300694564e-01 8.803904975146590317e-01 9.269545426192802307e-01 8.976734301734505816e-01 5.497924018442652550e-01 8.808282886136187262e-01 0.000000000000000000e+00 5.161678490602736868e-01 8.773356046061531188e-01 9.162412394886485512e-01 9.443754940323649816e-01 8.111994251141743106e-01 7.963518530867352840e-01 7.969395429270695885e-01 8.550099141111542345e-01 9.709818144220074831e-01
2.400000000000000000e+01 1.055286654612436426e+00 9.482940690807479811e-01 9.094081826780180400e-01 9.066475310191193238e-01 9.024357888902505564e-01 8.896079291244296527e-01 8.793696628089011647e-01 8.854026446355782731e-01 8.769337302684179214e-01 8.768073872594039919e-01 8.484330387467142742e-01 8.454175170788991167e-01 8.179492477934822148e-01 9.266457231773408409e-01 7.527865873266346153e-01 8.644589423616371171e-01 8.919893500145881227e-01 8.726837130108346940e-01 9.187655148573836694e-01 8.892574847974690222e-01 6.231762925002812814e-01 8.707009840415005364e-01 5.161678490602736868e-01 0.000000000000000000e+00 8.617656777454958394e-01 9.006231422361337113e-01 9.286334595004490655e-01 7.880158018959089183e-01 7.719492792642317358e-01 7.743537683586163567e-01 8.338996258662763061e-01 9.531993255424422440e-01
2.500000000000000000e+01 1.195761448753835055e+00 1.083938897632542364e+00 1.014625673629923508e+00 1.020920472574809335e+00 1.010046352452175000e+00 9.938145878251951615e-01 9.896843853882817399e-01 9.777759642824537245e-01 1.006748898120072955e+00 9.768882236064322377e-01 9.774314994217765395e-01 9.645205894431070348e-01 9.837752768873166964e-01 8.384822588523750397e-01 9.496341903953848806e-01 7.742442956507655794e-01 7.879370482902074979e-01 7.633522575924045483e-01 7.860646177629400100e-01 7.584169090971077942e-01 8.901748594459344410e-01 7.091258099668658055e-01 8.773356046061531188e-01 8.617656777454958394e-01 0.000000000000000000e+00 5.855971950226772638e-01 6.581914715687340323e-01 7.588473373667694588e-01 7.875389167388282541e-01 8.369032736433927866e-01 7.697782074917229878e-01 7.651271344576164868e-01
2.600000000000000000e+01 1.233535398055914500e+00 1.122084594503587995e+00 1.053465956011969906e+00 1.059676517121823425e+00 1.048911972378841595e+00 1.032821310160986661e+00 1.028714853489272274e+00 1.016927714719425113e+00 1.045470697156617446e+00 1.016066481857489601e+00 1.016474254260285148e+00 1.003805672097484836e+00 1.022115777436267914e+00 8.699790178910651317e-01 9.879125579201344376e-01 8.130543765434083969e-01 8.211696939989059363e-01 8.001504304130298006e-01 8.117763276516265503e-01 7.900453189783929187e-01 9.294226987692122410e-01 7.469662576862445835e-01 9.162412394886485512e-01 9.006231422361337113e-01 5.855971950226772638e-01 0.000000000000000000e+00 5.304297557463619750e-01 7.874576134604622801e-01 8.161449411662013986e-01 8.642060653566234762e-01 7.862666598915306615e-01 7.293884492096258665e-01
2.700000000000000000e+01 1.261737234747439595e+00 1.150538346887120644e+00 1.082565592408744282e+00 1.088644156448666189e+00 1.077996926362477348e+00 1.062000852761682657e+00 1.057841637602056517e+00 1.046289374913872861e+00 1.074270772336184399e+00 1.045357641982571861e+00 1.045430216128742318e+00 1.032955035619220086e+00 1.050442697991417651e+00 8.988987433245163583e-01 1.016044966854044551e+00 8.445576896571800329e-01 8.510232456616380059e-01 8.313665505619927121e-01 8.393503060205047550e-01 8.199404167504800167e-01 9.578469682792414286e-01 7.801017899950968282e-01 9.443754940323649816e-01 9.286334595004490655e-01 6.581914715687340323e-01 5.304297557463619750e-01 0.000000000000000000e+00 8.105267043688519912e-01 8.388592802337049292e-01 8.860437116921748846e-01 8.031183362026115269e-01 7.098808251817991799e-01
2.800000000000000000e+01 1.156536934549317053e+00 1.050184337752941843e+00 9.993279361896498791e-01 1.000949203411060751e+00 9.937078495214404228e-01 9.796224478203026109e-01 9.727499983454528376e-01 9.696306137029457872e-01 9.796761286664241730e-01 9.651742685919635356e-01 9.524882341088374282e-01 9.447326340296937630e-01 9.406791530966209791e-01 9.213246316619123633e-01 8.977570799276253233e-01 8.569595160794638566e-01 8.789677395842052654e-01 8.568446340690800689e-01 8.926182908046169651e-01 8.641374724667767460e-01 8.342106411598779747e-01 8.327385243001086401e-01 8.111994251141743106e-01 7.880158018959089183e-01 7.588473373667694588e-01 7.874576134604622801e-01 8.105267043688519912e-01 0.000000000000000000e+00 5.302011430424593552e-01 6.690885978355409769e-01 5.875852356515447461e-01 7.984319367580801075e-01
2.900000000000000000e+01 1.145142430477407602e+00 1.040269283759839292e+00 9.938174486013726661e-01 9.944126534655504113e-01 9.880063185714773599e-01 9.744759660580750715e-01 9.670695927677648296e-01 9.658258324705710773e-01 9.716738003978930838e-01 9.606698822973822605e-01 9.452225827801192803e-01 9.387134674547656932e-01 9.291120915511175138e-01 9.330861881447869433e-01 8.844296944870626564e-01 8.693248581865284930e-01 8.920723141318502858e-01 8.705063688374090614e-01 9.077091813215034666e-01 8.791903244259928751e-01 8.215706641915299091e-01 8.499937276202913505e-01 7.963518530867352840e-01 7.719492792642317358e-01 7.875389167388282541e-01 8.161449411662013986e-01 8.388592802337049292e-01 5.302011430424593552e-01 0.000000000000000000e+00 6.079150638826353870e-01 6.268274143403020915e-01 8.272102816784874246e-01
3.000000000000000000e+01 1.139866614955585611e+00 1.038373091371416201e+00 1.000349524206875174e+00 9.991816898373984124e-01 9.942851156701539850e-01 9.818689845619990031e-01 9.736905509702435957e-01 9.755310914902803887e-01 9.741847326680810326e-01 9.693364218672249066e-01 9.495836037944949126e-01 9.453566983266621371e-01 9.259028085132081642e-01 9.643077437255884732e-01 8.795716657711492026e-01 9.020721268892661904e-01 9.251731779086309615e-01 9.045830615018273235e-01 9.427673787127197613e-01 9.145353907205828747e-01 8.232583916547246972e-01 8.881191441495515093e-01 7.969395429270695885e-01 7.743537683586163567e-01 8.369032736433927866e-01 8.642060653566234762e-01 8.860437116921748846e-01 6.690885978355409769e-01 6.079150638826353870e-01 0.000000000000000000e+00 6.951325350205554976e-01 8.727499072501150312e-01
3.100000000000000000e+01 1.192874576977991818e+00 1.086718690537862742e+00 1.035377818285586393e+00 1.037261007418758485e+00 1.029868400676632323e+00 1.015777360629357418e+00 1.009156410113498215e+00 1.005460579631515916e+00 1.016545540450616958e+00 1.001318095295150368e+00 9.896274159012636851e-01 9.817072612529087472e-01 9.785935110574159879e-01 9.467821813346177784e-01 9.368268964176786895e-01 8.840056632832857808e-01 9.038863533277790019e-01 8.821948400506252064e-01 9.143071528937429804e-01 8.870470748481986689e-01 8.764212129342783264e-01 8.546136496617533496e-01 8.550099141111542345e-01 8.338996258662763061e-01 7.697782074917229878e-01 7.862666598915306615e-01 8.031183362026115269e-01 5.875852356515447461e-01 6.268274143403020915e-01 6.951325350205554976e-01 0.000000000000000000e+00 7.608359283419041663e-01
3.200000000000000000e+01 1.296375138501219437e+00 1.187297941150051050e+00 1.126261599698945792e+00 1.130593850588647031e+00 1.121301387702809960e+00 1.106097694646977159e+00 1.100914789883315370e+00 1.092629424692067142e+00 1.113586587682688700e+00 1.090361322148132084e+00 1.085551142102669120e+00 1.074965224117456541e+00 1.083916187716947421e+00 9.825792230508227920e-01 1.046527255768922471e+00 9.244828280164096856e-01 9.367878796289039744e-01 9.161953161327576201e-01 9.345891147205478422e-01 9.118264667233610954e-01 9.875874599039653479e-01 8.752057150307945843e-01 9.709818144220074831e-01 9.531993255424422440e-01 7.651271344576164868e-01 7.293884492096258665e-01 7.098808251817991799e-01 7.984319367580801075e-01 8.272102816784874246e-01 8.727499072501150312e-01 7.608359283419041663e-01 0.000000000000000000e+00
