0.000000000000000000e+00 1.000000000000000000e+00 2.000000000000000000e+00 3.000000000000000000e+00 4.000000000000000000e+00 5.000000000000000000e+00 6.000000000000000000e+00 7.000000000000000000e+00 8.000000000000000000e+00 9.000000000000000000e+00 1.000000000000000000e+01 1.100000000000000000e+01 1.200000000000000000e+01 1.300000000000000000e+01 1.400000000000000000e+01 1.500000000000000000e+01 1.600000000000000000e+01 1.700000000000000000e+01 1.800000000000000000e+01 1.900000000000000000e+01 2.000000000000000000e+01 2.100000000000000000e+01 2.200000000000000000e+01 2.300000000000000000e+01 2.400000000000000000e+01 2.500000000000000000e+01 2.600000000000000000e+01 2.700000000000000000e+01 2.800000000000000000e+01 2.900000000000000000e+01 3.000000000000000000e+01 3.100000000000000000e+01 3.200000000000000000e+01
1.000000000000000000e+00 0.000000000000000000e+00 8.679726591878853537e-01 9.768682132164522303e-01 9.595801007422751772e-01 9.740148691522446667e-01 9.833546033907365480e-01 9.773748115412771442e-01 1.001452799478049327e+00 9.480258778887766802e-01 9.928472671491839208e-01 9.688608074575087992e-01 9.822021736364280331e-01 9.614522146410087178e-01 1.110406131922899053e+00 9.902014692268652496e-01 1.110022800468886572e+00 1.118699205348730352e+00 1.117144253153146360e+00 1.121023939635648503e+00 1.125404323606642887e+00 1.021754921626931045e+00 1.129304740830672893e+00 1.031656693509224620e+00 1.041195539100789214e+00 1.153319006888303244e+00 1.176553059399657375e+00 1.190509755780296830e+00 1.127146805820010700e+00 1.118161331869359509e+00 1.114848872701574622e+00 1.157727265409381312e+00 1.218221684401829430e+00
2.000000000000000000e+00 8.679726591878853537e-01 0.000000000000000000e+00 8.345126039915783389e-01 8.057082295827130425e-01 8.293438019005600070e-01 8.428284102257361798e-01 8.336598125477966414e-01 8.682037778151106000e-01 7.853412929894971750e-01 8.563507625800763634e-01 8.240299922048824888e-01 8.431359302883051354e-01 8.376495283365297251e-01 9.955927285313430630e-01 8.806030847356183244e-01 9.955247876022310649e-01 1.004362026297488164e+00 1.003078667101952481e+00 1.007357080763918944e+00 1.011753675885501469e+00 9.132651093977184331e-01 1.016444165987861359e+00 9.259945137727265685e-01 9.364126666287448941e-01 1.043317862312758804e+00 1.066602248880250681e+00 1.080559966536343230e+00 1.022685618385454687e+00 1.015242986999459474e+00 1.015389523609999456e+00 1.053305030524698038e+00 1.110099975600377098e+00
3.000000000000000000e+00 9.768682132164522303e-01 8.345126039915783389e-01 0.000000000000000000e+00 5.993545171032165220e-01 4.613570867275854637e-01 5.758761042584550349e-01 6.276964217227763987e-01 6.619744973303345326e-01 7.316332653211949921e-01 6.511558259818350791e-01 7.381656687242749149e-01 7.234623591136085663e-01 8.406304911384012701e-01 9.005482192916938189e-01 8.668025819658109477e-01 9.050853425839635591e-01 9.129587041933606706e-01 9.139029070747375361e-01 9.179231273985166695e-01 9.234836287522685261e-01 8.751700403910065429e-01 9.323448917035539463e-01 8.889377245138141426e-01 8.972218551768607053e-01 9.704660274432985734e-01 9.930072262277276351e-01 1.006569315761983718e+00 9.694038300618690318e-01 9.667470042674446429e-01 9.758022500886951445e-01 9.988114621640817870e-01 1.042376561362194698e+00
4.000000000000000000e+00 9.595801007422751772e-01 8.057082295827130425e-01 5.993545171032165220e-01 0.000000000000000000e+00 5.682043979256811150e-01 6.408139407007127364e-01 6.345700296067277035e-01 7.142530071059847163e-01 6.836476143116292370e-01 6.920758637364454735e-01 7.164603898944094107e-01 7.179518643833912028e-01 8.236675811486653398e-01 9.159630498812121324e-01 8.567369483566629196e-01 9.185393110362465308e-01 9.270040964614509882e-01 9.271049386380723067e-01 9.315644885537714970e-01 9.365842303852729422e-01 8.717557657514922731e-01 9.440946658808264669e-01 8.862803867605291153e-01 8.955783863651343157e-01 9.790981558405988938e-01 1.001994958710107131e+00 1.015730393810094112e+00 9.729246526160852948e-01 9.691180670319130552e-01 9.762659947685670137e-01 1.002822492309149771e+00 1.049907115854018302e+00
5.000000000000000000e+00 9.740148691522446667e-01 8.293438019005600070e-01 4.613570867275854637e-01 5.682043979256811150e-01 0.000000000000000000e+00 5.465990034655516805e-01 5.899446615269886562e-01 6.619764438632216308e-01 7.132713957786740444e-01 6.385589188049451970e-01 7.202732946156550353e-01 7.059297120252318036e-01 8.310804598127690124e-01 9.001447694808693001e-01 8.587242450131178373e-01 9.036063082316201367e-01 9.118892016131154854e-01 9.124335893972930212e-01 9.168546328522664268e-01 9.220993464441478160e-01 8.683376708793464349e-01 9.304457188564325687e-01 8.825847824043537848e-01 8.912341545608770677e-01 9.676574178011139171e-01 9.903854228669337623e-01 1.004033932861445377e+00 9.652193234418902090e-01 9.622975387803858194e-01 9.710053452665581286e-01 9.948318640068805063e-01 1.039395695262576913e+00
6.000000000000000000e+00 9.833546033907365480e-01 8.428284102257361798e-01 5.758761042584550349e-01 6.408139407007127364e-01 5.465990034655516805e-01 0.000000000000000000e+00 5.317874888757633256e-01 6.002390907780734697e-01 7.201070787195475997e-01 5.466003519375535191e-01 7.070223299246801707e-01 6.766784165503864079e-01 8.262862782619151414e-01 8.848179974703713757e-01 8.505199555040579007e-01 8.875782935224829640e-01 8.962873613165562858e-01 8.966929721893401872e-01 9.016757142976667971e-01 9.066794802159132693e-01 8.564770431842181342e-01 9.151216373415527183e-01 8.710117940522001945e-01 8.794807350547666491e-01 9.532418240937825527e-01 9.760674475363866343e-01 9.897525277854184456e-01 9.525456108074690231e-01 9.501174230723139491e-01 9.598461690758430809e-01 9.821567157908501766e-01 1.025650340849671549e+00
7.000000000000000000e+00 9.773748115412771442e-01 8.336598125477966414e-01 6.276964217227763987e-01 6.345700296067277035e-01 5.899446615269886562e-01 5.317874888757633256e-01 0.000000000000000000e+00 6.458876817195167153e-01 6.864676771730167104e-01 5.808928165610414140e-01 6.657934487721116623e-01 6.334330456914339935e-01 8.085585255339007293e-01 8.883352248083489222e-01 8.363139856097450142e-01 8.891759580409690500e-01 8.985658048562452649e-01 8.982090031082934356e-01 9.038074139996306045e-01 9.082577720726083825e-01 8.455826123944782946e-01 9.156252499068135986e-01 8.611931269967763036e-01 8.705243981808539200e-01 9.516371326407309095e-01 9.748203851609877901e-01 9.886726921747406305e-01 9.477084896630574296e-01 9.446287882802135716e-01 9.534448847505652136e-01 9.777534203039619509e-01 1.023536614860760308e+00
8.000000000000000000e+00 1.001452799478049327e+00 8.682037778151106000e-01 6.619744973303345326e-01 7.142530071059847163e-01 6.619764438632216308e-01 6.002390907780734697e-01 6.458876817195167153e-01 0.000000000000000000e+00 7.616948631800140035e-01 5.332450185566237622e-01 7.374960983123614033e-01 6.984946890884266013e-01 8.399990900150120510e-01 8.611164133070781102e-01 8.564210128852760562e-01 8.650547127760455091e-01 8.735920366978509044e-01 8.746764123984174244e-01 8.797584895472736477e-01 8.850484566871732461e-01 8.542169143247637653e-01 8.948592292135983950e-01 8.677515535436537419e-01 8.749466829444065841e-01 9.366247929597950606e-01 9.591625832714849587e-01 9.727018776080302853e-01 9.419002615162834768e-01 9.408478059455822606e-01 9.528963681997717483e-01 9.709933058355104674e-01 1.010477005119482241e+00
9.000000000000000000e+00 9.480258778887766802e-01 7.853412929894971750e-01 7.316332653211949921e-01 6.836476143116292370e-01 7.132713957786740444e-01 7.201070787195475997e-01 6.864676771730167104e-01 7.616948631800140035e-01 0.000000000000000000e+00 7.350430063746462572e-01 6.288086308604209362e-01 6.860715580165673844e-01 7.617195329732129316e-01 9.207321674750024165e-01 8.125289927481396113e-01 9.190537072119147055e-01 9.289517891937508764e-01 9.273331726686355747e-01 9.330363445755986973e-01 9.368438819046924770e-01 8.404197392425816204e-01 9.418185463836257210e-01 8.574624097024208247e-01 8.690570179084844415e-01 9.714824257800989127e-01 9.951584126064063618e-01 1.009263953682869142e+00 9.568334479651825486e-01 9.512311663099575210e-01 9.557009194061094615e-01 9.877475701988955858e-01 1.040745036817918523e+00
1.000000000000000000e+01 9.928472671491839208e-01 8.563507625800763634e-01 6.511558259818350791e-01 6.920758637364454735e-01 6.385589188049451970e-01 5.466003519375535191e-01 5.808928165610414140e-01 5.332450185566237622e-01 7.350430063746462572e-01 0.000000000000000000e+00 7.045467603642111554e-01 6.563385732329197753e-01 8.237735459646684522e-01 8.689385820910231484e-01 8.434848972745703222e-01 8.706776374658011797e-01 8.799778221987251126e-01 8.801611038223768890e-01 8.859039334428047141e-01 8.905654351936385105e-01 8.448173343896729914e-01 8.990725155428547222e-01 8.595335202521390272e-01 8.677069293669539274e-01 9.382334657955808677e-01 9.611949552006371356e-01 9.749325565541162586e-01 9.395337013917257618e-01 9.376746811202723020e-01 9.485689523850584504e-01 9.691453152764377688e-01 1.011436105828401599e+00
1.100000000000000000e+01 9.688608074575087992e-01 8.240299922048824888e-01 7.381656687242749149e-01 7.164603898944094107e-01 7.202732946156550353e-01 7.070223299246801707e-01 6.657934487721116623e-01 7.374960983123614033e-01 6.288086308604209362e-01 7.045467603642111554e-01 0.000000000000000000e+00 5.758699102991678975e-01 7.470832926156818488e-01 8.958316081387738272e-01 7.887369582015006930e-01 8.921247148952202721e-01 9.030200195608459879e-01 9.007714270645681420e-01 9.076383711104125673e-01 9.107928482496032707e-01 8.105976875472566956e-01 9.153124580817391109e-01 8.300377004121530788e-01 8.423107947654899785e-01 9.453379864654445353e-01 9.694243409095766317e-01 9.837024982199713552e-01 9.321571180687830971e-01 9.271841157545812617e-01 9.333731065025869800e-01 9.634212095264149678e-01 1.015646461114008803e+00
1.200000000000000000e+01 9.822021736364280331e-01 8.431359302883051354e-01 7.234623591136085663e-01 7.179518643833912028e-01 7.059297120252318036e-01 6.766784165503864079e-01 6.334330456914339935e-01 6.984946890884266013e-01 6.860715580165673844e-01 6.563385732329197753e-01 5.758699102991678975e-01 0.000000000000000000e+00 7.732636658550187114e-01 8.778214079882005194e-01 7.999467676781870651e-01 8.742613468643476438e-01 8.853999179691283139e-01 8.834117321432108927e-01 8.907671322346422116e-01 8.939027352546058403e-01 8.095882630846740202e-01 8.992629176864996854e-01 8.282960992109709153e-01 8.393234590500402437e-01 9.321911561109879063e-01 9.562161339065733401e-01 9.704488928605987663e-01 9.241590553284855236e-01 9.204757495736182182e-01 9.289909953745147941e-01 9.551152677612659847e-01 1.003991561873771809e+00
1.300000000000000000e+01 9.614522146410087178e-01 8.376495283365297251e-01 8.406304911384012701e-01 8.236675811486653398e-01 8.310804598127690124e-01 8.262862782619151414e-01 8.085585255339007293e-01 8.399990900150120510e-01 7.617195329732129316e-01 8.237735459646684522e-01 7.470832926156818488e-01 7.732636658550187114e-01 0.000000000000000000e+00 9.289653592855890984e-01 6.822976745155497902e-01 9.216445224271803127e-01 9.330433468074454950e-01 9.288904055250080116e-01 9.355334511575388312e-01 9.378139203261741663e-01 7.739155376709814238e-01 9.384320317624197383e-01 7.960879626945529530e-01 8.136798844858528224e-01 9.573173802209671290e-01 9.820755526252775702e-01 9.967187616903825376e-01 9.247079466183223406e-01 9.150305585367626282e-01 9.131623801728310230e-01 9.574778018228113918e-01 1.022599928669685410e+00
1.400000000000000000e+01 1.110406131922899053e+00 9.955927285313430630e-01 9.005482192916938189e-01 9.159630498812121324e-01 9.001447694808693001e-01 8.848179974703713757e-01 8.883352248083489222e-01 8.611164133070781102e-01 9.207321674750024165e-01 8.689385820910231484e-01 8.958316081387738272e-01 8.778214079882005194e-01 9.289653592855890984e-01 0.000000000000000000e+00 9.129225585887295047e-01 6.269234749603467272e-01 5.561260472389180087e-01 6.164850365233733864e-01 5.645706793611451335e-01 6.036467717868401195e-01 8.722719450206477543e-01 6.627348360436797758e-01 8.708369362394723368e-01 8.648004619332516629e-01 7.597057445737598336e-01 7.672671377675501780e-01 7.740090031902606693e-01 8.445899876869478184e-01 8.582538460371427202e-01 8.900491220595980746e-01 8.609966782594506984e-01 8.388689103185760221e-01
1.500000000000000000e+01 9.902014692268652496e-01 8.806030847356183244e-01 8.668025819658109477e-01 8.567369483566629196e-01 8.587242450131178373e-01 8.505199555040579007e-01 8.363139856097450142e-01 8.564210128852760562e-01 8.125289927481396113e-01 8.434848972745703222e-01 7.887369582015006930e-01 7.999467676781870651e-01 6.822976745155497902e-01 9.129225585887295047e-01 0.000000000000000000e+00 9.023966533239162757e-01 9.146577900733294797e-01 9.090523074232741418e-01 9.162694689178234597e-01 9.176593819538116925e-01 6.931605960763116414e-01 9.157749439723781304e-01 7.245314263519504472e-01 7.509452225107440260e-01 9.286155545700809366e-01 9.541433726834687157e-01 9.691582363429611657e-01 8.863520563471773972e-01 8.747008673727325601e-01 8.710394129271799013e-01 9.207531412538323412e-01 9.922234353258041484e-01
1.600000000000000000e+01 1.110022800468886572e+00 9.955247876022310649e-01 9.050853425839635591e-01 9.185393110362465308e-01 9.036063082316201367e-01 8.875782935224829640e-01 8.891759580409690500e-01 8.650547127760455091e-01 9.190537072119147055e-01 8.706776374658011797e-01 8.921247148952202721e-01 8.742613468643476438e-01 9.216445224271803127e-01 6.269234749603467272e-01 9.023966533239162757e-01 0.000000000000000000e+00 5.445811735899401818e-01 4.612303464403548769e-01 6.241885481357898335e-01 5.735673113531034595e-01 8.569289600218492620e-01 6.121691414578247503e-01 8.548216694262977811e-01 8.479466661544781125e-01 7.481970048173249843e-01 7.691497058251677288e-01 7.823185307023960977e-01 8.310779034743760452e-01 8.447022674635893402e-01 8.776365016454625856e-01 8.512675891495236069e-01 8.431351878221386986e-01
1.700000000000000000e+01 1.118699205348730352e+00 1.004362026297488164e+00 9.129587041933606706e-01 9.270040964614509882e-01 9.118892016131154854e-01 8.962873613165562858e-01 8.985658048562452649e-01 8.735920366978509044e-01 9.289517891937508764e-01 8.799778221987251126e-01 9.030200195608459879e-01 8.853999179691283139e-01 9.330433468074454950e-01 5.561260472389180087e-01 9.146577900733294797e-01 5.445811735899401818e-01 0.000000000000000000e+00 5.028650354886916585e-01 5.477296111196621187e-01 5.066142207193875535e-01 8.708731147342410051e-01 6.150395744730194902e-01 8.684828381000082587e-01 8.615227402984022564e-01 7.478777255540092206e-01 7.606796281572183460e-01 7.701736926438502717e-01 8.377786885637938941e-01 8.522323608106872062e-01 8.854549152366109066e-01 8.549363490917920583e-01 8.351801083833036987e-01
1.800000000000000000e+01 1.117144253153146360e+00 1.003078667101952481e+00 9.139029070747375361e-01 9.271049386380723067e-01 9.124335893972930212e-01 8.966929721893401872e-01 8.982090031082934356e-01 8.746764123984174244e-01 9.273331726686355747e-01 8.801611038223768890e-01 9.007714270645681420e-01 8.834117321432108927e-01 9.288904055250080116e-01 6.164850365233733864e-01 9.090523074232741418e-01 4.612303464403548769e-01 5.028650354886916585e-01 0.000000000000000000e+00 5.915244637966501351e-01 5.029710828757139041e-01 8.631959738784085179e-01 5.740338595617313633e-01 8.602611663353254556e-01 8.527498087046425645e-01 7.365596146258488464e-01 7.552963749234704594e-01 7.676983438211484323e-01 8.283185755602990863e-01 8.430800481090747756e-01 8.771198538233322406e-01 8.467489607528053686e-01 8.316978997204984569e-01
1.900000000000000000e+01 1.121023939635648503e+00 1.007357080763918944e+00 9.179231273985166695e-01 9.315644885537714970e-01 9.168546328522664268e-01 9.016757142976667971e-01 9.038074139996306045e-01 8.797584895472736477e-01 9.330363445755986973e-01 8.859039334428047141e-01 9.076383711104125673e-01 8.907671322346422116e-01 9.355334511575388312e-01 5.645706793611451335e-01 9.162694689178234597e-01 6.241885481357898335e-01 5.477296111196621187e-01 5.915244637966501351e-01 0.000000000000000000e+00 5.237166995053992302e-01 8.720325442478389366e-01 6.100108568529603037e-01 8.684236287702176149e-01 8.605514792099966392e-01 7.233820908932548921e-01 7.264735033132772024e-01 7.314170269669511004e-01 8.243914823688773819e-01 8.405892287812199992e-01 8.753327157439467765e-01 8.376889809365961614e-01 8.021707578270327321e-01
2.000000000000000000e+01 1.125404323606642887e+00 1.011753675885501469e+00 9.234836287522685261e-01 9.365842303852729422e-01 9.220993464441478160e-01 9.066794802159132693e-01 9.082577720726083825e-01 8.850484566871732461e-01 9.368438819046924770e-01 8.905654351936385105e-01 9.107928482496032707e-01 8.939027352546058403e-01 9.378139203261741663e-01 6.036467717868401195e-01 9.176593819538116925e-01 5.735673113531034595e-01 5.066142207193875535e-01 5.029710828757139041e-01 5.237166995053992302e-01 0.000000000000000000e+00 8.719140999596819430e-01 5.531217034179165548e-01 8.682123755232264983e-01 8.601522249620432437e-01 7.258121174499756467e-01 7.383951657690615011e-01 7.482522094354673303e-01 8.269938925618187664e-01 8.429803203977317416e-01 8.780081139088278253e-01 8.426538922257591491e-01 8.166719643893587399e-01
2.100000000000000000e+01 1.021754921626931045e+00 9.132651093977184331e-01 8.751700403910065429e-01 8.717557657514922731e-01 8.683376708793464349e-01 8.564770431842181342e-01 8.455826123944782946e-01 8.542169143247637653e-01 8.404197392425816204e-01 8.448173343896729914e-01 8.105976875472566956e-01 8.095882630846740202e-01 7.739155376709814238e-01 8.722719450206477543e-01 6.931605960763116414e-01 8.569289600218492620e-01 8.708731147342410051e-01 8.631959738784085179e-01 8.720325442478389366e-01 8.719140999596819430e-01 0.000000000000000000e+00 8.669153736258856657e-01 5.496837995895340612e-01 6.228315251732869928e-01 8.742332877809160241e-01 9.015367531974347592e-01 9.173416331970407622e-01 8.266424787863397849e-01 8.154322182716953193e-01 8.181291086404220980e-01 8.646381938466303207e-01 9.394034671337025966e-01
2.200000000000000000e+01 1.129304740830672893e+00 1.016444165987861359e+00 9.323448917035539463e-01 9.440946658808264669e-01 9.304457188564325687e-01 9.151216373415527183e-01 9.156252499068135986e-01 8.948592292135983950e-01 9.418185463836257210e-01 8.990725155428547222e-01 9.153124580817391109e-01 8.992629176864996854e-01 9.384320317624197383e-01 6.627348360436797758e-01 9.157749439723781304e-01 6.121691414578247503e-01 6.150395744730194902e-01 5.740338595617313633e-01 6.100108568529603037e-01 5.531217034179165548e-01 8.669153736258856657e-01 0.000000000000000000e+00 8.616247950456019655e-01 8.521591260894638697e-01 6.928821752091061104e-01 7.159151706815696237e-01 7.316764255917289628e-01 8.102020806976770739e-01 8.278812124597907385e-01 8.652947494534968254e-01 8.262566141504519290e-01 8.021734592621798665e-01
2.300000000000000000e+01 1.031656693509224620e+00 9.259945137727265685e-01 8.889377245138141426e-01 8.862803867605291153e-01 8.825847824043537848e-01 8.710117940522001945e-01 8.611931269967763036e-01 8.677515535436537419e-01 8.574624097024208247e-01 8.595335202521390272e-01 8.300377004121530788e-01 8.282960992109709153e-01 7.960879626945529530e-01 8.708369362394723368e-01 7.245314263519504472e-01 8.548216694262977811e-01 8.684828381000082587e-01 8.602611663353254556e-01 8.684236287702176149e-01 8.682123755232264983e-01 5.496837995895340612e-01 8.616247950456019655e-01 0.000000000000000000e+00 5.160996363966601219e-01 8.632892522362876075e-01 8.908705524730140546e-01 9.068440012967882158e-01 8.051694084240468285e-01 7.916208878349471068e-01 7.931273993649046172e-01 8.451048307698429962e-01 9.261437055013364006e-01
2.400000000000000000e+01 1.041195539100789214e+00 9.364126666287448941e-01 8.972218551768607053e-01 8.955783863651343157e-01 8.912341545608770677e-01 8.794807350547666491e-01 8.705243981808539200e-01 8.749466829444065841e-01 8.690570179084844415e-01 8.677069293669539274e-01 8.423107947654899785e-01 8.393234590500402437e-01 8.136798844858528224e-01 8.648004619332516629e-01 7.509452225107440260e-01 8.479466661544781125e-01 8.615227402984022564e-01 8.527498087046425645e-01 8.605514792099966392e-01 8.601522249620432437e-01 6.228315251732869928e-01 8.521591260894638697e-01 5.160996363966601219e-01 0.000000000000000000e+00 8.492372770037570628e-01 8.772690535762626141e-01 8.934773973116187928e-01 7.831005834234632257e-01 7.682103296596891617e-01 7.714268053471500242e-01 8.253790899460493602e-01 9.109316110021195012e-01
2.500000000000000000e+01 1.153319006888303244e+00 1.043317862312758804e+00 9.704660274432985734e-01 9.790981558405988938e-01 9.676574178011139171e-01 9.532418240937825527e-01 9.516371326407309095e-01 9.366247929597950606e-01 9.714824257800989127e-01 9.382334657955808677e-01 9.453379864654445353e-01 9.321911561109879063e-01 9.573173802209671290e-01 7.597057445737598336e-01 9.286155545700809366e-01 7.481970048173249843e-01 7.478777255540092206e-01 7.365596146258488464e-01 7.233820908932548921e-01 7.258121174499756467e-01 8.742332877809160241e-01 6.928821752091061104e-01 8.632892522362876075e-01 8.492372770037570628e-01 0.000000000000000000e+00 5.826985120514169836e-01 6.479357146130391154e-01 7.537266758387977106e-01 7.815362493476898376e-01 8.292454463354621552e-01 7.634720364045020080e-01 7.352591344286054653e-01
2.600000000000000000e+01 1.176553059399657375e+00 1.066602248880250681e+00 9.930072262277276351e-01 1.001994958710107131e+00 9.903854228669337623e-01 9.760674475363866343e-01 9.748203851609877901e-01 9.591625832714849587e-01 9.951584126064063618e-01 9.611949552006371356e-01 9.694243409095766317e-01 9.562161339065733401e-01 9.820755526252775702e-01 7.672671377675501780e-01 9.541433726834687157e-01 7.691497058251677288e-01 7.606796281572183460e-01 7.552963749234704594e-01 7.264735033132772024e-01 7.383951657690615011e-01 9.015367531974347592e-01 7.159151706815696237e-01 8.908705524730140546e-01 8.772690535762626141e-01 5.826985120514169836e-01 0.000000000000000000e+00 5.278791128461153281e-01 7.769792233295984563e-01 8.040078934114387454e-01 8.496553494416845265e-01 7.762919809338610921e-01 7.031905848858481800e-01
2.700000000000000000e+01 1.190509755780296830e+00 1.080559966536343230e+00 1.006569315761983718e+00 1.015730393810094112e+00 1.004033932861445377e+00 9.897525277854184456e-01 9.886726921747406305e-01 9.727018776080302853e-01 1.009263953682869142e+00 9.749325565541162586e-01 9.837024982199713552e-01 9.704488928605987663e-01 9.967187616903825376e-01 7.740090031902606693e-01 9.691582363429611657e-01 7.823185307023960977e-01 7.701736926438502717e-01 7.676983438211484323e-01 7.314170269669511004e-01 7.482522094354673303e-01 9.173416331970407622e-01 7.316764255917289628e-01 9.068440012967882158e-01 8.934773973116187928e-01 6.479357146130391154e-01 5.278791128461153281e-01 0.000000000000000000e+00 7.925741026348465113e-01 8.186786056939545642e-01 8.629376807198623212e-01 7.872424110539284481e-01 6.849126182988631850e-01
2.800000000000000000e+01 1.127146805820010700e+00 1.022685618385454687e+00 9.694038300618690318e-01 9.729246526160852948e-01 9.652193234418902090e-01 9.525456108074690231e-01 9.477084896630574296e-01 9.419002615162834768e-01 9.568334479651825486e-01 9.395337013917257618e-01 9.321571180687830971e-01 9.241590553284855236e-01 9.247079466183223406e-01 8.445899876869478184e-01 8.863520563471773972e-01 8.310779034743760452e-01 8.377786885637938941e-01 8.283185755602990863e-01 8.243914823688773819e-01 8.269938925618187664e-01 8.266424787863397849e-01 8.102020806976770739e-01 8.051694084240468285e-01 7.831005834234632257e-01 7.537266758387977106e-01 7.769792233295984563e-01 7.925741026348465113e-01 0.000000000000000000e+00 5.300919492598643590e-01 6.685082688379282434e-01 5.869995700179553300e-01 7.781575046406092877e-01
2.900000000000000000e+01 1.118161331869359509e+00 1.015242986999459474e+00 9.667470042674446429e-01 9.691180670319130552e-01 9.622975387803858194e-01 9.501174230723139491e-01 9.446287882802135716e-01 9.408478059455822606e-01 9.512311663099575210e-01 9.376746811202723020e-01 9.271841157545812617e-01 9.204757495736182182e-01 9.150305585367626282e-01 8.582538460371427202e-01 8.747008673727325601e-01 8.447022674635893402e-01 8.522323608106872062e-01 8.430800481090747756e-01 8.405892287812199992e-01 8.429803203977317416e-01 8.154322182716953193e-01 8.278812124597907385e-01 7.916208878349471068e-01 7.682103296596891617e-01 7.815362493476898376e-01 8.040078934114387454e-01 8.186786056939545642e-01 5.300919492598643590e-01 0.000000000000000000e+00 6.077175812705952751e-01 6.257770103092326064e-01 8.047618995796443908e-01
3.000000000000000000e+01 1.114848872701574622e+00 1.015389523609999456e+00 9.758022500886951445e-01 9.762659947685670137e-01 9.710053452665581286e-01 9.598461690758430809e-01 9.534448847505652136e-01 9.528963681997717483e-01 9.557009194061094615e-01 9.485689523850584504e-01 9.333731065025869800e-01 9.289909953745147941e-01 9.131623801728310230e-01 8.900491220595980746e-01 8.710394129271799013e-01 8.776365016454625856e-01 8.854549152366109066e-01 8.771198538233322406e-01 8.753327157439467765e-01 8.780081139088278253e-01 8.181291086404220980e-01 8.652947494534968254e-01 7.931273993649046172e-01 7.714268053471500242e-01 8.292454463354621552e-01 8.496553494416845265e-01 8.629376807198623212e-01 6.685082688379282434e-01 6.077175812705952751e-01 0.000000000000000000e+00 6.932901598041223412e-01 8.478708900290417017e-01
3.100000000000000000e+01 1.157727265409381312e+00 1.053305030524698038e+00 9.988114621640817870e-01 1.002822492309149771e+00 9.948318640068805063e-01 9.821567157908501766e-01 9.777534203039619509e-01 9.709933058355104674e-01 9.877475701988955858e-01 9.691453152764377688e-01 9.634212095264149678e-01 9.551152677612659847e-01 9.574778018228113918e-01 8.609966782594506984e-01 9.207531412538323412e-01 8.512675891495236069e-01 8.549363490917920583e-01 8.467489607528053686e-01 8.376889809365961614e-01 8.426538922257591491e-01 8.646381938466303207e-01 8.262566141504519290e-01 8.451048307698429962e-01 8.253790899460493602e-01 7.634720364045020080e-01 7.762919809338610921e-01 7.872424110539284481e-01 5.869995700179553300e-01 6.257770103092326064e-01 6.932901598041223412e-01 0.000000000000000000e+00 7.468067699056020192e-01
3.200000000000000000e+01 1.218221684401829430e+00 1.110099975600377098e+00 1.042376561362194698e+00 1.049907115854018302e+00 1.039395695262576913e+00 1.025650340849671549e+00 1.023536614860760308e+00 1.010477005119482241e+00 1.040745036817918523e+00 1.011436105828401599e+00 1.015646461114008803e+00 1.003991561873771809e+00 1.022599928669685410e+00 8.388689103185760221e-01 9.922234353258041484e-01 8.431351878221386986e-01 8.351801083833036987e-01 8.316978997204984569e-01 8.021707578270327321e-01 8.166719643893587399e-01 9.394034671337025966e-01 8.021734592621798665e-01 9.261437055013364006e-01 9.109316110021195012e-01 7.352591344286054653e-01 7.031905848858481800e-01 6.849126182988631850e-01 7.781575046406092877e-01 8.047618995796443908e-01 8.478708900290417017e-01 7.468067699056020192e-01 0.000000000000000000e+00
