0.000000000000000000e+00 1.000000000000000000e+00 2.000000000000000000e+00 3.000000000000000000e+00 4.000000000000000000e+00 5.000000000000000000e+00 6.000000000000000000e+00 7.000000000000000000e+00 8.000000000000000000e+00 9.000000000000000000e+00 1.000000000000000000e+01 1.100000000000000000e+01 1.200000000000000000e+01 1.300000000000000000e+01 1.400000000000000000e+01 1.500000000000000000e+01 1.600000000000000000e+01 1.700000000000000000e+01 1.800000000000000000e+01 1.900000000000000000e+01 2.000000000000000000e+01 2.100000000000000000e+01 2.200000000000000000e+01 2.300000000000000000e+01 2.400000000000000000e+01 2.500000000000000000e+01 2.600000000000000000e+01 2.700000000000000000e+01 2.800000000000000000e+01 2.900000000000000000e+01 3.000000000000000000e+01 3.100000000000000000e+01 3.200000000000000000e+01
1.000000000000000000e+00 0.000000000000000000e+00 5.406695584865813808e-01 3.960423208517065419e-01 6.147158267889535344e-01 4.110597165067771397e-01 5.900752354100181618e-01 6.472246585657874807e-01 6.368810281855996625e-01 5.912980796271893880e-01 6.476433330530679822e-01 6.096443217000045989e-01 6.501375399506044150e-01 6.233440907784062457e-01 4.370720376510456306e-01 6.419843920032031193e-01 4.276730844969920953e-01 4.313893275530774063e-01 4.288432420612640072e-01 4.375448178939485011e-01 4.317447633173207566e-01 3.829868135827018683e-01 4.301559527134866667e-01 3.900811389482083946e-01 3.982791793252036250e-01 4.620214556942610629e-01 4.582638019825123199e-01 4.657195050179833706e-01 7.360550692250297233e-01 7.313301277545173340e-01 7.425318430800174063e-01 7.761788151010764469e-01 8.092970136637304135e-01
2.000000000000000000e+00 5.406695584865813808e-01 0.000000000000000000e+00 4.261934931455545472e-01 6.407044860048559665e-01 4.408588492455819963e-01 6.188432396912971756e-01 6.718960922188581542e-01 6.655638459297306131e-01 6.032804866482035511e-01 6.746014464884761974e-01 6.255115802214646914e-01 6.699938516071533012e-01 6.417829950058295818e-01 4.617724609078333042e-01 6.650176844539368304e-01 4.521575167931665695e-01 4.559547824730218468e-01 4.533317762701014608e-01 4.620941837965487631e-01 4.562481578794674308e-01 4.052396178656007542e-01 4.545744290994481740e-01 4.131480453373833628e-01 4.218354307843296125e-01 4.864007608772952795e-01 4.827062199538325049e-01 4.901853804201020126e-01 7.611095326603009026e-01 7.567012864429519814e-01 7.691657930570685586e-01 8.015765502191023462e-01 8.341535260207409985e-01
3.000000000000000000e+00 3.960423208517065419e-01 4.261934931455545472e-01 0.000000000000000000e+00 3.048953054158121123e-01 5.606940736409998793e-02 2.631945557022677962e-01 3.626974620295675411e-01 3.321608240372124765e-01 4.091591621467158824e-01 3.541591880492989119e-01 4.193850966305371353e-01 4.312156111501219691e-01 4.674778158863437394e-01 2.325589627345138188e-01 4.771028579416816129e-01 2.261824020622257847e-01 2.289303864826956469e-01 2.275075579667837911e-01 2.356092684668081860e-01 2.304380322342614584e-01 2.079009588370627770e-01 2.303537938449100042e-01 2.149075339691758346e-01 2.226975150027824535e-01 2.643428120785992763e-01 2.605592059345593348e-01 2.681469854034074785e-01 5.492037468582290360e-01 5.472056422233447792e-01 5.644166117899591661e-01 5.892788743074035551e-01 6.158762893088619572e-01
4.000000000000000000e+00 6.147158267889535344e-01 6.407044860048559665e-01 3.048953054158121123e-01 0.000000000000000000e+00 3.154687017686396699e-01 5.118636679628351116e-01 5.794141164260888655e-01 5.789710042018680891e-01 6.097102568827115210e-01 5.932122509386859033e-01 6.297166792567993054e-01 6.469113630639788948e-01 6.820629620297700146e-01 4.570970593674859028e-01 6.939299573371915386e-01 4.500463273881794568e-01 4.530156897499889035e-01 4.513442706180172959e-01 4.595876659244834128e-01 4.542759875397542335e-01 4.259915195001495181e-01 4.538673687076528185e-01 4.332988398099947291e-01 4.413338023826189893e-01 4.874314486365068366e-01 4.836765976325469452e-01 4.912476267710377820e-01 7.704600258368795584e-01 7.680561269750137976e-01 7.845677408739970549e-01 8.106659597737719825e-01 8.383197703022197134e-01
5.000000000000000000e+00 4.110597165067771397e-01 4.408588492455819963e-01 5.606940736409998793e-02 3.154687017686396699e-01 0.000000000000000000e+00 2.742379821063277712e-01 3.719299717858548515e-01 3.476346848138898160e-01 4.224895251522553519e-01 3.677169705962517465e-01 4.327316187831388161e-01 4.442578883901420195e-01 4.817532488988325312e-01 2.474969918232462485e-01 4.914830047460789775e-01 2.410605450234860059e-01 2.438286725368304375e-01 2.423840859957164806e-01 2.504990009067749046e-01 2.453153621035269460e-01 2.223332046019257935e-01 2.452036125367222374e-01 2.293677422883877437e-01 2.371789908067197805e-01 2.791584948641915864e-01 2.753780958614450713e-01 2.829648799548155069e-01 5.638856451154615756e-01 5.618603109819096941e-01 5.790306919052288226e-01 6.039741785734671353e-01 6.306473842090661863e-01
6.000000000000000000e+00 5.900752354100181618e-01 6.188432396912971756e-01 2.631945557022677962e-01 5.118636679628351116e-01 2.742379821063277712e-01 0.000000000000000000e+00 5.007633002348788054e-01 5.127942886540919343e-01 5.965453695107947318e-01 5.050884503614576637e-01 6.012486417030130648e-01 6.050356546866819674e-01 6.557702032249770330e-01 4.216847962672335415e-01 6.650545007475738846e-01 4.150675851933865457e-01 4.179005886965702632e-01 4.163931134035198101e-01 4.245531237463107121e-01 4.193326910299902122e-01 3.955814723744843220e-01 4.191490596337516528e-01 4.027034006120757681e-01 4.105702156562974769e-01 4.530314132644734371e-01 4.492658490157925288e-01 4.568536347486631954e-01 7.375947015013036845e-01 7.355594960976042929e-01 7.527802371093479383e-01 7.777363204390261853e-01 8.044897815158315035e-01
7.000000000000000000e+00 6.472246585657874807e-01 6.718960922188581542e-01 3.626974620295675411e-01 5.794141164260888655e-01 3.719299717858548515e-01 5.007633002348788054e-01 0.000000000000000000e+00 5.963783446707175973e-01 6.321611310325847555e-01 5.641770257887011031e-01 6.261214502553663630e-01 6.165092239559066822e-01 7.011494292291875485e-01 4.765290931217759374e-01 7.115808715665834505e-01 4.689997836442228452e-01 4.721393296206721213e-01 4.702998793725858828e-01 4.786607527255968275e-01 4.732511969741107216e-01 4.426910596123890262e-01 4.726470507890980222e-01 4.502616704579611717e-01 4.584646982767544010e-01 5.060085515155130498e-01 5.022937599579784251e-01 5.098671435657633477e-01 7.885590481789505057e-01 7.861210567576352171e-01 8.027652351437635225e-01 8.289151079297352176e-01 8.568038055528960362e-01
8.000000000000000000e+00 6.368810281855996625e-01 6.655638459297306131e-01 3.321608240372124765e-01 5.789710042018680891e-01 3.476346848138898160e-01 5.127942886540919343e-01 5.963783446707175973e-01 0.000000000000000000e+00 6.462445970187111755e-01 5.177302490370445653e-01 6.472935259360969029e-01 6.471522944150278622e-01 6.974616401976383440e-01 4.536099822079388000e-01 7.041438505442627616e-01 4.473515722658658045e-01 4.500811004744353361e-01 4.487170314457100684e-01 4.568198918206849424e-01 4.516770264250403177e-01 4.329567848174248890e-01 4.517078535847674492e-01 4.398707581399745603e-01 4.475476383435285088e-01 4.859212222238020185e-01 4.821520090519897939e-01 4.897599221761274602e-01 7.721895487970759087e-01 7.705772607197879376e-01 7.886296615843415569e-01 8.122751144972457649e-01 8.380249602922841268e-01
9.000000000000000000e+00 5.912980796271893880e-01 6.032804866482035511e-01 4.091591621467158824e-01 6.097102568827115210e-01 4.224895251522553519e-01 5.965453695107947318e-01 6.321611310325847555e-01 6.462445970187111755e-01 0.000000000000000000e+00 6.493515523279331791e-01 5.746437383604307003e-01 6.292150530286781951e-01 6.287946089512894687e-01 4.449364028155254891e-01 6.507679696290868954e-01 4.352355597873286963e-01 4.390737229508536177e-01 4.364237114232991654e-01 4.452227433874347273e-01 4.393584073577974647e-01 3.878571804370169462e-01 4.376698465267108706e-01 3.964938227669990711e-01 4.055841938173019301e-01 4.695569140650132645e-01 4.659201537007582883e-01 4.734271313699994210e-01 7.454089326480825006e-01 7.414284100561002733e-01 7.553132583804713640e-01 7.861728529915290586e-01 8.179450883261211169e-01
1.000000000000000000e+01 6.476433330530679822e-01 6.746014464884761974e-01 3.541591880492989119e-01 5.932122509386859033e-01 3.677169705962517465e-01 5.050884503614576637e-01 5.641770257887011031e-01 5.177302490370445653e-01 6.493515523279331791e-01 0.000000000000000000e+00 6.435208091686509535e-01 6.293749873524352445e-01 7.030995510799866732e-01 4.658381921930876413e-01 7.104069140165694130e-01 4.589339485265134244e-01 4.618791032161832510e-01 4.602784236346572078e-01 4.685215496767534127e-01 4.632443796611731002e-01 4.396415396869016168e-01 4.629724515725844314e-01 4.468538566847396476e-01 4.547585661115673972e-01 4.968059724040956859e-01 4.930717860575977718e-01 5.006684305220154840e-01 7.815822430702640267e-01 7.796671823180928440e-01 7.972626668176454601e-01 8.218149394441047750e-01 8.484105861645848679e-01
1.100000000000000000e+01 6.096443217000045989e-01 6.255115802214646914e-01 4.193850966305371353e-01 6.297166792567993054e-01 4.327316187831388161e-01 6.012486417030130648e-01 6.261214502553663630e-01 6.472935259360969029e-01 5.746437383604307003e-01 6.435208091686509535e-01 0.000000000000000000e+00 5.610859682557423067e-01 6.311725537785750628e-01 4.406376221228761603e-01 6.477982649978402119e-01 4.306855832305139242e-01 4.346168040266071286e-01 4.318794380230248642e-01 4.407457507946979103e-01 4.348296585143761050e-01 3.822918288376038753e-01 4.330452178896004312e-01 3.913021593775504181e-01 4.006018780529275736e-01 4.648614153979455099e-01 4.612648501924881406e-01 4.687833405068347337e-01 7.409304751254816024e-01 7.370996651735050031e-01 7.515714647356350753e-01 7.818684041085177672e-01 8.134446226831301141e-01
1.200000000000000000e+01 6.501375399506044150e-01 6.699938516071533012e-01 4.312156111501219691e-01 6.469113630639788948e-01 4.442578883901420195e-01 6.050356546866819674e-01 6.165092239559066822e-01 6.471522944150278622e-01 6.292150530286781951e-01 6.293749873524352445e-01 5.610859682557423067e-01 0.000000000000000000e+00 6.783732735123517710e-01 4.660870003386010652e-01 6.877324964541833285e-01 4.568908901587299121e-01 4.605928790829381669e-01 4.581469063760853500e-01 4.668782489883319675e-01 4.611227143529474382e-01 4.184486628657947960e-01 4.597534980212713562e-01 4.269469895786496272e-01 4.358142101367334931e-01 4.921850661604741384e-01 4.885756925671388973e-01 4.961294170879459453e-01 7.713665254771554514e-01 7.683051381036763994e-01 7.842238579814488908e-01 8.121705477579179711e-01 8.419257473830200622e-01
1.300000000000000000e+01 6.233440907784062457e-01 6.417829950058295818e-01 4.674778158863437394e-01 6.820629620297700146e-01 4.817532488988325312e-01 6.557702032249770330e-01 7.011494292291875485e-01 6.974616401976383440e-01 6.287946089512894687e-01 7.030995510799866732e-01 6.311725537785750628e-01 6.783732735123517710e-01 0.000000000000000000e+00 4.569545968368887712e-01 6.207401024782086552e-01 4.459438094391438567e-01 4.502010704755166626e-01 4.470624709490620408e-01 4.561220589242630519e-01 4.499840402058801758e-01 3.849968453266951474e-01 4.476387743161968635e-01 3.939283290591044651e-01 4.034669686414021905e-01 4.786111342798997081e-01 4.750056199644270838e-01 4.824644354518570766e-01 7.499979248997162840e-01 7.449182236368155907e-01 7.567662014301750339e-01 7.909747804293616458e-01 8.253575754886487426e-01
1.400000000000000000e+01 4.370720376510456306e-01 4.617724609078333042e-01 2.325589627345138188e-01 4.570970593674859028e-01 2.474969918232462485e-01 4.216847962672335415e-01 4.765290931217759374e-01 4.536099822079388000e-01 4.449364028155254891e-01 4.658381921930876413e-01 4.406376221228761603e-01 4.660870003386010652e-01 4.569545968368887712e-01 0.000000000000000000e+00 4.421825315504617215e-01 6.832251478463241545e-02 5.874265833908326462e-02 6.718499537950650691e-02 6.416180846164420970e-02 6.658178999117825292e-02 1.550003810431030415e-01 7.643295109227904449e-02 1.574873167675412411e-01 1.614624208933383986e-01 1.201881323360853293e-01 1.151564613988155794e-01 1.229713783892816825e-01 4.423369783420135759e-01 4.479713999462778817e-01 4.782155265945753353e-01 4.793728081626589255e-01 4.842943333039376741e-01
1.500000000000000000e+01 6.419843920032031193e-01 6.650176844539368304e-01 4.771028579416816129e-01 6.939299573371915386e-01 4.914830047460789775e-01 6.650545007475738846e-01 7.115808715665834505e-01 7.041438505442627616e-01 6.507679696290868954e-01 7.104069140165694130e-01 6.477982649978402119e-01 6.877324964541833285e-01 6.207401024782086552e-01 4.421825315504617215e-01 0.000000000000000000e+00 4.303901097687943822e-01 4.348910936273758243e-01 4.314578138640587923e-01 4.406650673052463496e-01 4.343629947624503829e-01 3.557469628490720903e-01 4.316103225445992453e-01 3.650132269089233494e-01 3.753473517750517408e-01 4.619892237258390044e-01 4.584008870726967166e-01 4.658280265828648736e-01 7.302199683088118620e-01 7.242954399614732752e-01 7.350207715506935635e-01 7.715162187526656279e-01 8.076704317002222355e-01
1.600000000000000000e+01 4.276730844969920953e-01 4.521575167931665695e-01 2.261824020622257847e-01 4.500463273881794568e-01 2.410605450234860059e-01 4.150675851933865457e-01 4.689997836442228452e-01 4.473515722658658045e-01 4.352355597873286963e-01 4.589339485265134244e-01 4.306855832305139242e-01 4.568908901587299121e-01 4.459438094391438567e-01 6.832251478463241545e-02 4.303901097687943822e-01 0.000000000000000000e+00 5.524252819417574401e-02 4.629234271247362198e-02 6.702042563519283735e-02 5.843309800130930265e-02 1.426032543280058573e-01 6.296686926991951205e-02 1.449223956625751430e-01 1.487553566299173458e-01 1.071950836274008778e-01 1.029583512291747938e-01 1.109120614840866659e-01 4.286876908205911052e-01 4.344324443450496842e-01 4.650793196701206167e-01 4.660694209890006157e-01 4.717114699145986689e-01
1.700000000000000000e+01 4.313893275530774063e-01 4.559547824730218468e-01 2.289303864826956469e-01 4.530156897499889035e-01 2.438286725368304375e-01 4.179005886965702632e-01 4.721393296206721213e-01 4.500811004744353361e-01 4.390737229508536177e-01 4.618791032161832510e-01 4.346168040266071286e-01 4.605928790829381669e-01 4.502010704755166626e-01 5.874265833908326462e-02 4.348910936273758243e-01 5.524252819417574401e-02 0.000000000000000000e+00 5.078845128787412566e-02 5.723743995806440665e-02 5.135165537692798488e-02 1.472965968573672346e-01 6.421606474636704087e-02 1.496449707675974183e-01 1.535052530554961159e-01 1.093911249981073808e-01 1.043925967268060639e-01 1.122349681009839339e-01 4.329436449887459348e-01 4.388209089571414312e-01 4.694402200670320102e-01 4.698432363147218016e-01 4.740198880694396211e-01
1.800000000000000000e+01 4.288432420612640072e-01 4.533317762701014608e-01 2.275075579667837911e-01 4.513442706180172959e-01 2.423840859957164806e-01 4.163931134035198101e-01 4.702998793725858828e-01 4.487170314457100684e-01 4.364237114232991654e-01 4.602784236346572078e-01 4.318794380230248642e-01 4.581469063760853500e-01 4.470624709490620408e-01 6.718499537950650691e-02 4.314578138640587923e-01 4.629234271247362198e-02 5.078845128787412566e-02 0.000000000000000000e+00 6.250820662550804485e-02 5.070925487740152171e-02 1.436343240166814694e-01 5.854129775202099317e-02 1.459120048701406658e-01 1.497128446410437297e-01 1.050645671050188246e-01 1.004533968154192602e-01 1.083712347788727270e-01 4.286625341177875415e-01 4.346088290084676453e-01 4.654045122484375963e-01 4.656611009284428171e-01 4.700130227661977189e-01
1.900000000000000000e+01 4.375448178939485011e-01 4.620941837965487631e-01 2.356092684668081860e-01 4.595876659244834128e-01 2.504990009067749046e-01 4.245531237463107121e-01 4.786607527255968275e-01 4.568198918206849424e-01 4.452227433874347273e-01 4.685215496767534127e-01 4.407457507946979103e-01 4.668782489883319675e-01 4.561220589242630519e-01 6.416180846164420970e-02 4.406650673052463496e-01 6.702042563519283735e-02 5.723743995806440665e-02 6.250820662550804485e-02 0.000000000000000000e+00 5.413621129915813235e-02 1.529637748701254130e-01 6.586279860214150350e-02 1.552403743603909536e-01 1.590444635633040393e-01 1.102733161726947020e-01 1.042895891998094071e-01 1.119844985037901641e-01 4.369056427011520638e-01 4.430985481319767993e-01 4.739627164222581790e-01 4.731845814008595053e-01 4.752021778787122175e-01
2.000000000000000000e+01 4.317447633173207566e-01 4.562481578794674308e-01 2.304380322342614584e-01 4.542759875397542335e-01 2.453153621035269460e-01 4.193326910299902122e-01 4.732511969741107216e-01 4.516770264250403177e-01 4.393584073577974647e-01 4.632443796611731002e-01 4.348296585143761050e-01 4.611227143529474382e-01 4.499840402058801758e-01 6.658178999117825292e-02 4.343629947624503829e-01 5.843309800130930265e-02 5.135165537692798488e-02 5.070925487740152171e-02 5.413621129915813235e-02 0.000000000000000000e+00 1.465326889894945084e-01 5.637066863214840184e-02 1.487746705003176739e-01 1.525489800304686838e-01 1.040796048965690335e-01 9.865575531071185678e-02 1.064622321499751334e-01 4.303423509066571784e-01 4.365316714181478597e-01 4.674737780860684921e-01 4.667942123639945429e-01 4.693192339365578336e-01
2.100000000000000000e+01 3.829868135827018683e-01 4.052396178656007542e-01 2.079009588370627770e-01 4.259915195001495181e-01 2.223332046019257935e-01 3.955814723744843220e-01 4.426910596123890262e-01 4.329567848174248890e-01 3.878571804370169462e-01 4.396415396869016168e-01 3.822918288376038753e-01 4.184486628657947960e-01 3.849968453266951474e-01 1.550003810431030415e-01 3.557469628490720903e-01 1.426032543280058573e-01 1.472965968573672346e-01 1.436343240166814694e-01 1.529637748701254130e-01 1.465326889894945084e-01 0.000000000000000000e+00 1.434670076765993119e-01 5.774548259488110347e-02 7.221747301503500527e-02 1.734386414567720691e-01 1.699210664448770891e-01 1.773517702243315175e-01 4.401638377031690252e-01 4.339533776264087317e-01 4.455355996660299578e-01 4.821764399481203167e-01 5.189418525535555160e-01
2.200000000000000000e+01 4.301559527134866667e-01 4.545744290994481740e-01 2.303537938449100042e-01 4.538673687076528185e-01 2.452036125367222374e-01 4.191490596337516528e-01 4.726470507890980222e-01 4.517078535847674492e-01 4.376698465267108706e-01 4.629724515725844314e-01 4.330452178896004312e-01 4.597534980212713562e-01 4.476387743161968635e-01 7.643295109227904449e-02 4.316103225445992453e-01 6.296686926991951205e-02 6.421606474636704087e-02 5.854129775202099317e-02 6.586279860214150350e-02 5.637066863214840184e-02 1.434670076765993119e-01 0.000000000000000000e+00 1.455741916922601575e-01 1.492385152534083659e-01 9.593369940417101338e-02 9.097990296063035442e-02 9.895188704295870830e-02 4.252218370545196580e-01 4.317510980355599992e-01 4.630938038194609696e-01 4.613343460760019887e-01 4.625849057308996093e-01
2.300000000000000000e+01 3.900811389482083946e-01 4.131480453373833628e-01 2.149075339691758346e-01 4.332988398099947291e-01 2.293677422883877437e-01 4.027034006120757681e-01 4.502616704579611717e-01 4.398707581399745603e-01 3.964938227669990711e-01 4.468538566847396476e-01 3.913021593775504181e-01 4.269469895786496272e-01 3.939283290591044651e-01 1.574873167675412411e-01 3.650132269089233494e-01 1.449223956625751430e-01 1.496449707675974183e-01 1.459120048701406658e-01 1.552403743603909536e-01 1.487746705003176739e-01 5.774548259488110347e-02 1.455741916922601575e-01 0.000000000000000000e+00 5.494610787207021563e-02 1.752112465955752429e-01 1.716216539197141233e-01 1.790020854556140795e-01 4.385901624654707787e-01 4.311978193512914226e-01 4.408611793884134045e-01 4.807072557842475558e-01 5.194321852991293786e-01
2.400000000000000000e+01 3.982791793252036250e-01 4.218354307843296125e-01 2.226975150027824535e-01 4.413338023826189893e-01 2.371789908067197805e-01 4.105702156562974769e-01 4.584646982767544010e-01 4.475476383435285088e-01 4.055841938173019301e-01 4.547585661115673972e-01 4.006018780529275736e-01 4.358142101367334931e-01 4.034669686414021905e-01 1.614624208933383986e-01 3.753473517750517408e-01 1.487553566299173458e-01 1.535052530554961159e-01 1.497128446410437297e-01 1.590444635633040393e-01 1.525489800304686838e-01 7.221747301503500527e-02 1.492385152534083659e-01 5.494610787207021563e-02 0.000000000000000000e+00 1.786186806020748086e-01 1.749863472064444037e-01 1.823335600583769200e-01 4.395984520619348190e-01 4.314079858959866121e-01 4.399833089007769704e-01 4.818872278623180794e-01 5.219726665687779432e-01
2.500000000000000000e+01 4.620214556942610629e-01 4.864007608772952795e-01 2.643428120785992763e-01 4.874314486365068366e-01 2.791584948641915864e-01 4.530314132644734371e-01 5.060085515155130498e-01 4.859212222238020185e-01 4.695569140650132645e-01 4.968059724040956859e-01 4.648614153979455099e-01 4.921850661604741384e-01 4.786111342798997081e-01 1.201881323360853293e-01 4.619892237258390044e-01 1.071950836274008778e-01 1.093911249981073808e-01 1.050645671050188246e-01 1.102733161726947020e-01 1.040796048965690335e-01 1.734386414567720691e-01 9.593369940417101338e-02 1.752112465955752429e-01 1.786186806020748086e-01 0.000000000000000000e+00 8.917946242471758156e-02 1.013103974701574095e-01 4.451475907887215699e-01 4.538251114330223990e-01 4.866585342317684137e-01 4.776972748759327203e-01 4.695585159936238595e-01
2.600000000000000000e+01 4.582638019825123199e-01 4.827062199538325049e-01 2.605592059345593348e-01 4.836765976325469452e-01 2.753780958614450713e-01 4.492658490157925288e-01 5.022937599579784251e-01 4.821520090519897939e-01 4.659201537007582883e-01 4.930717860575977718e-01 4.612648501924881406e-01 4.885756925671388973e-01 4.750056199644270838e-01 1.151564613988155794e-01 4.584008870726967166e-01 1.029583512291747938e-01 1.043925967268060639e-01 1.004533968154192602e-01 1.042895891998094071e-01 9.865575531071185678e-02 1.699210664448770891e-01 9.097990296063035442e-02 1.716216539197141233e-01 1.749863472064444037e-01 8.917946242471758156e-02 0.000000000000000000e+00 5.745090505432509653e-02 4.370260964341489140e-01 4.463973575655931780e-01 4.793346945318091024e-01 4.656070446566731302e-01 4.414234133969164864e-01
2.700000000000000000e+01 4.657195050179833706e-01 4.901853804201020126e-01 2.681469854034074785e-01 4.912476267710377820e-01 2.829648799548155069e-01 4.568536347486631954e-01 5.098671435657633477e-01 4.897599221761274602e-01 4.734271313699994210e-01 5.006684305220154840e-01 4.687833405068347337e-01 4.961294170879459453e-01 4.824644354518570766e-01 1.229713783892816825e-01 4.658280265828648736e-01 1.109120614840866659e-01 1.122349681009839339e-01 1.083712347788727270e-01 1.119844985037901641e-01 1.064622321499751334e-01 1.773517702243315175e-01 9.895188704295870830e-02 1.790020854556140795e-01 1.823335600583769200e-01 1.013103974701574095e-01 5.745090505432509653e-02 0.000000000000000000e+00 4.421420322516896873e-01 4.518028968048234395e-01 4.847705276241451866e-01 4.687483754155297166e-01 4.348298512492879686e-01
2.800000000000000000e+01 7.360550692250297233e-01 7.611095326603009026e-01 5.492037468582290360e-01 7.704600258368795584e-01 5.638856451154615756e-01 7.375947015013036845e-01 7.885590481789505057e-01 7.721895487970759087e-01 7.454089326480825006e-01 7.815822430702640267e-01 7.409304751254816024e-01 7.713665254771554514e-01 7.499979248997162840e-01 4.423369783420135759e-01 7.302199683088118620e-01 4.286876908205911052e-01 4.329436449887459348e-01 4.286625341177875415e-01 4.369056427011520638e-01 4.303423509066571784e-01 4.401638377031690252e-01 4.252218370545196580e-01 4.385901624654707787e-01 4.395984520619348190e-01 4.451475907887215699e-01 4.370260964341489140e-01 4.421420322516896873e-01 0.000000000000000000e+00 5.272170954026255130e-01 6.543522151146015098e-01 5.835763086346235085e-01 7.365840306249603620e-01
2.900000000000000000e+01 7.313301277545173340e-01 7.567012864429519814e-01 5.472056422233447792e-01 7.680561269750137976e-01 5.618603109819096941e-01 7.355594960976042929e-01 7.861210567576352171e-01 7.705772607197879376e-01 7.414284100561002733e-01 7.796671823180928440e-01 7.370996651735050031e-01 7.683051381036763994e-01 7.449182236368155907e-01 4.479713999462778817e-01 7.242954399614732752e-01 4.344324443450496842e-01 4.388209089571414312e-01 4.346088290084676453e-01 4.430985481319767993e-01 4.365316714181478597e-01 4.339533776264087317e-01 4.317510980355599992e-01 4.311978193512914226e-01 4.314079858959866121e-01 4.538251114330223990e-01 4.463973575655931780e-01 4.518028968048234395e-01 5.272170954026255130e-01 0.000000000000000000e+00 6.017359096841563559e-01 6.183192178877312539e-01 7.516619411005364126e-01
3.000000000000000000e+01 7.425318430800174063e-01 7.691657930570685586e-01 5.644166117899591661e-01 7.845677408739970549e-01 5.790306919052288226e-01 7.527802371093479383e-01 8.027652351437635225e-01 7.886296615843415569e-01 7.553132583804713640e-01 7.972626668176454601e-01 7.515714647356350753e-01 7.842238579814488908e-01 7.567662014301750339e-01 4.782155265945753353e-01 7.350207715506935635e-01 4.650793196701206167e-01 4.694402200670320102e-01 4.654045122484375963e-01 4.739627164222581790e-01 4.674737780860684921e-01 4.455355996660299578e-01 4.630938038194609696e-01 4.408611793884134045e-01 4.399833089007769704e-01 4.866585342317684137e-01 4.793346945318091024e-01 4.847705276241451866e-01 6.543522151146015098e-01 6.017359096841563559e-01 0.000000000000000000e+00 6.779553279082894957e-01 7.851247014132972657e-01
3.100000000000000000e+01 7.761788151010764469e-01 8.015765502191023462e-01 5.892788743074035551e-01 8.106659597737719825e-01 6.039741785734671353e-01 7.777363204390261853e-01 8.289151079297352176e-01 8.122751144972457649e-01 7.861728529915290586e-01 8.218149394441047750e-01 7.818684041085177672e-01 8.121705477579179711e-01 7.909747804293616458e-01 4.793728081626589255e-01 7.715162187526656279e-01 4.660694209890006157e-01 4.698432363147218016e-01 4.656611009284428171e-01 4.731845814008595053e-01 4.667942123639945429e-01 4.821764399481203167e-01 4.613343460760019887e-01 4.807072557842475558e-01 4.818872278623180794e-01 4.776972748759327203e-01 4.656070446566731302e-01 4.687483754155297166e-01 5.835763086346235085e-01 6.183192178877312539e-01 6.779553279082894957e-01 0.000000000000000000e+00 7.238177140364242534e-01
3.200000000000000000e+01 8.092970136637304135e-01 8.341535260207409985e-01 6.158762893088619572e-01 8.383197703022197134e-01 6.306473842090661863e-01 8.044897815158315035e-01 8.568038055528960362e-01 8.380249602922841268e-01 8.179450883261211169e-01 8.484105861645848679e-01 8.134446226831301141e-01 8.419257473830200622e-01 8.253575754886487426e-01 4.842943333039376741e-01 8.076704317002222355e-01 4.717114699145986689e-01 4.740198880694396211e-01 4.700130227661977189e-01 4.752021778787122175e-01 4.693192339365578336e-01 5.189418525535555160e-01 4.625849057308996093e-01 5.194321852991293786e-01 5.219726665687779432e-01 4.695585159936238595e-01 4.414234133969164864e-01 4.348298512492879686e-01 7.365840306249603620e-01 7.516619411005364126e-01 7.851247014132972657e-01 7.238177140364242534e-01 0.000000000000000000e+00
