0.000000000000000000e+00 1.000000000000000000e+00 2.000000000000000000e+00 3.000000000000000000e+00 4.000000000000000000e+00 5.000000000000000000e+00 6.000000000000000000e+00 7.000000000000000000e+00 8.000000000000000000e+00 9.000000000000000000e+00 1.000000000000000000e+01 1.100000000000000000e+01 1.200000000000000000e+01 1.300000000000000000e+01 1.400000000000000000e+01 1.500000000000000000e+01 1.600000000000000000e+01 1.700000000000000000e+01 1.800000000000000000e+01 1.900000000000000000e+01 2.000000000000000000e+01 2.100000000000000000e+01 2.200000000000000000e+01 2.300000000000000000e+01 2.400000000000000000e+01 2.500000000000000000e+01 2.600000000000000000e+01 2.700000000000000000e+01 2.800000000000000000e+01 2.900000000000000000e+01 3.000000000000000000e+01 3.100000000000000000e+01 3.200000000000000000e+01
1.000000000000000000e+00 0.000000000000000000e+00 1.453277240157183847e+00 1.578520744029331402e+00 1.505029189726656780e+00 1.544708023908457628e+00 1.563442820532941369e+00 1.537336862852469066e+00 1.630775788554983619e+00 1.486995768809545426e+00 1.592110349549006321e+00 1.515642690233563128e+00 1.544974126318934271e+00 1.484679105424546286e+00 4.425770282208734585e+00 1.538799241459446687e+00 2.357759915321259836e+00 2.330780386916766922e+00 2.302849726427244281e+00 2.477278021867141078e+00 2.301420818048218297e+00 3.527270264784553966e+00 2.298507020058913497e+00 2.912646355469101334e+00 4.102303638754696280e+00 4.603644090646737297e+00 4.548644955492597397e+00 4.387201987729556940e+00 1.829610079796825550e+00 1.802010355813655540e+00 1.754796152987616820e+00 1.830065770503249922e+00 1.952054558057809475e+00
2.000000000000000000e+00 1.453277240157183847e+00 0.000000000000000000e+00 1.067872881582576428e+00 9.811898984739892970e-01 1.033091404174061312e+00 1.060344077820455588e+00 1.033778217753421602e+00 1.136709369941008463e+00 9.695329113488322381e-01 1.095755971724925226e+00 1.026223715403444148e+00 1.058416007990043983e+00 1.076895191410904395e+00 4.005047798259358416e+00 1.147729414251097868e+00 1.939376837626426653e+00 1.913594771111985615e+00 1.886037253247921708e+00 2.063761872674130693e+00 1.886303717842900074e+00 3.132426297440447982e+00 1.885353755792809949e+00 2.529633518112952562e+00 3.719903610573615182e+00 4.213244193605337529e+00 4.164794448226364132e+00 4.005495324607882601e+00 1.460928797295638626e+00 1.434430817070428965e+00 1.390107328100088191e+00 1.463260666723844139e+00 1.583911060808149918e+00
3.000000000000000000e+00 1.578520744029331402e+00 1.067872881582576428e+00 0.000000000000000000e+00 6.318070446536465656e-01 4.687081535714481273e-01 5.944316665184206094e-01 6.528673568802096927e-01 7.222247634455076781e-01 7.894593903124487166e-01 6.917049223617668385e-01 8.039234346429100508e-01 7.915076306249582139e-01 1.026729054953622100e+00 3.836751481614884440e+00 1.097856500201217944e+00 1.777074690535222157e+00 1.753460710568355729e+00 1.726888504481714381e+00 1.910983430513481629e+00 1.730499108071167580e+00 3.052391097970613032e+00 1.733791920562560485e+00 2.469223084969005999e+00 3.654662582064776899e+00 4.107732003136140619e+00 4.071756456866286733e+00 3.916354020140585313e+00 1.400455824081747069e+00 1.376615707301569902e+00 1.338220611437423324e+00 1.405327701449377020e+00 1.521279539882576026e+00
4.000000000000000000e+00 1.505029189726656780e+00 9.811898984739892970e-01 6.318070446536465656e-01 0.000000000000000000e+00 5.794001750367423487e-01 6.641098369239579746e-01 6.482419382336679359e-01 7.819066067862479041e-01 6.997490358600024773e-01 7.340847103014060959e-01 7.479034456986097812e-01 7.575787125699560143e-01 9.633833614164495351e-01 3.808768661113152376e+00 1.037990175765812761e+00 1.747195777708651310e+00 1.723222475855695990e+00 1.696335691950721536e+00 1.879158960090138386e+00 1.699252417866801590e+00 2.999828265328906340e+00 1.701510770663492877e+00 2.413961571440653042e+00 3.600993863746900558e+00 4.065480965805726044e+00 4.026980046700669114e+00 3.870810282456042195e+00 1.348526593372103788e+00 1.324099532559223302e+00 1.284508340293083029e+00 1.353009379700800707e+00 1.470156793204301815e+00
5.000000000000000000e+00 1.544708023908457628e+00 1.033091404174061312e+00 4.687081535714481273e-01 5.794001750367423487e-01 0.000000000000000000e+00 5.536177507725295044e-01 5.976464841513891013e-01 7.059512546486714779e-01 7.447156801326755282e-01 6.626182555038273581e-01 7.600242117241504669e-01 7.489933681478162519e-01 9.883224883561481100e-01 3.804395762984041696e+00 1.060199840671637528e+00 1.744236321365848941e+00 1.720615382942661142e+00 1.693963957547392152e+00 1.877928049912450881e+00 1.697492925676755693e+00 3.015540649811704554e+00 1.700605449884189824e+00 2.432394826781315356e+00 3.618115118343864900e+00 4.073207368726459165e+00 4.036946925955036569e+00 3.881463286059623208e+00 1.364679565312463483e+00 1.340762826668068453e+00 1.302236136258704713e+00 1.369536923124993422e+00 1.485684323235734849e+00
6.000000000000000000e+00 1.563442820532941369e+00 1.060344077820455588e+00 5.944316665184206094e-01 6.641098369239579746e-01 5.536177507725295044e-01 0.000000000000000000e+00 5.359147706259184130e-01 6.195647112540176860e-01 7.584742657419767387e-01 5.531951988590935176e-01 7.475548845361685846e-01 7.167692313350699784e-01 9.891564209918857209e-01 3.782447728165269751e+00 1.059049915790228003e+00 1.723181975583810921e+00 1.699895349935755640e+00 1.673394995360361737e+00 1.858335631961907097e+00 1.677437071480105235e+00 3.008892422780876430e+00 1.681201501058416703e+00 2.428312305116705705e+00 3.613009522276298568e+00 4.060848647547102175e+00 4.026473465712409272e+00 3.871572224396110151e+00 1.359254149683496005e+00 1.335757320014417715e+00 1.298128956253038035e+00 1.364453271347226604e+00 1.479816457038820365e+00
7.000000000000000000e+00 1.537336862852469066e+00 1.033778217753421602e+00 6.528673568802096927e-01 6.482419382336679359e-01 5.976464841513891013e-01 5.359147706259184130e-01 0.000000000000000000e+00 6.784106644526322061e-01 7.078799741536776491e-01 5.933788764602130339e-01 6.877614533131837238e-01 6.558726954012756849e-01 9.504199452960597760e-01 3.762356673531126461e+00 1.022344728857512042e+00 1.701567639373524177e+00 1.678259002879307182e+00 1.651506245920878246e+00 1.836031827617746970e+00 1.655289134936284601e+00 2.974459511157802716e+00 1.658479965057235717e+00 2.394058891994936378e+00 3.579629049590825396e+00 4.033896310968666299e+00 3.998625626893130836e+00 3.843469408940344501e+00 1.328353869274859322e+00 1.304616686527498626e+00 1.266579000152138201e+00 1.333510184973023094e+00 1.449491313699688311e+00
8.000000000000000000e+00 1.630775788554983619e+00 1.136709369941008463e+00 7.222247634455076781e-01 7.819066067862479041e-01 7.059512546486714779e-01 6.195647112540176860e-01 6.784106644526322061e-01 0.000000000000000000e+00 8.476879112356929813e-01 5.415417549261054564e-01 8.232683213639779840e-01 7.806552839128695354e-01 1.052971058324220444e+00 3.796987936888879034e+00 1.118367989530668183e+00 1.740799816785060461e+00 1.717894173714196171e+00 1.691910331732153328e+00 1.878460423156686154e+00 1.696856366422684115e+00 3.059612106311141666e+00 1.702116395712328867e+00 2.481397396560593105e+00 3.663839165697530653e+00 4.095099408174212030e+00 4.063954145357153713e+00 3.910020540061265315e+00 1.406308420345555144e+00 1.383586332010129372e+00 1.347467987659708877e+00 1.411925778077434579e+00 1.525603189587723341e+00
9.000000000000000000e+00 1.486995768809545426e+00 9.695329113488322381e-01 7.894593903124487166e-01 6.997490358600024773e-01 7.447156801326755282e-01 7.584742657419767387e-01 7.078799741536776491e-01 8.476879112356929813e-01 0.000000000000000000e+00 7.919796444526567836e-01 6.431850903775988559e-01 7.137431032749095294e-01 8.788937236245049078e-01 3.779968707610235512e+00 9.654768755446982986e-01 1.715894320992847444e+00 1.691688040454219610e+00 1.664387606349202908e+00 1.846089573416232810e+00 1.666660902630421770e+00 2.938086521829688991e+00 1.667786778807019310e+00 2.351579913585225778e+00 3.541371872606699611e+00 4.021987107913668424e+00 3.981229782777137238e+00 3.824413205368451862e+00 1.295499848359000561e+00 1.270448173924562330e+00 1.229762983201070137e+00 1.299859687167291611e+00 1.418514006066397437e+00
1.000000000000000000e+01 1.592110349549006321e+00 1.095755971724925226e+00 6.917049223617668385e-01 7.340847103014060959e-01 6.626182555038273581e-01 5.531951988590935176e-01 5.933788764602130339e-01 5.415417549261054564e-01 7.919796444526567836e-01 0.000000000000000000e+00 7.607593636010785421e-01 7.100271762496390693e-01 1.006187332633289078e+00 3.775905525249385164e+00 1.073646162252109182e+00 1.717461103723325611e+00 1.694505852838812388e+00 1.668147367622684119e+00 1.854041687625622714e+00 1.672689565281201940e+00 3.017937243624928101e+00 1.677082558738517193e+00 2.439631278935629144e+00 3.623223467667567199e+00 4.063559301030265303e+00 4.031005873559592168e+00 3.876664757168030384e+00 1.368710605965255622e+00 1.345626987927314833e+00 1.308866808227121092e+00 1.374221893544464557e+00 1.488797201933066416e+00
1.100000000000000000e+01 1.515642690233563128e+00 1.026223715403444148e+00 8.039234346429100508e-01 7.479034456986097812e-01 7.600242117241504669e-01 7.475548845361685846e-01 6.877614533131837238e-01 8.232683213639779840e-01 6.431850903775988559e-01 7.607593636010785421e-01 0.000000000000000000e+00 5.833556676263627061e-01 8.627065941759313183e-01 3.735136930858651283e+00 9.442656762334822318e-01 1.670751784235500192e+00 1.647299277102174386e+00 1.619946735836856444e+00 1.803287554324759512e+00 1.623014373637310381e+00 2.905600780176945896e+00 1.624752596782670366e+00 2.326205090657547547e+00 3.514907820369599811e+00 3.988838920948625244e+00 3.951122429561388039e+00 3.795279360545108283e+00 1.272468074764155022e+00 1.248036474254416550e+00 1.208858107030945428e+00 1.277576243116588017e+00 1.395350956232091599e+00
1.200000000000000000e+01 1.544974126318934271e+00 1.058416007990043983e+00 7.915076306249582139e-01 7.575787125699560143e-01 7.489933681478162519e-01 7.167692313350699784e-01 6.558726954012756849e-01 7.806552839128695354e-01 7.137431032749095294e-01 7.100271762496390693e-01 5.833556676263627061e-01 0.000000000000000000e+00 9.058799296059780737e-01 3.717237039488017203e+00 9.755810560581381630e-01 1.653747648499775291e+00 1.631100375288088600e+00 1.603898723882419830e+00 1.789277493074719061e+00 1.608003595411481967e+00 2.920010967042446559e+00 1.610850372627020022e+00 2.345957932956674430e+00 3.531574262060606983e+00 3.988701874668826974e+00 3.954806030200987088e+00 3.800134078266917292e+00 1.286306934508467004e+00 1.262776010931960347e+00 1.225475695130699316e+00 1.292043426918369597e+00 1.408128145293535249e+00
1.300000000000000000e+01 1.484679105424546286e+00 1.076895191410904395e+00 1.026729054953622100e+00 9.633833614164495351e-01 9.883224883561481100e-01 9.891564209918857209e-01 9.504199452960597760e-01 1.052971058324220444e+00 8.788937236245049078e-01 1.006187332633289078e+00 8.627065941759313183e-01 9.058799296059780737e-01 0.000000000000000000e+00 3.776019147369972018e+00 7.117031658108090575e-01 1.705265292959652346e+00 1.678495006872236850e+00 1.650085007229920908e+00 1.824405065544317139e+00 1.648473630726465355e+00 2.782111761802268823e+00 1.644682664523423821e+00 2.176873903242143360e+00 3.382704435716382463e+00 3.945035129287791875e+00 3.890256294089916800e+00 3.729287457256053706e+00 1.163896895682772437e+00 1.135137665180617095e+00 1.087331869827361297e+00 1.166749879925463418e+00 1.293277277421644778e+00
1.400000000000000000e+01 4.425770282208734585e+00 4.005047798259358416e+00 3.836751481614884440e+00 3.808768661113152376e+00 3.804395762984041696e+00 3.782447728165269751e+00 3.762356673531126461e+00 3.796987936888879034e+00 3.779968707610235512e+00 3.775905525249385164e+00 3.735136930858651283e+00 3.717237039488017203e+00 3.776019147369972018e+00 0.000000000000000000e+00 3.779622461570010916e+00 2.936621560116023044e+00 2.746533101225835161e+00 2.862326631896426665e+00 2.969984135041794815e+00 2.839770389585564825e+00 5.638751329870328455e+00 2.994433211152019325e+00 5.050023305203659163e+00 6.190651971202145276e+00 5.973084908957918771e+00 6.012730539006160946e+00 5.875494782186788889e+00 3.741776900922270777e+00 3.741615529381595362e+00 3.740536661067368485e+00 3.745005033765085756e+00 3.777281061017434105e+00
1.500000000000000000e+01 1.538799241459446687e+00 1.147729414251097868e+00 1.097856500201217944e+00 1.037990175765812761e+00 1.060199840671637528e+00 1.059049915790228003e+00 1.022344728857512042e+00 1.118367989530668183e+00 9.654768755446982986e-01 1.073646162252109182e+00 9.442656762334822318e-01 9.755810560581381630e-01 7.117031658108090575e-01 3.779622461570010916e+00 0.000000000000000000e+00 1.706637921282263992e+00 1.678986233786840643e+00 1.650194131738371262e+00 1.822020191910917575e+00 1.647258722918701235e+00 2.700625299260637213e+00 1.641764151197302457e+00 2.083663765834014914e+00 3.305073449564480015e+00 3.923472598998781535e+00 3.864230718615270455e+00 3.702091671639842652e+00 1.122172850262386889e+00 1.091743238161333895e+00 1.041484000209936811e+00 1.125507749348213515e+00 1.256251928637357684e+00
1.600000000000000000e+01 2.357759915321259836e+00 1.939376837626426653e+00 1.777074690535222157e+00 1.747195777708651310e+00 1.744236321365848941e+00 1.723181975583810921e+00 1.701567639373524177e+00 1.740799816785060461e+00 1.715894320992847444e+00 1.717461103723325611e+00 1.670751784235500192e+00 1.653747648499775291e+00 1.705265292959652346e+00 2.936621560116023044e+00 1.706637921282263992e+00 0.000000000000000000e+00 6.161980793394365996e-01 5.002703649162700827e-01 9.384202823093703572e-01 6.641836363468125448e-01 3.562680509217178049e+00 7.842569123871019343e-01 2.973310057052219069e+00 4.111848615621189751e+00 3.849902397306502522e+00 3.910913367468254798e+00 3.784284032388275598e+00 1.654790532746532650e+00 1.655827652959562801e+00 1.656703674030108653e+00 1.658872174405050082e+00 1.691077001907701716e+00
1.700000000000000000e+01 2.330780386916766922e+00 1.913594771111985615e+00 1.753460710568355729e+00 1.723222475855695990e+00 1.720615382942661142e+00 1.699895349935755640e+00 1.678259002879307182e+00 1.717894173714196171e+00 1.691688040454219610e+00 1.694505852838812388e+00 1.647299277102174386e+00 1.631100375288088600e+00 1.678495006872236850e+00 2.746533101225835161e+00 1.678986233786840643e+00 6.161980793394365996e-01 0.000000000000000000e+00 5.265260888123068916e-01 7.812327484282270973e-01 5.343826912494509251e-01 3.536137688371578491e+00 7.280540784310285396e-01 2.944916279147469229e+00 4.083116989512399542e+00 3.801974418346594220e+00 3.858047824351401367e+00 3.728408893272299629e+00 1.618627478549650833e+00 1.620232396824589749e+00 1.621685166461511285e+00 1.621795562740070196e+00 1.649214732905332381e+00
1.800000000000000000e+01 2.302849726427244281e+00 1.886037253247921708e+00 1.726888504481714381e+00 1.696335691950721536e+00 1.693963957547392152e+00 1.673394995360361737e+00 1.651506245920878246e+00 1.691910331732153328e+00 1.664387606349202908e+00 1.668147367622684119e+00 1.619946735836856444e+00 1.603898723882419830e+00 1.650085007229920908e+00 2.862326631896426665e+00 1.650194131738371262e+00 5.002703649162700827e-01 5.265260888123068916e-01 0.000000000000000000e+00 8.197807745525036438e-01 5.228938005974264058e-01 3.506669874522622798e+00 6.526186001581271157e-01 2.915405634109474509e+00 4.053152231226716751e+00 3.760372178957545941e+00 3.824519529472994783e+00 3.699054333671470296e+00 1.587326752990773526e+00 1.589196372172604566e+00 1.591103705791488521e+00 1.590870767094254568e+00 1.619070549003724713e+00
1.900000000000000000e+01 2.477278021867141078e+00 2.063761872674130693e+00 1.910983430513481629e+00 1.879158960090138386e+00 1.877928049912450881e+00 1.858335631961907097e+00 1.836031827617746970e+00 1.878460423156686154e+00 1.846089573416232810e+00 1.854041687625622714e+00 1.803287554324759512e+00 1.789277493074719061e+00 1.824405065544317139e+00 2.969984135041794815e+00 1.822020191910917575e+00 9.384202823093703572e-01 7.812327484282270973e-01 8.197807745525036438e-01 0.000000000000000000e+00 6.911703117692060694e-01 3.680530891157914652e+00 8.573276853523350560e-01 3.084877352848905741e+00 4.221628199611268784e+00 3.901898157448764337e+00 3.938670494664024524e+00 3.796755484431305838e+00 1.737752595427619395e+00 1.740858688186067482e+00 1.744014096046997642e+00 1.738694729445273257e+00 1.753469092674239116e+00
2.000000000000000000e+01 2.301420818048218297e+00 1.886303717842900074e+00 1.730499108071167580e+00 1.699252417866801590e+00 1.697492925676755693e+00 1.677437071480105235e+00 1.655289134936284601e+00 1.696856366422684115e+00 1.666660902630421770e+00 1.672689565281201940e+00 1.623014373637310381e+00 1.608003595411481967e+00 1.648473630726465355e+00 2.839770389585564825e+00 1.647258722918701235e+00 6.641836363468125448e-01 5.343826912494509251e-01 5.228938005974264058e-01 6.911703117692060694e-01 0.000000000000000000e+00 3.504497720980093156e+00 6.029438457685025732e-01 2.911077626557024178e+00 4.048141773720569603e+00 3.727621601000256746e+00 3.788926011799449434e+00 3.661489145744265095e+00 1.572815422359306270e+00 1.575488408264816176e+00 1.578314728209964324e+00 1.575435436308378456e+00 1.598177530588435813e+00
2.100000000000000000e+01 3.527270264784553966e+00 3.132426297440447982e+00 3.052391097970613032e+00 2.999828265328906340e+00 3.015540649811704554e+00 3.008892422780876430e+00 2.974459511157802716e+00 3.059612106311141666e+00 2.938086521829688991e+00 3.017937243624928101e+00 2.905600780176945896e+00 2.920010967042446559e+00 2.782111761802268823e+00 5.638751329870328455e+00 2.700625299260637213e+00 3.562680509217178049e+00 3.536137688371578491e+00 3.506669874522622798e+00 3.680530891157914652e+00 3.504497720980093156e+00 0.000000000000000000e+00 3.498524440251218337e+00 3.661765960806389497e+00 4.959614456517920544e+00 5.787267964936974707e+00 5.734074998913713195e+00 5.574547628974332092e+00 2.991387762531641847e+00 2.961304821392760633e+00 2.918631710091200482e+00 3.001857547268683923e+00 3.137672100040668433e+00
2.200000000000000000e+01 2.298507020058913497e+00 1.885353755792809949e+00 1.733791920562560485e+00 1.701510770663492877e+00 1.700605449884189824e+00 1.681201501058416703e+00 1.658479965057235717e+00 1.702116395712328867e+00 1.667786778807019310e+00 1.677082558738517193e+00 1.624752596782670366e+00 1.610850372627020022e+00 1.644682664523423821e+00 2.994433211152019325e+00 1.641764151197302457e+00 7.842569123871019343e-01 7.280540784310285396e-01 6.526186001581271157e-01 8.573276853523350560e-01 6.029438457685025732e-01 3.498524440251218337e+00 0.000000000000000000e+00 2.903210904488980670e+00 4.038846243366995381e+00 3.651242150488402061e+00 3.741715827468950373e+00 3.629965371413896413e+00 1.552708392627356604e+00 1.556754479401911695e+00 1.561471885610640653e+00 1.555674391688423697e+00 1.577002568961990425e+00
2.300000000000000000e+01 2.912646355469101334e+00 2.529633518112952562e+00 2.469223084969005999e+00 2.413961571440653042e+00 2.432394826781315356e+00 2.428312305116705705e+00 2.394058891994936378e+00 2.481397396560593105e+00 2.351579913585225778e+00 2.439631278935629144e+00 2.326205090657547547e+00 2.345957932956674430e+00 2.176873903242143360e+00 5.050023305203659163e+00 2.083663765834014914e+00 2.973310057052219069e+00 2.944916279147469229e+00 2.915405634109474509e+00 3.084877352848905741e+00 2.911077626557024178e+00 3.661765960806389497e+00 2.903210904488980670e+00 0.000000000000000000e+00 4.065305409415520543e+00 5.163149923371129546e+00 5.101385746922123765e+00 4.939383305242833977e+00 2.334285067286849369e+00 2.301038001878150663e+00 2.253146397445127569e+00 2.344232268302855360e+00 2.485695746527887273e+00
2.400000000000000000e+01 4.102303638754696280e+00 3.719903610573615182e+00 3.654662582064776899e+00 3.600993863746900558e+00 3.618115118343864900e+00 3.613009522276298568e+00 3.579629049590825396e+00 3.663839165697530653e+00 3.541371872606699611e+00 3.623223467667567199e+00 3.514907820369599811e+00 3.531574262060606983e+00 3.382704435716382463e+00 6.190651971202145276e+00 3.305073449564480015e+00 4.111848615621189751e+00 4.083116989512399542e+00 4.053152231226716751e+00 4.221628199611268784e+00 4.048141773720569603e+00 4.959614456517920544e+00 4.038846243366995381e+00 4.065305409415520543e+00 0.000000000000000000e+00 6.286585427975561302e+00 6.225501212923654215e+00 6.064740264923762503e+00 3.438966565905726469e+00 3.404052301661852464e+00 3.366429953275088316e+00 3.458446068211105562e+00 3.609659408097827260e+00
2.500000000000000000e+01 4.603644090646737297e+00 4.213244193605337529e+00 4.107732003136140619e+00 4.065480965805726044e+00 4.073207368726459165e+00 4.060848647547102175e+00 4.033896310968666299e+00 4.095099408174212030e+00 4.021987107913668424e+00 4.063559301030265303e+00 3.988838920948625244e+00 3.988701874668826974e+00 3.945035129287791875e+00 5.973084908957918771e+00 3.923472598998781535e+00 3.849902397306502522e+00 3.801974418346594220e+00 3.760372178957545941e+00 3.901898157448764337e+00 3.727621601000256746e+00 5.787267964936974707e+00 3.651242150488402061e+00 5.163149923371129546e+00 6.286585427975561302e+00 0.000000000000000000e+00 5.510365596856819259e+00 5.681756563379422253e+00 3.641982132306499587e+00 3.667273636946300375e+00 3.697572036925342864e+00 3.645955527526060891e+00 3.652154548973746806e+00
2.600000000000000000e+01 4.548644955492597397e+00 4.164794448226364132e+00 4.071756456866286733e+00 4.026980046700669114e+00 4.036946925955036569e+00 4.026473465712409272e+00 3.998625626893130836e+00 4.063954145357153713e+00 3.981229782777137238e+00 4.031005873559592168e+00 3.951122429561388039e+00 3.954806030200987088e+00 3.890256294089916800e+00 6.012730539006160946e+00 3.864230718615270455e+00 3.910913367468254798e+00 3.858047824351401367e+00 3.824519529472994783e+00 3.938670494664024524e+00 3.788926011799449434e+00 5.734074998913713195e+00 3.741715827468950373e+00 5.101385746922123765e+00 6.225501212923654215e+00 5.510365596856819259e+00 0.000000000000000000e+00 4.923529863693656417e+00 3.556190669013026273e+00 3.579629619430087839e+00 3.606112550769410952e+00 3.544005452854859683e+00 3.485616707482346754e+00
2.700000000000000000e+01 4.387201987729556940e+00 4.005495324607882601e+00 3.916354020140585313e+00 3.870810282456042195e+00 3.881463286059623208e+00 3.871572224396110151e+00 3.843469408940344501e+00 3.910020540061265315e+00 3.824413205368451862e+00 3.876664757168030384e+00 3.795279360545108283e+00 3.800134078266917292e+00 3.729287457256053706e+00 5.875494782186788889e+00 3.702091671639842652e+00 3.784284032388275598e+00 3.728408893272299629e+00 3.699054333671470296e+00 3.796755484431305838e+00 3.661489145744265095e+00 5.574547628974332092e+00 3.629965371413896413e+00 4.939383305242833977e+00 6.064740264923762503e+00 5.681756563379422253e+00 4.923529863693656417e+00 0.000000000000000000e+00 3.400199152604522546e+00 3.419050390162725162e+00 3.439389196944808269e+00 3.379463200264219758e+00 3.277423003521714229e+00
2.800000000000000000e+01 1.829610079796825550e+00 1.460928797295638626e+00 1.400455824081747069e+00 1.348526593372103788e+00 1.364679565312463483e+00 1.359254149683496005e+00 1.328353869274859322e+00 1.406308420345555144e+00 1.295499848359000561e+00 1.368710605965255622e+00 1.272468074764155022e+00 1.286306934508467004e+00 1.163896895682772437e+00 3.741776900922270777e+00 1.122172850262386889e+00 1.654790532746532650e+00 1.618627478549650833e+00 1.587326752990773526e+00 1.737752595427619395e+00 1.572815422359306270e+00 2.991387762531641847e+00 1.552708392627356604e+00 2.334285067286849369e+00 3.438966565905726469e+00 3.641982132306499587e+00 3.556190669013026273e+00 3.400199152604522546e+00 0.000000000000000000e+00 5.350302906235646638e-01 6.872172720236571219e-01 6.107291898840121469e-01 8.963668160693234466e-01
2.900000000000000000e+01 1.802010355813655540e+00 1.434430817070428965e+00 1.376615707301569902e+00 1.324099532559223302e+00 1.340762826668068453e+00 1.335757320014417715e+00 1.304616686527498626e+00 1.383586332010129372e+00 1.270448173924562330e+00 1.345626987927314833e+00 1.248036474254416550e+00 1.262776010931960347e+00 1.135137665180617095e+00 3.741615529381595362e+00 1.091743238161333895e+00 1.655827652959562801e+00 1.620232396824589749e+00 1.589196372172604566e+00 1.740858688186067482e+00 1.575488408264816176e+00 2.961304821392760633e+00 1.556754479401911695e+00 2.301038001878150663e+00 3.404052301661852464e+00 3.667273636946300375e+00 3.579629619430087839e+00 3.419050390162725162e+00 5.350302906235646638e-01 0.000000000000000000e+00 6.155208203163839986e-01 6.440741256309698848e-01 9.107333934165573464e-01
3.000000000000000000e+01 1.754796152987616820e+00 1.390107328100088191e+00 1.338220611437423324e+00 1.284508340293083029e+00 1.302236136258704713e+00 1.298128956253038035e+00 1.266579000152138201e+00 1.347467987659708877e+00 1.229762983201070137e+00 1.308866808227121092e+00 1.208858107030945428e+00 1.225475695130699316e+00 1.087331869827361297e+00 3.740536661067368485e+00 1.041484000209936811e+00 1.656703674030108653e+00 1.621685166461511285e+00 1.591103705791488521e+00 1.744014096046997642e+00 1.578314728209964324e+00 2.918631710091200482e+00 1.561471885610640653e+00 2.253146397445127569e+00 3.366429953275088316e+00 3.697572036925342864e+00 3.606112550769410952e+00 3.439389196944808269e+00 6.872172720236571219e-01 6.155208203163839986e-01 0.000000000000000000e+00 7.072288841050680119e-01 9.249144499669126329e-01
3.100000000000000000e+01 1.830065770503249922e+00 1.463260666723844139e+00 1.405327701449377020e+00 1.353009379700800707e+00 1.369536923124993422e+00 1.364453271347226604e+00 1.333510184973023094e+00 1.411925778077434579e+00 1.299859687167291611e+00 1.374221893544464557e+00 1.277576243116588017e+00 1.292043426918369597e+00 1.166749879925463418e+00 3.745005033765085756e+00 1.125507749348213515e+00 1.658872174405050082e+00 1.621795562740070196e+00 1.590870767094254568e+00 1.738694729445273257e+00 1.575435436308378456e+00 3.001857547268683923e+00 1.555674391688423697e+00 2.344232268302855360e+00 3.458446068211105562e+00 3.645955527526060891e+00 3.544005452854859683e+00 3.379463200264219758e+00 6.107291898840121469e-01 6.440741256309698848e-01 7.072288841050680119e-01 0.000000000000000000e+00 8.466590933888353820e-01
3.200000000000000000e+01 1.952054558057809475e+00 1.583911060808149918e+00 1.521279539882576026e+00 1.470156793204301815e+00 1.485684323235734849e+00 1.479816457038820365e+00 1.449491313699688311e+00 1.525603189587723341e+00 1.418514006066397437e+00 1.488797201933066416e+00 1.395350956232091599e+00 1.408128145293535249e+00 1.293277277421644778e+00 3.777281061017434105e+00 1.256251928637357684e+00 1.691077001907701716e+00 1.649214732905332381e+00 1.619070549003724713e+00 1.753469092674239116e+00 1.598177530588435813e+00 3.137672100040668433e+00 1.577002568961990425e+00 2.485695746527887273e+00 3.609659408097827260e+00 3.652154548973746806e+00 3.485616707482346754e+00 3.277423003521714229e+00 8.963668160693234466e-01 9.107333934165573464e-01 9.249144499669126329e-01 8.466590933888353820e-01 0.000000000000000000e+00
