0.000000000000000000e+00 1.000000000000000000e+00 2.000000000000000000e+00 3.000000000000000000e+00 4.000000000000000000e+00 5.000000000000000000e+00 6.000000000000000000e+00 7.000000000000000000e+00 8.000000000000000000e+00 9.000000000000000000e+00 1.000000000000000000e+01 1.100000000000000000e+01 1.200000000000000000e+01 1.300000000000000000e+01 1.400000000000000000e+01 1.500000000000000000e+01 1.600000000000000000e+01 1.700000000000000000e+01 1.800000000000000000e+01 1.900000000000000000e+01 2.000000000000000000e+01 2.100000000000000000e+01 2.200000000000000000e+01 2.300000000000000000e+01 2.400000000000000000e+01 2.500000000000000000e+01 2.600000000000000000e+01 2.700000000000000000e+01 2.800000000000000000e+01 2.900000000000000000e+01 3.000000000000000000e+01 3.100000000000000000e+01 3.200000000000000000e+01
1.000000000000000000e+00 0.000000000000000000e+00 6.631040567275823250e-01 8.715902530468391252e-01 7.222126165948397070e-01 8.168494494767239988e-01 7.559778042304711176e-01 7.399944974205312498e-01 7.739227141127044129e-01 7.201121739700285795e-01 7.601074813292905130e-01 7.434444509415261138e-01 8.783178087348816332e-01 7.486457373853322439e-01 1.131704121954388187e+00 7.909693933309766001e-01 1.068508228101362922e+00 1.097379705271197992e+00 1.081084586251971347e+00 1.140004037162167139e+00 1.102791375694305298e+00 9.545617526701568600e-01 1.090964514198041524e+00 9.633292114070302059e-01 9.638892168662541726e-01 1.024477573565911737e+00 1.102142627112953299e+00 1.138616824874024491e+00 9.086411427969627308e-01 9.020065357291345842e-01 9.382339615762113061e-01 9.415825988923857137e-01 1.027790657944045227e+00
2.000000000000000000e+00 6.631040567275823250e-01 0.000000000000000000e+00 5.973477664487261141e-01 4.411782243905673084e-01 5.411140920711223767e-01 4.834970081063484360e-01 4.660418423254872877e-01 5.064004711727253527e-01 4.371634718345446258e-01 4.905849159742541321e-01 4.712673339123751859e-01 6.088222176299288302e-01 4.962683128544463917e-01 8.801549662104715122e-01 5.459891229641723465e-01 8.178515908022772063e-01 8.467315187320338943e-01 8.309196870935833257e-01 8.901256618650277286e-01 8.530864052316635693e-01 7.101508053093927852e-01 8.424069284158643978e-01 7.208541196518483130e-01 7.217957449180586460e-01 7.797577967283235711e-01 8.576072574795239323e-01 8.942364071217849819e-01 6.672846466168280699e-01 6.615868847116134210e-01 6.998665694847937546e-01 7.002541624374652995e-01 7.846167244950634778e-01
3.000000000000000000e+00 8.715902530468391252e-01 5.973477664487261141e-01 0.000000000000000000e+00 4.462351699385851411e-01 4.294150293291685294e-01 4.397829469143396119e-01 4.570744346550636994e-01 4.955447193705114772e-01 5.199884324163729366e-01 4.794422219664851159e-01 5.335748179613903908e-01 6.501532130628854267e-01 6.230658009517114904e-01 9.432418261258466163e-01 6.610857236644692714e-01 8.845395879067678990e-01 9.129419456946576972e-01 8.988838455102798886e-01 9.584447711657142488e-01 9.221611451655280511e-01 8.082096234235103260e-01 9.150334464071669949e-01 8.190052779456145071e-01 8.181616486884296657e-01 8.627459965315340540e-01 9.408530724019597002e-01 9.777916326302240613e-01 7.584392291875901027e-01 7.548035738261916761e-01 7.969429465208915930e-01 7.911190958959887221e-01 8.710823256489885758e-01
4.000000000000000000e+00 7.222126165948397070e-01 4.411782243905673084e-01 4.462351699385851411e-01 0.000000000000000000e+00 3.704764984238468895e-01 3.469008312036668817e-01 3.299905240312515087e-01 3.974160009302712959e-01 3.550228911828400280e-01 3.737506883521950485e-01 3.844849900738407378e-01 5.127932196603194326e-01 4.762176447639853150e-01 8.186058552814581279e-01 5.184992133736551212e-01 7.583274767120018467e-01 7.870737133166803012e-01 7.723105853671283771e-01 8.319255946578656413e-01 7.953012577381946002e-01 6.708217117262937901e-01 7.869244929629684027e-01 6.822428695366202778e-01 6.821574133306019805e-01 7.314315655032002095e-01 8.095169383188260959e-01 8.463849820122126832e-01 6.248397838902415291e-01 6.206769036761542457e-01 6.619413748730927916e-01 6.576620011944244171e-01 7.388486120301986926e-01
5.000000000000000000e+00 8.168494494767239988e-01 5.411140920711223767e-01 4.294150293291685294e-01 3.704764984238468895e-01 0.000000000000000000e+00 3.644162583099227470e-01 3.760284720883693144e-01 4.420656570842272926e-01 4.521020839565658145e-01 4.162032767677779077e-01 4.653858383669606802e-01 5.823166683540007549e-01 5.619313333521066545e-01 8.880060428592775335e-01 6.006821263884433160e-01 8.285406907902943541e-01 8.571735989259547939e-01 8.428091131307704487e-01 9.024961243667199984e-01 8.660445124131246342e-01 7.486992670852239407e-01 8.584670908509313136e-01 7.598442752747818218e-01 7.592344645925955815e-01 8.052554856442062370e-01 8.833854621560683906e-01 9.203160744170211238e-01 7.004116432851736906e-01 6.966768789794487438e-01 7.387024642772092031e-01 7.331518843461278800e-01 8.134017848203225487e-01
6.000000000000000000e+00 7.559778042304711176e-01 4.834970081063484360e-01 4.397829469143396119e-01 3.469008312036668817e-01 3.644162583099227470e-01 0.000000000000000000e+00 2.723891536328819640e-01 3.242825327655530776e-01 3.889663151861489920e-01 2.839197055647091350e-01 3.886582797688866719e-01 4.931058060091825235e-01 4.896403059877746378e-01 8.022904117998954643e-01 5.251894631284491632e-01 7.431561384726832475e-01 7.718298208207965416e-01 7.576778341922978388e-01 8.175300164059298158e-01 7.811454852391155335e-01 6.692417948425193330e-01 7.741090858109447304e-01 6.802423140886928454e-01 6.792035034313635977e-01 7.226768168920909563e-01 8.008658311487200088e-01 8.378553925980085637e-01 6.192966051823189932e-01 6.159379246510096051e-01 6.586614073310642636e-01 6.519857704769870255e-01 7.314522462047199358e-01
7.000000000000000000e+00 7.399944974205312498e-01 4.660418423254872877e-01 4.570744346550636994e-01 3.299905240312515087e-01 3.760284720883693144e-01 2.723891536328819640e-01 0.000000000000000000e+00 3.425091250645183605e-01 3.586122605432161548e-01 2.977504309627441170e-01 3.550473395510187480e-01 4.602590407560699370e-01 4.683978691246079018e-01 7.931425266134610741e-01 5.057124434452499040e-01 7.329119712890102001e-01 7.618653888017752340e-01 7.472399417721200532e-01 8.071921101965058298e-01 7.705671996106508992e-01 6.521573003520504397e-01 7.627503168142140133e-01 6.637390510053726711e-01 6.631753136713144370e-01 7.094871066731540665e-01 7.876893978576369193e-01 8.246497899512050811e-01 6.049117515689439450e-01 6.013014987200183681e-01 6.436614159964825221e-01 6.377029904224412737e-01 7.178065327331337730e-01
8.000000000000000000e+00 7.739227141127044129e-01 5.064004711727253527e-01 4.955447193705114772e-01 3.974160009302712959e-01 4.420656570842272926e-01 3.242825327655530776e-01 3.425091250645183605e-01 0.000000000000000000e+00 4.222191122232566984e-01 2.724428504040741217e-01 4.142147611615603076e-01 5.111642711385441240e-01 5.027199383535209121e-01 7.823577839131556910e-01 5.325581919735241643e-01 7.254019980609560658e-01 7.536489128669918713e-01 7.405150438346053132e-01 8.003717637789689032e-01 7.644604228359290765e-01 6.689888682117328678e-01 7.593001532746526117e-01 6.788901170326677725e-01 6.766471979410321191e-01 7.127747357516307503e-01 7.909979726724993832e-01 8.280953568661142405e-01 6.128857451483709085e-01 6.103272732643433285e-01 6.543593932912142863e-01 6.453493212767248410e-01 7.229515011225227106e-01
9.000000000000000000e+00 7.201121739700285795e-01 4.371634718345446258e-01 5.199884324163729366e-01 3.550228911828400280e-01 4.521020839565658145e-01 3.889663151861489920e-01 3.586122605432161548e-01 4.222191122232566984e-01 0.000000000000000000e+00 3.974037390532700886e-01 3.302737011733547501e-01 4.919554673713119053e-01 4.412172001255351139e-01 8.157286528289666716e-01 4.911184789098453907e-01 7.532537863773216547e-01 7.825534741403346040e-01 7.668441606570370883e-01 8.266515392482418623e-01 7.895468146408877175e-01 6.508401203081963793e-01 7.796006921506370979e-01 6.637687539465164654e-01 6.648930331930659188e-01 7.203802443438735992e-01 7.984890140526554880e-01 8.352964653573828890e-01 6.113262216505150892e-01 6.066434552096348076e-01 6.471824642555482621e-01 6.443682239690075031e-01 7.268620760902144706e-01
1.000000000000000000e+01 7.601074813292905130e-01 4.905849159742541321e-01 4.794422219664851159e-01 3.737506883521950485e-01 4.162032767677779077e-01 2.839197055647091350e-01 2.977504309627441170e-01 2.724428504040741217e-01 3.974037390532700886e-01 0.000000000000000000e+00 3.871505989930361658e-01 4.793739811250185001e-01 4.857199779290996000e-01 7.829845836245143964e-01 5.176874043341289644e-01 7.242345191729113729e-01 7.529471003305503451e-01 7.390395773341156271e-01 7.990701322590252342e-01 7.627648003661076093e-01 6.572691079089958421e-01 7.563405137114425081e-01 6.679627286621392379e-01 6.663909083389024657e-01 7.068864421565272949e-01 7.851342097774243189e-01 8.221861801573795425e-01 6.051043732909386907e-01 6.021490403380241885e-01 6.456001786528055009e-01 6.377273415086067709e-01 7.163409359970174251e-01
1.100000000000000000e+01 7.434444509415261138e-01 4.712673339123751859e-01 5.335748179613903908e-01 3.844849900738407378e-01 4.653858383669606802e-01 3.886582797688866719e-01 3.550473395510187480e-01 4.142147611615603076e-01 3.302737011733547501e-01 3.871505989930361658e-01 0.000000000000000000e+00 4.284112137929666497e-01 4.350581636105396166e-01 8.005105107982997126e-01 4.780574615892224655e-01 7.369767252663175228e-01 7.667609716809451470e-01 7.506954250914978921e-01 8.109324071935941625e-01 7.735802433744480844e-01 6.331856338944064078e-01 7.633688976939860815e-01 6.473670896783536577e-01 6.486339951406222548e-01 7.044935953116995275e-01 7.827534927741179871e-01 8.196327214068024336e-01 5.963192923195370643e-01 5.919785226487447316e-01 6.333904463896012915e-01 6.294634492104994594e-01 7.114715617222280297e-01
1.200000000000000000e+01 8.783178087348816332e-01 6.088222176299288302e-01 6.501532130628854267e-01 5.127932196603194326e-01 5.823166683540007549e-01 4.931058060091825235e-01 4.602590407560699370e-01 5.111642711385441240e-01 4.919554673713119053e-01 4.793739811250185001e-01 4.284112137929666497e-01 0.000000000000000000e+00 5.762674860353532713e-01 9.118716295551745343e-01 6.107659458265072283e-01 8.489140601504707728e-01 8.787508606798484223e-01 8.630350339857997266e-01 9.235263089259604374e-01 8.862901751895742031e-01 7.564060417607780806e-01 8.769575019523467851e-01 7.697524364403953712e-01 7.699535055125740213e-01 8.209849089437000202e-01 8.993381578279100452e-01 9.363118028233627932e-01 7.152058133313101695e-01 7.114739628072860311e-01 7.539618738046672819e-01 7.482436697699760275e-01 8.289778996470664740e-01
1.300000000000000000e+01 7.486457373853322439e-01 4.962683128544463917e-01 6.230658009517114904e-01 4.762176447639853150e-01 5.619313333521066545e-01 4.896403059877746378e-01 4.683978691246079018e-01 5.027199383535209121e-01 4.412172001255351139e-01 4.857199779290996000e-01 4.350581636105396166e-01 5.762674860353532713e-01 0.000000000000000000e+00 8.270340618435361169e-01 3.807132406812273606e-01 7.594563381058050400e-01 7.896141181370941453e-01 7.715016094743274433e-01 8.311017332066026331e-01 7.929053586963865641e-01 6.004530979571993665e-01 7.783284232508407285e-01 6.195521573370192936e-01 6.267408086439306691e-01 7.062893603461886105e-01 7.842450534631093539e-01 8.207473287458100231e-01 5.876852563702719134e-01 5.807742137498460577e-01 6.179298599156154426e-01 6.214335217808956147e-01 7.089713855925994235e-01
1.400000000000000000e+01 1.131704121954388187e+00 8.801549662104715122e-01 9.432418261258466163e-01 8.186058552814581279e-01 8.880060428592775335e-01 8.022904117998954643e-01 7.931425266134610741e-01 7.823577839131556910e-01 8.157286528289666716e-01 7.829845836245143964e-01 8.005105107982997126e-01 9.118716295551745343e-01 8.270340618435361169e-01 0.000000000000000000e+00 8.260811449546224816e-01 6.553595617232219617e-01 5.730496508893110352e-01 6.453293851694323902e-01 6.075656303651648660e-01 6.369152790541745546e-01 9.140752493964101610e-01 7.146908135375256155e-01 9.074074160455192217e-01 8.908799992006967150e-01 7.861461773766302841e-01 8.583989843957446908e-01 8.955180565332918619e-01 7.510585803957285922e-01 7.601084328339834384e-01 8.196080993779176760e-01 7.767277431844722413e-01 8.178570787361276739e-01
1.500000000000000000e+01 7.909693933309766001e-01 5.459891229641723465e-01 6.610857236644692714e-01 5.184992133736551212e-01 6.006821263884433160e-01 5.251894631284491632e-01 5.057124434452499040e-01 5.325581919735241643e-01 4.911184789098453907e-01 5.176874043341289644e-01 4.780574615892224655e-01 6.107659458265072283e-01 3.807132406812273606e-01 8.260811449546224816e-01 0.000000000000000000e+00 7.558645283342817489e-01 7.864502285014327576e-01 7.670809681787569279e-01 8.265583995137710804e-01 7.877918272611990069e-01 5.507001618188960279e-01 7.707684203413824875e-01 5.783349039066696395e-01 5.929384447924689328e-01 6.919951115119384877e-01 7.699414468315266546e-01 8.063194050820543524e-01 5.685422694498674101e-01 5.606029841760457044e-01 5.968263543593314013e-01 6.029081362431388813e-01 6.929226392730536421e-01
1.600000000000000000e+01 1.068508228101362922e+00 8.178515908022772063e-01 8.845395879067678990e-01 7.583274767120018467e-01 8.285406907902943541e-01 7.431561384726832475e-01 7.329119712890102001e-01 7.254019980609560658e-01 7.532537863773216547e-01 7.242345191729113729e-01 7.369767252663175228e-01 8.489140601504707728e-01 7.594563381058050400e-01 6.553595617232219617e-01 7.558645283342817489e-01 0.000000000000000000e+00 5.481435706244706108e-01 4.618341792985853900e-01 6.509285544491578701e-01 5.785508868719797526e-01 8.393552872815819299e-01 6.178740107116000857e-01 8.313631494379267739e-01 8.136611463852946313e-01 7.048247720081113332e-01 7.813300608673365844e-01 8.199037725923137288e-01 6.704990225744309473e-01 6.801356015896175000e-01 7.406925895989312503e-01 6.966463005218551663e-01 7.395606738473636810e-01
1.700000000000000000e+01 1.097379705271197992e+00 8.467315187320338943e-01 9.129419456946576972e-01 7.870737133166803012e-01 8.571735989259547939e-01 7.718298208207965416e-01 7.618653888017752340e-01 7.536489128669918713e-01 7.825534741403346040e-01 7.529471003305503451e-01 7.667609716809451470e-01 8.787508606798484223e-01 7.896141181370941453e-01 5.730496508893110352e-01 7.864502285014327576e-01 5.481435706244706108e-01 0.000000000000000000e+00 5.052362999416293299e-01 5.624063522928257619e-01 5.099377319591158475e-01 8.709040161968095717e-01 6.270728864035346461e-01 8.626897892414204794e-01 8.448602104002592705e-01 7.257253230326834448e-01 7.985001236995186158e-01 8.360761552334907698e-01 6.972805453902490846e-01 7.074731062078124522e-01 7.684454940091886010e-01 7.223468104500591069e-01 7.604353847120013388e-01
1.800000000000000000e+01 1.081084586251971347e+00 8.309196870935833257e-01 8.988838455102798886e-01 7.723105853671283771e-01 8.428091131307704487e-01 7.576778341922978388e-01 7.472399417721200532e-01 7.405150438346053132e-01 7.668441606570370883e-01 7.390395773341156271e-01 7.506954250914978921e-01 8.630350339857997266e-01 7.715016094743274433e-01 6.453293851694323902e-01 7.670809681787569279e-01 4.618341792985853900e-01 5.052362999416293299e-01 0.000000000000000000e+00 6.118317894744691454e-01 5.051144665498670250e-01 8.494353216995143008e-01 5.782818767386479486e-01 8.404125929042414178e-01 8.218915523596773687e-01 6.975486345007950728e-01 7.724254349460855096e-01 8.108065618625976967e-01 6.711586852137383374e-01 6.818382847642013855e-01 7.435239186371213060e-01 6.962672706747187190e-01 7.344452949136528463e-01
1.900000000000000000e+01 1.140004037162167139e+00 8.901256618650277286e-01 9.584447711657142488e-01 8.319255946578656413e-01 9.024961243667199984e-01 8.175300164059298158e-01 8.071921101965058298e-01 8.003717637789689032e-01 8.266515392482418623e-01 7.990701322590252342e-01 8.109324071935941625e-01 9.235263089259604374e-01 8.311017332066026331e-01 6.075656303651648660e-01 8.265583995137710804e-01 6.509285544491578701e-01 5.624063522928257619e-01 6.118317894744691454e-01 0.000000000000000000e+00 5.345501848846141435e-01 9.091017038981390463e-01 6.383853683648947897e-01 8.993504493486448315e-01 8.802952399735927136e-01 7.382452567182322678e-01 8.058235206214225954e-01 8.419959903276641455e-01 7.213722399626560922e-01 7.331193772962246724e-01 7.957556074487309727e-01 7.446249330861559601e-01 7.741209068955872130e-01
2.000000000000000000e+01 1.102791375694305298e+00 8.530864052316635693e-01 9.221611451655280511e-01 7.953012577381946002e-01 8.660445124131246342e-01 7.811454852391155335e-01 7.705671996106508992e-01 7.644604228359290765e-01 7.895468146408877175e-01 7.627648003661076093e-01 7.735802433744480844e-01 8.862901751895742031e-01 7.929053586963865641e-01 6.369152790541745546e-01 7.877918272611990069e-01 5.785508868719797526e-01 5.099377319591158475e-01 5.051144665498670250e-01 5.345501848846141435e-01 0.000000000000000000e+00 8.693041374341192729e-01 5.582765747370654896e-01 8.593011991288552753e-01 8.400128919997112975e-01 6.984956326893598799e-01 7.695817319862094941e-01 8.070953763320836138e-01 6.811539239966417636e-01 6.929369042992571393e-01 7.557480440919698284e-01 7.048686006694483419e-01 7.366072640003429317e-01
2.100000000000000000e+01 9.545617526701568600e-01 7.101508053093927852e-01 8.082096234235103260e-01 6.708217117262937901e-01 7.486992670852239407e-01 6.692417948425193330e-01 6.521573003520504397e-01 6.689888682117328678e-01 6.508401203081963793e-01 6.572691079089958421e-01 6.331856338944064078e-01 7.564060417607780806e-01 6.004530979571993665e-01 9.140752493964101610e-01 5.507001618188960279e-01 8.393552872815819299e-01 8.709040161968095717e-01 8.494353216995143008e-01 9.091017038981390463e-01 8.693041374341192729e-01 0.000000000000000000e+00 8.484986903244786660e-01 5.451407419464606718e-01 6.034419240549327990e-01 7.608054202584382253e-01 8.392594596570774890e-01 8.757164068096883192e-01 6.329921339336808117e-01 6.250028736764717818e-01 6.647108508531448523e-01 6.691517893451416343e-01 7.610105548058185843e-01
2.200000000000000000e+01 1.090964514198041524e+00 8.424069284158643978e-01 9.150334464071669949e-01 7.869244929629684027e-01 8.584670908509313136e-01 7.741090858109447304e-01 7.627503168142140133e-01 7.593001532746526117e-01 7.796006921506370979e-01 7.563405137114425081e-01 7.633688976939860815e-01 8.769575019523467851e-01 7.783284232508407285e-01 7.146908135375256155e-01 7.707684203413824875e-01 6.178740107116000857e-01 6.270728864035346461e-01 5.782818767386479486e-01 6.383853683648947897e-01 5.582765747370654896e-01 8.484986903244786660e-01 0.000000000000000000e+00 8.363162309261540361e-01 8.152359031993759997e-01 6.476571101075747627e-01 7.219954105569739156e-01 7.614724493325013555e-01 6.435413557932474493e-01 6.571763922281154136e-01 7.222173398259840171e-01 6.662205458362132626e-01 6.934945345882823631e-01
2.300000000000000000e+01 9.633292114070302059e-01 7.208541196518483130e-01 8.190052779456145071e-01 6.822428695366202778e-01 7.598442752747818218e-01 6.802423140886928454e-01 6.637390510053726711e-01 6.788901170326677725e-01 6.637687539465164654e-01 6.679627286621392379e-01 6.473670896783536577e-01 7.697524364403953712e-01 6.195521573370192936e-01 9.074074160455192217e-01 5.783349039066696395e-01 8.313631494379267739e-01 8.626897892414204794e-01 8.404125929042414178e-01 8.993504493486448315e-01 8.593011991288552753e-01 5.451407419464606718e-01 8.363162309261540361e-01 0.000000000000000000e+00 5.077387885887884034e-01 7.408993230379268269e-01 8.191767322230341097e-01 8.554295722884670550e-01 6.064042435646728180e-01 5.969150027009394455e-01 6.359085445214410770e-01 6.435863124461093099e-01 7.387260540069182646e-01
2.400000000000000000e+01 9.638892168662541726e-01 7.217957449180586460e-01 8.181616486884296657e-01 6.821574133306019805e-01 7.592344645925955815e-01 6.792035034313635977e-01 6.631753136713144370e-01 6.766471979410321191e-01 6.648930331930659188e-01 6.663909083389024657e-01 6.486339951406222548e-01 7.699535055125740213e-01 6.267408086439306691e-01 8.908799992006967150e-01 5.929384447924689328e-01 8.136611463852946313e-01 8.448602104002592705e-01 8.218915523596773687e-01 8.802952399735927136e-01 8.400128919997112975e-01 6.034419240549327990e-01 8.152359031993759997e-01 5.077387885887884034e-01 0.000000000000000000e+00 7.136622125254143967e-01 7.919017670278423182e-01 8.280441040457664492e-01 5.740777826228786740e-01 5.636879015053261055e-01 6.036988044760615013e-01 6.124582371522432345e-01 7.099383488646535678e-01
2.500000000000000000e+01 1.024477573565911737e+00 7.797577967283235711e-01 8.627459965315340540e-01 7.314315655032002095e-01 8.052554856442062370e-01 7.226768168920909563e-01 7.094871066731540665e-01 7.127747357516307503e-01 7.203802443438735992e-01 7.068864421565272949e-01 7.044935953116995275e-01 8.209849089437000202e-01 7.062893603461886105e-01 7.861461773766302841e-01 6.919951115119384877e-01 7.048247720081113332e-01 7.257253230326834448e-01 6.975486345007950728e-01 7.382452567182322678e-01 6.984956326893598799e-01 7.608054202584382253e-01 6.476571101075747627e-01 7.408993230379268269e-01 7.136622125254143967e-01 0.000000000000000000e+00 5.018214734953283518e-01 5.680995423663350863e-01 4.799716509788034546e-01 5.027780669825975268e-01 5.773195011936239629e-01 4.944853561342431592e-01 4.980134065846468783e-01
2.600000000000000000e+01 1.102142627112953299e+00 8.576072574795239323e-01 9.408530724019597002e-01 8.095169383188260959e-01 8.833854621560683906e-01 8.008658311487200088e-01 7.876893978576369193e-01 7.909979726724993832e-01 7.984890140526554880e-01 7.851342097774243189e-01 7.827534927741179871e-01 8.993381578279100452e-01 7.842450534631093539e-01 8.583989843957446908e-01 7.699414468315266546e-01 7.813300608673365844e-01 7.985001236995186158e-01 7.724254349460855096e-01 8.058235206214225954e-01 7.695817319862094941e-01 8.392594596570774890e-01 7.219954105569739156e-01 8.191767322230341097e-01 7.919017670278423182e-01 5.018214734953283518e-01 0.000000000000000000e+00 5.174429764982253488e-01 5.525581075974053125e-01 5.754042799038933120e-01 6.494755467148601857e-01 5.603834882400909878e-01 5.241292033196092159e-01
2.700000000000000000e+01 1.138616824874024491e+00 8.942364071217849819e-01 9.777916326302240613e-01 8.463849820122126832e-01 9.203160744170211238e-01 8.378553925980085637e-01 8.246497899512050811e-01 8.280953568661142405e-01 8.352964653573828890e-01 8.221861801573795425e-01 8.196327214068024336e-01 9.363118028233627932e-01 8.207473287458100231e-01 8.955180565332918619e-01 8.063194050820543524e-01 8.199037725923137288e-01 8.360761552334907698e-01 8.108065618625976967e-01 8.419959903276641455e-01 8.070953763320836138e-01 8.757164068096883192e-01 7.614724493325013555e-01 8.554295722884670550e-01 8.280441040457664492e-01 5.680995423663350863e-01 5.174429764982253488e-01 0.000000000000000000e+00 5.856284516587664246e-01 6.083210699858246917e-01 6.820496593277832753e-01 5.899113573280155842e-01 5.236199616442622773e-01
2.800000000000000000e+01 9.086411427969627308e-01 6.672846466168280699e-01 7.584392291875901027e-01 6.248397838902415291e-01 7.004116432851736906e-01 6.192966051823189932e-01 6.049117515689439450e-01 6.128857451483709085e-01 6.113262216505150892e-01 6.051043732909386907e-01 5.963192923195370643e-01 7.152058133313101695e-01 5.876852563702719134e-01 7.510585803957285922e-01 5.685422694498674101e-01 6.704990225744309473e-01 6.972805453902490846e-01 6.711586852137383374e-01 7.213722399626560922e-01 6.811539239966417636e-01 6.329921339336808117e-01 6.435413557932474493e-01 6.064042435646728180e-01 5.740777826228786740e-01 4.799716509788034546e-01 5.525581075974053125e-01 5.856284516587664246e-01 0.000000000000000000e+00 2.668636482323519798e-01 3.793845797900804451e-01 3.012178568225721831e-01 4.477782428551086991e-01
2.900000000000000000e+01 9.020065357291345842e-01 6.615868847116134210e-01 7.548035738261916761e-01 6.206769036761542457e-01 6.966768789794487438e-01 6.159379246510096051e-01 6.013014987200183681e-01 6.103272732643433285e-01 6.066434552096348076e-01 6.021490403380241885e-01 5.919785226487447316e-01 7.114739628072860311e-01 5.807742137498460577e-01 7.601084328339834384e-01 5.606029841760457044e-01 6.801356015896175000e-01 7.074731062078124522e-01 6.818382847642013855e-01 7.331193772962246724e-01 6.929369042992571393e-01 6.250028736764717818e-01 6.571763922281154136e-01 5.969150027009394455e-01 5.636879015053261055e-01 5.027780669825975268e-01 5.754042799038933120e-01 6.083210699858246917e-01 2.668636482323519798e-01 0.000000000000000000e+00 3.404489977004220291e-01 3.254519551284010825e-01 4.707554553681996268e-01
3.000000000000000000e+01 9.382339615762113061e-01 6.998665694847937546e-01 7.969429465208915930e-01 6.619413748730927916e-01 7.387024642772092031e-01 6.586614073310642636e-01 6.436614159964825221e-01 6.543593932912142863e-01 6.471824642555482621e-01 6.456001786528055009e-01 6.333904463896012915e-01 7.539618738046672819e-01 6.179298599156154426e-01 8.196080993779176760e-01 5.968263543593314013e-01 7.406925895989312503e-01 7.684454940091886010e-01 7.435239186371213060e-01 7.957556074487309727e-01 7.557480440919698284e-01 6.647108508531448523e-01 7.222173398259840171e-01 6.359085445214410770e-01 6.036988044760615013e-01 5.773195011936239629e-01 6.494755467148601857e-01 6.820496593277832753e-01 3.793845797900804451e-01 3.404489977004220291e-01 0.000000000000000000e+00 4.085789467680883691e-01 5.442370887845384697e-01
3.100000000000000000e+01 9.415825988923857137e-01 7.002541624374652995e-01 7.911190958959887221e-01 6.576620011944244171e-01 7.331518843461278800e-01 6.519857704769870255e-01 6.377029904224412737e-01 6.453493212767248410e-01 6.443682239690075031e-01 6.377273415086067709e-01 6.294634492104994594e-01 7.482436697699760275e-01 6.214335217808956147e-01 7.767277431844722413e-01 6.029081362431388813e-01 6.966463005218551663e-01 7.223468104500591069e-01 6.962672706747187190e-01 7.446249330861559601e-01 7.048686006694483419e-01 6.691517893451416343e-01 6.662205458362132626e-01 6.435863124461093099e-01 6.124582371522432345e-01 4.944853561342431592e-01 5.603834882400909878e-01 5.899113573280155842e-01 3.012178568225721831e-01 3.254519551284010825e-01 4.085789467680883691e-01 0.000000000000000000e+00 4.380506786835407507e-01
3.200000000000000000e+01 1.027790657944045227e+00 7.846167244950634778e-01 8.710823256489885758e-01 7.388486120301986926e-01 8.134017848203225487e-01 7.314522462047199358e-01 7.178065327331337730e-01 7.229515011225227106e-01 7.268620760902144706e-01 7.163409359970174251e-01 7.114715617222280297e-01 8.289778996470664740e-01 7.089713855925994235e-01 8.178570787361276739e-01 6.929226392730536421e-01 7.395606738473636810e-01 7.604353847120013388e-01 7.344452949136528463e-01 7.741209068955872130e-01 7.366072640003429317e-01 7.610105548058185843e-01 6.934945345882823631e-01 7.387260540069182646e-01 7.099383488646535678e-01 4.980134065846468783e-01 5.241292033196092159e-01 5.236199616442622773e-01 4.477782428551086991e-01 4.707554553681996268e-01 5.442370887845384697e-01 4.380506786835407507e-01 0.000000000000000000e+00
