0.000000000000000000e+00 1.000000000000000000e+00 2.000000000000000000e+00 3.000000000000000000e+00 4.000000000000000000e+00 5.000000000000000000e+00 6.000000000000000000e+00 7.000000000000000000e+00 8.000000000000000000e+00 9.000000000000000000e+00 1.000000000000000000e+01 1.100000000000000000e+01 1.200000000000000000e+01 1.300000000000000000e+01 1.400000000000000000e+01 1.500000000000000000e+01 1.600000000000000000e+01 1.700000000000000000e+01 1.800000000000000000e+01 1.900000000000000000e+01 2.000000000000000000e+01 2.100000000000000000e+01 2.200000000000000000e+01 2.300000000000000000e+01 2.400000000000000000e+01 2.500000000000000000e+01 2.600000000000000000e+01 2.700000000000000000e+01 2.800000000000000000e+01 2.900000000000000000e+01 3.000000000000000000e+01 3.100000000000000000e+01 3.200000000000000000e+01
1.000000000000000000e+00 0.000000000000000000e+00 4.846863280216065495e-01 6.176258061599796401e-01 4.784372635063916523e-01 4.852645775701797115e-01 4.845793591589328542e-01 4.799683892207196600e-01 4.951515532121873453e-01 4.742918676209844642e-01 4.879112786267467694e-01 4.780978255597408966e-01 4.808577369404687940e-01 4.578774608335761109e-01 9.081294951067796495e-01 4.693896461933949604e-01 8.300568517223855247e-01 8.287418819214946719e-01 6.496615369670941664e-01 8.848265269187951532e-01 6.479443942624955044e-01 7.539470894560655889e-01 7.869521263183012483e-01 7.639192991279681877e-01 7.748428314832163100e-01 8.259179423334691572e-01 8.309649373241512205e-01 8.316608757390191453e-01 5.045952577177329479e-01 5.000851909186910804e-01 4.931160856279119264e-01 5.049409522707556386e-01 6.996541504882668461e-01
2.000000000000000000e+00 4.846863280216065495e-01 0.000000000000000000e+00 2.845261279475573835e-01 1.424863612224466780e-01 1.520422534840565332e-01 1.529183109503720606e-01 1.481047126997607211e-01 1.651980566857100263e-01 1.380214779402033076e-01 1.574944922031198402e-01 1.486871674970724477e-01 1.527628304243490720e-01 1.771914024883038397e-01 6.027871459347547978e-01 1.904116116189706887e-01 5.269094024802812859e-01 5.262369535952156063e-01 3.483566574258061266e-01 5.831997014811165503e-01 3.469729404986620080e-01 4.649338050553084578e-01 4.868188761963034850e-01 4.779122303158971352e-01 4.890761620561503431e-01 5.370756215425082081e-01 5.441631825819019941e-01 5.463000135695790238e-01 2.234213180305210100e-01 2.194167539038024417e-01 2.134552065646411756e-01 2.246407723221459651e-01 4.190136041778816933e-01
3.000000000000000000e+00 6.176258061599796401e-01 2.845261279475573835e-01 0.000000000000000000e+00 1.988967363698707635e-01 1.755945860516859858e-01 1.906784554971026613e-01 1.971282963813146272e-01 2.083921023060104072e-01 2.179145940094833755e-01 2.025395053428640235e-01 2.178801808870604040e-01 2.164428342926527082e-01 2.903839901790636335e-01 6.856863214844516330e-01 3.030622171619213878e-01 6.121820657737283566e-01 6.121211671676449750e-01 4.354963566641931738e-01 6.699695624133614746e-01 4.344475122494150243e-01 5.662664224413724856e-01 5.751580106294580386e-01 5.818818599442427963e-01 5.930142857154305780e-01 6.368803295151174160e-01 6.459868683722937988e-01 6.495571101367376698e-01 3.309825284505104603e-01 3.274915576646542092e-01 3.225472256668763804e-01 3.330360854924162561e-01 5.269981210076403189e-01
4.000000000000000000e+00 4.784372635063916523e-01 1.424863612224466780e-01 1.988967363698707635e-01 0.000000000000000000e+00 6.460501837419674320e-02 7.246971872864577113e-02 6.928871771030759019e-02 8.888465024120123514e-02 7.808501533423556351e-02 8.074680650461207865e-02 8.299895053421291191e-02 8.434920730832867752e-02 1.532419231473172716e-01 5.538189271419130533e-01 1.661965289837873394e-01 4.797889652483292577e-01 4.796722550739926927e-01 3.028126431299773547e-01 5.373858738968320115e-01 3.017137236917113441e-01 4.309335793500681522e-01 4.422745923933086853e-01 4.462742137184689817e-01 4.574526203129132274e-01 5.021543871424919425e-01 5.109622185274542705e-01 5.143147133451426711e-01 1.950545581072952173e-01 1.914868106871570053e-01 1.863931711040068273e-01 1.969900411470114632e-01 3.910243186647278657e-01
5.000000000000000000e+00 4.852645775701797115e-01 1.520422534840565332e-01 1.755945860516859858e-01 6.460501837419674320e-02 0.000000000000000000e+00 5.786327032530641512e-02 6.251028535917896312e-02 7.769614832141819027e-02 8.420599397388500718e-02 7.057154740742943577e-02 8.414855787262331965e-02 8.285872792029508327e-02 1.576001399559860405e-01 5.534220602905323139e-01 1.703160381094543929e-01 4.797899844195189223e-01 4.797493054118444622e-01 3.030864281527694271e-01 5.375912678493719454e-01 3.020355864597000783e-01 4.335109168670909785e-01 4.427277812883938513e-01 4.491547533380417789e-01 4.603021338385415717e-01 5.042947023017999575e-01 5.133885282296264396e-01 5.169464176683018497e-01 1.983181997439730226e-01 1.948235964139298781e-01 1.898733812114697383e-01 2.003688386179859338e-01 3.943391393572809323e-01
6.000000000000000000e+00 4.845793591589328542e-01 1.529183109503720606e-01 1.906784554971026613e-01 7.246971872864577113e-02 5.786327032530641512e-02 0.000000000000000000e+00 5.417077836542388836e-02 6.430260915064928140e-02 8.338528733173050655e-02 5.586880944208671984e-02 8.024128098778404716e-02 7.691579033074841254e-02 1.553357314124667599e-01 5.480838595894693688e-01 1.678875301562463562e-01 4.746885067451286355e-01 4.747028417353895691e-01 2.981627301928622131e-01 5.326288633778830661e-01 2.971434185991863597e-01 4.300739923024685663e-01 4.379190808092929821e-01 4.459131025018849837e-01 4.570390108055952805e-01 5.005732498748877157e-01 5.098534755477801550e-01 5.135446996430612643e-01 1.953248875543819318e-01 1.918779031020760861e-01 1.870211425970141339e-01 1.974506375119791102e-01 3.913797658312788696e-01
7.000000000000000000e+00 4.799683892207196600e-01 1.481047126997607211e-01 1.971282963813146272e-01 6.928871771030759019e-02 6.251028535917896312e-02 5.417077836542388836e-02 0.000000000000000000e+00 7.166919161221646517e-02 7.622078892607436762e-02 6.044483279892498562e-02 7.227243078041267754e-02 6.908520239012544417e-02 1.501191164454497851e-01 5.450206902403053055e-01 1.627972345384679498e-01 4.712210314132349032e-01 4.712754971211567945e-01 2.946007865413005078e-01 5.291622272790077464e-01 2.935680254979163850e-01 4.251467029067397263e-01 4.342726892135526651e-01 4.410375671422912536e-01 4.522154911339060224e-01 4.962325417332810185e-01 5.054334213241624685e-01 5.090586613865757393e-01 1.905911293945284912e-01 1.871228874686458044e-01 1.822281878304942704e-01 1.926916410565190363e-01 3.866540656376181717e-01
8.000000000000000000e+00 4.951515532121873453e-01 1.651980566857100263e-01 2.083921023060104072e-01 8.888465024120123514e-02 7.769614832141819027e-02 6.430260915064928140e-02 7.166919161221646517e-02 0.000000000000000000e+00 9.667274106585826976e-02 5.538550865675984092e-02 9.183589253042945266e-02 8.717172477991558255e-02 1.650475392243936912e-01 5.517062052946287709e-01 1.772765894107773965e-01 4.791136798788918627e-01 4.791287099650485271e-01 3.029016058031644976e-01 5.371956404839663968e-01 3.019331855016070820e-01 4.382651580293213112e-01 4.428930584158543571e-01 4.542140029221342079e-01 4.652419397111717814e-01 5.076198035818385579e-01 5.171982578436922218e-01 5.211160414430835441e-01 2.036560948601588983e-01 2.002866197579752372e-01 1.955763857911234083e-01 2.058920352471931281e-01 3.997325168768329773e-01
9.000000000000000000e+00 4.742918676209844642e-01 1.380214779402033076e-01 2.179145940094833755e-01 7.808501533423556351e-02 8.420599397388500718e-02 8.338528733173050655e-02 7.622078892607436762e-02 9.667274106585826976e-02 0.000000000000000000e+00 8.757542823254327313e-02 6.933273395508943171e-02 7.836143086733443619e-02 1.447816426193175299e-01 5.504581059477223759e-01 1.584091435107616297e-01 4.757585396787279430e-01 4.756747205863292027e-01 2.985745610879722012e-01 5.332979374220960800e-01 2.974432479913950989e-01 4.240562720957758991e-01 4.378690833103042745e-01 4.393961913150181697e-01 4.506767182217732426e-01 4.963041263214315046e-01 5.049187835663251356e-01 5.081206594678451260e-01 1.883308250694657460e-01 1.847113487451960134e-01 1.795214102905101083e-01 1.901990934797633814e-01 3.843015829649888415e-01
1.000000000000000000e+01 4.879112786267467694e-01 1.574944922031198402e-01 2.025395053428640235e-01 8.074680650461207865e-02 7.057154740742943577e-02 5.586880944208671984e-02 6.044483279892498562e-02 5.538550865675984092e-02 8.757542823254327313e-02 0.000000000000000000e+00 8.213546195122545246e-02 7.682026689510673689e-02 1.575491662675389537e-01 5.474075069415286210e-01 1.699233403957581823e-01 4.742228180278943439e-01 4.742907117852632748e-01 2.978628379627110689e-01 5.322952292030223020e-01 2.968729210744286418e-01 4.312061196156691256e-01 4.377255244619597807e-01 4.472030913192248658e-01 4.583010120794168696e-01 5.013843772463445481e-01 5.108362277672475749e-01 5.146502761110844926e-01 1.968087214771043758e-01 1.934056135209227811e-01 1.886346574117340746e-01 1.990028841585395059e-01 3.928931421750850861e-01
1.100000000000000000e+01 4.780978255597408966e-01 1.486871674970724477e-01 2.178801808870604040e-01 8.299895053421291191e-02 8.414855787262331965e-02 8.024128098778404716e-02 7.227243078041267754e-02 9.183589253042945266e-02 6.933273395508943171e-02 8.213546195122545246e-02 0.000000000000000000e+00 6.046067244833613907e-02 1.436520941201883672e-01 5.429002834523416476e-01 1.568025842910848455e-01 4.681753409727663628e-01 4.683665101465506186e-01 2.914083541827947599e-01 5.261983001170742469e-01 2.903584648570552984e-01 4.189329870751061780e-01 4.309242516695541703e-01 4.351873043466203406e-01 4.465338877129190198e-01 4.916896557070672413e-01 5.007949307393186889e-01 5.043267598033669419e-01 1.854411170943573994e-01 1.819453340809212838e-01 1.770079151071980994e-01 1.875243198121476773e-01 3.815549670564436502e-01
1.200000000000000000e+01 4.808577369404687940e-01 1.527628304243490720e-01 2.164428342926527082e-01 8.434920730832867752e-02 8.285872792029508327e-02 7.691579033074841254e-02 6.908520239012544417e-02 8.717172477991558255e-02 7.836143086733443619e-02 7.682026689510673689e-02 6.046067244833613907e-02 0.000000000000000000e+00 1.463266839693591614e-01 5.398353718295901826e-01 1.587564780083391414e-01 4.652851152936255952e-01 4.656293199263270566e-01 2.888234708717187793e-01 5.236097079461696779e-01 2.878307173552501208e-01 4.186102392478836531e-01 4.285176333354805411e-01 4.352787816390286668e-01 4.465866836153347119e-01 4.910638878361891502e-01 5.005083946867696643e-01 5.042746899826648921e-01 1.860753348839948584e-01 1.826664367316676030e-01 1.779024226818026189e-01 1.882989516574872235e-01 3.822635464468057132e-01
1.300000000000000000e+01 4.578774608335761109e-01 1.771914024883038397e-01 2.903839901790636335e-01 1.532419231473172716e-01 1.576001399559860405e-01 1.553357314124667599e-01 1.501191164454497851e-01 1.650475392243936912e-01 1.447816426193175299e-01 1.575491662675389537e-01 1.436520941201883672e-01 1.463266839693591614e-01 0.000000000000000000e+00 5.623070509341482337e-01 8.811810060411573442e-02 4.825549697706358332e-01 4.810402341917445757e-01 3.011990262242472127e-01 5.366844281756872892e-01 2.993171095807801718e-01 3.904291654789764365e-01 4.378334169901756390e-01 4.007463823378696333e-01 4.130570438487926044e-01 4.707443277532762371e-01 4.748903787091114381e-01 4.749257204123202847e-01 1.453493710541290396e-01 1.405540621797788381e-01 1.330470122177379033e-01 1.454474862213175346e-01 3.406344148333045885e-01
1.400000000000000000e+01 9.081294951067796495e-01 6.027871459347547978e-01 6.856863214844516330e-01 5.538189271419130533e-01 5.534220602905323139e-01 5.480838595894693688e-01 5.450206902403053055e-01 5.517062052946287709e-01 5.504581059477223759e-01 5.474075069415286210e-01 5.429002834523416476e-01 5.398353718295901826e-01 5.623070509341482337e-01 0.000000000000000000e+00 5.675415127248272240e-01 6.189676243917595633e-01 5.497776762776758197e-01 4.275584641076048964e-01 5.887131004534915668e-01 4.226131097866429043e-01 8.193915656641628242e-01 5.840782813464726608e-01 8.303444057798099465e-01 8.365227443879432734e-01 7.921042386090236809e-01 8.106704921820517828e-01 8.250448260074911833e-01 5.555258254665188522e-01 5.550630996847695231e-01 5.551673327807407077e-01 5.603895516613025540e-01 7.472502407601869789e-01
1.500000000000000000e+01 4.693896461933949604e-01 1.904116116189706887e-01 3.030622171619213878e-01 1.661965289837873394e-01 1.703160381094543929e-01 1.678875301562463562e-01 1.627972345384679498e-01 1.772765894107773965e-01 1.584091435107616297e-01 1.699233403957581823e-01 1.568025842910848455e-01 1.587564780083391414e-01 8.811810060411573442e-02 5.675415127248272240e-01 0.000000000000000000e+00 4.871000329571272269e-01 4.854072061211798239e-01 3.051991133223459496e-01 5.407971407414353671e-01 3.032211021019725061e-01 3.844447077344661512e-01 4.414833746837010242e-01 3.951734814150604791e-01 4.087582330455425961e-01 4.710868735865675339e-01 4.747200116432910288e-01 4.743857303121596924e-01 1.434089717926523289e-01 1.384518899349578280e-01 1.306486299827567810e-01 1.433767730584722955e-01 3.388283508770831842e-01
1.600000000000000000e+01 8.300568517223855247e-01 5.269094024802812859e-01 6.121820657737283566e-01 4.797889652483292577e-01 4.797899844195189223e-01 4.746885067451286355e-01 4.712210314132349032e-01 4.791136798788918627e-01 4.757585396787279430e-01 4.742228180278943439e-01 4.681753409727663628e-01 4.652851152936255952e-01 4.825549697706358332e-01 6.189676243917595633e-01 4.871000329571272269e-01 0.000000000000000000e+00 4.872298701320285641e-01 2.926740062259381991e-01 5.699428849847247847e-01 3.090223410426702344e-01 7.384647158788908428e-01 4.670605068719633213e-01 7.486189479539997471e-01 7.541313459527974050e-01 6.992664699344991464e-01 7.209761543488355517e-01 7.369700651927948432e-01 4.705776423712694223e-01 4.704967949269823757e-01 4.712322789302509363e-01 4.758919775185846968e-01 6.623612797759660387e-01
1.700000000000000000e+01 8.287418819214946719e-01 5.262369535952156063e-01 6.121211671676449750e-01 4.796722550739926927e-01 4.797493054118444622e-01 4.747028417353895691e-01 4.712754971211567945e-01 4.791287099650485271e-01 4.756747205863292027e-01 4.742907117852632748e-01 4.683665101465506186e-01 4.656293199263270566e-01 4.810402341917445757e-01 5.497776762776758197e-01 4.854072061211798239e-01 4.872298701320285641e-01 0.000000000000000000e+00 2.693151195719567514e-01 5.061828412437816560e-01 2.690731364544970416e-01 7.376597193625611393e-01 4.409571960312037575e-01 7.474399949565326828e-01 7.528327168288537763e-01 6.907253262194902321e-01 7.116518965751645887e-01 7.282225344965829184e-01 4.672323103688302837e-01 4.672642987853622421e-01 4.681379041606995028e-01 4.724734889607137278e-01 6.580662248822407578e-01
1.800000000000000000e+01 6.496615369670941664e-01 3.483566574258061266e-01 4.354963566641931738e-01 3.028126431299773547e-01 3.030864281527694271e-01 2.981627301928622131e-01 2.946007865413005078e-01 3.029016058031644976e-01 2.985745610879722012e-01 2.978628379627110689e-01 2.914083541827947599e-01 2.888234708717187793e-01 3.011990262242472127e-01 4.275584641076048964e-01 3.051991133223459496e-01 2.926740062259381991e-01 2.693151195719567514e-01 0.000000000000000000e+00 3.457241478218633368e-01 6.562086931677413304e-02 5.576801667341448887e-01 2.320150012067536682e-01 5.669391050038239399e-01 5.719880642304551177e-01 5.020757225880626562e-01 5.242764986708332575e-01 5.418544982399526866e-01 2.843536971972154825e-01 2.846045527324815305e-01 2.858172541103068398e-01 2.897699761223029302e-01 4.748479378666116135e-01
1.900000000000000000e+01 8.848265269187951532e-01 5.831997014811165503e-01 6.699695624133614746e-01 5.373858738968320115e-01 5.375912678493719454e-01 5.326288633778830661e-01 5.291622272790077464e-01 5.371956404839663968e-01 5.332979374220960800e-01 5.322952292030223020e-01 5.261983001170742469e-01 5.236097079461696779e-01 5.366844281756872892e-01 5.887131004534915668e-01 5.407971407414353671e-01 5.699428849847247847e-01 5.061828412437816560e-01 3.457241478218633368e-01 0.000000000000000000e+00 3.281998818067888291e-01 7.937124614343868956e-01 4.944752663487803623e-01 8.030805225469728192e-01 8.082936746512563442e-01 7.397500831591233839e-01 7.589378700230426933e-01 7.757126155879254803e-01 5.206762571277746554e-01 5.208277891003870730e-01 5.218656538860921845e-01 5.258486273426762336e-01 7.104674566313523565e-01
2.000000000000000000e+01 6.479443942624955044e-01 3.469729404986620080e-01 4.344475122494150243e-01 3.017137236917113441e-01 3.020355864597000783e-01 2.971434185991863597e-01 2.935680254979163850e-01 3.019331855016070820e-01 2.974432479913950989e-01 2.968729210744286418e-01 2.903584648570552984e-01 2.878307173552501208e-01 2.993171095807801718e-01 4.226131097866429043e-01 3.032211021019725061e-01 3.090223410426702344e-01 2.690731364544970416e-01 6.562086931677413304e-02 3.281998818067888291e-01 0.000000000000000000e+00 5.559716351218531027e-01 2.227147293632381064e-01 5.650723193281457224e-01 5.700545418726024050e-01 4.972760162560107000e-01 5.190529582932248420e-01 5.368500983080697342e-01 2.816156328587773316e-01 2.819167893032529237e-01 2.831968966897631668e-01 2.870108836041851408e-01 4.717250928101216489e-01
2.100000000000000000e+01 7.539470894560655889e-01 4.649338050553084578e-01 5.662664224413724856e-01 4.309335793500681522e-01 4.335109168670909785e-01 4.300739923024685663e-01 4.251467029067397263e-01 4.382651580293213112e-01 4.240562720957758991e-01 4.312061196156691256e-01 4.189329870751061780e-01 4.186102392478836531e-01 3.904291654789764365e-01 8.193915656641628242e-01 3.844447077344661512e-01 7.384647158788908428e-01 7.376597193625611393e-01 5.576801667341448887e-01 7.937124614343868956e-01 5.559716351218531027e-01 0.000000000000000000e+00 6.945280055581299905e-01 5.380168259617652549e-01 5.999460195470982526e-01 7.317844785101533800e-01 7.383544803674515489e-01 7.398294432354599603e-01 4.109679708915477958e-01 4.067929124127966922e-01 4.012270210594180431e-01 4.132990216027629948e-01 6.094080231227249067e-01
2.200000000000000000e+01 7.869521263183012483e-01 4.868188761963034850e-01 5.751580106294580386e-01 4.422745923933086853e-01 4.427277812883938513e-01 4.379190808092929821e-01 4.342726892135526651e-01 4.428930584158543571e-01 4.378690833103042745e-01 4.377255244619597807e-01 4.309242516695541703e-01 4.285176333354805411e-01 4.378334169901756390e-01 5.840782813464726608e-01 4.414833746837010242e-01 4.670605068719633213e-01 4.409571960312037575e-01 2.320150012067536682e-01 4.944752663487803623e-01 2.227147293632381064e-01 6.945280055581299905e-01 0.000000000000000000e+00 7.032348519873554693e-01 7.079741094352887121e-01 6.276783659361412360e-01 6.518130501287096035e-01 6.708803803007459265e-01 4.178576658655475118e-01 4.183427241196816526e-01 4.198951715793501349e-01 4.234132096615232932e-01 6.078196047185936424e-01
2.300000000000000000e+01 7.639192991279681877e-01 4.779122303158971352e-01 5.818818599442427963e-01 4.462742137184689817e-01 4.491547533380417789e-01 4.459131025018849837e-01 4.410375671422912536e-01 4.542140029221342079e-01 4.393961913150181697e-01 4.472030913192248658e-01 4.351873043466203406e-01 4.352787816390286668e-01 4.007463823378696333e-01 8.303444057798099465e-01 3.951734814150604791e-01 7.486189479539997471e-01 7.474399949565326828e-01 5.669391050038239399e-01 8.030805225469728192e-01 5.650723193281457224e-01 5.380168259617652549e-01 7.032348519873554693e-01 0.000000000000000000e+00 5.119242663374421465e-01 7.351989008581590879e-01 7.411911654767269209e-01 7.422345025497725235e-01 4.104400390370311902e-01 4.060421927315222002e-01 4.004983664543181887e-01 4.132046135132124709e-01 6.101635208038361791e-01
2.400000000000000000e+01 7.748428314832163100e-01 4.890761620561503431e-01 5.930142857154305780e-01 4.574526203129132274e-01 4.603021338385415717e-01 4.570390108055952805e-01 4.522154911339060224e-01 4.652419397111717814e-01 4.506767182217732426e-01 4.583010120794168696e-01 4.465338877129190198e-01 4.465866836153347119e-01 4.130570438487926044e-01 8.365227443879432734e-01 4.087582330455425961e-01 7.541313459527974050e-01 7.528327168288537763e-01 5.719880642304551177e-01 8.082936746512563442e-01 5.700545418726024050e-01 5.999460195470982526e-01 7.079741094352887121e-01 5.119242663374421465e-01 0.000000000000000000e+00 7.373944854039921060e-01 7.436655238424674241e-01 7.448292800634039867e-01 4.107769428647020105e-01 4.063852131396142875e-01 4.016217128232822398e-01 4.147334911244550115e-01 6.127286616726480561e-01
2.500000000000000000e+01 8.259179423334691572e-01 5.370756215425082081e-01 6.368803295151174160e-01 5.021543871424919425e-01 5.042947023017999575e-01 5.005732498748877157e-01 4.962325417332810185e-01 5.076198035818385579e-01 4.963041263214315046e-01 5.013843772463445481e-01 4.916896557070672413e-01 4.910638878361891502e-01 4.707443277532762371e-01 7.921042386090236809e-01 4.710868735865675339e-01 6.992664699344991464e-01 6.907253262194902321e-01 5.020757225880626562e-01 7.397500831591233839e-01 4.972760162560107000e-01 7.317844785101533800e-01 6.276783659361412360e-01 7.351989008581590879e-01 7.373944854039921060e-01 0.000000000000000000e+00 5.790382101664119929e-01 6.396094883382628105e-01 4.175996933710733883e-01 4.212247470041508013e-01 4.267691371434732539e-01 4.251225397673860096e-01 6.039846959434865825e-01
2.600000000000000000e+01 8.309649373241512205e-01 5.441631825819019941e-01 6.459868683722937988e-01 5.109622185274542705e-01 5.133885282296264396e-01 5.098534755477801550e-01 5.054334213241624685e-01 5.171982578436922218e-01 5.049187835663251356e-01 5.108362277672475749e-01 5.007949307393186889e-01 5.005083946867696643e-01 4.748903787091114381e-01 8.106704921820517828e-01 4.747200116432910288e-01 7.209761543488355517e-01 7.116518965751645887e-01 5.242764986708332575e-01 7.589378700230426933e-01 5.190529582932248420e-01 7.383544803674515489e-01 6.518130501287096035e-01 7.411911654767269209e-01 7.436655238424674241e-01 5.790382101664119929e-01 0.000000000000000000e+00 5.270863547191273479e-01 4.211498447762849207e-01 4.236716317299019652e-01 4.277210659418892447e-01 4.252669850655408368e-01 5.921487708680742701e-01
2.700000000000000000e+01 8.316608757390191453e-01 5.463000135695790238e-01 6.495571101367376698e-01 5.143147133451426711e-01 5.169464176683018497e-01 5.135446996430612643e-01 5.090586613865757393e-01 5.211160414430835441e-01 5.081206594678451260e-01 5.146502761110844926e-01 5.043267598033669419e-01 5.042746899826648921e-01 4.749257204123202847e-01 8.250448260074911833e-01 4.743857303121596924e-01 7.369700651927948432e-01 7.282225344965829184e-01 5.418544982399526866e-01 7.757126155879254803e-01 5.368500983080697342e-01 7.398294432354599603e-01 6.708803803007459265e-01 7.422345025497725235e-01 7.448292800634039867e-01 6.396094883382628105e-01 5.270863547191273479e-01 0.000000000000000000e+00 4.213725810202526567e-01 4.229182562333740902e-01 4.257697711359229031e-01 4.230648555262168653e-01 5.817370692407483057e-01
2.800000000000000000e+01 5.045952577177329479e-01 2.234213180305210100e-01 3.309825284505104603e-01 1.950545581072952173e-01 1.983181997439730226e-01 1.953248875543819318e-01 1.905911293945284912e-01 2.036560948601588983e-01 1.883308250694657460e-01 1.968087214771043758e-01 1.854411170943573994e-01 1.860753348839948584e-01 1.453493710541290396e-01 5.555258254665188522e-01 1.434089717926523289e-01 4.705776423712694223e-01 4.672323103688302837e-01 2.843536971972154825e-01 5.206762571277746554e-01 2.816156328587773316e-01 4.109679708915477958e-01 4.178576658655475118e-01 4.104400390370311902e-01 4.107769428647020105e-01 4.175996933710733883e-01 4.211498447762849207e-01 4.213725810202526567e-01 0.000000000000000000e+00 5.499087617323494825e-02 7.472448052711372357e-02 7.062686634077064429e-02 2.836265632223059496e-01
2.900000000000000000e+01 5.000851909186910804e-01 2.194167539038024417e-01 3.274915576646542092e-01 1.914868106871570053e-01 1.948235964139298781e-01 1.918779031020760861e-01 1.871228874686458044e-01 2.002866197579752372e-01 1.847113487451960134e-01 1.934056135209227811e-01 1.819453340809212838e-01 1.826664367316676030e-01 1.405540621797788381e-01 5.550630996847695231e-01 1.384518899349578280e-01 4.704967949269823757e-01 4.672642987853622421e-01 2.846045527324815305e-01 5.208277891003870730e-01 2.819167893032529237e-01 4.067929124127966922e-01 4.183427241196816526e-01 4.060421927315222002e-01 4.063852131396142875e-01 4.212247470041508013e-01 4.236716317299019652e-01 4.229182562333740902e-01 5.499087617323494825e-02 0.000000000000000000e+00 6.466176560679698371e-02 7.082095548596301082e-02 2.830348781827932703e-01
3.000000000000000000e+01 4.931160856279119264e-01 2.134552065646411756e-01 3.225472256668763804e-01 1.863931711040068273e-01 1.898733812114697383e-01 1.870211425970141339e-01 1.822281878304942704e-01 1.955763857911234083e-01 1.795214102905101083e-01 1.886346574117340746e-01 1.770079151071980994e-01 1.779024226818026189e-01 1.330470122177379033e-01 5.551673327807407077e-01 1.306486299827567810e-01 4.712322789302509363e-01 4.681379041606995028e-01 2.858172541103068398e-01 5.218656538860921845e-01 2.831968966897631668e-01 4.012270210594180431e-01 4.198951715793501349e-01 4.004983664543181887e-01 4.016217128232822398e-01 4.267691371434732539e-01 4.277210659418892447e-01 4.257697711359229031e-01 7.472448052711372357e-02 6.466176560679698371e-02 0.000000000000000000e+00 7.721469024361748978e-02 2.834347681382226591e-01
3.100000000000000000e+01 5.049409522707556386e-01 2.246407723221459651e-01 3.330360854924162561e-01 1.969900411470114632e-01 2.003688386179859338e-01 1.974506375119791102e-01 1.926916410565190363e-01 2.058920352471931281e-01 1.901990934797633814e-01 1.990028841585395059e-01 1.875243198121476773e-01 1.882989516574872235e-01 1.454474862213175346e-01 5.603895516613025540e-01 1.433767730584722955e-01 4.758919775185846968e-01 4.724734889607137278e-01 2.897699761223029302e-01 5.258486273426762336e-01 2.870108836041851408e-01 4.132990216027629948e-01 4.234132096615232932e-01 4.132046135132124709e-01 4.147334911244550115e-01 4.251225397673860096e-01 4.252669850655408368e-01 4.230648555262168653e-01 7.062686634077064429e-02 7.082095548596301082e-02 7.721469024361748978e-02 0.000000000000000000e+00 2.790575112276475478e-01
3.200000000000000000e+01 6.996541504882668461e-01 4.190136041778816933e-01 5.269981210076403189e-01 3.910243186647278657e-01 3.943391393572809323e-01 3.913797658312788696e-01 3.866540656376181717e-01 3.997325168768329773e-01 3.843015829649888415e-01 3.928931421750850861e-01 3.815549670564436502e-01 3.822635464468057132e-01 3.406344148333045885e-01 7.472502407601869789e-01 3.388283508770831842e-01 6.623612797759660387e-01 6.580662248822407578e-01 4.748479378666116135e-01 7.104674566313523565e-01 4.717250928101216489e-01 6.094080231227249067e-01 6.078196047185936424e-01 6.101635208038361791e-01 6.127286616726480561e-01 6.039846959434865825e-01 5.921487708680742701e-01 5.817370692407483057e-01 2.836265632223059496e-01 2.830348781827932703e-01 2.834347681382226591e-01 2.790575112276475478e-01 0.000000000000000000e+00
