0.000000000000000000e+00 1.000000000000000000e+00 2.000000000000000000e+00 3.000000000000000000e+00 4.000000000000000000e+00 5.000000000000000000e+00 6.000000000000000000e+00 7.000000000000000000e+00 8.000000000000000000e+00 9.000000000000000000e+00 1.000000000000000000e+01 1.100000000000000000e+01 1.200000000000000000e+01 1.300000000000000000e+01 1.400000000000000000e+01 1.500000000000000000e+01 1.600000000000000000e+01 1.700000000000000000e+01 1.800000000000000000e+01 1.900000000000000000e+01 2.000000000000000000e+01 2.100000000000000000e+01 2.200000000000000000e+01 2.300000000000000000e+01 2.400000000000000000e+01 2.500000000000000000e+01 2.600000000000000000e+01 2.700000000000000000e+01 2.800000000000000000e+01 2.900000000000000000e+01 3.000000000000000000e+01 3.100000000000000000e+01 3.200000000000000000e+01
1.000000000000000000e+00 0.000000000000000000e+00 8.682647004189711915e-01 9.798055124091868962e-01 9.613913979825751133e-01 9.766616213962060478e-01 9.866371459777528719e-01 9.801747027948692903e-01 1.006651574587114073e+00 9.498469237857160019e-01 9.968614830118914805e-01 9.716518938986660192e-01 9.854517137733115328e-01 9.659085862783304277e-01 1.195806117300330484e+00 9.976893522582207519e-01 1.133431072365392867e+00 1.160873740888615391e+00 1.144674511529432337e+00 1.201298665027934698e+00 1.164786896033668917e+00 1.030510090744795715e+00 1.152345624652503009e+00 1.041350097322615964e+00 1.050839102762886057e+00 1.154769470369410023e+00 1.182574534429158719e+00 1.203586455707590153e+00 1.118688888445688923e+00 1.111470820486597288e+00 1.106923767832568517e+00 1.136418019525824663e+00 1.202210872280211396e+00
2.000000000000000000e+00 8.682647004189711915e-01 0.000000000000000000e+00 8.362089324872243878e-01 8.065328145908826629e-01 8.308055810629491056e-01 8.448314753858360282e-01 8.352958981956071227e-01 8.719023906183305250e-01 7.862013339649668309e-01 8.590453338869808997e-01 8.257707362285662267e-01 8.453185455685242600e-01 8.405974071494227706e-01 1.081739602465704664e+00 8.863890313391192821e-01 1.020381459178749450e+00 1.047992737442836386e+00 1.032379302998367443e+00 1.089627153292765049e+00 1.053255621324645563e+00 9.213103162890863285e-01 1.042358170702518461e+00 9.352084764382366799e-01 9.459893966222721051e-01 1.050228399975880578e+00 1.079376094829632260e+00 1.101317683490700139e+00 1.019178023078815665e+00 1.012899547397118072e+00 1.011074930336147260e+00 1.038602615374922378e+00 1.104165335577294238e+00
3.000000000000000000e+00 9.798055124091868962e-01 8.362089324872243878e-01 0.000000000000000000e+00 5.995190923784662340e-01 4.613916682279872727e-01 5.761302085173839460e-01 6.281607335294345784e-01 6.629528662935286754e-01 7.325539233056302946e-01 6.519445080183671193e-01 7.397531657126610316e-01 7.251547144615012597e-01 8.437697737731703063e-01 9.917103090051240244e-01 8.727294742627521584e-01 9.364591699297923899e-01 9.634011791104968303e-01 9.507460305113739629e-01 1.008908907980232028e+00 9.737155236283925319e-01 8.851984357780264823e-01 9.688965980394939059e-01 9.007161096017235469e-01 9.102408075297783174e-01 9.943438776976920579e-01 1.026281589813920148e+00 1.050343430907485276e+00 9.803164856405215399e-01 9.772667820549438833e-01 9.822891594566980356e-01 1.002133575491420237e+00 1.064092595705151689e+00
4.000000000000000000e+00 9.613913979825751133e-01 8.065328145908826629e-01 5.995190923784662340e-01 0.000000000000000000e+00 5.683056792720646566e-01 6.412082363060315204e-01 6.349751454300136544e-01 7.156582324237044102e-01 6.840952125867033606e-01 6.930281554776088759e-01 7.175995736148761406e-01 7.193113801302076782e-01 8.260658832948922781e-01 1.004819837816791406e+00 8.617998655690223275e-01 9.474126701701777176e-01 9.747761347580969904e-01 9.611495624582304664e-01 1.019293422240650893e+00 9.836554042538265819e-01 8.804643241341516546e-01 9.770687751324129700e-01 8.965628037663346817e-01 9.068865146739542027e-01 9.979811306443768792e-01 1.029395880509990535e+00 1.053017183937012158e+00 9.796486090818097292e-01 9.758163017917331761e-01 9.794157763723470023e-01 1.001177389769669412e+00 1.064284485507891675e+00
5.000000000000000000e+00 9.766616213962060478e-01 8.308055810629491056e-01 4.613916682279872727e-01 5.683056792720646566e-01 0.000000000000000000e+00 5.467383316106265712e-01 5.902010200749256974e-01 6.628066237846357289e-01 7.138807741890963454e-01 6.391312294802139471e-01 7.214342184159312499e-01 7.071873981283046673e-01 8.335981559429629373e-01 9.891611955776138387e-01 8.638522532687707978e-01 9.330652250546422888e-01 9.602525717464072130e-01 9.472556376540790524e-01 1.005541393252332716e+00 9.701647813779583629e-01 8.773344840372647724e-01 9.648321782550772774e-01 8.932517325851936363e-01 9.030626049183367865e-01 9.892260992467627467e-01 1.021120639640986871e+00 1.045120993665546338e+00 9.742692887336785734e-01 9.710693874854257057e-01 9.759008819848211669e-01 9.961319681022284822e-01 1.058418018645780778e+00
6.000000000000000000e+00 9.866371459777528719e-01 8.448314753858360282e-01 5.761302085173839460e-01 6.412082363060315204e-01 5.467383316106265712e-01 0.000000000000000000e+00 5.318644965014822645e-01 6.005573801799903855e-01 7.206832330558515798e-01 5.467494243489102734e-01 7.078349016905445268e-01 6.774518767999005986e-01 8.282584213311340315e-01 9.709410717884545683e-01 8.547863134842582644e-01 9.149440942409323707e-01 9.423085863293505504e-01 9.294550325621555587e-01 9.880605500610546432e-01 9.526838730799402910e-01 8.644774284996572522e-01 9.478783003815536290e-01 8.806584872580349721e-01 8.903030392530806303e-01 9.742532858842345433e-01 1.006551781932536693e+00 1.030835324401455866e+00 9.613512352808848416e-01 9.585684232104612068e-01 9.643327551527514085e-01 9.835827672718326919e-01 1.045490950301253941e+00
7.000000000000000000e+00 9.801747027948692903e-01 8.352958981956071227e-01 6.281607335294345784e-01 6.349751454300136544e-01 5.902010200749256974e-01 5.318644965014822645e-01 0.000000000000000000e+00 6.463682466801985438e-01 6.867228385218452358e-01 5.810443661319467656e-01 6.661879210803973717e-01 6.338280524963434415e-01 8.098019027773785128e-01 9.718614888070948865e-01 8.396188653881372366e-01 9.140729538488174821e-01 9.419004658442342581e-01 9.282863523555029417e-01 9.870594912195189696e-01 9.512976065858884667e-01 8.522563971711587527e-01 9.452588234473986439e-01 8.693715379352497941e-01 8.797328710059915124e-01 9.688820078010942360e-01 1.001003172273377428e+00 1.025093592309548329e+00 9.534765184004261318e-01 9.502717279109449411e-01 9.554299782737494251e-01 9.757473615503478026e-01 1.038472845846062365e+00
8.000000000000000000e+00 1.006651574587114073e+00 8.719023906183305250e-01 6.629528662935286754e-01 7.156582324237044102e-01 6.628066237846357289e-01 6.005573801799903855e-01 6.463682466801985438e-01 0.000000000000000000e+00 7.631200016788671769e-01 5.333599294419234527e-01 7.387954223149302280e-01 6.995137959457252697e-01 8.424968363587447273e-01 9.460464582505498932e-01 8.610070833403525858e-01 8.923148627069001915e-01 9.193604965220827374e-01 9.076123272747236292e-01 9.664401772098887289e-01 9.315256732652654748e-01 8.626944212104712406e-01 9.289032985281937549e-01 8.779876016779755155e-01 8.865213978630861469e-01 9.611696499302784247e-01 9.941842833847645000e-01 1.019056204542665656e+00 9.539334784626014585e-01 9.521894986332049005e-01 9.598454290252973475e-01 9.765594377004978011e-01 1.036974310469789495e+00
9.000000000000000000e+00 9.498469237857160019e-01 7.862013339649668309e-01 7.325539233056302946e-01 6.840952125867033606e-01 7.138807741890963454e-01 7.206832330558515798e-01 6.867228385218452358e-01 7.631200016788671769e-01 0.000000000000000000e+00 7.357760451451690331e-01 6.290020167178436150e-01 6.864118884810598287e-01 7.625352948558424826e-01 1.001983479204370919e+00 8.152889963085755420e-01 9.407656711463625587e-01 9.690056200637866546e-01 9.537165255419153276e-01 1.012047084142980724e+00 9.756016529936055726e-01 8.456834143742175680e-01 9.661630631014257453e-01 8.639312600381696683e-01 8.761479021348828056e-01 9.802553682052597139e-01 1.011099423698395450e+00 1.034177395179032510e+00 9.554577329275442121e-01 9.504712291705208482e-01 9.522754148758967307e-01 9.769454282257756805e-01 1.042081820199713293e+00
1.000000000000000000e+01 9.968614830118914805e-01 8.590453338869808997e-01 6.519445080183671193e-01 6.930281554776088759e-01 6.391312294802139471e-01 5.467494243489102734e-01 5.810443661319467656e-01 5.333599294419234527e-01 7.357760451451690331e-01 0.000000000000000000e+00 7.051921647181937924e-01 6.568231700075241042e-01 8.253008237975899553e-01 9.518662716230150700e-01 8.469566998489669318e-01 8.958142449444845834e-01 9.234518577947685714e-01 9.107099399024956021e-01 9.697388025711648485e-01 9.343260888475346526e-01 8.518757420162068605e-01 9.300803890465307866e-01 8.682039406240646962e-01 8.775634520049258036e-01 9.587022922454573326e-01 9.914647584802802616e-01 1.016070690988067016e+00 9.481777330854390673e-01 9.458828533464338495e-01 9.527159036292685013e-01 9.708137610881293345e-01 1.032267457808923039e+00
1.100000000000000000e+01 9.716518938986660192e-01 8.257707362285662267e-01 7.397531657126610316e-01 7.175995736148761406e-01 7.214342184159312499e-01 7.078349016905445268e-01 6.661879210803973717e-01 7.387954223149302280e-01 6.290020167178436150e-01 7.051921647181937924e-01 0.000000000000000000e+00 5.759042497934668825e-01 7.472273544010207269e-01 9.736101020988279231e-01 7.902814718362428659e-01 9.113953948535866711e-01 9.402523968884612948e-01 9.246886417305959505e-01 9.837001759588399619e-01 9.469886592776890488e-01 8.145108991415108690e-01 9.376136992964436701e-01 8.350848275101332430e-01 8.480059036829594721e-01 9.534255194253158372e-01 9.850111743516045681e-01 1.008544800614399550e+00 9.306709578736949151e-01 9.261875655313736022e-01 9.295514446001111875e-01 9.531120943875295293e-01 1.018286039906033613e+00
1.200000000000000000e+01 9.854517137733115328e-01 8.453185455685242600e-01 7.251547144615012597e-01 7.193113801302076782e-01 7.071873981283046673e-01 6.774518767999005986e-01 6.338280524963434415e-01 6.995137959457252697e-01 6.864118884810598287e-01 6.568231700075241042e-01 5.759042497934668825e-01 0.000000000000000000e+00 7.733531251227950820e-01 9.551732539216661877e-01 8.013542256501929861e-01 8.938979978169416807e-01 9.228684568573348734e-01 9.078722637449962996e-01 9.673659609114120261e-01 9.308194677562853236e-01 8.136677438120369921e-01 9.228821253869816665e-01 8.336075061602004066e-01 8.454464592730359662e-01 9.433365077361854922e-01 9.756727011076760103e-01 9.997624813939813837e-01 9.253995599336464206e-01 9.218795820804055463e-01 9.271309157702261050e-01 9.483518131917609839e-01 1.012360096260654041e+00
1.300000000000000000e+01 9.659085862783304277e-01 8.405974071494227706e-01 8.437697737731703063e-01 8.260658832948922781e-01 8.335981559429629373e-01 8.282584213311340315e-01 8.098019027773785128e-01 8.424968363587447273e-01 7.625352948558424826e-01 8.253008237975899553e-01 7.472273544010207269e-01 7.733531251227950820e-01 0.000000000000000000e+00 1.000932822970842295e+00 6.829209551575458059e-01 9.339042501453953538e-01 9.630444406721467843e-01 9.450104338415292737e-01 1.002939253240761941e+00 9.653002441476727924e-01 7.750259539137380749e-01 9.505299428630533676e-01 7.977515926508984556e-01 8.152564687875891725e-01 9.502761278736078232e-01 9.796019069967523141e-01 1.001396667785612538e+00 9.107106292106676992e-01 9.028181602371996295e-01 8.999103434608033414e-01 9.319790024621232849e-01 1.001797321589614098e+00
1.400000000000000000e+01 1.195806117300330484e+00 1.081739602465704664e+00 9.917103090051240244e-01 1.004819837816791406e+00 9.891611955776138387e-01 9.709410717884545683e-01 9.718614888070948865e-01 9.460464582505498932e-01 1.001983479204370919e+00 9.518662716230150700e-01 9.736101020988279231e-01 9.551732539216661877e-01 1.000932822970842295e+00 0.000000000000000000e+00 9.823360512098310293e-01 6.554993539562705696e-01 5.731014980106636791e-01 6.455152305264075796e-01 6.078198143101316564e-01 6.372200034722412809e-01 9.436243787205151889e-01 7.156493646290549293e-01 9.435760335995768688e-01 9.391455579258418673e-01 8.574957775702629625e-01 8.905580979026048727e-01 9.205843063146297300e-01 9.372788373066309742e-01 9.478673375677419966e-01 9.723284105365881391e-01 9.567992159204183888e-01 9.864794074529756873e-01
1.500000000000000000e+01 9.976893522582207519e-01 8.863890313391192821e-01 8.727294742627521584e-01 8.617998655690223275e-01 8.638522532687707978e-01 8.547863134842582644e-01 8.396188653881372366e-01 8.610070833403525858e-01 8.152889963085755420e-01 8.469566998489669318e-01 7.902814718362428659e-01 8.013542256501929861e-01 6.829209551575458059e-01 9.823360512098310293e-01 0.000000000000000000e+00 9.121183786167328389e-01 9.418491832898165939e-01 9.223135712880257131e-01 9.802138493647178930e-01 9.418745386491571558e-01 6.927912909412605735e-01 9.242902094556413317e-01 7.243114261229519624e-01 7.504082409217227578e-01 9.170184827989658061e-01 9.462239227117492657e-01 9.677651779222775641e-01 8.692389610710085091e-01 8.596197610449649584e-01 8.552576926929027490e-01 8.919973959343165948e-01 9.656735077183216109e-01
1.600000000000000000e+01 1.133431072365392867e+00 1.020381459178749450e+00 9.364591699297923899e-01 9.474126701701777176e-01 9.330652250546422888e-01 9.149440942409323707e-01 9.140729538488174821e-01 8.923148627069001915e-01 9.407656711463625587e-01 8.958142449444845834e-01 9.113953948535866711e-01 8.938979978169416807e-01 9.339042501453953538e-01 6.554993539562705696e-01 9.121183786167328389e-01 0.000000000000000000e+00 5.482173810034451922e-01 4.618871522666698759e-01 6.512071545710129694e-01 5.788008986026318414e-01 8.692463054302861369e-01 6.186217309844646017e-01 8.679261501980646276e-01 8.623164441556705473e-01 7.766716926177856806e-01 8.155101300942417808e-01 8.473031409675557679e-01 8.575909439676452362e-01 8.689283534279892418e-01 8.950214651033678859e-01 8.784674372793717101e-01 9.107492405301942373e-01
1.700000000000000000e+01 1.160873740888615391e+00 1.047992737442836386e+00 9.634011791104968303e-01 9.747761347580969904e-01 9.602525717464072130e-01 9.423085863293505504e-01 9.419004658442342581e-01 9.193604965220827374e-01 9.690056200637866546e-01 9.234518577947685714e-01 9.402523968884612948e-01 9.228684568573348734e-01 9.630444406721467843e-01 5.731014980106636791e-01 9.418491832898165939e-01 5.482173810034451922e-01 0.000000000000000000e+00 5.052774681116556366e-01 5.624957056790227394e-01 5.100444191669648575e-01 9.003372765508206310e-01 6.276277415139301930e-01 8.988387745435961751e-01 8.932190135775666118e-01 7.956732286640613161e-01 8.301616712412138721e-01 8.611770790391337638e-01 8.843561229451399885e-01 8.961531713092318885e-01 9.221992531140090765e-01 9.036447879077182943e-01 9.308949759614926212e-01
1.800000000000000000e+01 1.144674511529432337e+00 1.032379302998367443e+00 9.507460305113739629e-01 9.611495624582304664e-01 9.472556376540790524e-01 9.294550325621555587e-01 9.282863523555029417e-01 9.076123272747236292e-01 9.537165255419153276e-01 9.107099399024956021e-01 9.246886417305959505e-01 9.078722637449962996e-01 9.450104338415292737e-01 6.455152305264075796e-01 9.223135712880257131e-01 4.618871522666698759e-01 5.052774681116556366e-01 0.000000000000000000e+00 6.119339186655483598e-01 5.051918824941832309e-01 8.789769431233394048e-01 5.786870357485343064e-01 8.767069603589228155e-01 8.704183571619046322e-01 7.672830820513310002e-01 8.047704892938543075e-01 8.368449077471467046e-01 8.587832452342711864e-01 8.711409936172491708e-01 8.981232939837828777e-01 8.785129625687162491e-01 9.062978346815089292e-01
1.900000000000000000e+01 1.201298665027934698e+00 1.089627153292765049e+00 1.008908907980232028e+00 1.019293422240650893e+00 1.005541393252332716e+00 9.880605500610546432e-01 9.870594912195189696e-01 9.664401772098887289e-01 1.012047084142980724e+00 9.697388025711648485e-01 9.837001759588399619e-01 9.673659609114120261e-01 1.002939253240761941e+00 6.078198143101316564e-01 9.802138493647178930e-01 6.512071545710129694e-01 5.624957056790227394e-01 6.119339186655483598e-01 0.000000000000000000e+00 5.345478301522694764e-01 9.378802054164061541e-01 6.385830563314147668e-01 9.349651124776097166e-01 9.283447917876623823e-01 8.051540615298091730e-01 8.340201417716046617e-01 8.642273753100135902e-01 9.090365602870329464e-01 9.223124101946107434e-01 9.495451554746086043e-01 9.261765722260120182e-01 9.450464431533072140e-01
2.000000000000000000e+01 1.164786896033668917e+00 1.053255621324645563e+00 9.737155236283925319e-01 9.836554042538265819e-01 9.701647813779583629e-01 9.526838730799402910e-01 9.512976065858884667e-01 9.315256732652654748e-01 9.756016529936055726e-01 9.343260888475346526e-01 9.469886592776890488e-01 9.308194677562853236e-01 9.653002441476727924e-01 6.372200034722412809e-01 9.418745386491571558e-01 5.788008986026318414e-01 5.100444191669648575e-01 5.051918824941832309e-01 5.345478301522694764e-01 0.000000000000000000e+00 8.984629026045718447e-01 5.584558962994528031e-01 8.953025855542942057e-01 8.884192026701482892e-01 7.658131355824919773e-01 7.992394788033301278e-01 8.309180660870538748e-01 8.692930607368503093e-01 8.826859382873266657e-01 9.103792356282129905e-01 8.872903884275216146e-01 9.087163512732943094e-01
2.100000000000000000e+01 1.030510090744795715e+00 9.213103162890863285e-01 8.851984357780264823e-01 8.804643241341516546e-01 8.773344840372647724e-01 8.644774284996572522e-01 8.522563971711587527e-01 8.626944212104712406e-01 8.456834143742175680e-01 8.518757420162068605e-01 8.145108991415108690e-01 8.136677438120369921e-01 7.750259539137380749e-01 9.436243787205151889e-01 6.927912909412605735e-01 8.692463054302861369e-01 9.003372765508206310e-01 8.789769431233394048e-01 9.378802054164061541e-01 8.984629026045718447e-01 0.000000000000000000e+00 8.781865619903368447e-01 5.497521089330468236e-01 6.228866317651391427e-01 8.673098499136813189e-01 8.987337128092958149e-01 9.214224365154584095e-01 8.154976278512966470e-01 8.058154288657337627e-01 8.071706595605083745e-01 8.439077545743487452e-01 9.222121227486728134e-01
2.200000000000000000e+01 1.152345624652503009e+00 1.042358170702518461e+00 9.688965980394939059e-01 9.770687751324129700e-01 9.648321782550772774e-01 9.478783003815536290e-01 9.452588234473986439e-01 9.289032985281937549e-01 9.661630631014257453e-01 9.300803890465307866e-01 9.376136992964436701e-01 9.228821253869816665e-01 9.505299428630533676e-01 7.156493646290549293e-01 9.242902094556413317e-01 6.186217309844646017e-01 6.276277415139301930e-01 5.786870357485343064e-01 6.385830563314147668e-01 5.584558962994528031e-01 8.781865619903368447e-01 0.000000000000000000e+00 8.730021708035582417e-01 8.645233904265414715e-01 7.122922560079927301e-01 7.512796592706043608e-01 7.859719072024005104e-01 8.338671477312482594e-01 8.492121177235130158e-01 8.791964270943288806e-01 8.512859336494515983e-01 8.691507182204107895e-01
2.300000000000000000e+01 1.041350097322615964e+00 9.352084764382366799e-01 9.007161096017235469e-01 8.965628037663346817e-01 8.932517325851936363e-01 8.806584872580349721e-01 8.693715379352497941e-01 8.779876016779755155e-01 8.639312600381696683e-01 8.682039406240646962e-01 8.350848275101332430e-01 8.336075061602004066e-01 7.977515926508984556e-01 9.435760335995768688e-01 7.243114261229519624e-01 8.679261501980646276e-01 8.988387745435961751e-01 8.767069603589228155e-01 9.349651124776097166e-01 8.953025855542942057e-01 5.497521089330468236e-01 8.730021708035582417e-01 0.000000000000000000e+00 5.160538038856619103e-01 8.554205187038284031e-01 8.864672333341727661e-01 9.088126802422922257e-01 7.939617038717170505e-01 7.820967896040993406e-01 7.825409481342808782e-01 8.243453142012389101e-01 9.069336503713347764e-01
2.400000000000000000e+01 1.050839102762886057e+00 9.459893966222721051e-01 9.102408075297783174e-01 9.068865146739542027e-01 9.030626049183367865e-01 8.903030392530806303e-01 8.797328710059915124e-01 8.865213978630861469e-01 8.761479021348828056e-01 8.775634520049258036e-01 8.480059036829594721e-01 8.454464592730359662e-01 8.152564687875891725e-01 9.391455579258418673e-01 7.504082409217227578e-01 8.623164441556705473e-01 8.932190135775666118e-01 8.704183571619046322e-01 9.283447917876623823e-01 8.884192026701482892e-01 6.228866317651391427e-01 8.645233904265414715e-01 5.160538038856619103e-01 0.000000000000000000e+00 8.421387901826462574e-01 8.733971740360633174e-01 8.957773092598146913e-01 7.733409238315827050e-01 7.600920117699467848e-01 7.622404665113717837e-01 8.065763728381527553e-01 8.929191349392378019e-01
2.500000000000000000e+01 1.154769470369410023e+00 1.050228399975880578e+00 9.943438776976920579e-01 9.979811306443768792e-01 9.892260992467627467e-01 9.742532858842345433e-01 9.688820078010942360e-01 9.611696499302784247e-01 9.802553682052597139e-01 9.587022922454573326e-01 9.534255194253158372e-01 9.433365077361854922e-01 9.502761278736078232e-01 8.574957775702629625e-01 9.170184827989658061e-01 7.766716926177856806e-01 7.956732286640613161e-01 7.672830820513310002e-01 8.051540615298091730e-01 7.658131355824919773e-01 8.673098499136813189e-01 7.122922560079927301e-01 8.554205187038284031e-01 8.421387901826462574e-01 0.000000000000000000e+00 5.854081036818388206e-01 6.581965183053408719e-01 7.541121880026389057e-01 7.794101346911530559e-01 8.179646491851420009e-01 7.630631174660369442e-01 7.593803278019055636e-01
2.600000000000000000e+01 1.182574534429158719e+00 1.079376094829632260e+00 1.026281589813920148e+00 1.029395880509990535e+00 1.021120639640986871e+00 1.006551781932536693e+00 1.001003172273377428e+00 9.941842833847645000e-01 1.011099423698395450e+00 9.914647584802802616e-01 9.850111743516045681e-01 9.756727011076760103e-01 9.796019069967523141e-01 8.905580979026048727e-01 9.462239227117492657e-01 8.155101300942417808e-01 8.301616712412138721e-01 8.047704892938543075e-01 8.340201417716046617e-01 7.992394788033301278e-01 8.987337128092958149e-01 7.512796592706043608e-01 8.864672333341727661e-01 8.733971740360633174e-01 5.854081036818388206e-01 0.000000000000000000e+00 5.307251137965074417e-01 7.789016166403099906e-01 8.029151221211530132e-01 8.378401931972190297e-01 7.768756826598488541e-01 7.290044780920654777e-01
2.700000000000000000e+01 1.203586455707590153e+00 1.101317683490700139e+00 1.050343430907485276e+00 1.053017183937012158e+00 1.045120993665546338e+00 1.030835324401455866e+00 1.025093592309548329e+00 1.019056204542665656e+00 1.034177395179032510e+00 1.016070690988067016e+00 1.008544800614399550e+00 9.997624813939813837e-01 1.001396667785612538e+00 9.205843063146297300e-01 9.677651779222775641e-01 8.473031409675557679e-01 8.611770790391337638e-01 8.368449077471467046e-01 8.642273753100135902e-01 8.309180660870538748e-01 9.214224365154584095e-01 7.859719072024005104e-01 9.088126802422922257e-01 8.957773092598146913e-01 6.581965183053408719e-01 5.307251137965074417e-01 0.000000000000000000e+00 7.985738676958746840e-01 8.213164878800649493e-01 8.536893752339678176e-01 7.908291986670603624e-01 7.123865299781855231e-01
2.800000000000000000e+01 1.118688888445688923e+00 1.019178023078815665e+00 9.803164856405215399e-01 9.796486090818097292e-01 9.742692887336785734e-01 9.613512352808848416e-01 9.534765184004261318e-01 9.539334784626014585e-01 9.554577329275442121e-01 9.481777330854390673e-01 9.306709578736949151e-01 9.253995599336464206e-01 9.107106292106676992e-01 9.372788373066309742e-01 8.692389610710085091e-01 8.575909439676452362e-01 8.843561229451399885e-01 8.587832452342711864e-01 9.090365602870329464e-01 8.692930607368503093e-01 8.154976278512966470e-01 8.338671477312482594e-01 7.939617038717170505e-01 7.733409238315827050e-01 7.541121880026389057e-01 7.789016166403099906e-01 7.985738676958746840e-01 0.000000000000000000e+00 5.295368854069175679e-01 6.629949496428968470e-01 5.854086700659903997e-01 7.729073643798416438e-01
2.900000000000000000e+01 1.111470820486597288e+00 1.012899547397118072e+00 9.772667820549438833e-01 9.758163017917331761e-01 9.710693874854257057e-01 9.585684232104612068e-01 9.502717279109449411e-01 9.521894986332049005e-01 9.504712291705208482e-01 9.458828533464338495e-01 9.261875655313736022e-01 9.218795820804055463e-01 9.028181602371996295e-01 9.478673375677419966e-01 8.596197610449649584e-01 8.689283534279892418e-01 8.961531713092318885e-01 8.711409936172491708e-01 9.223124101946107434e-01 8.826859382873266657e-01 8.058154288657337627e-01 8.492121177235130158e-01 7.820967896040993406e-01 7.600920117699467848e-01 7.794101346911530559e-01 8.029151221211530132e-01 8.213164878800649493e-01 5.295368854069175679e-01 0.000000000000000000e+00 6.051180100776905046e-01 6.223647286307800730e-01 7.930596169371413318e-01
3.000000000000000000e+01 1.106923767832568517e+00 1.011074930336147260e+00 9.822891594566980356e-01 9.794157763723470023e-01 9.759008819848211669e-01 9.643327551527514085e-01 9.554299782737494251e-01 9.598454290252973475e-01 9.522754148758967307e-01 9.527159036292685013e-01 9.295514446001111875e-01 9.271309157702261050e-01 8.999103434608033414e-01 9.723284105365881391e-01 8.552576926929027490e-01 8.950214651033678859e-01 9.221992531140090765e-01 8.981232939837828777e-01 9.495451554746086043e-01 9.103792356282129905e-01 8.071706595605083745e-01 8.791964270943288806e-01 7.825409481342808782e-01 7.622404665113717837e-01 8.179646491851420009e-01 8.378401931972190297e-01 8.536893752339678176e-01 6.629949496428968470e-01 6.051180100776905046e-01 0.000000000000000000e+00 6.822812603775263440e-01 8.184933846235173949e-01
3.100000000000000000e+01 1.136418019525824663e+00 1.038602615374922378e+00 1.002133575491420237e+00 1.001177389769669412e+00 9.961319681022284822e-01 9.835827672718326919e-01 9.757473615503478026e-01 9.765594377004978011e-01 9.769454282257756805e-01 9.708137610881293345e-01 9.531120943875295293e-01 9.483518131917609839e-01 9.319790024621232849e-01 9.567992159204183888e-01 8.919973959343165948e-01 8.784674372793717101e-01 9.036447879077182943e-01 8.785129625687162491e-01 9.261765722260120182e-01 8.872903884275216146e-01 8.439077545743487452e-01 8.512859336494515983e-01 8.243453142012389101e-01 8.065763728381527553e-01 7.630631174660369442e-01 7.768756826598488541e-01 7.908291986670603624e-01 5.854086700659903997e-01 6.223647286307800730e-01 6.822812603775263440e-01 0.000000000000000000e+00 7.399929867158683283e-01
3.200000000000000000e+01 1.202210872280211396e+00 1.104165335577294238e+00 1.064092595705151689e+00 1.064284485507891675e+00 1.058418018645780778e+00 1.045490950301253941e+00 1.038472845846062365e+00 1.036974310469789495e+00 1.042081820199713293e+00 1.032267457808923039e+00 1.018286039906033613e+00 1.012360096260654041e+00 1.001797321589614098e+00 9.864794074529756873e-01 9.656735077183216109e-01 9.107492405301942373e-01 9.308949759614926212e-01 9.062978346815089292e-01 9.450464431533072140e-01 9.087163512732943094e-01 9.222121227486728134e-01 8.691507182204107895e-01 9.069336503713347764e-01 8.929191349392378019e-01 7.593803278019055636e-01 7.290044780920654777e-01 7.123865299781855231e-01 7.729073643798416438e-01 7.930596169371413318e-01 8.184933846235173949e-01 7.399929867158683283e-01 0.000000000000000000e+00
