0.000000000000000000e+00 1.000000000000000000e+00 2.000000000000000000e+00 3.000000000000000000e+00 4.000000000000000000e+00 5.000000000000000000e+00 6.000000000000000000e+00 7.000000000000000000e+00 8.000000000000000000e+00 9.000000000000000000e+00 1.000000000000000000e+01 1.100000000000000000e+01 1.200000000000000000e+01 1.300000000000000000e+01 1.400000000000000000e+01 1.500000000000000000e+01 1.600000000000000000e+01 1.700000000000000000e+01 1.800000000000000000e+01 1.900000000000000000e+01 2.000000000000000000e+01 2.100000000000000000e+01 2.200000000000000000e+01 2.300000000000000000e+01 2.400000000000000000e+01 2.500000000000000000e+01 2.600000000000000000e+01 2.700000000000000000e+01 2.800000000000000000e+01 2.900000000000000000e+01 3.000000000000000000e+01 3.100000000000000000e+01 3.200000000000000000e+01
1.000000000000000000e+00 0.000000000000000000e+00 5.843534353965322836e-01 6.771586582231620133e-01 6.591419922679689902e-01 6.721561612412876308e-01 6.775415517428701184e-01 6.678282427621201611e-01 6.950745750375965093e-01 6.330901265574104819e-01 6.833547940240374263e-01 6.439346160351702153e-01 6.598879089766984674e-01 5.457035600565520728e-01 8.756268812070866492e-01 5.217101156829956343e-01 8.101902653725644443e-01 8.398432476239565680e-01 8.226587522654424944e-01 8.825946642786539620e-01 8.447336685161432879e-01 6.423902707997105610e-01 8.325559715758823476e-01 6.536191189814738456e-01 6.692565848349778523e-01 8.442563698062088839e-01 8.855663820540177200e-01 9.180017061653289456e-01 7.905252953481399780e-01 7.757243497674312094e-01 7.650661529830018459e-01 8.289336739285912969e-01 9.492977687515421481e-01
2.000000000000000000e+00 5.843534353965322836e-01 0.000000000000000000e+00 8.242701339635202240e-01 7.960815617208988337e-01 8.183239712546526157e-01 8.296450077588440886e-01 8.190191757338213252e-01 8.543419592363347137e-01 7.712451914752707083e-01 8.409821438244902136e-01 8.021739058149615076e-01 8.213400052352677339e-01 7.469821482824199332e-01 1.057567712278216776e+00 7.311562986154241939e-01 9.937886588512102604e-01 1.023231382614994578e+00 1.006852959995752972e+00 1.066968705715110488e+00 1.029450426310266398e+00 8.419467315064780299e-01 1.018909883382218995e+00 8.543919815837420773e-01 8.695692794139153747e-01 1.035267613625638239e+00 1.076958280199837859e+00 1.109698640915745438e+00 9.876201969222148103e-01 9.743134926079554115e-01 9.666305280372293751e-01 1.025995290106250346e+00 1.143392263926486407e+00
3.000000000000000000e+00 6.771586582231620133e-01 8.242701339635202240e-01 0.000000000000000000e+00 5.994202246038261572e-01 4.613723129455538086e-01 5.758733071496854317e-01 6.276638867485265783e-01 6.623053094139202956e-01 7.310771741766703968e-01 6.511692259532828597e-01 7.368890689478140299e-01 7.225693898940448445e-01 7.923238345629490809e-01 9.914064407261460321e-01 7.776324302190912308e-01 9.347519826086897465e-01 9.629959453094754096e-01 9.499744204442990281e-01 1.010396591365309238e+00 9.743890927953102743e-01 8.512725886816782106e-01 9.702840810106823088e-01 8.646861120784387067e-01 8.764755641498440664e-01 1.003842991628998149e+00 1.046651096830166328e+00 1.080390079895947375e+00 9.776230109230644727e-01 9.693228479255072694e-01 9.708513105265899057e-01 1.015393286065602751e+00 1.122424572314926206e+00
4.000000000000000000e+00 6.591419922679689902e-01 7.960815617208988337e-01 5.994202246038261572e-01 0.000000000000000000e+00 5.681906513013932347e-01 6.406892412471366649e-01 6.342278417954799741e-01 7.145486496532510445e-01 6.829009818527056463e-01 6.918132803243255413e-01 7.143976873187085630e-01 7.161513716257419393e-01 7.740521938906603783e-01 1.003567897235974948e+00 7.621311265960374337e-01 9.446673148560730260e-01 9.734046007127314937e-01 9.593786242779405171e-01 1.019884209970998157e+00 9.833910483569281435e-01 8.428661523130523969e-01 9.775160238634275078e-01 8.567468558312217874e-01 8.695504280679602349e-01 1.006735219770810374e+00 1.049341475753981623e+00 1.082862628861405829e+00 9.754335867206814781e-01 9.660153133213574828e-01 9.656136805576482907e-01 1.013438650259408380e+00 1.122921084352508370e+00
5.000000000000000000e+00 6.721561612412876308e-01 8.183239712546526157e-01 4.613723129455538086e-01 5.681906513013932347e-01 0.000000000000000000e+00 5.465804533617667493e-01 5.898665630899661005e-01 6.622891135122791484e-01 7.126819550146110682e-01 6.385235118630792073e-01 7.190014028180522487e-01 7.049708283967677236e-01 7.836357240672573443e-01 9.892305215241494754e-01 7.698511970890363765e-01 9.317626430062794229e-01 9.602490205136073875e-01 9.468991761499281345e-01 1.007451253522615220e+00 9.712646971165150855e-01 8.439869487306747020e-01 9.666728133628621489e-01 8.577192493141795326e-01 8.697551696616145911e-01 9.992549031988857688e-01 1.042058211331912343e+00 1.075765078590710466e+00 9.720548828434641964e-01 9.635725478720863491e-01 9.648426624287016473e-01 1.009911235441485866e+00 1.117415004097406683e+00
6.000000000000000000e+00 6.775415517428701184e-01 8.296450077588440886e-01 5.758733071496854317e-01 6.406892412471366649e-01 5.465804533617667493e-01 0.000000000000000000e+00 5.318123796946500059e-01 6.004405703071441502e-01 7.195401232690268323e-01 5.466024738597849986e-01 7.063267774674371058e-01 6.762412055640611985e-01 7.815418259749309371e-01 9.723472752971009658e-01 7.669219496090368127e-01 9.151286186006978296e-01 9.437188994437528677e-01 9.305713574126075471e-01 9.913623141873570965e-01 9.552227370235526482e-01 8.354122879316941974e-01 9.512159908513024842e-01 8.493520575695158170e-01 8.609429095419944833e-01 9.857572025775152014e-01 1.028745893389181099e+00 1.062590100451763275e+00 9.612297413962104242e-01 9.534106576838917713e-01 9.559471275710338389e-01 9.990527183528117305e-01 1.105268814773017194e+00
7.000000000000000000e+00 6.678282427621201611e-01 8.190191757338213252e-01 6.276638867485265783e-01 6.342278417954799741e-01 5.898665630899661005e-01 5.318123796946500059e-01 0.000000000000000000e+00 6.462431441994908043e-01 6.858477404547143053e-01 5.809502567143041141e-01 6.651770039510702670e-01 6.329937116245292206e-01 7.654967443573286179e-01 9.736855058425646359e-01 7.530328174266681662e-01 9.147167129218453097e-01 9.437779903166676476e-01 9.298891062272933716e-01 9.908796531478314407e-01 9.543552345590924357e-01 8.235608502329420100e-01 9.491655645656036366e-01 8.382630255832032029e-01 8.505271102473925815e-01 9.811347876630449605e-01 1.024073307139941047e+00 1.057817782633377446e+00 9.538804963687262939e-01 9.455232706862833902e-01 9.472410175888490436e-01 9.919068047520562814e-01 1.099434265609353201e+00
8.000000000000000000e+00 6.950745750375965093e-01 8.543419592363347137e-01 6.623053094139202956e-01 7.145486496532510445e-01 6.622891135122791484e-01 6.004405703071441502e-01 6.462431441994908043e-01 0.000000000000000000e+00 7.614362105703225136e-01 5.333432039766043964e-01 7.375243844801098181e-01 6.987532051983003090e-01 7.967240110080018312e-01 9.481685060467197612e-01 7.787246922884324407e-01 8.933533465797610651e-01 9.215228451790267172e-01 9.095306873474324760e-01 9.704030433056836102e-01 9.347842017754557364e-01 8.380399260236058856e-01 9.329708769205307117e-01 8.512215068006204755e-01 8.614103812352322809e-01 9.731529535493397276e-01 1.016430883861637824e+00 1.050568147702819255e+00 9.553230072341575285e-01 9.489870200098488029e-01 9.540836475821588003e-01 9.928435178214995993e-01 1.095838313158388644e+00
9.000000000000000000e+00 6.330901265574104819e-01 7.712451914752707083e-01 7.310771741766703968e-01 6.829009818527056463e-01 7.126819550146110682e-01 7.195401232690268323e-01 6.858477404547143053e-01 7.614362105703225136e-01 0.000000000000000000e+00 7.343016586284163427e-01 6.276886964855381557e-01 6.844425598535630595e-01 7.206504615232416366e-01 1.001240539903571314e+00 7.188832637611782816e-01 9.386602874442996347e-01 9.682846682604704380e-01 9.526538151633716645e-01 1.013421722909017664e+00 9.761268161931451193e-01 8.085139502902062292e-01 9.675362699193938987e-01 8.238959463284897256e-01 8.384360807418864692e-01 9.903969005014452431e-01 1.032777451304988769e+00 1.066009512358342182e+00 9.519227835058209353e-01 9.409925719812425315e-01 9.381300890354156152e-01 9.903551871440057219e-01 1.103286776434756256e+00
1.000000000000000000e+01 6.833547940240374263e-01 8.409821438244902136e-01 6.511692259532828597e-01 6.918132803243255413e-01 6.385235118630792073e-01 5.466024738597849986e-01 5.809502567143041141e-01 5.333432039766043964e-01 7.343016586284163427e-01 0.000000000000000000e+00 7.042050906895656048e-01 6.562499174746601049e-01 7.810295874257768833e-01 9.542808029907483558e-01 7.648864564187266568e-01 8.971588071382866625e-01 9.259452229344358187e-01 9.129681978069317250e-01 9.740946851391643069e-01 9.379680074417975355e-01 8.268770906220429540e-01 9.345756290173568015e-01 8.409453278338302473e-01 8.519723760437434290e-01 9.713204114675599854e-01 1.014529993793541696e+00 1.048533375854108662e+00 9.498480608065494879e-01 9.427911569122461310e-01 9.467777174207008262e-01 9.876337550282789923e-01 1.092382008517942538e+00
1.100000000000000000e+01 6.439346160351702153e-01 8.021739058149615076e-01 7.368890689478140299e-01 7.143976873187085630e-01 7.190014028180522487e-01 7.063267774674371058e-01 6.651770039510702670e-01 7.375243844801098181e-01 6.276886964855381557e-01 7.042050906895656048e-01 0.000000000000000000e+00 5.756886364257476352e-01 7.132022217670761499e-01 9.763389956447647844e-01 7.107340441334156766e-01 9.131575841896540924e-01 9.432406770374324179e-01 9.274971508627831707e-01 9.887977762389965619e-01 9.513476031356127294e-01 7.880759025755365021e-01 9.430238270045863125e-01 8.054970093609329362e-01 8.199930806370232528e-01 9.677909482443851630e-01 1.010533056112354444e+00 1.043976619023428754e+00 9.326658440003080530e-01 9.227216823907066212e-01 9.220164497901310874e-01 9.712584739307597026e-01 1.082554501017971127e+00
1.200000000000000000e+01 6.598879089766984674e-01 8.213400052352677339e-01 7.225693898940448445e-01 7.161513716257419393e-01 7.049708283967677236e-01 6.762412055640611985e-01 6.329937116245292206e-01 6.987532051983003090e-01 6.844425598535630595e-01 6.562499174746601049e-01 5.756886364257476352e-01 0.000000000000000000e+00 7.365721401942495472e-01 9.588594108330354970e-01 7.259732613809518620e-01 8.967140248847843553e-01 9.268306335950640129e-01 9.116895901292016990e-01 9.733550542936437733e-01 9.361160666988579404e-01 7.912569494043307783e-01 9.292293157978628315e-01 8.083708586332841728e-01 8.215919598339553875e-01 9.584122250574707014e-01 1.001516873227893178e+00 1.035246748122047311e+00 9.291121911827989743e-01 9.205713320722576087e-01 9.224457142565243295e-01 9.675650241412077079e-01 1.076061038492955646e+00
1.300000000000000000e+01 5.457035600565520728e-01 7.469821482824199332e-01 7.923238345629490809e-01 7.740521938906603783e-01 7.836357240672573443e-01 7.815418259749309371e-01 7.654967443573286179e-01 7.967240110080018312e-01 7.206504615232416366e-01 7.810295874257768833e-01 7.132022217670761499e-01 7.365721401942495472e-01 0.000000000000000000e+00 9.628357629660484474e-01 5.777963678087943977e-01 8.952497869566423683e-01 9.255982146421841694e-01 9.075496230021484756e-01 9.679243421798766622e-01 9.295729248710236092e-01 7.081570271448945908e-01 9.161855874893165552e-01 7.239486499655963803e-01 7.420761939886728609e-01 9.258835317594706904e-01 9.673818136389983335e-01 9.998411422880224553e-01 8.708134313834142715e-01 8.559975170108319320e-01 8.461876861312609410e-01 9.097994926919203973e-01 1.030721331573877464e+00
1.400000000000000000e+01 8.756268812070866492e-01 1.057567712278216776e+00 9.914064407261460321e-01 1.003567897235974948e+00 9.892305215241494754e-01 9.723472752971009658e-01 9.736855058425646359e-01 9.481685060467197612e-01 1.001240539903571314e+00 9.542808029907483558e-01 9.763389956447647844e-01 9.588594108330354970e-01 9.628357629660484474e-01 0.000000000000000000e+00 9.288115824210222415e-01 6.555885927287284920e-01 5.731645405479506294e-01 6.456172728188551702e-01 6.081406691180299973e-01 6.374728939217086943e-01 9.441087074588329076e-01 7.162436736561923478e-01 9.430829881646324298e-01 9.384634457022669185e-01 8.618558299325882466e-01 9.004660207436619990e-01 9.364087803031637680e-01 9.406683826877338950e-01 9.508471348268091594e-01 9.793763109954456425e-01 9.686712280078095816e-01 1.022690499158540156e+00
1.500000000000000000e+01 5.217101156829956343e-01 7.311562986154241939e-01 7.776324302190912308e-01 7.621311265960374337e-01 7.698511970890363765e-01 7.669219496090368127e-01 7.530328174266681662e-01 7.787246922884324407e-01 7.188832637611782816e-01 7.648864564187266568e-01 7.107340441334156766e-01 7.259732613809518620e-01 5.777963678087943977e-01 9.288115824210222415e-01 0.000000000000000000e+00 8.599333552381754897e-01 8.904979536807569040e-01 8.718278111718973378e-01 9.321552698293800177e-01 8.935204023916385463e-01 6.453721657602099482e-01 8.789353805257473784e-01 6.667523105194584909e-01 6.888892760073612731e-01 8.855543803191223695e-01 9.269609935839552284e-01 9.592934249473727970e-01 8.269389296538233181e-01 8.114340210340730275e-01 8.009829626644426881e-01 8.663598643904966146e-01 9.889102545506575082e-01
1.600000000000000000e+01 8.101902653725644443e-01 9.937886588512102604e-01 9.347519826086897465e-01 9.446673148560730260e-01 9.317626430062794229e-01 9.151286186006978296e-01 9.147167129218453097e-01 8.933533465797610651e-01 9.386602874442996347e-01 8.971588071382866625e-01 9.131575841896540924e-01 8.967140248847843553e-01 8.952497869566423683e-01 6.555885927287284920e-01 8.599333552381754897e-01 0.000000000000000000e+00 5.482664857950789727e-01 4.619333195895976019e-01 6.516057229449248034e-01 5.790456110377062426e-01 8.707939575622062334e-01 6.191517340530965363e-01 8.685863187152650378e-01 8.626710368223753367e-01 7.808113201433843908e-01 8.251179210946769649e-01 8.627835937661287868e-01 8.608571438442645940e-01 8.719139793407350014e-01 9.022440539955249861e-01 8.898981769040843481e-01 9.462551458316735831e-01
1.700000000000000000e+01 8.398432476239565680e-01 1.023231382614994578e+00 9.629959453094754096e-01 9.734046007127314937e-01 9.602490205136073875e-01 9.437188994437528677e-01 9.437779903166676476e-01 9.215228451790267172e-01 9.682846682604704380e-01 9.259452229344358187e-01 9.432406770374324179e-01 9.268306335950640129e-01 9.255982146421841694e-01 5.731645405479506294e-01 8.904979536807569040e-01 5.482664857950789727e-01 0.000000000000000000e+00 5.052841004625578947e-01 5.626654195757136989e-01 5.101312036668914640e-01 9.027508438150654291e-01 6.279458132026067840e-01 9.003706399446064212e-01 8.944147704608294003e-01 7.992835869709793428e-01 8.389085492816045209e-01 8.755476468690031044e-01 8.877346936512010567e-01 8.994708519089053000e-01 9.301389672285420573e-01 9.149432937886463613e-01 9.649982147511023678e-01
1.800000000000000000e+01 8.226587522654424944e-01 1.006852959995752972e+00 9.499744204442990281e-01 9.593786242779405171e-01 9.468991761499281345e-01 9.305713574126075471e-01 9.298891062272933716e-01 9.095306873474324760e-01 9.526538151633716645e-01 9.129681978069317250e-01 9.274971508627831707e-01 9.116895901292016990e-01 9.075496230021484756e-01 6.456172728188551702e-01 8.718278111718973378e-01 4.619333195895976019e-01 5.052841004625578947e-01 0.000000000000000000e+00 6.121230821375287512e-01 5.052707560007214660e-01 8.821536767640084653e-01 5.789595082389260572e-01 8.790519638366541821e-01 8.723609918549104503e-01 7.706952824269470703e-01 8.132100599891535220e-01 8.508359726377074939e-01 8.621328725276858895e-01 8.745429780226662286e-01 9.063150034631561880e-01 8.895554775817440252e-01 9.397574035392680658e-01
1.900000000000000000e+01 8.825946642786539620e-01 1.066968705715110488e+00 1.010396591365309238e+00 1.019884209970998157e+00 1.007451253522615220e+00 9.913623141873570965e-01 9.908796531478314407e-01 9.704030433056836102e-01 1.013421722909017664e+00 9.740946851391643069e-01 9.887977762389965619e-01 9.733550542936437733e-01 9.679243421798766622e-01 6.081406691180299973e-01 9.321552698293800177e-01 6.516057229449248034e-01 5.626654195757136989e-01 6.121230821375287512e-01 0.000000000000000000e+00 5.345894160754502966e-01 9.433994575829499629e-01 6.387416011261108917e-01 9.396904076531554795e-01 9.325720775883323821e-01 8.078991775275028431e-01 8.411622078603403496e-01 8.764485606642644644e-01 9.129888867179368761e-01 9.267664906575806549e-01 9.595602583132567531e-01 9.372931978504981387e-01 9.761199640272294475e-01
2.000000000000000000e+01 8.447336685161432879e-01 1.029450426310266398e+00 9.743890927953102743e-01 9.833910483569281435e-01 9.712646971165150855e-01 9.552227370235526482e-01 9.543552345590924357e-01 9.347842017754557364e-01 9.761268161931451193e-01 9.379680074417975355e-01 9.513476031356127294e-01 9.361160666988579404e-01 9.295729248710236092e-01 6.374728939217086943e-01 8.935204023916385463e-01 5.790456110377062426e-01 5.101312036668914640e-01 5.052707560007214660e-01 5.345894160754502966e-01 0.000000000000000000e+00 9.036705883808441309e-01 5.585437979239993300e-01 8.997310385418565426e-01 8.923396641358869452e-01 7.684902505104092008e-01 8.064011004393897286e-01 8.432323740178586657e-01 8.729395263774227809e-01 8.867820030902765494e-01 9.199321220577574287e-01 8.981045306327155586e-01 9.398895660141769470e-01
2.100000000000000000e+01 6.423902707997105610e-01 8.419467315064780299e-01 8.512725886816782106e-01 8.428661523130523969e-01 8.439869487306747020e-01 8.354122879316941974e-01 8.235608502329420100e-01 8.380399260236058856e-01 8.085139502902062292e-01 8.268770906220429540e-01 7.880759025755365021e-01 7.912569494043307783e-01 7.081570271448945908e-01 9.441087074588329076e-01 6.453721657602099482e-01 8.707939575622062334e-01 9.027508438150654291e-01 8.821536767640084653e-01 9.433994575829499629e-01 9.036705883808441309e-01 0.000000000000000000e+00 8.862195125902763149e-01 5.489443590249490912e-01 6.213908611431968598e-01 8.887567542102856599e-01 9.314504998441458516e-01 9.642586993240567228e-01 8.303866419814672772e-01 8.169296112858367431e-01 8.163442628963371028e-01 8.732859611990386739e-01 9.949088328652931912e-01
2.200000000000000000e+01 8.325559715758823476e-01 1.018909883382218995e+00 9.702840810106823088e-01 9.775160238634275078e-01 9.666728133628621489e-01 9.512159908513024842e-01 9.491655645656036366e-01 9.329708769205307117e-01 9.675362699193938987e-01 9.345756290173568015e-01 9.430238270045863125e-01 9.292293157978628315e-01 9.161855874893165552e-01 7.162436736561923478e-01 8.789353805257473784e-01 6.191517340530965363e-01 6.279458132026067840e-01 5.789595082389260572e-01 6.387416011261108917e-01 5.585437979239993300e-01 8.862195125902763149e-01 0.000000000000000000e+00 8.803768034834283940e-01 8.712036979520323410e-01 7.141246483566923153e-01 7.569937080945808860e-01 7.964110107168076436e-01 8.376688340984886905e-01 8.539526513665752772e-01 8.901774826858424028e-01 8.614460764474247689e-01 8.974784925660105328e-01
2.300000000000000000e+01 6.536191189814738456e-01 8.543919815837420773e-01 8.646861120784387067e-01 8.567468558312217874e-01 8.577192493141795326e-01 8.493520575695158170e-01 8.382630255832032029e-01 8.512215068006204755e-01 8.238959463284897256e-01 8.409453278338302473e-01 8.054970093609329362e-01 8.083708586332841728e-01 7.239486499655963803e-01 9.430829881646324298e-01 6.667523105194584909e-01 8.685863187152650378e-01 9.003706399446064212e-01 8.790519638366541821e-01 9.396904076531554795e-01 8.997310385418565426e-01 5.489443590249490912e-01 8.803768034834283940e-01 0.000000000000000000e+00 5.159044287344574098e-01 8.765715428005536047e-01 9.188964954598412005e-01 9.513827022887804130e-01 8.093130169417183106e-01 7.940344090060836857e-01 7.931902574811311446e-01 8.537982931987810886e-01 9.792639562779917872e-01
2.400000000000000000e+01 6.692565848349778523e-01 8.695692794139153747e-01 8.764755641498440664e-01 8.695504280679602349e-01 8.697551696616145911e-01 8.609429095419944833e-01 8.505271102473925815e-01 8.614103812352322809e-01 8.384360807418864692e-01 8.519723760437434290e-01 8.199930806370232528e-01 8.215919598339553875e-01 7.420761939886728609e-01 9.384634457022669185e-01 6.888892760073612731e-01 8.626710368223753367e-01 8.944147704608294003e-01 8.723609918549104503e-01 9.325720775883323821e-01 8.923396641358869452e-01 6.213908611431968598e-01 8.712036979520323410e-01 5.159044287344574098e-01 0.000000000000000000e+00 8.618694627610461456e-01 9.040831269047030494e-01 9.363898269166830435e-01 7.873539253383400327e-01 7.709912513251727662e-01 7.723402648271096016e-01 8.339301924791853171e-01 9.622992526376102917e-01
2.500000000000000000e+01 8.442563698062088839e-01 1.035267613625638239e+00 1.003842991628998149e+00 1.006735219770810374e+00 9.992549031988857688e-01 9.857572025775152014e-01 9.811347876630449605e-01 9.731529535493397276e-01 9.903969005014452431e-01 9.713204114675599854e-01 9.677909482443851630e-01 9.584122250574707014e-01 9.258835317594706904e-01 8.618558299325882466e-01 8.855543803191223695e-01 7.808113201433843908e-01 7.992835869709793428e-01 7.706952824269470703e-01 8.078991775275028431e-01 7.684902505104092008e-01 8.887567542102856599e-01 7.141246483566923153e-01 8.765715428005536047e-01 8.618694627610461456e-01 0.000000000000000000e+00 5.866568980300906899e-01 6.622524541087173588e-01 7.598276648740155403e-01 7.882147489514591543e-01 8.365316050877917853e-01 7.713787185215674747e-01 7.759223008068402150e-01
2.600000000000000000e+01 8.855663820540177200e-01 1.076958280199837859e+00 1.046651096830166328e+00 1.049341475753981623e+00 1.042058211331912343e+00 1.028745893389181099e+00 1.024073307139941047e+00 1.016430883861637824e+00 1.032777451304988769e+00 1.014529993793541696e+00 1.010533056112354444e+00 1.001516873227893178e+00 9.673818136389983335e-01 9.004660207436619990e-01 9.269609935839552284e-01 8.251179210946769649e-01 8.389085492816045209e-01 8.132100599891535220e-01 8.411622078603403496e-01 8.064011004393897286e-01 9.314504998441458516e-01 7.569937080945808860e-01 9.188964954598412005e-01 9.040831269047030494e-01 5.866568980300906899e-01 0.000000000000000000e+00 5.315506765348931850e-01 7.905579394875782429e-01 8.191708032852590415e-01 8.664456487542426810e-01 7.896326278727747727e-01 7.405000918525369569e-01
2.700000000000000000e+01 9.180017061653289456e-01 1.109698640915745438e+00 1.080390079895947375e+00 1.082862628861405829e+00 1.075765078590710466e+00 1.062590100451763275e+00 1.057817782633377446e+00 1.050568147702819255e+00 1.066009512358342182e+00 1.048533375854108662e+00 1.043976619023428754e+00 1.035246748122047311e+00 9.998411422880224553e-01 9.364087803031637680e-01 9.592934249473727970e-01 8.627835937661287868e-01 8.755476468690031044e-01 8.508359726377074939e-01 8.764485606642644644e-01 8.432323740178586657e-01 9.642586993240567228e-01 7.964110107168076436e-01 9.513827022887804130e-01 9.363898269166830435e-01 6.622524541087173588e-01 5.315506765348931850e-01 0.000000000000000000e+00 8.168783462445946553e-01 8.453110484619862364e-01 8.918906543943774246e-01 8.093753608228779761e-01 7.223244080455056837e-01
2.800000000000000000e+01 7.905252953481399780e-01 9.876201969222148103e-01 9.776230109230644727e-01 9.754335867206814781e-01 9.720548828434641964e-01 9.612297413962104242e-01 9.538804963687262939e-01 9.553230072341575285e-01 9.519227835058209353e-01 9.498480608065494879e-01 9.326658440003080530e-01 9.291121911827989743e-01 8.708134313834142715e-01 9.406683826877338950e-01 8.269389296538233181e-01 8.608571438442645940e-01 8.877346936512010567e-01 8.621328725276858895e-01 9.129888867179368761e-01 8.729395263774227809e-01 8.303866419814672772e-01 8.376688340984886905e-01 8.093130169417183106e-01 7.873539253383400327e-01 7.598276648740155403e-01 7.905579394875782429e-01 8.168783462445946553e-01 0.000000000000000000e+00 5.301653550048964769e-01 6.686159175086616724e-01 5.877482850098352252e-01 8.042992468885680202e-01
2.900000000000000000e+01 7.757243497674312094e-01 9.743134926079554115e-01 9.693228479255072694e-01 9.660153133213574828e-01 9.635725478720863491e-01 9.534106576838917713e-01 9.455232706862833902e-01 9.489870200098488029e-01 9.409925719812425315e-01 9.427911569122461310e-01 9.227216823907066212e-01 9.205713320722576087e-01 8.559975170108319320e-01 9.508471348268091594e-01 8.114340210340730275e-01 8.719139793407350014e-01 8.994708519089053000e-01 8.745429780226662286e-01 9.267664906575806549e-01 8.867820030902765494e-01 8.169296112858367431e-01 8.539526513665752772e-01 7.940344090060836857e-01 7.709912513251727662e-01 7.882147489514591543e-01 8.191708032852590415e-01 8.453110484619862364e-01 5.301653550048964769e-01 0.000000000000000000e+00 6.076702393136961255e-01 6.270370309817279164e-01 8.332599173865021802e-01
3.000000000000000000e+01 7.650661529830018459e-01 9.666305280372293751e-01 9.708513105265899057e-01 9.656136805576482907e-01 9.648426624287016473e-01 9.559471275710338389e-01 9.472410175888490436e-01 9.540836475821588003e-01 9.381300890354156152e-01 9.467777174207008262e-01 9.220164497901310874e-01 9.224457142565243295e-01 8.461876861312609410e-01 9.793763109954456425e-01 8.009829626644426881e-01 9.022440539955249861e-01 9.301389672285420573e-01 9.063150034631561880e-01 9.595602583132567531e-01 9.199321220577574287e-01 8.163442628963371028e-01 8.901774826858424028e-01 7.931902574811311446e-01 7.723402648271096016e-01 8.365316050877917853e-01 8.664456487542426810e-01 8.918906543943774246e-01 6.686159175086616724e-01 6.076702393136961255e-01 0.000000000000000000e+00 6.950027110735501612e-01 8.782953389576294567e-01
3.100000000000000000e+01 8.289336739285912969e-01 1.025995290106250346e+00 1.015393286065602751e+00 1.013438650259408380e+00 1.009911235441485866e+00 9.990527183528117305e-01 9.919068047520562814e-01 9.928435178214995993e-01 9.903551871440057219e-01 9.876337550282789923e-01 9.712584739307597026e-01 9.675650241412077079e-01 9.097994926919203973e-01 9.686712280078095816e-01 8.663598643904966146e-01 8.898981769040843481e-01 9.149432937886463613e-01 8.895554775817440252e-01 9.372931978504981387e-01 8.981045306327155586e-01 8.732859611990386739e-01 8.614460764474247689e-01 8.537982931987810886e-01 8.339301924791853171e-01 7.713787185215674747e-01 7.896326278727747727e-01 8.093753608228779761e-01 5.877482850098352252e-01 6.270370309817279164e-01 6.950027110735501612e-01 0.000000000000000000e+00 7.648652376740155967e-01
3.200000000000000000e+01 9.492977687515421481e-01 1.143392263926486407e+00 1.122424572314926206e+00 1.122921084352508370e+00 1.117415004097406683e+00 1.105268814773017194e+00 1.099434265609353201e+00 1.095838313158388644e+00 1.103286776434756256e+00 1.092382008517942538e+00 1.082554501017971127e+00 1.076061038492955646e+00 1.030721331573877464e+00 1.022690499158540156e+00 9.889102545506575082e-01 9.462551458316735831e-01 9.649982147511023678e-01 9.397574035392680658e-01 9.761199640272294475e-01 9.398895660141769470e-01 9.949088328652931912e-01 8.974784925660105328e-01 9.792639562779917872e-01 9.622992526376102917e-01 7.759223008068402150e-01 7.405000918525369569e-01 7.223244080455056837e-01 8.042992468885680202e-01 8.332599173865021802e-01 8.782953389576294567e-01 7.648652376740155967e-01 0.000000000000000000e+00
