0.000000000000000000e+00 1.000000000000000000e+00 2.000000000000000000e+00 3.000000000000000000e+00 4.000000000000000000e+00 5.000000000000000000e+00 6.000000000000000000e+00 7.000000000000000000e+00 8.000000000000000000e+00 9.000000000000000000e+00 1.000000000000000000e+01 1.100000000000000000e+01 1.200000000000000000e+01 1.300000000000000000e+01 1.400000000000000000e+01 1.500000000000000000e+01 1.600000000000000000e+01 1.700000000000000000e+01 1.800000000000000000e+01 1.900000000000000000e+01 2.000000000000000000e+01 2.100000000000000000e+01 2.200000000000000000e+01 2.300000000000000000e+01 2.400000000000000000e+01 2.500000000000000000e+01 2.600000000000000000e+01 2.700000000000000000e+01 2.800000000000000000e+01 2.900000000000000000e+01 3.000000000000000000e+01 3.100000000000000000e+01 3.200000000000000000e+01
1.000000000000000000e+00 0.000000000000000000e+00 8.753957780961153512e-01 1.012336953454383348e+00 9.831507897990361400e-01 1.008369147261217291e+00 1.032744567528199431e+00 1.024612645933934196e+00 1.089328122788773223e+00 9.647251455052426872e-01 1.070629674907952911e+00 1.010111002639337174e+00 2.085559085036881921e+00 9.833320742535204273e-01 1.364170754567433086e+00 1.024176377321431186e+00 1.289240147286399241e+00 1.317904249187348054e+00 1.295210931887244010e+00 1.352010558546425933e+00 1.312507839924792252e+00 1.073861089533573621e+00 1.290300654279602943e+00 1.087581322045964027e+00 1.101549152070741888e+00 1.283739001449629713e+00 1.324667220203529006e+00 1.356578032010588020e+00 1.220886415277683046e+00 1.205620583471370688e+00 1.195151175940098565e+00 1.259677391285483949e+00 1.383484897345623299e+00
2.000000000000000000e+00 8.753957780961153512e-01 0.000000000000000000e+00 8.550840515434259270e-01 8.158194204296471685e-01 8.488907339100286720e-01 8.762829463972126032e-01 8.652872597451595205e-01 9.384086576279908609e-01 7.905123696761652274e-01 9.170887449139777381e-01 8.526461087935166550e-01 1.932483139283825313e+00 8.518369901619872175e-01 1.244786312977699261e+00 9.072297502925064094e-01 1.170889991222537008e+00 1.199422125588625043e+00 1.177180337555591594e+00 1.234085096356904998e+00 1.194779355664001175e+00 9.587459068374417637e-01 1.173490284093100522e+00 9.753284205181083077e-01 9.903192900670527710e-01 1.169825185609497664e+00 1.211123757019355374e+00 1.243285958038505834e+00 1.111228512411024827e+00 1.097145366550844381e+00 1.089503281176273042e+00 1.150282236812253611e+00 1.271950961428503390e+00
3.000000000000000000e+00 1.012336953454383348e+00 8.550840515434259270e-01 0.000000000000000000e+00 6.019897903793935967e-01 4.617008841686425225e-01 5.794893663309677034e-01 6.349359249294894703e-01 6.849061982751669664e-01 7.513918899046979627e-01 6.691252817181574386e-01 7.949756923063433511e-01 1.821207292784801535e+00 8.925628134539006497e-01 1.206838958660495287e+00 9.369438287344893368e-01 1.140878828506159737e+00 1.167333295439981544e+00 1.148253265066805140e+00 1.204266182630276294e+00 1.166647962536953242e+00 9.705781904892452072e-01 1.150407583437949244e+00 9.884272639534501526e-01 1.002095545907244700e+00 1.158650203027294934e+00 1.200586580432635664e+00 1.233392763100503720e+00 1.114343194285396965e+00 1.103559444315778348e+00 1.102224469056526157e+00 1.153069144611440500e+00 1.267743753864085665e+00
4.000000000000000000e+00 9.831507897990361400e-01 8.158194204296471685e-01 6.019897903793935967e-01 0.000000000000000000e+00 5.701331697320188852e-01 6.493917725726878754e-01 6.430820974018054415e-01 7.499298467626562825e-01 6.924212583302188362e-01 7.197014080980321804e-01 7.563213166932791776e-01 1.805234972749676814e+00 8.591465971863120332e-01 1.200645938537402202e+00 9.088675271140653766e-01 1.131882971367177193e+00 1.159152403005853760e+00 1.138981674534120136e+00 1.195437403609453497e+00 1.157211644948785034e+00 9.473932663759410122e-01 1.139346643867127140e+00 9.658835182087723847e-01 9.803179225207625525e-01 1.144161806809582016e+00 1.186019223934286160e+00 1.218685266666926337e+00 1.096148674595819106e+00 1.084603574010926108e+00 1.082016089032609596e+00 1.135100562037257621e+00 1.251573830927488196e+00
5.000000000000000000e+00 1.008369147261217291e+00 8.488907339100286720e-01 4.617008841686425225e-01 5.701331697320188852e-01 0.000000000000000000e+00 5.493371749380389080e-01 5.947560203341288876e-01 6.851340135377943508e-01 7.308349669467791854e-01 6.551741151250056738e-01 7.740335378063936123e-01 1.799849040584376336e+00 8.804172944304379245e-01 1.201294530514138259e+00 9.258642547303117531e-01 1.134388907103879740e+00 1.161150064384097735e+00 1.141716814109931866e+00 1.197928862870059064e+00 1.160102973732473286e+00 9.602140591592378538e-01 1.143385500700179636e+00 9.784310743218116446e-01 9.923456297523360892e-01 1.150771076492803635e+00 1.192723670486009802e+00 1.225509991102630591e+00 1.105679182431588803e+00 1.094767157250577716e+00 1.093288985596855500e+00 1.144497514136129990e+00 1.259550893951822292e+00
6.000000000000000000e+00 1.032744567528199431e+00 8.762829463972126032e-01 5.794893663309677034e-01 6.493917725726878754e-01 5.493371749380389080e-01 0.000000000000000000e+00 5.347805815121242645e-01 6.134470832627847425e-01 7.497788174422116425e-01 5.529272015186781353e-01 7.771861813049829593e-01 1.777644900594447908e+00 8.917589894532932382e-01 1.200416333480029518e+00 9.342627008941766231e-01 1.134092604536913962e+00 1.160761874239289337e+00 1.141593093682352622e+00 1.197834143406815599e+00 1.160128625794503376e+00 9.653363375618295716e-01 1.143925419339158145e+00 9.836783550962857614e-01 9.973583792088420719e-01 1.152747693823715336e+00 1.194814294669945376e+00 1.227693298819618972e+00 1.109528391259114066e+00 1.099073294526730082e+00 1.098489767788603633e+00 1.148328008011469947e+00 1.262469710916005017e+00
7.000000000000000000e+00 1.024612645933934196e+00 8.652872597451595205e-01 6.349359249294894703e-01 6.430820974018054415e-01 5.947560203341288876e-01 5.347805815121242645e-01 0.000000000000000000e+00 6.712959872584869370e-01 7.122625273370027932e-01 5.933458290378239575e-01 7.308741850515898530e-01 1.728206006581178400e+00 8.696951719727467056e-01 1.195583786862773668e+00 9.149891388801343339e-01 1.127122417959220746e+00 1.154453635733089012e+00 1.134466915285980759e+00 1.191108810624095682e+00 1.152934795914831723e+00 9.483731374058190777e-01 1.135573490386188711e+00 9.675542975818316460e-01 9.818589534529176266e-01 1.142165899926411265e+00 1.184238711649688636e+00 1.217051185757640264e+00 1.096765157347203257e+00 1.085917878256520863e+00 1.084810033112091343e+00 1.135775281789222824e+00 1.250969521335870027e+00
8.000000000000000000e+00 1.089328122788773223e+00 9.384086576279908609e-01 6.849061982751669664e-01 7.499298467626562825e-01 6.851340135377943508e-01 6.134470832627847425e-01 6.712959872584869370e-01 0.000000000000000000e+00 8.269668189905957645e-01 5.409391573614394932e-01 8.472740241032232777e-01 1.835110349267929930e+00 9.456060753369405214e-01 1.218612559798507800e+00 9.815174871278173896e-01 1.155543173330665363e+00 1.181328130492074191e+00 1.163469148726012703e+00 1.219293838490133730e+00 1.182293390089758089e+00 1.005858340918221350e+00 1.168143126871578952e+00 1.023350849641158300e+00 1.035984426752974086e+00 1.181518251478686166e+00 1.223725574736598709e+00 1.256804919575751578e+00 1.143353348214214638e+00 1.133960772224829716e+00 1.135162584389556972e+00 1.181873602397702783e+00 1.293567143889695625e+00
9.000000000000000000e+00 9.647251455052426872e-01 7.905123696761652274e-01 7.513918899046979627e-01 6.924212583302188362e-01 7.308349669467791854e-01 7.497788174422116425e-01 7.122625273370027932e-01 8.269668189905957645e-01 0.000000000000000000e+00 7.909665426640235530e-01 6.433353627827647081e-01 1.763403902791716771e+00 7.758382737929118145e-01 1.173160464282534843e+00 8.397582150842968218e-01 1.098948380883294496e+00 1.127888815339589623e+00 1.105631789064456916e+00 1.163086245615502445e+00 1.123668694873378060e+00 8.873533314827795060e-01 1.102826479985835162e+00 9.082513992488989718e-01 9.245412270586130798e-01 1.101809450060168283e+00 1.143660095278390632e+00 1.176142823957375017e+00 1.047974291819874892e+00 1.035359839174341934e+00 1.031335693267786180e+00 1.087477743845993050e+00 1.206754104420808993e+00
1.000000000000000000e+01 1.070629674907952911e+00 9.170887449139777381e-01 6.691252817181574386e-01 7.197014080980321804e-01 6.551741151250056738e-01 5.529272015186781353e-01 5.933458290378239575e-01 5.409391573614394932e-01 7.909665426640235530e-01 0.000000000000000000e+00 8.062470155359020563e-01 1.777544763633209346e+00 9.195651632527203079e-01 1.212042009272599419e+00 9.580291780835021864e-01 1.146438930884661866e+00 1.172995560325382769e+00 1.154157379330724487e+00 1.210435453037188136e+00 1.172880152838490231e+00 9.848909382362760478e-01 1.157321429040769845e+00 1.003198223101481767e+00 1.016499777853225206e+00 1.167927795967337312e+00 1.210127028814311334e+00 1.243116991167507512e+00 1.127000506247776368e+00 1.117094641549605027e+00 1.117556826746086696e+00 1.165758905111031751e+00 1.278788816002963014e+00
1.100000000000000000e+01 1.010111002639337174e+00 8.526461087935166550e-01 7.949756923063433511e-01 7.563213166932791776e-01 7.740335378063936123e-01 7.771861813049829593e-01 7.308741850515898530e-01 8.472740241032232777e-01 6.433353627827647081e-01 8.062470155359020563e-01 0.000000000000000000e+00 1.660281514684049053e+00 7.727981871117274304e-01 1.165945668940347346e+00 8.283993075270319473e-01 1.089557112953105866e+00 1.119351387705443734e+00 1.096322604961904146e+00 1.154468210054835797e+00 1.114549523136526998e+00 8.707505786098217460e-01 1.092886580695487497e+00 8.944493260750865371e-01 9.116773705614280576e-01 1.091321201012746434e+00 1.133485848723855494e+00 1.166086295060985156e+00 1.038194324438261429e+00 1.026048346919772980e+00 1.023499771943619407e+00 1.078103791004507706e+00 1.196997315247487315e+00
1.200000000000000000e+01 2.085559085036881921e+00 1.932483139283825313e+00 1.821207292784801535e+00 1.805234972749676814e+00 1.799849040584376336e+00 1.777644900594447908e+00 1.728206006581178400e+00 1.835110349267929930e+00 1.763403902791716771e+00 1.777544763633209346e+00 1.660281514684049053e+00 0.000000000000000000e+00 1.867770863957996852e+00 2.215354632728923079e+00 1.908682172333748817e+00 2.140867008603405175e+00 2.170257405329433009e+00 2.148030684685762637e+00 2.206104044852809754e+00 2.166584673944575989e+00 1.939172930727617095e+00 2.146344811849423273e+00 1.961989225212866339e+00 1.977978153673676909e+00 2.148488620189651144e+00 2.190891175907585087e+00 2.223706214993396379e+00 2.100022630082508002e+00 2.088963500887844660e+00 2.088365394469267944e+00 2.139779409942732080e+00 2.256422828647214995e+00
1.300000000000000000e+01 9.833320742535204273e-01 8.518369901619872175e-01 8.925628134539006497e-01 8.591465971863120332e-01 8.804172944304379245e-01 8.917589894532932382e-01 8.696951719727467056e-01 9.456060753369405214e-01 7.758382737929118145e-01 9.195651632527203079e-01 7.727981871117274304e-01 1.867770863957996852e+00 0.000000000000000000e+00 1.133134770889727694e+00 6.851767939022834764e-01 1.051022706051876865e+00 1.082171294372431980e+00 1.056813161185523819e+00 1.115387043281396373e+00 1.074264608410735677e+00 7.862810177193446659e-01 1.048667852626693042e+00 8.113780186002761408e-01 8.322709410123134699e-01 1.037178984590738873e+00 1.078736999860125056e+00 1.110774875410508011e+00 9.716141558024311564e-01 9.565580456335400772e-01 9.489003555144437385e-01 1.011986171982353522e+00 1.136882131767253945e+00
1.400000000000000000e+01 1.364170754567433086e+00 1.244786312977699261e+00 1.206838958660495287e+00 1.200645938537402202e+00 1.201294530514138259e+00 1.200416333480029518e+00 1.195583786862773668e+00 1.218612559798507800e+00 1.173160464282534843e+00 1.212042009272599419e+00 1.165945668940347346e+00 2.215354632728923079e+00 1.133134770889727694e+00 0.000000000000000000e+00 1.097544015152025931e+00 6.646580771251644482e-01 5.763554131577452999e-01 6.530637306425568500e-01 6.117827901317824946e-01 6.436774369284752328e-01 1.038137058400824264e+00 7.288404303061286615e-01 1.030629771579429699e+00 1.019722155690207854e+00 8.900314103769659813e-01 9.282058135381365815e-01 9.646228198944559740e-01 9.912202876943720931e-01 1.006376298935017788e+00 1.043125297933726880e+00 1.016871519126232748e+00 1.059091910291825034e+00
1.500000000000000000e+01 1.024176377321431186e+00 9.072297502925064094e-01 9.369438287344893368e-01 9.088675271140653766e-01 9.258642547303117531e-01 9.342627008941766231e-01 9.149891388801343339e-01 9.815174871278173896e-01 8.397582150842968218e-01 9.580291780835021864e-01 8.283993075270319473e-01 1.908682172333748817e+00 6.851767939022834764e-01 1.097544015152025931e+00 0.000000000000000000e+00 1.011408492951902049e+00 1.043646688358669472e+00 1.016688845119562812e+00 1.075791343447149107e+00 1.033795151074528240e+00 6.966335970379071707e-01 1.005683625965828165e+00 7.297675881150238464e-01 7.583640038692085472e-01 9.885759026764391333e-01 1.030076215191396471e+00 1.061927038619062236e+00 9.167956319869792203e-01 9.005837561431648819e-01 8.922705144831888369e-01 9.581329722237201807e-01 1.085862654359350810e+00
1.600000000000000000e+01 1.289240147286399241e+00 1.170889991222537008e+00 1.140878828506159737e+00 1.131882971367177193e+00 1.134388907103879740e+00 1.134092604536913962e+00 1.127122417959220746e+00 1.155543173330665363e+00 1.098948380883294496e+00 1.146438930884661866e+00 1.089557112953105866e+00 2.140867008603405175e+00 1.051022706051876865e+00 6.646580771251644482e-01 1.011408492951902049e+00 0.000000000000000000e+00 5.499036406048816161e-01 4.622874026313270601e-01 6.540426015541354055e-01 5.803115504873019859e-01 9.467111115084592132e-01 6.221536566405232449e-01 9.380370266489246323e-01 9.259237852327741880e-01 7.953952497169323177e-01 8.397917486442727508e-01 8.779914375248647485e-01 8.952870150175731290e-01 9.110529190475251671e-01 9.493923335084848425e-01 9.223920786498176483e-01 9.683785656658376872e-01
1.700000000000000000e+01 1.317904249187348054e+00 1.199422125588625043e+00 1.167333295439981544e+00 1.159152403005853760e+00 1.161150064384097735e+00 1.160761874239289337e+00 1.154453635733089012e+00 1.181328130492074191e+00 1.127888815339589623e+00 1.172995560325382769e+00 1.119351387705443734e+00 2.170257405329433009e+00 1.082171294372431980e+00 5.763554131577452999e-01 1.043646688358669472e+00 5.499036406048816161e-01 0.000000000000000000e+00 5.062606915105734018e-01 5.631526569801601489e-01 5.109755695145927756e-01 9.807158556926098836e-01 6.321906841587228154e-01 9.719383774001986165e-01 9.598648920110501859e-01 8.159371603050453725e-01 8.554102309970144091e-01 8.925248195957971031e-01 9.244219685787764540e-01 9.408156791020638732e-01 9.793372271264604301e-01 9.495898377123621614e-01 9.890891406315245327e-01
1.800000000000000000e+01 1.295210931887244010e+00 1.177180337555591594e+00 1.148253265066805140e+00 1.138981674534120136e+00 1.141716814109931866e+00 1.141593093682352622e+00 1.134466915285980759e+00 1.163469148726012703e+00 1.105631789064456916e+00 1.154157379330724487e+00 1.096322604961904146e+00 2.148030684685762637e+00 1.056813161185523819e+00 6.530637306425568500e-01 1.016688845119562812e+00 4.622874026313270601e-01 5.062606915105734018e-01 0.000000000000000000e+00 6.132130771466686170e-01 5.055570089988656868e-01 9.517111929816406413e-01 5.806652608703370966e-01 9.423358469589706576e-01 9.296839592139807262e-01 7.824606560572886504e-01 8.249955437475753328e-01 8.630871922549523401e-01 8.921972035673380041e-01 9.090225435933196874e-01 9.483666152160625806e-01 9.178019080050989764e-01 9.583497737830577456e-01
1.900000000000000000e+01 1.352010558546425933e+00 1.234085096356904998e+00 1.204266182630276294e+00 1.195437403609453497e+00 1.197928862870059064e+00 1.197834143406815599e+00 1.191108810624095682e+00 1.219293838490133730e+00 1.163086245615502445e+00 1.210435453037188136e+00 1.154468210054835797e+00 2.206104044852809754e+00 1.115387043281396373e+00 6.117827901317824946e-01 1.075791343447149107e+00 6.540426015541354055e-01 5.631526569801601489e-01 6.132130771466686170e-01 0.000000000000000000e+00 5.349767921351411548e-01 1.012080983040318793e+00 6.414605142368865476e-01 1.002221418122501762e+00 9.893051720197825194e-01 8.204851487430648849e-01 8.535739936409982853e-01 8.892537178363728589e-01 9.432397591811003679e-01 9.612504291167731640e-01 1.001284533930444365e+00 9.657100282713972916e-01 9.951136928849009244e-01
2.000000000000000000e+01 1.312507839924792252e+00 1.194779355664001175e+00 1.166647962536953242e+00 1.157211644948785034e+00 1.160102973732473286e+00 1.160128625794503376e+00 1.152934795914831723e+00 1.182293390089758089e+00 1.123668694873378060e+00 1.172880152838490231e+00 1.114549523136526998e+00 2.166584673944575989e+00 1.074264608410735677e+00 6.436774369284752328e-01 1.033795151074528240e+00 5.803115504873019859e-01 5.109755695145927756e-01 5.055570089988656868e-01 5.349767921351411548e-01 0.000000000000000000e+00 9.688466156344686109e-01 5.598555189175835611e-01 9.587803385799429368e-01 9.456241267539950979e-01 7.787235238130991721e-01 8.165728525259772219e-01 8.538081443439271556e-01 9.002276804837854307e-01 9.182365340461096093e-01 9.585737255823580938e-01 9.236567335150764890e-01 9.563558863780401431e-01
2.100000000000000000e+01 1.073861089533573621e+00 9.587459068374417637e-01 9.705781904892452072e-01 9.473932663759410122e-01 9.602140591592378538e-01 9.653363375618295716e-01 9.483731374058190777e-01 1.005858340918221350e+00 8.873533314827795060e-01 9.848909382362760478e-01 8.707505786098217460e-01 1.939172930727617095e+00 7.862810177193446659e-01 1.038137058400824264e+00 6.966335970379071707e-01 9.467111115084592132e-01 9.807158556926098836e-01 9.517111929816406413e-01 1.012080983040318793e+00 9.688466156344686109e-01 0.000000000000000000e+00 9.379617497234791212e-01 5.500579403675753820e-01 6.240227719927327055e-01 9.169088483837006809e-01 9.594499929988762332e-01 9.916635808355123149e-01 8.445053692720967398e-01 8.297717482663535815e-01 8.293168298661419691e-01 8.887778393530734178e-01 1.016142868574335001e+00
2.200000000000000000e+01 1.290300654279602943e+00 1.173490284093100522e+00 1.150407583437949244e+00 1.139346643867127140e+00 1.143385500700179636e+00 1.143925419339158145e+00 1.135573490386188711e+00 1.168143126871578952e+00 1.102826479985835162e+00 1.157321429040769845e+00 1.092886580695487497e+00 2.146344811849423273e+00 1.048667852626693042e+00 7.288404303061286615e-01 1.005683625965828165e+00 6.221536566405232449e-01 6.321906841587228154e-01 5.806652608703370966e-01 6.414605142368865476e-01 5.598555189175835611e-01 9.379617497234791212e-01 0.000000000000000000e+00 9.263294953773411056e-01 9.118235075507745702e-01 7.187471072849163090e-01 7.616782211945203329e-01 8.014154972604099481e-01 8.556941551019163761e-01 8.755483600768465546e-01 9.181609793534861730e-01 8.781162558515527294e-01 9.068685667584315269e-01
2.300000000000000000e+01 1.087581322045964027e+00 9.753284205181083077e-01 9.884272639534501526e-01 9.658835182087723847e-01 9.784310743218116446e-01 9.836783550962857614e-01 9.675542975818316460e-01 1.023350849641158300e+00 9.082513992488989718e-01 1.003198223101481767e+00 8.944493260750865371e-01 1.961989225212866339e+00 8.113780186002761408e-01 1.030629771579429699e+00 7.297675881150238464e-01 9.380370266489246323e-01 9.719383774001986165e-01 9.423358469589706576e-01 1.002221418122501762e+00 9.587803385799429368e-01 5.500579403675753820e-01 9.263294953773411056e-01 0.000000000000000000e+00 5.163388259780294920e-01 8.996318237274463225e-01 9.417223865035500019e-01 9.735963942787047021e-01 8.186360889102277660e-01 8.019995565500359636e-01 8.008293500986833902e-01 8.642845253734492417e-01 9.953885475664945304e-01
2.400000000000000000e+01 1.101549152070741888e+00 9.903192900670527710e-01 1.002095545907244700e+00 9.803179225207625525e-01 9.923456297523360892e-01 9.973583792088420719e-01 9.818589534529176266e-01 1.035984426752974086e+00 9.245412270586130798e-01 1.016499777853225206e+00 9.116773705614280576e-01 1.977978153673676909e+00 8.322709410123134699e-01 1.019722155690207854e+00 7.583640038692085472e-01 9.259237852327741880e-01 9.598648920110501859e-01 9.296839592139807262e-01 9.893051720197825194e-01 9.456241267539950979e-01 6.240227719927327055e-01 9.118235075507745702e-01 5.163388259780294920e-01 0.000000000000000000e+00 8.807116888794908061e-01 9.226823915878017424e-01 9.544035123884995198e-01 7.934932931539178114e-01 7.759148140833096452e-01 7.769421582552911154e-01 8.410452509006969279e-01 9.745882619524866008e-01
2.500000000000000000e+01 1.283739001449629713e+00 1.169825185609497664e+00 1.158650203027294934e+00 1.144161806809582016e+00 1.150771076492803635e+00 1.152747693823715336e+00 1.142165899926411265e+00 1.181518251478686166e+00 1.101809450060168283e+00 1.167927795967337312e+00 1.091321201012746434e+00 2.148488620189651144e+00 1.037178984590738873e+00 8.900314103769659813e-01 9.885759026764391333e-01 7.953952497169323177e-01 8.159371603050453725e-01 7.824606560572886504e-01 8.204851487430648849e-01 7.787235238130991721e-01 9.169088483837006809e-01 7.187471072849163090e-01 8.996318237274463225e-01 8.807116888794908061e-01 0.000000000000000000e+00 5.866789019126537053e-01 6.623005892685893681e-01 7.643897589190331576e-01 7.947416490758836272e-01 8.470844033695801301e-01 7.753396799979963561e-01 7.768661557490519343e-01
2.600000000000000000e+01 1.324667220203529006e+00 1.211123757019355374e+00 1.200586580432635664e+00 1.186019223934286160e+00 1.192723670486009802e+00 1.194814294669945376e+00 1.184238711649688636e+00 1.223725574736598709e+00 1.143660095278390632e+00 1.210127028814311334e+00 1.133485848723855494e+00 2.190891175907585087e+00 1.078736999860125056e+00 9.282058135381365815e-01 1.030076215191396471e+00 8.397917486442727508e-01 8.554102309970144091e-01 8.249955437475753328e-01 8.535739936409982853e-01 8.165728525259772219e-01 9.594499929988762332e-01 7.616782211945203329e-01 9.417223865035500019e-01 9.226823915878017424e-01 5.866789019126537053e-01 0.000000000000000000e+00 5.315587141877073929e-01 7.949418589100591959e-01 8.254539760567440876e-01 8.766109231069028063e-01 7.933991374863049728e-01 7.413382100897805138e-01
2.700000000000000000e+01 1.356578032010588020e+00 1.243285958038505834e+00 1.233392763100503720e+00 1.218685266666926337e+00 1.225509991102630591e+00 1.227693298819618972e+00 1.217051185757640264e+00 1.256804919575751578e+00 1.176142823957375017e+00 1.243116991167507512e+00 1.166086295060985156e+00 2.223706214993396379e+00 1.110774875410508011e+00 9.646228198944559740e-01 1.061927038619062236e+00 8.779914375248647485e-01 8.925248195957971031e-01 8.630871922549523401e-01 8.892537178363728589e-01 8.538081443439271556e-01 9.916635808355123149e-01 8.014154972604099481e-01 9.735963942787047021e-01 9.544035123884995198e-01 6.623005892685893681e-01 5.315587141877073929e-01 0.000000000000000000e+00 8.209424091325154826e-01 8.511993665524253405e-01 9.015301928954917443e-01 8.128374419024613218e-01 7.230223280918481876e-01
2.800000000000000000e+01 1.220886415277683046e+00 1.111228512411024827e+00 1.114343194285396965e+00 1.096148674595819106e+00 1.105679182431588803e+00 1.109528391259114066e+00 1.096765157347203257e+00 1.143353348214214638e+00 1.047974291819874892e+00 1.127000506247776368e+00 1.038194324438261429e+00 2.100022630082508002e+00 9.716141558024311564e-01 9.912202876943720931e-01 9.167956319869792203e-01 8.952870150175731290e-01 9.244219685787764540e-01 8.921972035673380041e-01 9.432397591811003679e-01 9.002276804837854307e-01 8.445053692720967398e-01 8.556941551019163761e-01 8.186360889102277660e-01 7.934932931539178114e-01 7.643897589190331576e-01 7.949418589100591959e-01 8.209424091325154826e-01 0.000000000000000000e+00 5.303512650941055728e-01 6.700222901995842584e-01 5.877922946894869050e-01 8.057025026239936771e-01
2.900000000000000000e+01 1.205620583471370688e+00 1.097145366550844381e+00 1.103559444315778348e+00 1.084603574010926108e+00 1.094767157250577716e+00 1.099073294526730082e+00 1.085917878256520863e+00 1.133960772224829716e+00 1.035359839174341934e+00 1.117094641549605027e+00 1.026048346919772980e+00 2.088963500887844660e+00 9.565580456335400772e-01 1.006376298935017788e+00 9.005837561431648819e-01 9.110529190475251671e-01 9.408156791020638732e-01 9.090225435933196874e-01 9.612504291167731640e-01 9.182365340461096093e-01 8.297717482663535815e-01 8.755483600768465546e-01 8.019995565500359636e-01 7.759148140833096452e-01 7.947416490758836272e-01 8.254539760567440876e-01 8.511993665524253405e-01 5.303512650941055728e-01 0.000000000000000000e+00 6.082599428938055830e-01 6.273625913670470844e-01 8.357973264460878404e-01
3.000000000000000000e+01 1.195151175940098565e+00 1.089503281176273042e+00 1.102224469056526157e+00 1.082016089032609596e+00 1.093288985596855500e+00 1.098489767788603633e+00 1.084810033112091343e+00 1.135162584389556972e+00 1.031335693267786180e+00 1.117556826746086696e+00 1.023499771943619407e+00 2.088365394469267944e+00 9.489003555144437385e-01 1.043125297933726880e+00 8.922705144831888369e-01 9.493923335084848425e-01 9.793372271264604301e-01 9.483666152160625806e-01 1.001284533930444365e+00 9.585737255823580938e-01 8.293168298661419691e-01 9.181609793534861730e-01 8.008293500986833902e-01 7.769421582552911154e-01 8.470844033695801301e-01 8.766109231069028063e-01 9.015301928954917443e-01 6.700222901995842584e-01 6.082599428938055830e-01 0.000000000000000000e+00 6.966319753215670652e-01 8.834893369349470227e-01
3.100000000000000000e+01 1.259677391285483949e+00 1.150282236812253611e+00 1.153069144611440500e+00 1.135100562037257621e+00 1.144497514136129990e+00 1.148328008011469947e+00 1.135775281789222824e+00 1.181873602397702783e+00 1.087477743845993050e+00 1.165758905111031751e+00 1.078103791004507706e+00 2.139779409942732080e+00 1.011986171982353522e+00 1.016871519126232748e+00 9.581329722237201807e-01 9.223920786498176483e-01 9.495898377123621614e-01 9.178019080050989764e-01 9.657100282713972916e-01 9.236567335150764890e-01 8.887778393530734178e-01 8.781162558515527294e-01 8.642845253734492417e-01 8.410452509006969279e-01 7.753396799979963561e-01 7.933991374863049728e-01 8.128374419024613218e-01 5.877922946894869050e-01 6.273625913670470844e-01 6.966319753215670652e-01 0.000000000000000000e+00 7.659175473807464662e-01
3.200000000000000000e+01 1.383484897345623299e+00 1.271950961428503390e+00 1.267743753864085665e+00 1.251573830927488196e+00 1.259550893951822292e+00 1.262469710916005017e+00 1.250969521335870027e+00 1.293567143889695625e+00 1.206754104420808993e+00 1.278788816002963014e+00 1.196997315247487315e+00 2.256422828647214995e+00 1.136882131767253945e+00 1.059091910291825034e+00 1.085862654359350810e+00 9.683785656658376872e-01 9.890891406315245327e-01 9.583497737830577456e-01 9.951136928849009244e-01 9.563558863780401431e-01 1.016142868574335001e+00 9.068685667584315269e-01 9.953885475664945304e-01 9.745882619524866008e-01 7.768661557490519343e-01 7.413382100897805138e-01 7.230223280918481876e-01 8.057025026239936771e-01 8.357973264460878404e-01 8.834893369349470227e-01 7.659175473807464662e-01 0.000000000000000000e+00
