0.000000000000000000e+00 1.000000000000000000e+00 2.000000000000000000e+00 3.000000000000000000e+00 4.000000000000000000e+00 5.000000000000000000e+00 6.000000000000000000e+00 7.000000000000000000e+00 8.000000000000000000e+00 9.000000000000000000e+00 1.000000000000000000e+01 1.100000000000000000e+01 1.200000000000000000e+01 1.300000000000000000e+01 1.400000000000000000e+01 1.500000000000000000e+01 1.600000000000000000e+01 1.700000000000000000e+01 1.800000000000000000e+01 1.900000000000000000e+01 2.000000000000000000e+01 2.100000000000000000e+01 2.200000000000000000e+01 2.300000000000000000e+01 2.400000000000000000e+01 2.500000000000000000e+01 2.600000000000000000e+01 2.700000000000000000e+01 2.800000000000000000e+01 2.900000000000000000e+01 3.000000000000000000e+01 3.100000000000000000e+01 3.200000000000000000e+01
1.000000000000000000e+00 0.000000000000000000e+00 8.565599824656613404e-01 9.562503634013663767e-01 9.422770127150430497e-01 9.534987218594174196e-01 9.557754764735787445e-01 9.417396946167511107e-01 9.545613478523190532e-01 9.282248625367127692e-01 9.477148205480696586e-01 9.146738659240228886e-01 6.921423006156091073e-01 9.455615765445737342e-01 1.086189335039543735e+00 9.725477201601122612e-01 1.038296424366978554e+00 1.066405871236093539e+00 1.057866957355904969e+00 1.120227251107551725e+00 1.085394373250976541e+00 9.981703156825573187e-01 1.087510193724425145e+00 1.008513471082940649e+00 1.017375653454636986e+00 1.130350744152930798e+00 1.173325624037161896e+00 1.207259254202816878e+00 1.107814541571312095e+00 1.099555628632635118e+00 1.099623666255674204e+00 1.144798318899393763e+00 1.250783830828593901e+00
2.000000000000000000e+00 8.565599824656613404e-01 0.000000000000000000e+00 8.265084163007603291e-01 8.018578374562965738e-01 8.219706918589583244e-01 8.285806195363941695e-01 8.129283118169736699e-01 8.330008350078194068e-01 7.793153384461138922e-01 8.243193968694051410e-01 7.858415480049846247e-01 5.692696887930996930e-01 8.310804121969217473e-01 9.723228228516029858e-01 8.705582375928824224e-01 9.250829805761711100e-01 9.533800860263079713e-01 9.453065574067580634e-01 1.008177921569105129e+00 9.734583311197637645e-01 8.956912362551193718e-01 9.768692345789447007e-01 9.084630157617554769e-01 9.178857013199519521e-01 1.024157689004553617e+00 1.067640204773481871e+00 1.101927386195189262e+00 1.007911924832641581e+00 1.001302402605314557e+00 1.005023008028449238e+00 1.045089056957355655e+00 1.147974687653814163e+00
3.000000000000000000e+00 9.562503634013663767e-01 8.265084163007603291e-01 0.000000000000000000e+00 5.968635330299751907e-01 4.606382889101386935e-01 5.720589934490006856e-01 6.137480114348476956e-01 6.446162642997231851e-01 7.136569237178221892e-01 6.337706434902996566e-01 6.755185048009691995e-01 4.337473722558975453e-01 8.111179083876132179e-01 8.447739753342724534e-01 8.302901305365388840e-01 8.003928944725484662e-01 8.290170343003890885e-01 8.227483218952449384e-01 8.870309759291499230e-01 8.528717995379644368e-01 8.271334786750069723e-01 8.608463269173483035e-01 8.411543471894611379e-01 8.482696771962647819e-01 9.227019213685685450e-01 9.674909913346796397e-01 1.002772437349690682e+00 9.259331279324078956e-01 9.240874098978844042e-01 9.371086696524948412e-01 9.629276056221045543e-01 1.056392809105406227e+00
4.000000000000000000e+00 9.422770127150430497e-01 8.018578374562965738e-01 5.968635330299751907e-01 0.000000000000000000e+00 5.670862279693785757e-01 6.358004498743802246e-01 6.255274096905190095e-01 6.881866317050876480e-01 6.759520941580084985e-01 6.713547263100814178e-01 6.724041519557663049e-01 4.444933325934365964e-01 8.037486781017590953e-01 8.640525011961239787e-01 8.293951418867036018e-01 8.188871333853340317e-01 8.475223683785442219e-01 8.408142890618479637e-01 9.048746663790951938e-01 8.705535001835522646e-01 8.325687662628761254e-01 8.775196568271026454e-01 8.469203283961792561e-01 8.547778473417237954e-01 9.363573017631594553e-01 9.809191713751774788e-01 1.016013723828427251e+00 9.357130962137705232e-01 9.329595824452170394e-01 9.443144580850677539e-01 9.728124655872276705e-01 1.068140334234779720e+00
5.000000000000000000e+00 9.534987218594174196e-01 8.219706918589583244e-01 4.606382889101386935e-01 5.670862279693785757e-01 0.000000000000000000e+00 5.445752910000091207e-01 5.813444518842343367e-01 6.436481079778059167e-01 6.995533150160971880e-01 6.237851609374047701e-01 6.648855035325039742e-01 4.249852179069344427e-01 8.042984510287263245e-01 8.425046012608348178e-01 8.244808000988683716e-01 7.978686853237946242e-01 8.265472979508599050e-01 8.201661553380983349e-01 8.844595688660488175e-01 8.502445360476329483e-01 8.221473486798763775e-01 8.580188764860665618e-01 8.363919425812167407e-01 8.436881581545130349e-01 9.193848839767571057e-01 9.641569182690854500e-01 9.994164982210789194e-01 9.220628401957133846e-01 9.201043966835873444e-01 9.329567701268579594e-01 9.590976672551230209e-01 1.052825965343987979e+00
6.000000000000000000e+00 9.557754764735787445e-01 8.285806195363941695e-01 5.720589934490006856e-01 6.358004498743802246e-01 5.445752910000091207e-01 0.000000000000000000e+00 5.258637033727948662e-01 5.875456129416526396e-01 7.009230547748576123e-01 5.400111100821467502e-01 6.444237207279658319e-01 3.950007487303508480e-01 7.927266965573236401e-01 8.170728695256239682e-01 8.093358824143217500e-01 7.725637906580364866e-01 8.013564152464383028e-01 7.951164384255786644e-01 8.596347657484388893e-01 8.254389728944826476e-01 8.031762116295407816e-01 8.336686994589377342e-01 8.175636971236419637e-01 8.245732884369556537e-01 8.966400430981753544e-01 9.415746247434488847e-01 9.769512827779240904e-01 9.015382529470201689e-01 9.001342217906136423e-01 9.140790321241090144e-01 9.385636422726677530e-01 1.031220009342115551e+00
7.000000000000000000e+00 9.417396946167511107e-01 8.129283118169736699e-01 6.137480114348476956e-01 6.255274096905190095e-01 5.813444518842343367e-01 5.258637033727948662e-01 0.000000000000000000e+00 6.137633257336764236e-01 6.699436872341851812e-01 5.652533905143650728e-01 6.121625214691434058e-01 3.643971844892424095e-01 7.714966682799686559e-01 8.048510963190316225e-01 7.897875489139603022e-01 7.598364146930205454e-01 7.887313630288490529e-01 7.822625984800042342e-01 8.467924309040133490e-01 8.124855332498732707e-01 7.851749300648603880e-01 8.202991200309839304e-01 8.000784068068558241e-01 8.074821545969896874e-01 8.822430755819428150e-01 9.271429037705976040e-01 9.624742597187248005e-01 8.859857235688473054e-01 8.843489762265417387e-01 8.979530638339876525e-01 9.230995613542516409e-01 1.016304026512235614e+00
8.000000000000000000e+00 9.545613478523190532e-01 8.330008350078194068e-01 6.446162642997231851e-01 6.881866317050876480e-01 6.436481079778059167e-01 5.875456129416526396e-01 6.137633257336764236e-01 0.000000000000000000e+00 7.134892926902246524e-01 5.236766411092113049e-01 6.377695818488725577e-01 3.787129082786402368e-01 7.835016205932399114e-01 7.824487528890073929e-01 7.945666602350176522e-01 7.386515073450594659e-01 7.674596516729419449e-01 7.616406207341850365e-01 8.264041127482497640e-01 7.923555513260462924e-01 7.825405437462703562e-01 8.015782575535885801e-01 7.964558126989005338e-01 8.026805368113256733e-01 8.675390272388652235e-01 9.126933117443429833e-01 9.482523839356236106e-01 8.762513004630259061e-01 8.757316486642439113e-01 8.912763137159032123e-01 9.131592543667581552e-01 1.003986643544060753e+00
9.000000000000000000e+00 9.282248625367127692e-01 7.793153384461138922e-01 7.136569237178221892e-01 6.759520941580084985e-01 6.995533150160971880e-01 7.009230547748576123e-01 6.699436872341851812e-01 7.134892926902246524e-01 0.000000000000000000e+00 6.975061810594940237e-01 6.113328942531300880e-01 4.307042719590843394e-01 7.510386109912843278e-01 8.633788409411695675e-01 7.935595192880477988e-01 8.169439217735185998e-01 8.456402908262772300e-01 8.382421373074726567e-01 9.020155211321239097e-01 8.674265283036322050e-01 8.086558484383977730e-01 8.728585226481826442e-01 8.244804891299537530e-01 8.339546126950820870e-01 9.272427044408346752e-01 9.715166150745842000e-01 1.006356954318411878e+00 9.210382662356066952e-01 9.170334367458423674e-01 9.262703034853412287e-01 9.583916560678797936e-01 1.056369212676512293e+00
1.000000000000000000e+01 9.477148205480696586e-01 8.243193968694051410e-01 6.337706434902996566e-01 6.713547263100814178e-01 6.237851609374047701e-01 5.400111100821467502e-01 5.652533905143650728e-01 5.236766411092113049e-01 6.975061810594940237e-01 0.000000000000000000e+00 6.209077582566656650e-01 3.611324769200752183e-01 7.736199316127927439e-01 7.841336024190717069e-01 7.864979418374884457e-01 7.396589185921276233e-01 7.685950299492283477e-01 7.624631071135690163e-01 8.272257279875367963e-01 7.930291847370407599e-01 7.764932576720279256e-01 8.016699049387574494e-01 7.909499744867394266e-01 7.976464355266918993e-01 8.661592788836709467e-01 9.112525387176304559e-01 9.467417161745383947e-01 8.731774455370386878e-01 8.723036790929332707e-01 8.872865758725856367e-01 9.101918256652812289e-01 1.001827209012637665e+00
1.100000000000000000e+01 9.146738659240228886e-01 7.858415480049846247e-01 6.755185048009691995e-01 6.724041519557663049e-01 6.648855035325039742e-01 6.444237207279658319e-01 6.121625214691434058e-01 6.377695818488725577e-01 6.113328942531300880e-01 6.209077582566656650e-01 0.000000000000000000e+00 3.206898409016014639e-01 7.126359360745417870e-01 7.830057335320015355e-01 7.407771608919067052e-01 7.369389659605645182e-01 7.659210113580712243e-01 7.588959124218694896e-01 8.232476867324505232e-01 7.887140428401988590e-01 7.442594154209302149e-01 7.953349328737273627e-01 7.609733065191484069e-01 7.698569878237697672e-01 8.539472143056539011e-01 8.986722174213215286e-01 9.338315593623411903e-01 8.536851124687760972e-01 8.511926735126909005e-01 8.634745099291623038e-01 8.910559648569353897e-01 9.861542322451983811e-01
1.200000000000000000e+01 6.921423006156091073e-01 5.692696887930996930e-01 4.337473722558975453e-01 4.444933325934365964e-01 4.249852179069344427e-01 3.950007487303508480e-01 3.643971844892424095e-01 3.787129082786402368e-01 4.307042719590843394e-01 3.611324769200752183e-01 3.206898409016014639e-01 0.000000000000000000e+00 5.008450951063194712e-01 5.249766767228127851e-01 5.146979240082163454e-01 4.795285496048158347e-01 5.086829446339096172e-01 5.021168686934416314e-01 5.669360295540075700e-01 5.325219927822921751e-01 5.062742915839192337e-01 5.404020744073616545e-01 5.220877381490305336e-01 5.296232485158887116e-01 6.031227930952629546e-01 6.481924904659484010e-01 6.836197600350835124e-01 6.082945055502708698e-01 6.070914074167923502e-01 6.217083704422097234e-01 6.455149138478877280e-01 7.380148676241027328e-01
1.300000000000000000e+01 9.455615765445737342e-01 8.310804121969217473e-01 8.111179083876132179e-01 8.037486781017590953e-01 8.042984510287263245e-01 7.927266965573236401e-01 7.714966682799686559e-01 7.835016205932399114e-01 7.510386109912843278e-01 7.736199316127927439e-01 7.126359360745417870e-01 5.008450951063194712e-01 0.000000000000000000e+00 9.031786408171555980e-01 6.808792425764835787e-01 8.537062782921638338e-01 8.820865139609199712e-01 8.727543308690270951e-01 9.350953793677356796e-01 8.998878550264250986e-01 7.667974749380815913e-01 9.004726220128265179e-01 7.878919734312579415e-01 8.039625954919977779e-01 9.397783152186423017e-01 9.829396092347486569e-01 1.016864368968606547e+00 9.141004554677985006e-01 9.056051838192609171e-01 9.072736006539716680e-01 9.523096307203706701e-01 1.059536636283030964e+00
1.400000000000000000e+01 1.086189335039543735e+00 9.723228228516029858e-01 8.447739753342724534e-01 8.640525011961239787e-01 8.425046012608348178e-01 8.170728695256239682e-01 8.048510963190316225e-01 7.824487528890073929e-01 8.633788409411695675e-01 7.841336024190717069e-01 7.830057335320015355e-01 5.249766767228127851e-01 9.031786408171555980e-01 0.000000000000000000e+00 8.992265428240273639e-01 6.457014018834155156e-01 5.699002795519376718e-01 6.373950646977011303e-01 6.041604571105989585e-01 6.306494086207268257e-01 8.694743666563066187e-01 7.022023855308658913e-01 8.752510706269742702e-01 8.744251928766086923e-01 8.339762309908200777e-01 8.736967476317303305e-01 9.095395384108602155e-01 8.980803759650353157e-01 9.059324738256717691e-01 9.322133556880964900e-01 9.284210422018395192e-01 9.901464193171072292e-01
1.500000000000000000e+01 9.725477201601122612e-01 8.705582375928824224e-01 8.302901305365388840e-01 8.293951418867036018e-01 8.244808000988683716e-01 8.093358824143217500e-01 7.897875489139603022e-01 7.945666602350176522e-01 7.935595192880477988e-01 7.864979418374884457e-01 7.407771608919067052e-01 5.146979240082163454e-01 6.808792425764835787e-01 8.992265428240273639e-01 0.000000000000000000e+00 8.478068439355712638e-01 8.760309496623985837e-01 8.654662318527799325e-01 9.269762173559505936e-01 8.913558172782078959e-01 6.909409087056516130e-01 8.889031120042616418e-01 7.215330816759444321e-01 7.468847150263520085e-01 9.190452760119849351e-01 9.617176011805306235e-01 9.951756796314323861e-01 8.819833564818513327e-01 8.710832819265734717e-01 8.699051039662648588e-01 9.213079306939233604e-01 1.033782766469934833e+00
1.600000000000000000e+01 1.038296424366978554e+00 9.250829805761711100e-01 8.003928944725484662e-01 8.188871333853340317e-01 7.978686853237946242e-01 7.725637906580364866e-01 7.598364146930205454e-01 7.386515073450594659e-01 8.169439217735185998e-01 7.396589185921276233e-01 7.369389659605645182e-01 4.795285496048158347e-01 8.537062782921638338e-01 6.457014018834155156e-01 8.478068439355712638e-01 0.000000000000000000e+00 5.463741722348764984e-01 4.616178894884654937e-01 6.492986324015228572e-01 5.779357829175519878e-01 8.154462177776499177e-01 6.164751063047495538e-01 8.199168652857393713e-01 8.179558815798713134e-01 7.689152666984626627e-01 8.135957353673042292e-01 8.510351479775242201e-01 8.364114079727094087e-01 8.451921144519207729e-01 8.730119944930976317e-01 8.672748429895364985e-01 9.300414349321723950e-01
1.700000000000000000e+01 1.066405871236093539e+00 9.533800860263079713e-01 8.290170343003890885e-01 8.475223683785442219e-01 8.265472979508599050e-01 8.013564152464383028e-01 7.887313630288490529e-01 7.674596516729419449e-01 8.456402908262772300e-01 7.685950299492283477e-01 7.659210113580712243e-01 5.086829446339096172e-01 8.820865139609199712e-01 5.699002795519376718e-01 8.760309496623985837e-01 5.463741722348764984e-01 0.000000000000000000e+00 5.040700806169260417e-01 5.622296989801738309e-01 5.091693813805442392e-01 8.438037427333145990e-01 6.231683013503641622e-01 8.479390747999839828e-01 8.457482681000683122e-01 7.838244735879671410e-01 8.241392252796406748e-01 8.606207008509436651e-01 8.592624591160404890e-01 8.687709357058748250e-01 8.971168181838005129e-01 8.884598492527984170e-01 9.452639786075447415e-01
1.800000000000000000e+01 1.057866957355904969e+00 9.453065574067580634e-01 8.227483218952449384e-01 8.408142890618479637e-01 8.201661553380983349e-01 7.951164384255786644e-01 7.822625984800042342e-01 7.616406207341850365e-01 8.382421373074726567e-01 7.624631071135690163e-01 7.588959124218694896e-01 5.021168686934416314e-01 8.727543308690270951e-01 6.373950646977011303e-01 8.654662318527799325e-01 4.616178894884654937e-01 5.040700806169260417e-01 0.000000000000000000e+00 6.110383797243088555e-01 5.050221775909784494e-01 8.316821134256729975e-01 5.773153656956109270e-01 8.348940483275957281e-01 8.319197576358028368e-01 7.608984749309628537e-01 8.038261962399984029e-01 8.412678981900063580e-01 8.407760187236816840e-01 8.510785547939998530e-01 8.805557926681486514e-01 8.699250616537468339e-01 9.260857891129832264e-01
1.900000000000000000e+01 1.120227251107551725e+00 1.008177921569105129e+00 8.870309759291499230e-01 9.048746663790951938e-01 8.844595688660488175e-01 8.596347657484388893e-01 8.467924309040133490e-01 8.264041127482497640e-01 9.020155211321239097e-01 8.272257279875367963e-01 8.232476867324505232e-01 5.669360295540075700e-01 9.350953793677356796e-01 6.041604571105989585e-01 9.269762173559505936e-01 6.492986324015228572e-01 5.622296989801738309e-01 6.110383797243088555e-01 0.000000000000000000e+00 5.341729031729229860e-01 8.926850655099588527e-01 6.356415734008933338e-01 8.949673207619663895e-01 8.912959026039612986e-01 7.962847015794680683e-01 8.301817557039246065e-01 8.653503172264656040e-01 8.900670115214643907e-01 9.018656136778326893e-01 9.326145429089052197e-01 9.161535360413664009e-01 9.609029138389491020e-01
2.000000000000000000e+01 1.085394373250976541e+00 9.734583311197637645e-01 8.528717995379644368e-01 8.705535001835522646e-01 8.502445360476329483e-01 8.254389728944826476e-01 8.124855332498732707e-01 7.923555513260462924e-01 8.674265283036322050e-01 7.930291847370407599e-01 7.887140428401988590e-01 5.325219927822921751e-01 8.998878550264250986e-01 6.306494086207268257e-01 8.913558172782078959e-01 5.779357829175519878e-01 5.091693813805442392e-01 5.050221775909784494e-01 5.341729031729229860e-01 0.000000000000000000e+00 8.564249039549730602e-01 5.570851095312188139e-01 8.584566412561098758e-01 8.545513507505266837e-01 7.595795078871114825e-01 7.979658686827633129e-01 8.346536616620083837e-01 8.532286775357738051e-01 8.651079959482703696e-01 8.961616446443279038e-01 8.800594908252845627e-01 9.274686372735760909e-01
2.100000000000000000e+01 9.981703156825573187e-01 8.956912362551193718e-01 8.271334786750069723e-01 8.325687662628761254e-01 8.221473486798763775e-01 8.031762116295407816e-01 7.851749300648603880e-01 7.825405437462703562e-01 8.086558484383977730e-01 7.764932576720279256e-01 7.442594154209302149e-01 5.062742915839192337e-01 7.667974749380815913e-01 8.694743666563066187e-01 6.909409087056516130e-01 8.154462177776499177e-01 8.438037427333145990e-01 8.316821134256729975e-01 8.926850655099588527e-01 8.564249039549730602e-01 0.000000000000000000e+00 8.505199140073103070e-01 5.495440380232856636e-01 6.223591316055845368e-01 8.719979566856950193e-01 9.151302307286892646e-01 9.485759116093406274e-01 8.273907415459196280e-01 8.162987906246441661e-01 8.200508247512336979e-01 8.698518536450987604e-01 9.851929603714386641e-01
2.200000000000000000e+01 1.087510193724425145e+00 9.768692345789447007e-01 8.608463269173483035e-01 8.775196568271026454e-01 8.580188764860665618e-01 8.336686994589377342e-01 8.202991200309839304e-01 8.015782575535885801e-01 8.728585226481826442e-01 8.016699049387574494e-01 7.953349328737273627e-01 5.404020744073616545e-01 9.004726220128265179e-01 7.022023855308658913e-01 8.889031120042616418e-01 6.164751063047495538e-01 6.231683013503641622e-01 5.773153656956109270e-01 6.356415734008933338e-01 5.570851095312188139e-01 8.505199140073103070e-01 0.000000000000000000e+00 8.500091049387432651e-01 8.440060440941921094e-01 7.106147791869577013e-01 7.536863129755901891e-01 7.929733744651861205e-01 8.260300117239252060e-01 8.406621730358614375e-01 8.750442791806418708e-01 8.510762286805313437e-01 8.913701895485861559e-01
2.300000000000000000e+01 1.008513471082940649e+00 9.084630157617554769e-01 8.411543471894611379e-01 8.469203283961792561e-01 8.363919425812167407e-01 8.175636971236419637e-01 8.000784068068558241e-01 7.964558126989005338e-01 8.244804891299537530e-01 7.909499744867394266e-01 7.609733065191484069e-01 5.220877381490305336e-01 7.878919734312579415e-01 8.752510706269742702e-01 7.215330816759444321e-01 8.199168652857393713e-01 8.479390747999839828e-01 8.348940483275957281e-01 8.949673207619663895e-01 8.584566412561098758e-01 5.495440380232856636e-01 8.500091049387432651e-01 0.000000000000000000e+00 5.159987746252014951e-01 8.630025967745966753e-01 9.055810763341105574e-01 9.385626950339085450e-01 8.066965882223926521e-01 7.931024360925873484e-01 7.952851564146030672e-01 8.507875170800089926e-01 9.713252398835503509e-01
2.400000000000000000e+01 1.017375653454636986e+00 9.178857013199519521e-01 8.482696771962647819e-01 8.547778473417237954e-01 8.436881581545130349e-01 8.245732884369556537e-01 8.074821545969896874e-01 8.026805368113256733e-01 8.339546126950820870e-01 7.976464355266918993e-01 7.698569878237697672e-01 5.296232485158887116e-01 8.039625954919977779e-01 8.744251928766086923e-01 7.468847150263520085e-01 8.179558815798713134e-01 8.457482681000683122e-01 8.319197576358028368e-01 8.912959026039612986e-01 8.545513507505266837e-01 6.223591316055845368e-01 8.440060440941921094e-01 5.159987746252014951e-01 0.000000000000000000e+00 8.502493292590265206e-01 8.925982239286607278e-01 9.253142701745604715e-01 7.850631843785262909e-01 7.699930580909299938e-01 7.735700652328791893e-01 8.312485467252250793e-01 9.554726520873406681e-01
2.500000000000000000e+01 1.130350744152930798e+00 1.024157689004553617e+00 9.227019213685685450e-01 9.363573017631594553e-01 9.193848839767571057e-01 8.966400430981753544e-01 8.822430755819428150e-01 8.675390272388652235e-01 9.272427044408346752e-01 8.661592788836709467e-01 8.539472143056539011e-01 6.031227930952629546e-01 9.397783152186423017e-01 8.339762309908200777e-01 9.190452760119849351e-01 7.689152666984626627e-01 7.838244735879671410e-01 7.608984749309628537e-01 7.962847015794680683e-01 7.595795078871114825e-01 8.719979566856950193e-01 7.106147791869577013e-01 8.630025967745966753e-01 8.502493292590265206e-01 0.000000000000000000e+00 5.866370729656091854e-01 6.622210312445500069e-01 7.573206310450788514e-01 7.848619670072722876e-01 8.321874166697733610e-01 7.694343843334778832e-01 7.755023820204882679e-01
2.600000000000000000e+01 1.173325624037161896e+00 1.067640204773481871e+00 9.674909913346796397e-01 9.809191713751774788e-01 9.641569182690854500e-01 9.415746247434488847e-01 9.271429037705976040e-01 9.126933117443429833e-01 9.715166150745842000e-01 9.112525387176304559e-01 8.986722174213215286e-01 6.481924904659484010e-01 9.829396092347486569e-01 8.736967476317303305e-01 9.617176011805306235e-01 8.135957353673042292e-01 8.241392252796406748e-01 8.038261962399984029e-01 8.301817557039246065e-01 7.979658686827633129e-01 9.151302307286892646e-01 7.536863129755901891e-01 9.055810763341105574e-01 8.925982239286607278e-01 5.866370729656091854e-01 0.000000000000000000e+00 5.315474375422417630e-01 7.879754892210333317e-01 8.157501108669915624e-01 8.620462565409112710e-01 7.876289095311519439e-01 7.400635365036871693e-01
2.700000000000000000e+01 1.207259254202816878e+00 1.101927386195189262e+00 1.002772437349690682e+00 1.016013723828427251e+00 9.994164982210789194e-01 9.769512827779240904e-01 9.624742597187248005e-01 9.482523839356236106e-01 1.006356954318411878e+00 9.467417161745383947e-01 9.338315593623411903e-01 6.836197600350835124e-01 1.016864368968606547e+00 9.095395384108602155e-01 9.951756796314323861e-01 8.510351479775242201e-01 8.606207008509436651e-01 8.412678981900063580e-01 8.653503172264656040e-01 8.346536616620083837e-01 9.485759116093406274e-01 7.929733744651861205e-01 9.385626950339085450e-01 9.253142701745604715e-01 6.622210312445500069e-01 5.315474375422417630e-01 0.000000000000000000e+00 8.144257992984562655e-01 8.420460195678314275e-01 8.876742809063344897e-01 8.074864443234899269e-01 7.219397071857536208e-01
2.800000000000000000e+01 1.107814541571312095e+00 1.007911924832641581e+00 9.259331279324078956e-01 9.357130962137705232e-01 9.220628401957133846e-01 9.015382529470201689e-01 8.859857235688473054e-01 8.762513004630259061e-01 9.210382662356066952e-01 8.731774455370386878e-01 8.536851124687760972e-01 6.082945055502708698e-01 9.141004554677985006e-01 8.980803759650353157e-01 8.819833564818513327e-01 8.364114079727094087e-01 8.592624591160404890e-01 8.407760187236816840e-01 8.900670115214643907e-01 8.532286775357738051e-01 8.273907415459196280e-01 8.260300117239252060e-01 8.066965882223926521e-01 7.850631843785262909e-01 7.573206310450788514e-01 7.879754892210333317e-01 8.144257992984562655e-01 0.000000000000000000e+00 5.301026092532623579e-01 6.684202370868856935e-01 5.877216699508978071e-01 8.034115307311171517e-01
2.900000000000000000e+01 1.099555628632635118e+00 1.001302402605314557e+00 9.240874098978844042e-01 9.329595824452170394e-01 9.201043966835873444e-01 9.001342217906136423e-01 8.843489762265417387e-01 8.757316486642439113e-01 9.170334367458423674e-01 8.723036790929332707e-01 8.511926735126909005e-01 6.070914074167923502e-01 9.056051838192609171e-01 9.059324738256717691e-01 8.710832819265734717e-01 8.451921144519207729e-01 8.687709357058748250e-01 8.510785547939998530e-01 9.018656136778326893e-01 8.651079959482703696e-01 8.162987906246441661e-01 8.406621730358614375e-01 7.931024360925873484e-01 7.699930580909299938e-01 7.848619670072722876e-01 8.157501108669915624e-01 8.420460195678314275e-01 5.301026092532623579e-01 0.000000000000000000e+00 6.076596602101014266e-01 6.268521947120455629e-01 8.318509786109966608e-01
3.000000000000000000e+01 1.099623666255674204e+00 1.005023008028449238e+00 9.371086696524948412e-01 9.443144580850677539e-01 9.329567701268579594e-01 9.140790321241090144e-01 8.979530638339876525e-01 8.912763137159032123e-01 9.262703034853412287e-01 8.872865758725856367e-01 8.634745099291623038e-01 6.217083704422097234e-01 9.072736006539716680e-01 9.322133556880964900e-01 8.699051039662648588e-01 8.730119944930976317e-01 8.971168181838005129e-01 8.805557926681486514e-01 9.326145429089052197e-01 8.961616446443279038e-01 8.200508247512336979e-01 8.750442791806418708e-01 7.952851564146030672e-01 7.735700652328791893e-01 8.321874166697733610e-01 8.620462565409112710e-01 8.876742809063344897e-01 6.684202370868856935e-01 6.076596602101014266e-01 0.000000000000000000e+00 6.945395685390043372e-01 8.762294213814654231e-01
3.100000000000000000e+01 1.144798318899393763e+00 1.045089056957355655e+00 9.629276056221045543e-01 9.728124655872276705e-01 9.590976672551230209e-01 9.385636422726677530e-01 9.230995613542516409e-01 9.131592543667581552e-01 9.583916560678797936e-01 9.101918256652812289e-01 8.910559648569353897e-01 6.455149138478877280e-01 9.523096307203706701e-01 9.284210422018395192e-01 9.213079306939233604e-01 8.672748429895364985e-01 8.884598492527984170e-01 8.699250616537468339e-01 9.161535360413664009e-01 8.800594908252845627e-01 8.698518536450987604e-01 8.510762286805313437e-01 8.507875170800089926e-01 8.312485467252250793e-01 7.694343843334778832e-01 7.876289095311519439e-01 8.074864443234899269e-01 5.877216699508978071e-01 6.268521947120455629e-01 6.945395685390043372e-01 0.000000000000000000e+00 7.642960343100078102e-01
3.200000000000000000e+01 1.250783830828593901e+00 1.147974687653814163e+00 1.056392809105406227e+00 1.068140334234779720e+00 1.052825965343987979e+00 1.031220009342115551e+00 1.016304026512235614e+00 1.003986643544060753e+00 1.056369212676512293e+00 1.001827209012637665e+00 9.861542322451983811e-01 7.380148676241027328e-01 1.059536636283030964e+00 9.901464193171072292e-01 1.033782766469934833e+00 9.300414349321723950e-01 9.452639786075447415e-01 9.260857891129832264e-01 9.609029138389491020e-01 9.274686372735760909e-01 9.851929603714386641e-01 8.913701895485861559e-01 9.713252398835503509e-01 9.554726520873406681e-01 7.755023820204882679e-01 7.400635365036871693e-01 7.219397071857536208e-01 8.034115307311171517e-01 8.318509786109966608e-01 8.762294213814654231e-01 7.642960343100078102e-01 0.000000000000000000e+00
