0.000000000000000000e+00 1.000000000000000000e+00 2.000000000000000000e+00 3.000000000000000000e+00 4.000000000000000000e+00 5.000000000000000000e+00 6.000000000000000000e+00 7.000000000000000000e+00 8.000000000000000000e+00 9.000000000000000000e+00 1.000000000000000000e+01 1.100000000000000000e+01 1.200000000000000000e+01 1.300000000000000000e+01 1.400000000000000000e+01 1.500000000000000000e+01 1.600000000000000000e+01 1.700000000000000000e+01 1.800000000000000000e+01 1.900000000000000000e+01 2.000000000000000000e+01 2.100000000000000000e+01 2.200000000000000000e+01 2.300000000000000000e+01 2.400000000000000000e+01 2.500000000000000000e+01 2.600000000000000000e+01 2.700000000000000000e+01 2.800000000000000000e+01 2.900000000000000000e+01 3.000000000000000000e+01 3.100000000000000000e+01 3.200000000000000000e+01
1.000000000000000000e+00 0.000000000000000000e+00 1.266205076326087475e+00 1.382413177687416006e+00 1.324383942450386042e+00 1.356772279160558980e+00 1.371529547568692387e+00 1.352250097611401136e+00 1.421249367198583968e+00 1.310416367356700418e+00 1.393627632167833363e+00 1.336878455418794021e+00 1.360271704316984520e+00 1.316669886139381074e+00 2.850616717673672085e+00 1.363892558656520482e+00 1.883355234901233466e+00 1.872951817479131753e+00 1.847974488206018284e+00 2.009240034245622475e+00 1.857167173672244598e+00 2.298373622854619658e+00 1.849789643304962539e+00 2.065071430017766829e+00 2.558728647531164135e+00 2.869698506117518644e+00 2.867881536551021515e+00 2.820722763777028241e+00 1.596739326291873651e+00 1.575046755544448951e+00 1.542337915140208127e+00 1.604680818103785267e+00 1.713455711004030269e+00
2.000000000000000000e+00 1.266205076326087475e+00 0.000000000000000000e+00 1.002823716364291240e+00 9.323070877429409098e-01 9.759399558351038451e-01 9.980784704879352986e-01 9.774417511295758754e-01 1.056789508364604835e+00 9.203034214136580626e-01 1.026392610343839662e+00 9.710556885592012133e-01 9.983476895021416997e-01 1.007623658252255527e+00 2.537704396501187176e+00 1.070205268207317761e+00 1.572213725336905732e+00 1.562680423975348232e+00 1.538276988967001158e+00 1.701810854907560344e+00 1.548931939387783174e+00 2.003716066558548281e+00 1.543770909048704176e+00 1.778125963538938592e+00 2.272870444607160145e+00 2.579676350861751732e+00 2.581895826781078096e+00 2.536449566577457126e+00 1.321133810105511452e+00 1.300602565409610056e+00 1.270953965774435312e+00 1.331036435795559303e+00 1.438909526562626828e+00
3.000000000000000000e+00 1.382413177687416006e+00 1.002823716364291240e+00 0.000000000000000000e+00 6.228444967053523573e-01 4.668543771848105983e-01 5.902555496693953074e-01 6.471622223237074589e-01 7.063129706555701937e-01 7.747967221466380838e-01 6.820758267838089584e-01 7.869775089413326707e-01 7.736157109536978549e-01 9.651328479142491368e-01 2.385687741694867192e+00 1.022816404437382420e+00 1.425639866382788057e+00 1.417695610518519667e+00 1.394958046803708607e+00 1.563264224573580385e+00 1.408818136886615058e+00 1.929236344556609861e+00 1.409098193529811027e+00 1.716128436750348207e+00 2.207356124583634838e+00 2.481314300690663277e+00 2.491759697103844484e+00 2.449680797509295793e+00 1.256744562720100822e+00 1.239282438965000344e+00 1.216314611448491290e+00 1.269456078538362842e+00 1.372989448337202711e+00
4.000000000000000000e+00 1.324383942450386042e+00 9.323070877429409098e-01 6.228444967053523573e-01 0.000000000000000000e+00 5.761188780960100342e-01 6.570887102212359387e-01 6.444284244412423757e-01 7.607937900792003383e-01 6.959762665446997953e-01 7.215813679727236529e-01 7.394772481512903450e-01 7.464443803795413057e-01 9.146789166001068061e-01 2.370305069894146577e+00 9.770333562046538134e-01 1.408425604034870382e+00 1.400261478114758207e+00 1.377002114651957543e+00 1.544330071116951864e+00 1.390158630562441822e+00 1.890621054128016620e+00 1.389031428052459383e+00 1.676025430274090233e+00 2.168652303660880243e+00 2.452839319462053691e+00 2.461565399827479350e+00 2.418793248110319816e+00 1.220444701451213865e+00 1.202271064055911998e+00 1.177910150850477455e+00 1.232724387679123179e+00 1.337478798068516772e+00
5.000000000000000000e+00 1.356772279160558980e+00 9.759399558351038451e-01 4.668543771848105983e-01 5.761188780960100342e-01 0.000000000000000000e+00 5.518714752318301109e-01 5.960127133767325613e-01 6.932260210459100236e-01 7.366771772221685222e-01 6.563775031358713985e-01 7.494535703415763361e-01 7.371239258516968373e-01 9.340806716188132519e-01 2.361437060598882809e+00 9.927069397148682306e-01 1.400844938650726235e+00 1.392931823786543122e+00 1.370054283756079405e+00 1.538262464362261994e+00 1.383821525681579789e+00 1.900048215562088583e+00 1.383819828402716112e+00 1.687079539097081859e+00 2.178614613694286994e+00 2.454713293628751902e+00 2.464950916748541498e+00 2.422790355190865164e+00 1.228959118010761076e+00 1.211392528786645384e+00 1.188259199569227542e+00 1.241661144811680551e+00 1.345434780975588440e+00
6.000000000000000000e+00 1.371529547568692387e+00 9.980784704879352986e-01 5.902555496693953074e-01 6.570887102212359387e-01 5.518714752318301109e-01 0.000000000000000000e+00 5.347254540992507632e-01 6.137331367263274551e-01 7.473250647034899163e-01 5.514741344666533873e-01 7.354913648654883840e-01 7.044011004514494356e-01 9.313152916843683293e-01 2.338044078122985425e+00 9.872365979969770500e-01 1.378098575613749155e+00 1.370469565726201155e+00 1.347810404566891718e+00 1.516776886678323777e+00 1.362075654586272666e+00 1.889438100874314852e+00 1.362866490005115949e+00 1.678125311111307472e+00 2.168888159779234215e+00 2.439248273694597291e+00 2.450734171294317587e+00 2.409080569886654644e+00 1.218705385424435184e+00 1.201620233900792867e+00 1.179502489441553115e+00 1.231800973270093191e+00 1.334866642625122113e+00
7.000000000000000000e+00 1.352250097611401136e+00 9.774417511295758754e-01 6.471622223237074589e-01 6.444284244412423757e-01 5.960127133767325613e-01 5.347254540992507632e-01 0.000000000000000000e+00 6.681816350922940018e-01 7.018705408117045241e-01 5.895058958562098272e-01 6.813271070069253366e-01 6.488580743031058251e-01 8.994973657313254378e-01 2.327113500943458035e+00 9.579882575269542677e-01 1.365587021414140789e+00 1.358013679138253105e+00 1.334938237109581260e+00 1.503548518384186572e+00 1.348889640443330595e+00 1.863043543248589895e+00 1.348804655916306494e+00 1.652093234276421185e+00 2.143815815563455018e+00 2.420913387092676228e+00 2.431697150304624078e+00 2.389766481320381608e+00 1.196517751848446887e+00 1.179091892445653711e+00 1.156418663886649378e+00 1.209557965966159276e+00 1.313378424642480224e+00
8.000000000000000000e+00 1.421249367198583968e+00 1.056789508364604835e+00 7.063129706555701937e-01 7.607937900792003383e-01 6.932260210459100236e-01 6.137331367263274551e-01 6.681816350922940018e-01 0.000000000000000000e+00 8.206526776080977914e-01 5.392094341877584629e-01 7.957878676862610856e-01 7.538378308245958781e-01 9.766419685612390822e-01 2.333030506008405780e+00 1.026593482206898944e+00 1.375921533241142747e+00 1.368536677472935503e+00 1.346684263925303826e+00 1.516980349329333233e+00 1.361930412898777032e+00 1.919623238846715818e+00 1.364790795684044600e+00 1.709562847995994783e+00 2.198190907501252234e+00 2.453043794360067142e+00 2.466857275582627462e+00 2.426138139095542989e+00 1.243482896145145178e+00 1.227389016966312196e+00 1.207137205008330882e+00 1.257083887514804932e+00 1.358342636483819588e+00
9.000000000000000000e+00 1.310416367356700418e+00 9.203034214136580626e-01 7.747967221466380838e-01 6.959762665446997953e-01 7.366771772221685222e-01 7.473250647034899163e-01 7.018705408117045241e-01 8.206526776080977914e-01 0.000000000000000000e+00 7.747289136761492667e-01 6.390983453509730960e-01 7.058571464109559823e-01 8.373560162285791364e-01 2.352779240226091417e+00 9.134909431002493641e-01 1.388150114682849878e+00 1.379915105980715540e+00 1.355910584016245091e+00 1.522294683918365976e+00 1.368324415909159431e+00 1.838715917715303849e+00 1.365444108134999723e+00 1.624288363180831141e+00 2.119612447834645863e+00 2.419772273500857995e+00 2.426801385764662644e+00 2.383366709889950030e+00 1.178494094847456042e+00 1.159484650854030852e+00 1.133723643907173395e+00 1.190616780599483615e+00 1.297120320442059382e+00
1.000000000000000000e+01 1.393627632167833363e+00 1.026392610343839662e+00 6.820758267838089584e-01 7.215813679727236529e-01 6.563775031358713985e-01 5.514741344666533873e-01 5.895058958562098272e-01 5.392094341877584629e-01 7.747289136761492667e-01 0.000000000000000000e+00 7.431820575332397372e-01 6.926083080956766391e-01 9.410294735978936842e-01 2.325368266712943388e+00 9.936549200451443298e-01 1.365969498920278191e+00 1.358654963930285620e+00 1.336196203109591751e+00 1.505952344091736173e+00 1.350973567331912317e+00 1.890303278665892872e+00 1.352547958558887764e+00 1.680504263111143537e+00 2.170362043574140642e+00 2.434481573441652724e+00 2.447233161024634729e+00 2.406091313176994539e+00 1.219253336868029391e+00 1.202664526005863044e+00 1.181575700958026998e+00 1.232729173966923497e+00 1.335049727688946364e+00
1.100000000000000000e+01 1.336878455418794021e+00 9.710556885592012133e-01 7.869775089413326707e-01 7.394772481512903450e-01 7.494535703415763361e-01 7.354913648654883840e-01 6.813271070069253366e-01 7.957878676862610856e-01 6.390983453509730960e-01 7.431820575332397372e-01 0.000000000000000000e+00 5.814385264715791202e-01 8.212098608707005809e-01 2.315209337255471844e+00 8.908199792639956982e-01 1.349952362479503787e+00 1.342402701179153501e+00 1.318323182921558478e+00 1.485885010018916930e+00 1.331404729553725463e+00 1.806849389344131307e+00 1.329088657526155792e+00 1.597447576941664948e+00 2.092484262024121300e+00 2.389789816913908016e+00 2.398661448186829137e+00 2.355987745950540280e+00 1.154849145745196148e+00 1.136453805496881797e+00 1.112252158637623500e+00 1.167814333987271080e+00 1.273797015329209747e+00
1.200000000000000000e+01 1.360271704316984520e+00 9.983476895021416997e-01 7.736157109536978549e-01 7.464443803795413057e-01 7.371239258516968373e-01 7.044011004514494356e-01 6.488580743031058251e-01 7.538378308245958781e-01 7.058571464109559823e-01 6.926083080956766391e-01 5.814385264715791202e-01 0.000000000000000000e+00 8.579094350919946876e-01 2.296946293747282652e+00 9.142466642446049896e-01 1.332387623594240900e+00 1.325490767307183626e+00 1.301693246845872176e+00 1.470750560249800110e+00 1.315721946103811213e+00 1.814946339717373736e+00 1.314738966707147405e+00 1.608494768572188427e+00 2.101199305138226059e+00 2.385585327651083443e+00 2.396828707072993669e+00 2.355104430909030988e+00 1.160608758552439612e+00 1.143185795128244697e+00 1.120963654840849033e+00 1.174241486780958521e+00 1.278746742290333360e+00
1.300000000000000000e+01 1.316669886139381074e+00 1.007623658252255527e+00 9.651328479142491368e-01 9.146789166001068061e-01 9.340806716188132519e-01 9.313152916843683293e-01 8.994973657313254378e-01 9.766419685612390822e-01 8.373560162285791364e-01 9.410294735978936842e-01 8.212098608707005809e-01 8.579094350919946876e-01 0.000000000000000000e+00 2.351580460521063287e+00 7.046190948233577167e-01 1.381117033053050669e+00 1.371300453689310972e+00 1.345508421392754395e+00 1.507074567793834419e+00 1.354641617044667345e+00 1.715532589420364129e+00 1.346038318196675743e+00 1.493049699920464324e+00 2.000511152934662640e+00 2.362713607590726017e+00 2.361907771291551494e+00 2.315413573944037573e+00 1.084428532856648753e+00 1.061696923028608852e+00 1.029157265346898553e+00 1.095255553389522074e+00 1.208589152245598486e+00
1.400000000000000000e+01 2.850616717673672085e+00 2.537704396501187176e+00 2.385687741694867192e+00 2.370305069894146577e+00 2.361437060598882809e+00 2.338044078122985425e+00 2.327113500943458035e+00 2.333030506008405780e+00 2.352779240226091417e+00 2.325368266712943388e+00 2.315209337255471844e+00 2.296946293747282652e+00 2.351580460521063287e+00 0.000000000000000000e+00 2.347840984607211912e+00 1.735528836828650778e+00 1.569555235425515116e+00 1.676746962113633499e+00 1.750924076171354038e+00 1.658529664121043190e+00 3.171974160596346959e+00 1.792388607440473791e+00 2.948505794738913721e+00 3.405801338255516342e+00 3.239413976747629764e+00 3.282720381713257307e+00 3.254294644781237089e+00 2.304594744889085334e+00 2.308228479677700840e+00 2.317273750238626917e+00 2.316082874669660452e+00 2.356290334896817384e+00
1.500000000000000000e+01 1.363892558656520482e+00 1.070205268207317761e+00 1.022816404437382420e+00 9.770333562046538134e-01 9.927069397148682306e-01 9.872365979969770500e-01 9.579882575269542677e-01 1.026593482206898944e+00 9.134909431002493641e-01 9.936549200451443298e-01 8.908199792639956982e-01 9.142466642446049896e-01 7.046190948233577167e-01 2.347840984607211912e+00 0.000000000000000000e+00 1.375099954599813934e+00 1.364698924951877279e+00 1.338193975257913282e+00 1.497979665609989297e+00 1.346088582549080481e+00 1.630631559931446706e+00 1.335242296409757667e+00 1.404465508367674698e+00 1.925892814615829174e+00 2.337441843133984509e+00 2.334124576762999670e+00 2.286766037338929358e+00 1.043594699989652819e+00 1.019034221294344400e+00 9.841617392127026687e-01 1.055174347473492258e+00 1.172796058936502073e+00
1.600000000000000000e+01 1.883355234901233466e+00 1.572213725336905732e+00 1.425639866382788057e+00 1.408425604034870382e+00 1.400844938650726235e+00 1.378098575613749155e+00 1.365587021414140789e+00 1.375921533241142747e+00 1.388150114682849878e+00 1.365969498920278191e+00 1.349952362479503787e+00 1.332387623594240900e+00 1.381117033053050669e+00 1.735528836828650778e+00 1.375099954599813934e+00 0.000000000000000000e+00 6.015312462632793622e-01 4.914638768558734494e-01 8.647577358366915767e-01 6.445252778472951860e-01 2.195552043965059763e+00 7.412005901712070965e-01 1.971653260682162845e+00 2.427138429153017363e+00 2.239913755412568097e+00 2.295922039406139259e+00 2.273512532703443334e+00 1.320514532498471061e+00 1.325142536725547382e+00 1.335952802955337804e+00 1.333100183091413538e+00 1.374656100945904624e+00
1.700000000000000000e+01 1.872951817479131753e+00 1.562680423975348232e+00 1.417695610518519667e+00 1.400261478114758207e+00 1.392931823786543122e+00 1.370469565726201155e+00 1.358013679138253105e+00 1.368536677472935503e+00 1.379915105980715540e+00 1.358654963930285620e+00 1.342402701179153501e+00 1.325490767307183626e+00 1.371300453689310972e+00 1.569555235425515116e+00 1.364698924951877279e+00 6.015312462632793622e-01 0.000000000000000000e+00 5.217998222916182538e-01 7.207380213600775853e-01 5.279242580602212520e-01 2.186209202740132529e+00 7.002443003793290544e-01 1.960918928002091555e+00 2.416100602193529845e+00 2.209818596473846153e+00 2.261137051488834704e+00 2.236730848406973671e+00 1.302365751222753554e+00 1.307615884149900820e+00 1.318901097583430326e+00 1.313769631461413123e+00 1.350084156545978020e+00
1.800000000000000000e+01 1.847974488206018284e+00 1.538276988967001158e+00 1.394958046803708607e+00 1.377002114651957543e+00 1.370054283756079405e+00 1.347810404566891718e+00 1.334938237109581260e+00 1.346684263925303826e+00 1.355910584016245091e+00 1.336196203109591751e+00 1.318323182921558478e+00 1.301693246845872176e+00 1.345508421392754395e+00 1.676746962113633499e+00 1.338193975257913282e+00 4.914638768558734494e-01 5.217998222916182538e-01 0.000000000000000000e+00 7.647228068920957078e-01 5.189239350701151388e-01 2.158672685847065065e+00 6.323993795016487063e-01 1.933122733344996291e+00 2.387679799471402298e+00 2.172024818953125713e+00 2.229235054553487583e+00 2.207659015605124786e+00 1.271695981703975464e+00 1.277342368431986008e+00 1.289292572728423236e+00 1.283518865129348097e+00 1.320453557960286739e+00
1.900000000000000000e+01 2.009240034245622475e+00 1.701810854907560344e+00 1.563264224573580385e+00 1.544330071116951864e+00 1.538262464362261994e+00 1.516776886678323777e+00 1.503548518384186572e+00 1.516980349329333233e+00 1.522294683918365976e+00 1.505952344091736173e+00 1.485885010018916930e+00 1.470750560249800110e+00 1.507074567793834419e+00 1.750924076171354038e+00 1.497979665609989297e+00 8.647577358366915767e-01 7.207380213600775853e-01 7.647228068920957078e-01 0.000000000000000000e+00 6.485286928967664011e-01 2.319717770653084710e+00 7.986124290847911311e-01 2.091285113645188432e+00 2.544913462901668311e+00 2.296953571093628188e+00 2.336643204417148123e+00 2.306408162823915475e+00 1.413666049600817542e+00 1.420592372488731714e+00 1.433578974671512851e+00 1.422805888208890757e+00 1.447382384516043841e+00
2.000000000000000000e+01 1.857167173672244598e+00 1.548931939387783174e+00 1.408818136886615058e+00 1.390158630562441822e+00 1.383821525681579789e+00 1.362075654586272666e+00 1.348889640443330595e+00 1.361930412898777032e+00 1.368324415909159431e+00 1.350973567331912317e+00 1.331404729553725463e+00 1.315721946103811213e+00 1.354641617044667345e+00 1.658529664121043190e+00 1.346088582549080481e+00 6.445252778472951860e-01 5.279242580602212520e-01 5.189239350701151388e-01 6.485286928967664011e-01 0.000000000000000000e+00 2.166954725275107574e+00 5.907752954565061998e-01 1.939652565094304393e+00 2.393434848400531223e+00 2.150385353988621961e+00 2.204404504752316196e+00 2.181658202707711602e+00 1.267730848507259145e+00 1.274338302658910349e+00 1.287242081821635908e+00 1.278352008267173989e+00 1.309188253320169304e+00
2.100000000000000000e+01 2.298373622854619658e+00 2.003716066558548281e+00 1.929236344556609861e+00 1.890621054128016620e+00 1.900048215562088583e+00 1.889438100874314852e+00 1.863043543248589895e+00 1.919623238846715818e+00 1.838715917715303849e+00 1.890303278665892872e+00 1.806849389344131307e+00 1.814946339717373736e+00 1.715532589420364129e+00 3.171974160596346959e+00 1.630631559931446706e+00 2.195552043965059763e+00 2.186209202740132529e+00 2.158672685847065065e+00 2.319717770653084710e+00 2.166954725275107574e+00 0.000000000000000000e+00 2.154894557425381052e+00 1.985612458681146109e+00 2.586097730458816635e+00 3.158491712286615627e+00 3.159398407548177357e+00 3.114136399775706998e+00 1.864294501502845813e+00 1.840038153206511984e+00 1.812579544326073711e+00 1.882950103655915530e+00 2.006099379458897047e+00
2.200000000000000000e+01 1.849789643304962539e+00 1.543770909048704176e+00 1.409098193529811027e+00 1.389031428052459383e+00 1.383819828402716112e+00 1.362866490005115949e+00 1.348804655916306494e+00 1.364790795684044600e+00 1.365444108134999723e+00 1.352547958558887764e+00 1.329088657526155792e+00 1.314738966707147405e+00 1.346038318196675743e+00 1.792388607440473791e+00 1.335242296409757667e+00 7.412005901712070965e-01 7.002443003793290544e-01 6.323993795016487063e-01 7.986124290847911311e-01 5.907752954565061998e-01 2.154894557425381052e+00 0.000000000000000000e+00 1.925484608100992201e+00 2.377471241046010597e+00 2.080171080083331514e+00 2.152371109103618618e+00 2.139490840872934285e+00 1.238463500375785342e+00 1.246835017918656030e+00 1.262019034795309524e+00 1.249076234692279908e+00 1.276966705033036442e+00
2.300000000000000000e+01 2.065071430017766829e+00 1.778125963538938592e+00 1.716128436750348207e+00 1.676025430274090233e+00 1.687079539097081859e+00 1.678125311111307472e+00 1.652093234276421185e+00 1.709562847995994783e+00 1.624288363180831141e+00 1.680504263111143537e+00 1.597447576941664948e+00 1.608494768572188427e+00 1.493049699920464324e+00 2.948505794738913721e+00 1.404465508367674698e+00 1.971653260682162845e+00 1.960918928002091555e+00 1.933122733344996291e+00 2.091285113645188432e+00 1.939652565094304393e+00 1.985612458681146109e+00 1.925484608100992201e+00 0.000000000000000000e+00 2.137269160150428782e+00 2.909990811633579977e+00 2.906423961621008356e+00 2.859557364431059234e+00 1.593247587796041254e+00 1.565900621151792960e+00 1.534559323749165705e+00 1.612308479168495623e+00 1.740902469888758519e+00
2.400000000000000000e+01 2.558728647531164135e+00 2.272870444607160145e+00 2.207356124583634838e+00 2.168652303660880243e+00 2.178614613694286994e+00 2.168888159779234215e+00 2.143815815563455018e+00 2.198190907501252234e+00 2.119612447834645863e+00 2.170362043574140642e+00 2.092484262024121300e+00 2.101199305138226059e+00 2.000511152934662640e+00 3.405801338255516342e+00 1.925892814615829174e+00 2.427138429153017363e+00 2.416100602193529845e+00 2.387679799471402298e+00 2.544913462901668311e+00 2.393434848400531223e+00 2.586097730458816635e+00 2.377471241046010597e+00 2.137269160150428782e+00 0.000000000000000000e+00 3.351796127767628253e+00 3.348896720025722029e+00 3.302784130016507724e+00 2.020125790510856945e+00 1.991387519197364897e+00 1.967480318452445198e+00 2.046435888126100000e+00 2.182787210868326611e+00
2.500000000000000000e+01 2.869698506117518644e+00 2.579676350861751732e+00 2.481314300690663277e+00 2.452839319462053691e+00 2.454713293628751902e+00 2.439248273694597291e+00 2.420913387092676228e+00 2.453043794360067142e+00 2.419772273500857995e+00 2.434481573441652724e+00 2.389789816913908016e+00 2.385585327651083443e+00 2.362713607590726017e+00 3.239413976747629764e+00 2.337441843133984509e+00 2.239913755412568097e+00 2.209818596473846153e+00 2.172024818953125713e+00 2.296953571093628188e+00 2.150385353988621961e+00 3.158491712286615627e+00 2.080171080083331514e+00 2.909990811633579977e+00 3.351796127767628253e+00 0.000000000000000000e+00 2.792332906135864601e+00 2.937550276891687240e+00 2.086597493388286040e+00 2.112771962017818694e+00 2.147373690321432882e+00 2.092710863944200028e+00 2.097996212927665916e+00
2.600000000000000000e+01 2.867881536551021515e+00 2.581895826781078096e+00 2.491759697103844484e+00 2.461565399827479350e+00 2.464950916748541498e+00 2.450734171294317587e+00 2.431697150304624078e+00 2.466857275582627462e+00 2.426801385764662644e+00 2.447233161024634729e+00 2.398661448186829137e+00 2.396828707072993669e+00 2.361907771291551494e+00 3.282720381713257307e+00 2.334124576762999670e+00 2.295922039406139259e+00 2.261137051488834704e+00 2.229235054553487583e+00 2.336643204417148123e+00 2.204404504752316196e+00 3.159398407548177357e+00 2.152371109103618618e+00 2.906423961621008356e+00 3.348896720025722029e+00 2.792332906135864601e+00 0.000000000000000000e+00 2.504131392686050894e+00 2.068565236241131089e+00 2.092396337771443626e+00 2.122161627668089245e+00 2.058967873921435210e+00 2.001907504277536276e+00
2.700000000000000000e+01 2.820722763777028241e+00 2.536449566577457126e+00 2.449680797509295793e+00 2.418793248110319816e+00 2.422790355190865164e+00 2.409080569886654644e+00 2.389766481320381608e+00 2.426138139095542989e+00 2.383366709889950030e+00 2.406091313176994539e+00 2.355987745950540280e+00 2.355104430909030988e+00 2.315413573944037573e+00 3.254294644781237089e+00 2.286766037338929358e+00 2.273512532703443334e+00 2.236730848406973671e+00 2.207659015605124786e+00 2.306408162823915475e+00 2.181658202707711602e+00 3.114136399775706998e+00 2.139490840872934285e+00 2.859557364431059234e+00 3.302784130016507724e+00 2.937550276891687240e+00 2.504131392686050894e+00 0.000000000000000000e+00 2.024279228146244058e+00 2.044571622482463269e+00 2.069350753589105807e+00 2.007123248795502857e+00 1.909156969427795447e+00
2.800000000000000000e+01 1.596739326291873651e+00 1.321133810105511452e+00 1.256744562720100822e+00 1.220444701451213865e+00 1.228959118010761076e+00 1.218705385424435184e+00 1.196517751848446887e+00 1.243482896145145178e+00 1.178494094847456042e+00 1.219253336868029391e+00 1.154849145745196148e+00 1.160608758552439612e+00 1.084428532856648753e+00 2.304594744889085334e+00 1.043594699989652819e+00 1.320514532498471061e+00 1.302365751222753554e+00 1.271695981703975464e+00 1.413666049600817542e+00 1.267730848507259145e+00 1.864294501502845813e+00 1.238463500375785342e+00 1.593247587796041254e+00 2.020125790510856945e+00 2.086597493388286040e+00 2.068565236241131089e+00 2.024279228146244058e+00 0.000000000000000000e+00 5.337470769572238982e-01 6.812707121480314765e-01 6.043066126339757815e-01 8.657180397229946589e-01
2.900000000000000000e+01 1.575046755544448951e+00 1.300602565409610056e+00 1.239282438965000344e+00 1.202271064055911998e+00 1.211392528786645384e+00 1.201620233900792867e+00 1.179091892445653711e+00 1.227389016966312196e+00 1.159484650854030852e+00 1.202664526005863044e+00 1.136453805496881797e+00 1.143185795128244697e+00 1.061696923028608852e+00 2.308228479677700840e+00 1.019034221294344400e+00 1.325142536725547382e+00 1.307615884149900820e+00 1.277342368431986008e+00 1.420592372488731714e+00 1.274338302658910349e+00 1.840038153206511984e+00 1.246835017918656030e+00 1.565900621151792960e+00 1.991387519197364897e+00 2.112771962017818694e+00 2.092396337771443626e+00 2.044571622482463269e+00 5.337470769572238982e-01 0.000000000000000000e+00 6.128381749575917414e-01 6.388967002078760338e-01 8.816405676818830361e-01
3.000000000000000000e+01 1.542337915140208127e+00 1.270953965774435312e+00 1.216314611448491290e+00 1.177910150850477455e+00 1.188259199569227542e+00 1.179502489441553115e+00 1.156418663886649378e+00 1.207137205008330882e+00 1.133723643907173395e+00 1.181575700958026998e+00 1.112252158637623500e+00 1.120963654840849033e+00 1.029157265346898553e+00 2.317273750238626917e+00 9.841617392127026687e-01 1.335952802955337804e+00 1.318901097583430326e+00 1.289292572728423236e+00 1.433578974671512851e+00 1.287242081821635908e+00 1.812579544326073711e+00 1.262019034795309524e+00 1.534559323749165705e+00 1.967480318452445198e+00 2.147373690321432882e+00 2.122161627668089245e+00 2.069350753589105807e+00 6.812707121480314765e-01 6.128381749575917414e-01 0.000000000000000000e+00 7.017395958703498415e-01 8.991599734016137990e-01
3.100000000000000000e+01 1.604680818103785267e+00 1.331036435795559303e+00 1.269456078538362842e+00 1.232724387679123179e+00 1.241661144811680551e+00 1.231800973270093191e+00 1.209557965966159276e+00 1.257083887514804932e+00 1.190616780599483615e+00 1.232729173966923497e+00 1.167814333987271080e+00 1.174241486780958521e+00 1.095255553389522074e+00 2.316082874669660452e+00 1.055174347473492258e+00 1.333100183091413538e+00 1.313769631461413123e+00 1.283518865129348097e+00 1.422805888208890757e+00 1.278352008267173989e+00 1.882950103655915530e+00 1.249076234692279908e+00 1.612308479168495623e+00 2.046435888126100000e+00 2.092710863944200028e+00 2.058967873921435210e+00 2.007123248795502857e+00 6.043066126339757815e-01 6.388967002078760338e-01 7.017395958703498415e-01 0.000000000000000000e+00 8.199828332824441457e-01
3.200000000000000000e+01 1.713455711004030269e+00 1.438909526562626828e+00 1.372989448337202711e+00 1.337478798068516772e+00 1.345434780975588440e+00 1.334866642625122113e+00 1.313378424642480224e+00 1.358342636483819588e+00 1.297120320442059382e+00 1.335049727688946364e+00 1.273797015329209747e+00 1.278746742290333360e+00 1.208589152245598486e+00 2.356290334896817384e+00 1.172796058936502073e+00 1.374656100945904624e+00 1.350084156545978020e+00 1.320453557960286739e+00 1.447382384516043841e+00 1.309188253320169304e+00 2.006099379458897047e+00 1.276966705033036442e+00 1.740902469888758519e+00 2.182787210868326611e+00 2.097996212927665916e+00 2.001907504277536276e+00 1.909156969427795447e+00 8.657180397229946589e-01 8.816405676818830361e-01 8.991599734016137990e-01 8.199828332824441457e-01 0.000000000000000000e+00
