0.000000000000000000e+00 1.000000000000000000e+00 2.000000000000000000e+00 3.000000000000000000e+00 4.000000000000000000e+00 5.000000000000000000e+00 6.000000000000000000e+00 7.000000000000000000e+00 8.000000000000000000e+00 9.000000000000000000e+00 1.000000000000000000e+01 1.100000000000000000e+01 1.200000000000000000e+01 1.300000000000000000e+01 1.400000000000000000e+01 1.500000000000000000e+01 1.600000000000000000e+01 1.700000000000000000e+01 1.800000000000000000e+01 1.900000000000000000e+01 2.000000000000000000e+01 2.100000000000000000e+01 2.200000000000000000e+01 2.300000000000000000e+01 2.400000000000000000e+01 2.500000000000000000e+01 2.600000000000000000e+01 2.700000000000000000e+01 2.800000000000000000e+01 2.900000000000000000e+01 3.000000000000000000e+01 3.100000000000000000e+01 3.200000000000000000e+01
1.000000000000000000e+00 0.000000000000000000e+00 8.680907671472632980e-01 9.793374771280214386e-01 9.608750862605410781e-01 9.761381238081728862e-01 9.860422584195518425e-01 9.794533903233133554e-01 1.006134603972448804e+00 9.490441964218941928e-01 9.961970609442568625e-01 9.704245447929613633e-01 9.842532709323454920e-01 9.632054341948332876e-01 1.200379724089477573e+00 9.795467680443331604e-01 1.137343727130255777e+00 1.165705014166639186e+00 1.149413578403046143e+00 1.207790145236162349e+00 1.170702621145568001e+00 1.015675203071829680e+00 1.159023453254886871e+00 1.023247469907929474e+00 1.033622788725941044e+00 1.166200539715997797e+00 1.200710574204888470e+00 1.227991867905524170e+00 1.113938742502870172e+00 1.098882046115654765e+00 1.016131272734586810e+00 1.121161041597065200e+00 1.221017367424036992e+00
2.000000000000000000e+00 8.680907671472632980e-01 0.000000000000000000e+00 8.360555976266965672e-01 8.063775769461032361e-01 8.306275469307181636e-01 8.446020031808250117e-01 8.350082197373573933e-01 8.716908485568635179e-01 7.859428810808734012e-01 8.587586095794387253e-01 8.252295767071169408e-01 8.447411610797650461e-01 8.391273927421614154e-01 1.085378668854496187e+00 8.710570242061529411e-01 1.023367288133506525e+00 1.051774255099750421e+00 1.036047070047530161e+00 1.094823253756663117e+00 1.057919844889452898e+00 9.088453048824056690e-01 1.047607694498120967e+00 9.193970136518709868e-01 9.307211634740859552e-01 1.059325790801895151e+00 1.094508408059851501e+00 1.122244555563253421e+00 1.012800795964242218e+00 9.991435315507362080e-01 9.197340566047167432e-01 1.020621030532148144e+00 1.118253258427600150e+00
3.000000000000000000e+00 9.793374771280214386e-01 8.360555976266965672e-01 0.000000000000000000e+00 5.995205054010743773e-01 4.613915236794111641e-01 5.761267036180390821e-01 6.281501745624662458e-01 6.629593951704590982e-01 7.325307645357329589e-01 6.519340784630854868e-01 7.396653894610492053e-01 7.250654201654003206e-01 8.426821596336804276e-01 9.944636243455007296e-01 8.588369258889819724e-01 9.386266855985139212e-01 9.661746334105691947e-01 9.534094856410881835e-01 1.012763705005423009e+00 9.771263971156252115e-01 8.765483626642887049e-01 9.727144294582799056e-01 8.892065754771856234e-01 8.990680650707705279e-01 1.000997170267204472e+00 1.037882281455721145e+00 1.066932686050259704e+00 9.734926957825973393e-01 9.640038953380638542e-01 8.930839345996359757e-01 9.820626520195960829e-01 1.072432540663111000e+00
4.000000000000000000e+00 9.608750862605410781e-01 8.063775769461032361e-01 5.995205054010743773e-01 0.000000000000000000e+00 5.683051057710554188e-01 6.412031579616952470e-01 6.349590434989058618e-01 7.156667799232605542e-01 6.840739945067538796e-01 6.930132873581446029e-01 7.175002843707785072e-01 7.192021729063906577e-01 8.250451459307424074e-01 1.007714395646166050e+00 8.480662788142862007e-01 9.497118917697078277e-01 9.777110295683730801e-01 9.639726890235291723e-01 1.023362529230291695e+00 9.872650610478601596e-01 8.713222648844967111e-01 9.811091662475219799e-01 8.844098417809180823e-01 8.950560947376955401e-01 1.004990530820346839e+00 1.041539125375507080e+00 1.070292192096057970e+00 9.727642516073300438e-01 9.623173530705628753e-01 8.896314550047212943e-01 9.813069874303232965e-01 1.073471726337053900e+00
5.000000000000000000e+00 9.761381238081728862e-01 8.306275469307181636e-01 4.613915236794111641e-01 5.683051057710554188e-01 0.000000000000000000e+00 5.467364422351450592e-01 5.901930911010835334e-01 6.628148447368187313e-01 7.138595656391207855e-01 6.391234478878214942e-01 7.213560610967073572e-01 7.071066123913454238e-01 8.325446364678241729e-01 9.918990901785864622e-01 8.500966438145171056e-01 9.352208672916402232e-01 9.630142010851139300e-01 9.499078769872320027e-01 1.009387086564549119e+00 9.735659364656179537e-01 8.687089716295166575e-01 9.686409373487907537e-01 8.817329098940611676e-01 8.918596612501941134e-01 9.958670746720728051e-01 1.032722114942953517e+00 1.061723302526301094e+00 9.673800301490669273e-01 9.577246644437755752e-01 8.865681552386981412e-01 9.760052028710979322e-01 1.066748266922448396e+00
6.000000000000000000e+00 9.860422584195518425e-01 8.446020031808250117e-01 5.761267036180390821e-01 6.412031579616952470e-01 5.467364422351450592e-01 0.000000000000000000e+00 5.318636020962099753e-01 6.005633072309366494e-01 7.206603622763926298e-01 5.467472535088097052e-01 7.077823618446377196e-01 6.774021222692321320e-01 8.272057106403027937e-01 9.735056696348682870e-01 8.411492340131679901e-01 9.169445709220076512e-01 9.448869877706240761e-01 9.319275887115907597e-01 9.916798612523574086e-01 9.558721727466250595e-01 8.563529978551234212e-01 9.514543493178728717e-01 8.697139779528426651e-01 8.796453697171118247e-01 9.805327016580920318e-01 1.017645675966114549e+00 1.046822515840021062e+00 9.543805792852293468e-01 9.452722589369308981e-01 8.752745659179110849e-01 9.631521679513728174e-01 1.053008753560851885e+00
7.000000000000000000e+00 9.794533903233133554e-01 8.350082197373573933e-01 6.281501745624662458e-01 6.349590434989058618e-01 5.901930911010835334e-01 5.318636020962099753e-01 0.000000000000000000e+00 6.463769422377332319e-01 6.866990946999625978e-01 5.810453369555034220e-01 6.661506317869494431e-01 6.337915747662394850e-01 8.088233013545687022e-01 9.744374816538816653e-01 8.262815277318659168e-01 9.160870208663898229e-01 9.444983879115691483e-01 9.307783223093750724e-01 9.907119185177815091e-01 9.545146578858962894e-01 8.441146755508259769e-01 9.488674926188527259e-01 8.583178325780123075e-01 8.689215194488708605e-01 9.752071126442498628e-01 1.012198399832723084e+00 1.041229107513137908e+00 9.463779497082185355e-01 9.367868728687407387e-01 8.660373332216322328e-01 9.552495167039749546e-01 1.046120243080806977e+00
8.000000000000000000e+00 1.006134603972448804e+00 8.716908485568635179e-01 6.629593951704590982e-01 7.156667799232605542e-01 6.628148447368187313e-01 6.005633072309366494e-01 6.463769422377332319e-01 0.000000000000000000e+00 7.631009880137983314e-01 5.333613711376367084e-01 7.387571282687632745e-01 6.994854614258045888e-01 8.413610788898915338e-01 9.483630909891096472e-01 8.471527862899635997e-01 8.940890807522257067e-01 9.216700216430722126e-01 9.098211243144931348e-01 9.697206858466631552e-01 9.343976781905254381e-01 8.551851933130427685e-01 9.321344888476770230e-01 8.678594399812467053e-01 8.767001932447009427e-01 9.669307151882888807e-01 1.004511882783068355e+00 1.034087022434883263e+00 9.470021039380809302e-01 9.391665872700045714e-01 8.715171661067115938e-01 9.558207648665959510e-01 1.043319110461457866e+00
9.000000000000000000e+00 9.490441964218941928e-01 7.859428810808734012e-01 7.325307645357329589e-01 6.840739945067538796e-01 7.138595656391207855e-01 7.206603622763926298e-01 6.866990946999625978e-01 7.631009880137983314e-01 0.000000000000000000e+00 7.357423168363640409e-01 6.289478095209259934e-01 6.863223174546775329e-01 7.618088613823073008e-01 1.004797922879241412e+00 8.025229083907604588e-01 9.429818147223583136e-01 9.718759853256366821e-01 9.564713796507475774e-01 1.016086772047836817e+00 9.791680544562939570e-01 8.362796457405676787e-01 9.701653862548869078e-01 8.512252186841986479e-01 8.636452794567708313e-01 9.872519471330576390e-01 1.023389979187548260e+00 1.051733236151152440e+00 9.480296495145015268e-01 9.362419303657592007e-01 8.613242474846480867e-01 9.567124264236568365e-01 1.051523760877089542e+00
1.000000000000000000e+01 9.961970609442568625e-01 8.587586095794387253e-01 6.519340784630854868e-01 6.930132873581446029e-01 6.391234478878214942e-01 5.467472535088097052e-01 5.810453369555034220e-01 5.333613711376367084e-01 7.357423168363640409e-01 0.000000000000000000e+00 7.051563554107209697e-01 6.567981345010986960e-01 8.242215396999543753e-01 9.542471161618371056e-01 8.333715632803370132e-01 8.976526460687941356e-01 9.258373475417263077e-01 9.129942696226016619e-01 9.731189689157631051e-01 9.372904693007149124e-01 8.442836987943198590e-01 9.334126713964541189e-01 8.578868935796353234e-01 8.675101207561144445e-01 9.646046214687518106e-01 1.002021774559263445e+00 1.031402739003596025e+00 9.411519925711104850e-01 9.326774232453487468e-01 8.640077571684681157e-01 9.500875835826740889e-01 1.038923143443793995e+00
1.100000000000000000e+01 9.704245447929613633e-01 8.252295767071169408e-01 7.396653894610492053e-01 7.175002843707785072e-01 7.213560610967073572e-01 7.077823618446377196e-01 6.661506317869494431e-01 7.387571282687632745e-01 6.289478095209259934e-01 7.051563554107209697e-01 0.000000000000000000e+00 5.758914098681051641e-01 7.465370844265644124e-01 9.760847709184874432e-01 7.781988106554024176e-01 9.133088755941349834e-01 9.427614137390343263e-01 9.270878014462826666e-01 9.872880725568751181e-01 9.501293462499964537e-01 8.064289357162812699e-01 9.411427725630212571e-01 8.237573570466198980e-01 8.367421911775456689e-01 9.596412370589122443e-01 9.962269965344208167e-01 1.024816736967296027e+00 9.229386056301358554e-01 9.119008333095666163e-01 8.389207280572983372e-01 9.320955516114457495e-01 1.025932400748035489e+00
1.200000000000000000e+01 9.842532709323454920e-01 8.447411610797650461e-01 7.250654201654003206e-01 7.192021729063906577e-01 7.071066123913454238e-01 6.774021222692321320e-01 6.337915747662394850e-01 6.994854614258045888e-01 6.863223174546775329e-01 6.567981345010986960e-01 5.758914098681051641e-01 0.000000000000000000e+00 7.724659404153970677e-01 9.575253219081640843e-01 7.888082081771122800e-01 8.957166922397770126e-01 9.252425548654319432e-01 9.101445486314914124e-01 9.707586540936596897e-01 9.337870195442052879e-01 8.063085515958585692e-01 9.262184407883196080e-01 8.232469220303428870e-01 8.351767495762787430e-01 9.492183057835357207e-01 9.863223943312768860e-01 1.015290847136254282e+00 9.179071599664323511e-01 9.080684416949018622e-01 8.374380426958027979e-01 9.272481053474961321e-01 1.019047521441060367e+00
1.300000000000000000e+01 9.632054341948332876e-01 8.391273927421614154e-01 8.426821596336804276e-01 8.250451459307424074e-01 8.325446364678241729e-01 8.272057106403027937e-01 8.088233013545687022e-01 8.413610788898915338e-01 7.618088613823073008e-01 8.242215396999543753e-01 7.465370844265644124e-01 7.724659404153970677e-01 0.000000000000000000e+00 1.001934751138646273e+00 6.742389492575350252e-01 9.342449874857774450e-01 9.640699320886236823e-01 9.458819118514567581e-01 1.005145950977932134e+00 9.669961654490115688e-01 7.636754242581635932e-01 9.525906332770088802e-01 7.820661466838874087e-01 7.993937782271791637e-01 9.550685548378570200e-01 9.899652374256402432e-01 1.017273530182001284e+00 8.995713649760255226e-01 8.844123301813462401e-01 8.036111810963106894e-01 9.082776151142541998e-01 1.009217457717862088e+00
1.400000000000000000e+01 1.200379724089477573e+00 1.085378668854496187e+00 9.944636243455007296e-01 1.007714395646166050e+00 9.918990901785864622e-01 9.735056696348682870e-01 9.744374816538816653e-01 9.483630909891096472e-01 1.004797922879241412e+00 9.542471161618371056e-01 9.760847709184874432e-01 9.575253219081640843e-01 1.001934751138646273e+00 0.000000000000000000e+00 9.681952624796420492e-01 6.556160260343442125e-01 5.731601582151040208e-01 6.456248519687641796e-01 6.079981156920759577e-01 6.373772657547662757e-01 9.403121575132971088e-01 7.159991019688747294e-01 9.391872632660502873e-01 9.355204401344272558e-01 8.590863258028627047e-01 8.944280395414039297e-01 9.273223510974522021e-01 9.312160719798983077e-01 9.376911648406485167e-01 8.910461006630978620e-01 9.339433386708702045e-01 9.844897200175266594e-01
1.500000000000000000e+01 9.795467680443331604e-01 8.710570242061529411e-01 8.588369258889819724e-01 8.480662788142862007e-01 8.500966438145171056e-01 8.411492340131679901e-01 8.262815277318659168e-01 8.471527862899635997e-01 8.025229083907604588e-01 8.333715632803370132e-01 7.781988106554024176e-01 7.888082081771122800e-01 6.742389492575350252e-01 9.681952624796420492e-01 0.000000000000000000e+00 8.972237451877582703e-01 9.275276445699207617e-01 9.077530354654450573e-01 9.667711008332355860e-01 9.279249679911882875e-01 6.698326446730182848e-01 9.103778727008515759e-01 6.945327555068061542e-01 7.195583550976607512e-01 9.043657819043560142e-01 9.386806746806404256e-01 9.654589844590772962e-01 8.394692494085576051e-01 8.224741592704416515e-01 7.394906952956443735e-01 8.487822654336421024e-01 9.531664515993953923e-01
1.600000000000000000e+01 1.137343727130255777e+00 1.023367288133506525e+00 9.386266855985139212e-01 9.497118917697078277e-01 9.352208672916402232e-01 9.169445709220076512e-01 9.160870208663898229e-01 8.940890807522257067e-01 9.429818147223583136e-01 8.976526460687941356e-01 9.133088755941349834e-01 8.957166922397770126e-01 9.342449874857774450e-01 6.556160260343442125e-01 8.972237451877582703e-01 0.000000000000000000e+00 5.482509268592179463e-01 4.619070267550144937e-01 6.514384319367141352e-01 5.789129839878552897e-01 8.657560600316842603e-01 6.188376987549455421e-01 8.635193329199153389e-01 8.587379243087778224e-01 7.779406749563735346e-01 8.189611464436228339e-01 8.535527873953894229e-01 8.514444507294156583e-01 8.587664244668413716e-01 8.139615350678790495e-01 8.554529032679774048e-01 9.078201235143430470e-01
1.700000000000000000e+01 1.165705014166639186e+00 1.051774255099750421e+00 9.661746334105691947e-01 9.777110295683730801e-01 9.630142010851139300e-01 9.448869877706240761e-01 9.444983879115691483e-01 9.216700216430722126e-01 9.718759853256366821e-01 9.258373475417263077e-01 9.427614137390343263e-01 9.252425548654319432e-01 9.640699320886236823e-01 5.731601582151040208e-01 9.275276445699207617e-01 5.482509268592179463e-01 0.000000000000000000e+00 5.052880644589092807e-01 5.625916444451917187e-01 5.100840413600029599e-01 8.971994026130996058e-01 6.277830500267318481e-01 8.947586754031235934e-01 8.899552053225179282e-01 7.968678375256805779e-01 8.334330651760053499e-01 8.671522478286344260e-01 8.782834386259465997e-01 8.861247850781384106e-01 8.414123728250930689e-01 8.805375715727077335e-01 9.280891789776475331e-01
1.800000000000000000e+01 1.149413578403046143e+00 1.036047070047530161e+00 9.534094856410881835e-01 9.639726890235291723e-01 9.499078769872320027e-01 9.319275887115907597e-01 9.307783223093750724e-01 9.098211243144931348e-01 9.564713796507475774e-01 9.129942696226016619e-01 9.270878014462826666e-01 9.101445486314914124e-01 9.458819118514567581e-01 6.456248519687641796e-01 9.077530354654450573e-01 4.619070267550144937e-01 5.052880644589092807e-01 0.000000000000000000e+00 6.120631191052907649e-01 5.052300344711559976e-01 8.758555404758452401e-01 5.788020967630065350e-01 8.727232494593470946e-01 8.672857829670090890e-01 7.683394187528087560e-01 8.078290761553432731e-01 8.425505866628815177e-01 8.527394151655156573e-01 8.612051664652955463e-01 8.175694792679764067e-01 8.553670225097087521e-01 9.030473028338830144e-01
1.900000000000000000e+01 1.207790145236162349e+00 1.094823253756663117e+00 1.012763705005423009e+00 1.023362529230291695e+00 1.009387086564549119e+00 9.916798612523574086e-01 9.907119185177815091e-01 9.697206858466631552e-01 1.016086772047836817e+00 9.731189689157631051e-01 9.872880725568751181e-01 9.707586540936596897e-01 1.005145950977932134e+00 6.079981156920759577e-01 9.667711008332355860e-01 6.514384319367141352e-01 5.625916444451917187e-01 6.120631191052907649e-01 0.000000000000000000e+00 5.345888201612178925e-01 9.356536402388362372e-01 6.387307218520521523e-01 9.318787562597865559e-01 9.261011886924352954e-01 8.062236868209957663e-01 8.368807599043104339e-01 8.695461585454986597e-01 9.033574774985237976e-01 9.128884785188000617e-01 8.698327387196591598e-01 9.030529466830294893e-01 9.420544740987242260e-01
2.000000000000000000e+01 1.170702621145568001e+00 1.057919844889452898e+00 9.771263971156252115e-01 9.872650610478601596e-01 9.735659364656179537e-01 9.558721727466250595e-01 9.545146578858962894e-01 9.343976781905254381e-01 9.791680544562939570e-01 9.372904693007149124e-01 9.501293462499964537e-01 9.337870195442052879e-01 9.669961654490115688e-01 6.373772657547662757e-01 9.279249679911882875e-01 5.789129839878552897e-01 5.100840413600029599e-01 5.052300344711559976e-01 5.345888201612178925e-01 0.000000000000000000e+00 8.959074311850694361e-01 5.585092704331002800e-01 8.919250562650435921e-01 8.859049619126808661e-01 7.666959486706954596e-01 8.019152614191020767e-01 8.360628066170421313e-01 8.634247143104569755e-01 8.730665450591039711e-01 8.304580092189544072e-01 8.640277401311629024e-01 9.052940236546234143e-01
2.100000000000000000e+01 1.015675203071829680e+00 9.088453048824056690e-01 8.765483626642887049e-01 8.713222648844967111e-01 8.687089716295166575e-01 8.563529978551234212e-01 8.441146755508259769e-01 8.551851933130427685e-01 8.362796457405676787e-01 8.442836987943198590e-01 8.064289357162812699e-01 8.063085515958585692e-01 7.636754242581635932e-01 9.403121575132971088e-01 6.698326446730182848e-01 8.657560600316842603e-01 8.971994026130996058e-01 8.758555404758452401e-01 9.356536402388362372e-01 8.959074311850694361e-01 0.000000000000000000e+00 8.760315893996186709e-01 5.478818115193613281e-01 6.186783891434728400e-01 8.669011248513289747e-01 9.024863213786669114e-01 9.297712522540186875e-01 8.021157983198312635e-01 7.866483306924674235e-01 7.117013946351078424e-01 8.149904401151242261e-01 9.188715188463409955e-01
2.200000000000000000e+01 1.159023453254886871e+00 1.047607694498120967e+00 9.727144294582799056e-01 9.811091662475219799e-01 9.686409373487907537e-01 9.514543493178728717e-01 9.488674926188527259e-01 9.321344888476770230e-01 9.701653862548869078e-01 9.334126713964541189e-01 9.411427725630212571e-01 9.262184407883196080e-01 9.525906332770088802e-01 7.159991019688747294e-01 9.103778727008515759e-01 6.188376987549455421e-01 6.277830500267318481e-01 5.788020967630065350e-01 6.387307218520521523e-01 5.585092704331002800e-01 8.760315893996186709e-01 0.000000000000000000e+00 8.701833848941176175e-01 8.626408798111400156e-01 7.128224523186161843e-01 7.533092317800993420e-01 7.902317846878488261e-01 8.281726113789336097e-01 8.399682025288934817e-01 8.001106470889782774e-01 8.278758728273793999e-01 8.647837809128888775e-01
2.300000000000000000e+01 1.023247469907929474e+00 9.193970136518709868e-01 8.892065754771856234e-01 8.844098417809180823e-01 8.817329098940611676e-01 8.697139779528426651e-01 8.583178325780123075e-01 8.678594399812467053e-01 8.512252186841986479e-01 8.578868935796353234e-01 8.237573570466198980e-01 8.232469220303428870e-01 7.820661466838874087e-01 9.391872632660502873e-01 6.945327555068061542e-01 8.635193329199153389e-01 8.947586754031235934e-01 8.727232494593470946e-01 9.318787562597865559e-01 8.919250562650435921e-01 5.478818115193613281e-01 8.701833848941176175e-01 0.000000000000000000e+00 5.150580655500072158e-01 8.547234768251803505e-01 8.897916299330153045e-01 9.166635464564927283e-01 7.817515619458796916e-01 7.647307395067148850e-01 6.897699632640506007e-01 7.959360426093069485e-01 9.026141370911127115e-01
2.400000000000000000e+01 1.033622788725941044e+00 9.307211634740859552e-01 8.990680650707705279e-01 8.950560947376955401e-01 8.918596612501941134e-01 8.796453697171118247e-01 8.689215194488708605e-01 8.767001932447009427e-01 8.636452794567708313e-01 8.675101207561144445e-01 8.367421911775456689e-01 8.351767495762787430e-01 7.993937782271791637e-01 9.355204401344272558e-01 7.195583550976607512e-01 8.587379243087778224e-01 8.899552053225179282e-01 8.672857829670090890e-01 9.261011886924352954e-01 8.859049619126808661e-01 6.186783891434728400e-01 8.626408798111400156e-01 5.150580655500072158e-01 0.000000000000000000e+00 8.425927185298036637e-01 8.776675235778328421e-01 9.044297704150623396e-01 7.640641012227049611e-01 7.464504650178318546e-01 6.749154447293930215e-01 7.805939638743590869e-01 8.889242305909437203e-01
2.500000000000000000e+01 1.166200539715997797e+00 1.059325790801895151e+00 1.000997170267204472e+00 1.004990530820346839e+00 9.958670746720728051e-01 9.805327016580920318e-01 9.752071126442498628e-01 9.669307151882888807e-01 9.872519471330576390e-01 9.646046214687518106e-01 9.596412370589122443e-01 9.492183057835357207e-01 9.550685548378570200e-01 8.590863258028627047e-01 9.043657819043560142e-01 7.779406749563735346e-01 7.968678375256805779e-01 7.683394187528087560e-01 8.062236868209957663e-01 7.666959486706954596e-01 8.669011248513289747e-01 7.128224523186161843e-01 8.547234768251803505e-01 8.425927185298036637e-01 0.000000000000000000e+00 5.858507379565049966e-01 6.598917882248840350e-01 7.490372102034072999e-01 7.713082616934738844e-01 7.414312795763522423e-01 7.388504400784983162e-01 7.518811865049681575e-01
2.600000000000000000e+01 1.200710574204888470e+00 1.094508408059851501e+00 1.037882281455721145e+00 1.041539125375507080e+00 1.032722114942953517e+00 1.017645675966114549e+00 1.012198399832723084e+00 1.004511882783068355e+00 1.023389979187548260e+00 1.002021774559263445e+00 9.962269965344208167e-01 9.863223943312768860e-01 9.899652374256402432e-01 8.944280395414039297e-01 9.386806746806404256e-01 8.189611464436228339e-01 8.334330651760053499e-01 8.078290761553432731e-01 8.368807599043104339e-01 8.019152614191020767e-01 9.024863213786669114e-01 7.533092317800993420e-01 8.897916299330153045e-01 8.776675235778328421e-01 5.858507379565049966e-01 0.000000000000000000e+00 5.311303456406366585e-01 7.745912067871005835e-01 7.961477686824858235e-01 7.637298194161441511e-01 7.516164697522085270e-01 7.234274509532558906e-01
2.700000000000000000e+01 1.227991867905524170e+00 1.122244555563253421e+00 1.066932686050259704e+00 1.070292192096057970e+00 1.061723302526301094e+00 1.046822515840021062e+00 1.041229107513137908e+00 1.034087022434883263e+00 1.051733236151152440e+00 1.031402739003596025e+00 1.024816736967296027e+00 1.015290847136254282e+00 1.017273530182001284e+00 9.273223510974522021e-01 9.654589844590772962e-01 8.535527873953894229e-01 8.671522478286344260e-01 8.425505866628815177e-01 8.695461585454986597e-01 8.360628066170421313e-01 9.297712522540186875e-01 7.902317846878488261e-01 9.166635464564927283e-01 9.044297704150623396e-01 6.598917882248840350e-01 5.311303456406366585e-01 0.000000000000000000e+00 7.963350801216841912e-01 8.172009704468667923e-01 7.832653469334032170e-01 7.664195582802402207e-01 7.090694676655910911e-01
2.800000000000000000e+01 1.113938742502870172e+00 1.012800795964242218e+00 9.734926957825973393e-01 9.727642516073300438e-01 9.673800301490669273e-01 9.543805792852293468e-01 9.463779497082185355e-01 9.470021039380809302e-01 9.480296495145015268e-01 9.411519925711104850e-01 9.229386056301358554e-01 9.179071599664323511e-01 8.995713649760255226e-01 9.312160719798983077e-01 8.394692494085576051e-01 8.514444507294156583e-01 8.782834386259465997e-01 8.527394151655156573e-01 9.033574774985237976e-01 8.634247143104569755e-01 8.021157983198312635e-01 8.281726113789336097e-01 7.817515619458796916e-01 7.640641012227049611e-01 7.490372102034072999e-01 7.745912067871005835e-01 7.963350801216841912e-01 0.000000000000000000e+00 5.280063199307587496e-01 5.950454924465622408e-01 5.743766606859208590e-01 7.486338207687091018e-01
2.900000000000000000e+01 1.098882046115654765e+00 9.991435315507362080e-01 9.640038953380638542e-01 9.623173530705628753e-01 9.577246644437755752e-01 9.452722589369308981e-01 9.367868728687407387e-01 9.391665872700045714e-01 9.362419303657592007e-01 9.326774232453487468e-01 9.119008333095666163e-01 9.080684416949018622e-01 8.844123301813462401e-01 9.376911648406485167e-01 8.224741592704416515e-01 8.587664244668413716e-01 8.861247850781384106e-01 8.612051664652955463e-01 9.128884785188000617e-01 8.730665450591039711e-01 7.866483306924674235e-01 8.399682025288934817e-01 7.647307395067148850e-01 7.464504650178318546e-01 7.713082616934738844e-01 7.961477686824858235e-01 8.172009704468667923e-01 5.280063199307587496e-01 0.000000000000000000e+00 5.467285975979325752e-01 6.055605808970059289e-01 7.675422785970058559e-01
3.000000000000000000e+01 1.016131272734586810e+00 9.197340566047167432e-01 8.930839345996359757e-01 8.896314550047212943e-01 8.865681552386981412e-01 8.752745659179110849e-01 8.660373332216322328e-01 8.715171661067115938e-01 8.613242474846480867e-01 8.640077571684681157e-01 8.389207280572983372e-01 8.374380426958027979e-01 8.036111810963106894e-01 8.910461006630978620e-01 7.394906952956443735e-01 8.139615350678790495e-01 8.414123728250930689e-01 8.175694792679764067e-01 8.698327387196591598e-01 8.304580092189544072e-01 7.117013946351078424e-01 8.001106470889782774e-01 6.897699632640506007e-01 6.749154447293930215e-01 7.414312795763522423e-01 7.637298194161441511e-01 7.832653469334032170e-01 5.950454924465622408e-01 5.467285975979325752e-01 0.000000000000000000e+00 5.884485923604774182e-01 7.281210041763503948e-01
3.100000000000000000e+01 1.121161041597065200e+00 1.020621030532148144e+00 9.820626520195960829e-01 9.813069874303232965e-01 9.760052028710979322e-01 9.631521679513728174e-01 9.552495167039749546e-01 9.558207648665959510e-01 9.567124264236568365e-01 9.500875835826740889e-01 9.320955516114457495e-01 9.272481053474961321e-01 9.082776151142541998e-01 9.339433386708702045e-01 8.487822654336421024e-01 8.554529032679774048e-01 8.805375715727077335e-01 8.553670225097087521e-01 9.030529466830294893e-01 8.640277401311629024e-01 8.149904401151242261e-01 8.278758728273793999e-01 7.959360426093069485e-01 7.805939638743590869e-01 7.388504400784983162e-01 7.516164697522085270e-01 7.664195582802402207e-01 5.743766606859208590e-01 6.055605808970059289e-01 5.884485923604774182e-01 0.000000000000000000e+00 6.856507455451039679e-01
3.200000000000000000e+01 1.221017367424036992e+00 1.118253258427600150e+00 1.072432540663111000e+00 1.073471726337053900e+00 1.066748266922448396e+00 1.053008753560851885e+00 1.046120243080806977e+00 1.043319110461457866e+00 1.051523760877089542e+00 1.038923143443793995e+00 1.025932400748035489e+00 1.019047521441060367e+00 1.009217457717862088e+00 9.844897200175266594e-01 9.531664515993953923e-01 9.078201235143430470e-01 9.280891789776475331e-01 9.030473028338830144e-01 9.420544740987242260e-01 9.052940236546234143e-01 9.188715188463409955e-01 8.647837809128888775e-01 9.026141370911127115e-01 8.889242305909437203e-01 7.518811865049681575e-01 7.234274509532558906e-01 7.090694676655910911e-01 7.486338207687091018e-01 7.675422785970058559e-01 7.281210041763503948e-01 6.856507455451039679e-01 0.000000000000000000e+00
