0.000000000000000000e+00 1.000000000000000000e+00 2.000000000000000000e+00 3.000000000000000000e+00 4.000000000000000000e+00 5.000000000000000000e+00 6.000000000000000000e+00 7.000000000000000000e+00 8.000000000000000000e+00 9.000000000000000000e+00 1.000000000000000000e+01 1.100000000000000000e+01 1.200000000000000000e+01 1.300000000000000000e+01 1.400000000000000000e+01 1.500000000000000000e+01 1.600000000000000000e+01 1.700000000000000000e+01 1.800000000000000000e+01 1.900000000000000000e+01 2.000000000000000000e+01 2.100000000000000000e+01 2.200000000000000000e+01 2.300000000000000000e+01 2.400000000000000000e+01 2.500000000000000000e+01 2.600000000000000000e+01 2.700000000000000000e+01 2.800000000000000000e+01 2.900000000000000000e+01 3.000000000000000000e+01 3.100000000000000000e+01 3.200000000000000000e+01
1.000000000000000000e+00 0.000000000000000000e+00 8.695011566920185508e-01 9.863737506832878088e-01 9.667155282192314569e-01 9.831363398467461989e-01 9.942049204552801944e-01 9.873662203951576455e-01 1.016323750381425306e+00 9.546513219602007494e-01 1.005701297442882280e+00 9.783765615235824331e-01 9.936047132318199804e-01 9.716176069741810917e-01 1.253384301861000472e+00 1.006998962541469256e+00 1.173049718117102014e+00 1.207464495888608047e+00 1.188183233390242011e+00 1.267662983184408620e+00 1.215402629477830843e+00 1.045611715581480805e+00 1.202609365706982514e+00 1.058798613330451222e+00 1.070914064563883050e+00 1.222188305894873928e+00 1.269362612121959222e+00 1.309490879563252275e+00 1.179048624179351412e+00 1.167353730347891583e+00 1.162965001472054061e+00 1.218312484668383044e+00 1.345051464646845218e+00
2.000000000000000000e+00 8.695011566920185508e-01 0.000000000000000000e+00 8.385496310230556860e-01 8.080959925888719919e-01 8.330690448974352735e-01 8.477931773654551195e-01 8.379855769524124920e-01 8.763589763292221058e-01 7.874430905506267786e-01 8.628704677322647232e-01 8.281252163100816244e-01 8.486079401235369080e-01 8.425083042472487627e-01 1.129764840373309598e+00 8.906261999202329527e-01 1.050322464074723516e+00 1.084736651984593125e+00 1.065937020419656767e+00 1.145674548151922156e+00 1.093601796052479092e+00 9.296019092878757828e-01 1.081947813607328390e+00 9.453500101224894259e-01 9.582359025073008407e-01 1.105220234053180484e+00 1.152873794486049652e+00 1.193337637778704607e+00 1.067080884998731216e+00 1.056710479523656820e+00 1.055375515762336791e+00 1.106605778731763357e+00 1.231072416045334350e+00
3.000000000000000000e+00 9.863737506832878088e-01 8.385496310230556860e-01 0.000000000000000000e+00 5.996096540515505335e-01 4.613988254549984402e-01 5.762172905991730376e-01 6.282682721957397742e-01 6.634347929612667283e-01 7.329304840886058381e-01 6.522653179521029632e-01 7.401035841496281797e-01 7.255638293236776892e-01 8.454096080987860695e-01 1.029265254611644087e+00 8.753250618036438890e-01 9.558098287991430020e-01 9.892490582945232536e-01 9.732863674529406151e-01 1.053315030192231827e+00 1.002527307856644789e+00 8.889585244233315642e-01 9.963838450817064096e-01 9.056821319264638515e-01 9.164746474884652994e-01 1.034536963996222525e+00 1.083454645973269459e+00 1.124969129738357942e+00 1.014076008832174081e+00 1.007830291847904958e+00 1.014432213249089942e+00 1.053431399664307433e+00 1.170090623264398388e+00
4.000000000000000000e+00 9.667155282192314569e-01 8.080959925888719919e-01 5.996096540515505335e-01 0.000000000000000000e+00 5.683778985977055997e-01 6.414706384218155089e-01 6.351840745361629903e-01 7.165344246647764592e-01 6.842314125247800360e-01 6.936325316313181055e-01 7.178951644081832395e-01 7.198323003963045252e-01 8.272608157033751741e-01 1.043675329936010643e+00 8.641140861359328795e-01 9.681037995216521530e-01 1.002004968642604021e+00 9.850936514369330599e-01 1.065190208969176933e+00 1.013948782620931688e+00 8.844281601543313442e-01 1.006128435960473633e+00 9.018187536611614874e-01 9.135457618902114163e-01 1.040188992104512433e+00 1.088850251068831598e+00 1.130115875639508438e+00 1.015244525142009246e+00 1.008034763627722485e+00 1.012963456137670137e+00 1.054766397246288845e+00 1.173383549998380460e+00
5.000000000000000000e+00 9.831363398467461989e-01 8.330690448974352735e-01 4.613988254549984402e-01 5.683778985977055997e-01 0.000000000000000000e+00 5.468066564113122086e-01 5.902693337692495046e-01 6.632706001294788045e-01 7.141817950335428433e-01 6.394184765280501725e-01 7.216952626474830712e-01 7.075153363297397302e-01 8.350746516189768709e-01 1.026473690298522756e+00 8.662472548288280283e-01 9.522238609230342377e-01 9.858910601628896320e-01 9.696020539995486853e-01 1.049734989429562226e+00 9.987792272017816941e-01 8.808976333055151819e-01 9.921412023740552311e-01 8.980116710065968455e-01 9.090905620550702171e-01 1.029289998513463811e+00 1.078182692562347222e+00 1.119652374627132296e+00 1.007892351645972129e+00 1.001478704319316071e+00 1.007855552412722622e+00 1.047327003962780667e+00 1.164388988422609295e+00
6.000000000000000000e+00 9.942049204552801944e-01 8.477931773654551195e-01 5.762172905991730376e-01 6.414706384218155089e-01 5.468066564113122086e-01 0.000000000000000000e+00 5.318853097987130685e-01 6.007403050327240202e-01 7.211769024795079419e-01 5.468253417862016796e-01 7.080762863544249885e-01 6.776186592455253344e-01 8.299148692933859817e-01 1.006528604692731532e+00 8.571208019756266783e-01 9.324718980117032707e-01 9.662321526387127602e-01 9.501059940555574013e-01 1.030427815181276685e+00 9.795200748094345933e-01 8.675230406028875407e-01 9.733741515877725181e-01 8.847985495539414380e-01 8.955822231043275572e-01 1.012210625589395452e+00 1.061295711767299421e+00 1.102904945749744403e+00 9.930375931130821510e-01 9.871765388460633783e-01 9.946532969684194203e-01 1.032485734989356585e+00 1.148563781105638615e+00
7.000000000000000000e+00 9.873662203951576455e-01 8.379855769524124920e-01 6.282682721957397742e-01 6.351840745361629903e-01 5.902693337692495046e-01 5.318853097987130685e-01 0.000000000000000000e+00 6.466393034108259830e-01 6.870672225000459266e-01 5.811582190476303200e-01 6.663107297471528856e-01 6.339299248894871841e-01 8.111500389353116791e-01 1.007518373871049588e+00 8.416254013931483424e-01 9.317224631922598199e-01 9.659377872230636708e-01 9.490675388847742422e-01 1.029554036139596729e+00 9.782744983938633787e-01 8.550895884938083391e-01 9.709262023146683074e-01 8.733018794721481015e-01 8.848314190992694339e-01 1.007141525974854623e+00 1.056129085822538061e+00 1.097607928090921003e+00 9.853833656793284934e-01 9.790292212180278231e-01 9.857818126527944091e-01 1.025013540469958739e+00 1.142206555330031570e+00
8.000000000000000000e+00 1.016323750381425306e+00 8.763589763292221058e-01 6.634347929612667283e-01 7.165344246647764592e-01 6.632706001294788045e-01 6.007403050327240202e-01 6.466393034108259830e-01 0.000000000000000000e+00 7.643147198161025502e-01 5.334000119493047531e-01 7.394184281782969492e-01 6.998146336703421344e-01 8.449977989305879067e-01 9.794652368253624619e-01 8.638941716127404025e-01 9.077712647215743225e-01 9.411030736314092149e-01 9.261013743610988502e-01 1.006474208130955006e+00 9.560829166356183961e-01 8.655660725053571092e-01 9.520587401676501305e-01 8.818198187017816103e-01 8.912935834515887112e-01 9.962994630420292097e-01 1.045743067268719573e+00 1.087688393803487585e+00 9.831335070656839203e-01 9.785712038954283987e-01 9.882998216762779453e-01 1.022362158527356568e+00 1.135821103691305289e+00
9.000000000000000000e+00 9.546513219602007494e-01 7.874430905506267786e-01 7.329304840886058381e-01 6.842314125247800360e-01 7.141817950335428433e-01 7.211769024795079419e-01 6.870672225000459266e-01 7.643147198161025502e-01 0.000000000000000000e+00 7.366092213583277371e-01 6.291880231777386978e-01 6.869314779137696281e-01 7.631168445043738924e-01 1.041198615004585326e+00 8.168995361330251281e-01 9.619504782201060422e-01 9.967256417601524365e-01 9.782004452953800833e-01 1.058520592286899653e+00 1.006491296198078089e+00 8.492547995191246368e-01 9.959248878364410640e-01 8.688087593909665785e-01 8.825162684192855433e-01 1.023596707073280321e+00 1.071938475620977327e+00 1.112851611073455427e+00 9.919694349759813345e-01 9.834046741214634846e-01 9.862148813275897208e-01 1.031878568672947027e+00 1.153386955456662921e+00
1.000000000000000000e+01 1.005701297442882280e+00 8.628704677322647232e-01 6.522653179521029632e-01 6.936325316313181055e-01 6.394184765280501725e-01 5.468253417862016796e-01 5.811582190476303200e-01 5.334000119493047531e-01 7.366092213583277371e-01 0.000000000000000000e+00 7.055482086781739159e-01 6.569555969431331022e-01 8.272863421010552276e-01 9.856406071732710661e-01 8.493656294843787702e-01 9.116546842377220017e-01 9.455852493818286408e-01 9.295985494989993381e-01 1.010185207716047362e+00 9.593031484543925735e-01 8.544948504680833778e-01 9.536847516504669553e-01 8.718058457314346033e-01 8.821622302664562376e-01 9.944526164102196475e-01 1.043764946820932460e+00 1.085536426014983125e+00 9.778624500331682956e-01 9.726432990592164263e-01 9.813816995039659208e-01 1.017319925393378233e+00 1.132258983758827497e+00
1.100000000000000000e+01 9.783765615235824331e-01 8.281252163100816244e-01 7.401035841496281797e-01 7.178951644081832395e-01 7.216952626474830712e-01 7.080762863544249885e-01 6.663107297471528856e-01 7.394184281782969492e-01 6.291880231777386978e-01 7.055482086781739159e-01 0.000000000000000000e+00 5.760007660708310606e-01 7.479501068310685508e-01 1.009674457556470673e+00 7.915307438623240266e-01 9.295263577317451897e-01 9.647763831224571707e-01 9.459790562935463942e-01 1.026732065318175735e+00 9.745130574877656215e-01 8.168482799592906574e-01 9.638825015311935918e-01 8.385054309654207394e-01 8.526601664631077160e-01 9.925714442491058165e-01 1.041234906659251225e+00 1.082322398451666334e+00 9.631603249578415404e-01 9.553203260821583331e-01 9.599190601510463328e-01 1.003330731349176608e+00 1.123813525508865929e+00
1.200000000000000000e+01 9.936047132318199804e-01 8.486079401235369080e-01 7.255638293236776892e-01 7.198323003963045252e-01 7.075153363297397302e-01 6.776186592455253344e-01 6.339299248894871841e-01 6.998146336703421344e-01 6.869314779137696281e-01 6.569555969431331022e-01 5.760007660708310606e-01 0.000000000000000000e+00 7.745947391736867083e-01 9.891265764312386910e-01 8.028964057453806813e-01 9.099958327000958747e-01 9.452466811548212444e-01 9.270245648260624360e-01 1.008062953980052523e+00 9.560718789274380569e-01 8.156451803342896767e-01 9.467944308659330677e-01 8.365424380027401963e-01 8.494275000584350366e-01 9.795984242633775096e-01 1.028652076904018164e+00 1.070045216419523104e+00 9.553094734099401020e-01 9.486768470159587796e-01 9.554944757471697248e-01 9.953934206028527409e-01 1.113632956822232956e+00
1.300000000000000000e+01 9.716176069741810917e-01 8.425083042472487627e-01 8.454096080987860695e-01 8.272608157033751741e-01 8.350746516189768709e-01 8.299148692933859817e-01 8.111500389353116791e-01 8.449977989305879067e-01 7.631168445043738924e-01 8.272863421010552276e-01 7.479501068310685508e-01 7.745947391736867083e-01 0.000000000000000000e+00 1.042248943675760264e+00 6.834444801229009325e-01 9.571973129879611797e-01 9.929809512387024473e-01 9.717208727407904423e-01 1.051864202636878076e+00 9.985791459276871507e-01 7.780997132642890612e-01 9.827874346962841567e-01 8.020873763303781878e-01 8.212491778389827690e-01 9.967769937409536318e-01 1.044159471992300192e+00 1.084202508386554076e+00 9.494905110528943926e-01 9.374926059821129254e-01 9.346893033735705902e-01 9.901050723004825027e-01 1.118400098483268046e+00
1.400000000000000000e+01 1.253384301861000472e+00 1.129764840373309598e+00 1.029265254611644087e+00 1.043675329936010643e+00 1.026473690298522756e+00 1.006528604692731532e+00 1.007518373871049588e+00 9.794652368253624619e-01 1.041198615004585326e+00 9.856406071732710661e-01 1.009674457556470673e+00 9.891265764312386910e-01 1.042248943675760264e+00 0.000000000000000000e+00 1.021565343114108293e+00 6.663291606345898010e-01 5.803295432419131039e-01 6.567345824056742831e-01 6.290259381596166044e-01 6.509322310978329362e-01 9.759007210312060643e-01 7.352881341716954733e-01 9.756497847872860341e-01 9.702886745624732523e-01 8.941736091523466712e-01 9.417995953595565961e-01 9.874485120573406327e-01 9.746661151704654191e-01 9.854310677784916539e-01 1.016638801008457493e+00 1.005608929513374994e+00 1.077267655828030080e+00
1.500000000000000000e+01 1.006998962541469256e+00 8.906261999202329527e-01 8.753250618036438890e-01 8.641140861359328795e-01 8.662472548288280283e-01 8.571208019756266783e-01 8.416254013931483424e-01 8.638941716127404025e-01 8.168995361330251281e-01 8.493656294843787702e-01 7.915307438623240266e-01 8.028964057453806813e-01 6.834444801229009325e-01 1.021565343114108293e+00 0.000000000000000000e+00 9.331775708177256767e-01 9.695165067095319333e-01 9.466615185114697351e-01 1.026679480849197468e+00 9.726628096487028863e-01 6.942633624863021602e-01 9.537845721750664030e-01 7.266292903953615046e-01 7.540509665564711916e-01 9.597575438471062093e-01 1.006711544701270222e+00 1.046311141381702559e+00 9.035410947762232414e-01 8.897530702789169244e-01 8.850881976743452118e-01 9.450869267156434272e-01 1.077121174194716424e+00
1.600000000000000000e+01 1.173049718117102014e+00 1.050322464074723516e+00 9.558098287991430020e-01 9.681037995216521530e-01 9.522238609230342377e-01 9.324718980117032707e-01 9.317224631922598199e-01 9.077712647215743225e-01 9.619504782201060422e-01 9.116546842377220017e-01 9.295263577317451897e-01 9.099958327000958747e-01 9.571973129879611797e-01 6.663291606345898010e-01 9.331775708177256767e-01 0.000000000000000000e+00 5.495062762999847195e-01 4.621609467499199209e-01 6.632160330141130267e-01 5.809706310773439242e-01 8.831512319144236844e-01 6.213242237217384556e-01 8.814050909601522932e-01 8.746762320678145297e-01 7.909650981071556508e-01 8.426005407089653954e-01 8.891958177807026686e-01 8.737576448573427523e-01 8.855179402745962935e-01 9.185141884646312871e-01 9.052320032873162337e-01 9.773941005129920256e-01
1.700000000000000000e+01 1.207464495888608047e+00 1.084736651984593125e+00 9.892490582945232536e-01 1.002004968642604021e+00 9.858910601628896320e-01 9.662321526387127602e-01 9.659377872230636708e-01 9.411030736314092149e-01 9.967256417601524365e-01 9.455852493818286408e-01 9.647763831224571707e-01 9.452466811548212444e-01 9.929809512387024473e-01 5.803295432419131039e-01 9.695165067095319333e-01 5.495062762999847195e-01 0.000000000000000000e+00 5.061013711796928938e-01 5.696867513722312371e-01 5.113922159458703653e-01 9.205461525160867353e-01 6.322620969566290494e-01 9.186503801083285570e-01 9.118770533344164875e-01 8.155142944933420068e-01 8.635292471428070993e-01 9.097603269839860118e-01 9.066809311864705290e-01 9.190496828954952679e-01 9.523476645021153875e-01 9.366420255208109946e-01 1.003873585060298446e+00
1.800000000000000000e+01 1.188183233390242011e+00 1.065937020419656767e+00 9.732863674529406151e-01 9.850936514369330599e-01 9.696020539995486853e-01 9.501059940555574013e-01 9.490675388847742422e-01 9.261013743610988502e-01 9.782004452953800833e-01 9.295985494989993381e-01 9.459790562935463942e-01 9.270245648260624360e-01 9.717208727407904423e-01 6.567345824056742831e-01 9.466615185114697351e-01 4.621609467499199209e-01 5.061013711796928938e-01 0.000000000000000000e+00 6.212374944039598113e-01 5.061202695167297261e-01 8.956842656635135569e-01 5.805610137982009089e-01 8.929106317435424600e-01 8.853651672812647977e-01 7.816148614824545149e-01 8.317600798467139622e-01 8.786098378078626148e-01 8.761181654307959032e-01 8.891969376785902046e-01 9.235719267476782957e-01 9.060871547620885647e-01 9.727365594245771518e-01
1.900000000000000000e+01 1.267662983184408620e+00 1.145674548151922156e+00 1.053315030192231827e+00 1.065190208969176933e+00 1.049734989429562226e+00 1.030427815181276685e+00 1.029554036139596729e+00 1.006474208130955006e+00 1.058520592286899653e+00 1.010185207716047362e+00 1.026732065318175735e+00 1.008062953980052523e+00 1.051864202636878076e+00 6.290259381596166044e-01 1.026679480849197468e+00 6.632160330141130267e-01 5.696867513722312371e-01 6.212374944039598113e-01 0.000000000000000000e+00 5.397394368763925865e-01 9.760679122295736754e-01 6.511811051276772400e-01 9.726674150079674952e-01 9.646914824804391220e-01 8.390653991819547741e-01 8.822608006911061285e-01 9.281897445618358944e-01 9.472415955283921551e-01 9.615367689830114362e-01 9.968296473227125087e-01 9.747187529171019715e-01 1.032732142596728409e+00
2.000000000000000000e+01 1.215402629477830843e+00 1.093601796052479092e+00 1.002527307856644789e+00 1.013948782620931688e+00 9.987792272017816941e-01 9.795200748094345933e-01 9.782744983938633787e-01 9.560829166356183961e-01 1.006491296198078089e+00 9.593031484543925735e-01 9.745130574877656215e-01 9.560718789274380569e-01 9.985791459276871507e-01 6.509322310978329362e-01 9.726628096487028863e-01 5.809706310773439242e-01 5.113922159458703653e-01 5.061202695167297261e-01 5.397394368763925865e-01 0.000000000000000000e+00 9.210483909493323296e-01 5.605728765198787489e-01 9.173201991747261808e-01 9.090367879978782373e-01 7.829459359756536507e-01 8.292600334791566663e-01 8.759434910973609156e-01 8.909137681829488731e-01 9.053707286223644513e-01 9.410580221770652454e-01 9.188655858928791442e-01 9.782999861437908784e-01
2.100000000000000000e+01 1.045611715581480805e+00 9.296019092878757828e-01 8.889585244233315642e-01 8.844281601543313442e-01 8.808976333055151819e-01 8.675230406028875407e-01 8.550895884938083391e-01 8.655660725053571092e-01 8.492547995191246368e-01 8.544948504680833778e-01 8.168482799592906574e-01 8.156451803342896767e-01 7.780997132642890612e-01 9.759007210312060643e-01 6.942633624863021602e-01 8.831512319144236844e-01 9.205461525160867353e-01 8.956842656635135569e-01 9.760679122295736754e-01 9.210483909493323296e-01 0.000000000000000000e+00 8.987425305637521955e-01 5.498741309748904627e-01 6.234061352257538324e-01 8.979823782384022124e-01 9.455722156444561488e-01 9.852628591548664438e-01 8.378583746344154815e-01 8.247627940205128905e-01 8.264892504417156172e-01 8.823595655526073056e-01 1.015400704476592253e+00
2.200000000000000000e+01 1.202609365706982514e+00 1.081947813607328390e+00 9.963838450817064096e-01 1.006128435960473633e+00 9.921412023740552311e-01 9.733741515877725181e-01 9.709262023146683074e-01 9.520587401676501305e-01 9.959248878364410640e-01 9.536847516504669553e-01 9.638825015311935918e-01 9.467944308659330677e-01 9.827874346962841567e-01 7.352881341716954733e-01 9.537845721750664030e-01 6.213242237217384556e-01 6.322620969566290494e-01 5.805610137982009089e-01 6.511811051276772400e-01 5.605728765198787489e-01 8.987425305637521955e-01 0.000000000000000000e+00 8.927386480996597484e-01 8.825605539995053928e-01 7.214075725590831656e-01 7.711797534871120963e-01 8.197857995667896525e-01 8.493354451523005277e-01 8.662918329269035933e-01 9.049793707343616322e-01 8.755674157833424065e-01 9.282171949389357302e-01
2.300000000000000000e+01 1.058798613330451222e+00 9.453500101224894259e-01 9.056821319264638515e-01 9.018187536611614874e-01 8.980116710065968455e-01 8.847985495539414380e-01 8.733018794721481015e-01 8.818198187017816103e-01 8.688087593909665785e-01 8.718058457314346033e-01 8.385054309654207394e-01 8.365424380027401963e-01 8.020873763303781878e-01 9.756497847872860341e-01 7.266292903953615046e-01 8.814050909601522932e-01 9.186503801083285570e-01 8.929106317435424600e-01 9.726674150079674952e-01 9.173201991747261808e-01 5.498741309748904627e-01 8.927386480996597484e-01 0.000000000000000000e+00 5.162074718261793205e-01 8.843957047633606017e-01 9.313512604104141612e-01 9.705365172386160033e-01 8.140245230011962096e-01 7.987370106935112180e-01 7.993013774265198546e-01 8.599489482902329396e-01 9.971380862603798079e-01
2.400000000000000000e+01 1.070914064563883050e+00 9.582359025073008407e-01 9.164746474884652994e-01 9.135457618902114163e-01 9.090905620550702171e-01 8.955822231043275572e-01 8.848314190992694339e-01 8.912935834515887112e-01 8.825162684192855433e-01 8.821622302664562376e-01 8.526601664631077160e-01 8.494275000584350366e-01 8.212491778389827690e-01 9.702886745624732523e-01 7.540509665564711916e-01 8.746762320678145297e-01 9.118770533344164875e-01 8.853651672812647977e-01 9.646914824804391220e-01 9.090367879978782373e-01 6.234061352257538324e-01 8.825605539995053928e-01 5.162074718261793205e-01 0.000000000000000000e+00 8.682579249316972891e-01 9.149366579101687602e-01 9.538336651888648099e-01 7.903056289818584101e-01 7.738260208205363089e-01 7.761900290218013421e-01 8.381726026419611397e-01 9.781834977992858171e-01
2.500000000000000000e+01 1.222188305894873928e+00 1.105220234053180484e+00 1.034536963996222525e+00 1.040188992104512433e+00 1.029289998513463811e+00 1.012210625589395452e+00 1.007141525974854623e+00 9.962994630420292097e-01 1.023596707073280321e+00 9.944526164102196475e-01 9.925714442491058165e-01 9.795984242633775096e-01 9.967769937409536318e-01 8.941736091523466712e-01 9.597575438471062093e-01 7.909650981071556508e-01 8.155142944933420068e-01 7.816148614824545149e-01 8.390653991819547741e-01 7.829459359756536507e-01 8.979823782384022124e-01 7.214075725590831656e-01 8.843957047633606017e-01 8.682579249316972891e-01 0.000000000000000000e+00 5.882241457333619028e-01 6.686966845424633377e-01 7.633495267914014448e-01 7.924945784244743496e-01 8.428758837269147985e-01 7.759818908057882769e-01 7.919201923370118301e-01
2.600000000000000000e+01 1.269362612121959222e+00 1.152873794486049652e+00 1.083454645973269459e+00 1.088850251068831598e+00 1.078182692562347222e+00 1.061295711767299421e+00 1.056129085822538061e+00 1.045743067268719573e+00 1.071938475620977327e+00 1.043764946820932460e+00 1.041234906659251225e+00 1.028652076904018164e+00 1.044159471992300192e+00 9.417995953595565961e-01 1.006711544701270222e+00 8.426005407089653954e-01 8.635292471428070993e-01 8.317600798467139622e-01 8.822608006911061285e-01 8.292600334791566663e-01 9.455722156444561488e-01 7.711797534871120963e-01 9.313512604104141612e-01 9.149366579101687602e-01 5.882241457333619028e-01 0.000000000000000000e+00 5.334609171513213788e-01 7.972047716414845109e-01 8.267689742851060952e-01 8.762433743005060283e-01 7.971025363084220938e-01 7.587428943694640715e-01
2.700000000000000000e+01 1.309490879563252275e+00 1.193337637778704607e+00 1.124969129738357942e+00 1.130115875639508438e+00 1.119652374627132296e+00 1.102904945749744403e+00 1.097607928090921003e+00 1.087688393803487585e+00 1.112851611073455427e+00 1.085536426014983125e+00 1.082322398451666334e+00 1.070045216419523104e+00 1.084202508386554076e+00 9.874485120573406327e-01 1.046311141381702559e+00 8.891958177807026686e-01 9.097603269839860118e-01 8.786098378078626148e-01 9.281897445618358944e-01 8.759434910973609156e-01 9.852628591548664438e-01 8.197857995667896525e-01 9.705365172386160033e-01 9.538336651888648099e-01 6.686966845424633377e-01 5.334609171513213788e-01 0.000000000000000000e+00 8.290724747519122584e-01 8.586144278063361224e-01 9.075020001075355669e-01 8.221422025366582620e-01 7.451354420072453522e-01
2.800000000000000000e+01 1.179048624179351412e+00 1.067080884998731216e+00 1.014076008832174081e+00 1.015244525142009246e+00 1.007892351645972129e+00 9.930375931130821510e-01 9.853833656793284934e-01 9.831335070656839203e-01 9.919694349759813345e-01 9.778624500331682956e-01 9.631603249578415404e-01 9.553094734099401020e-01 9.494905110528943926e-01 9.746661151704654191e-01 9.035410947762232414e-01 8.737576448573427523e-01 9.066809311864705290e-01 8.761181654307959032e-01 9.472415955283921551e-01 8.909137681829488731e-01 8.378583746344154815e-01 8.493354451523005277e-01 8.140245230011962096e-01 7.903056289818584101e-01 7.633495267914014448e-01 7.972047716414845109e-01 8.290724747519122584e-01 0.000000000000000000e+00 5.302528189074935394e-01 6.694195049022420019e-01 5.879712750308037084e-01 8.122464375932390013e-01
2.900000000000000000e+01 1.167353730347891583e+00 1.056710479523656820e+00 1.007830291847904958e+00 1.008034763627722485e+00 1.001478704319316071e+00 9.871765388460633783e-01 9.790292212180278231e-01 9.785712038954283987e-01 9.834046741214634846e-01 9.726432990592164263e-01 9.553203260821583331e-01 9.486768470159587796e-01 9.374926059821129254e-01 9.854310677784916539e-01 8.897530702789169244e-01 8.855179402745962935e-01 9.190496828954952679e-01 8.891969376785902046e-01 9.615367689830114362e-01 9.053707286223644513e-01 8.247627940205128905e-01 8.662918329269035933e-01 7.987370106935112180e-01 7.738260208205363089e-01 7.924945784244743496e-01 8.267689742851060952e-01 8.586144278063361224e-01 5.302528189074935394e-01 0.000000000000000000e+00 6.080467688647004376e-01 6.274005526254626819e-01 8.419012987274152593e-01
3.000000000000000000e+01 1.162965001472054061e+00 1.055375515762336791e+00 1.014432213249089942e+00 1.012963456137670137e+00 1.007855552412722622e+00 9.946532969684194203e-01 9.857818126527944091e-01 9.882998216762779453e-01 9.862148813275897208e-01 9.813816995039659208e-01 9.599190601510463328e-01 9.554944757471697248e-01 9.346893033735705902e-01 1.016638801008457493e+00 8.850881976743452118e-01 9.185141884646312871e-01 9.523476645021153875e-01 9.235719267476782957e-01 9.968296473227125087e-01 9.410580221770652454e-01 8.264892504417156172e-01 9.049793707343616322e-01 7.993013774265198546e-01 7.761900290218013421e-01 8.428758837269147985e-01 8.762433743005060283e-01 9.075020001075355669e-01 6.694195049022420019e-01 6.080467688647004376e-01 0.000000000000000000e+00 6.960634908527956188e-01 8.883418734722461352e-01
3.100000000000000000e+01 1.218312484668383044e+00 1.106605778731763357e+00 1.053431399664307433e+00 1.054766397246288845e+00 1.047327003962780667e+00 1.032485734989356585e+00 1.025013540469958739e+00 1.022362158527356568e+00 1.031878568672947027e+00 1.017319925393378233e+00 1.003330731349176608e+00 9.953934206028527409e-01 9.901050723004825027e-01 1.005608929513374994e+00 9.450869267156434272e-01 9.052320032873162337e-01 9.366420255208109946e-01 9.060871547620885647e-01 9.747187529171019715e-01 9.188655858928791442e-01 8.823595655526073056e-01 8.755674157833424065e-01 8.599489482902329396e-01 8.381726026419611397e-01 7.759818908057882769e-01 7.971025363084220938e-01 8.221422025366582620e-01 5.879712750308037084e-01 6.274005526254626819e-01 6.960634908527956188e-01 0.000000000000000000e+00 7.705051533602578218e-01
3.200000000000000000e+01 1.345051464646845218e+00 1.231072416045334350e+00 1.170090623264398388e+00 1.173383549998380460e+00 1.164388988422609295e+00 1.148563781105638615e+00 1.142206555330031570e+00 1.135821103691305289e+00 1.153386955456662921e+00 1.132258983758827497e+00 1.123813525508865929e+00 1.113632956822232956e+00 1.118400098483268046e+00 1.077267655828030080e+00 1.077121174194716424e+00 9.773941005129920256e-01 1.003873585060298446e+00 9.727365594245771518e-01 1.032732142596728409e+00 9.782999861437908784e-01 1.015400704476592253e+00 9.282171949389357302e-01 9.971380862603798079e-01 9.781834977992858171e-01 7.919201923370118301e-01 7.587428943694640715e-01 7.451354420072453522e-01 8.122464375932390013e-01 8.419012987274152593e-01 8.883418734722461352e-01 7.705051533602578218e-01 0.000000000000000000e+00
