0.000000000000000000e+00 1.000000000000000000e+00 2.000000000000000000e+00 3.000000000000000000e+00 4.000000000000000000e+00 5.000000000000000000e+00 6.000000000000000000e+00 7.000000000000000000e+00 8.000000000000000000e+00 9.000000000000000000e+00 1.000000000000000000e+01 1.100000000000000000e+01 1.200000000000000000e+01 1.300000000000000000e+01 1.400000000000000000e+01 1.500000000000000000e+01 1.600000000000000000e+01 1.700000000000000000e+01 1.800000000000000000e+01 1.900000000000000000e+01 2.000000000000000000e+01 2.100000000000000000e+01 2.200000000000000000e+01 2.300000000000000000e+01 2.400000000000000000e+01 2.500000000000000000e+01 2.600000000000000000e+01 2.700000000000000000e+01 2.800000000000000000e+01 2.900000000000000000e+01 3.000000000000000000e+01 3.100000000000000000e+01 3.200000000000000000e+01
1.000000000000000000e+00 0.000000000000000000e+00 2.167929535609492753e+00 1.460471047177297921e+00 2.463548724204454032e+00 1.580167441821904273e+00 2.337515126293601586e+00 2.530724840361393113e+00 2.479350892284229335e+00 2.370947594053552709e+00 2.505462122089967103e+00 2.345451980629507105e+00 1.424423117467819688e+00 2.300581748441611118e+00 1.526499852472025465e+00 2.185683395932921158e+00 1.464439479944947387e+00 1.494119815049720357e+00 1.478817716831869244e+00 1.540992459171697693e+00 1.503545121628179881e+00 1.277949459193251203e+00 1.498058075150249913e+00 1.293503962345520231e+00 1.333678842483917437e+00 1.732877819136583231e+00 1.669963782705703226e+00 1.697853355694743716e+00 2.740756402642106959e+00 2.689312745874298916e+00 1.982853377208977363e+00 2.610963076227271529e+00 2.856135800405376290e+00
2.000000000000000000e+00 2.167929535609492753e+00 0.000000000000000000e+00 2.335227887909550049e+00 3.312559866952156540e+00 2.452481129460974518e+00 3.212364486220911086e+00 3.395123737114713158e+00 3.363355823633719321e+00 3.164349152635040685e+00 3.384130305049168896e+00 3.191289955114957166e+00 2.294230246607812163e+00 3.199998973735997509e+00 2.435598146372789152e+00 3.123922572300642742e+00 2.374842894015843697e+00 2.404560097049594170e+00 2.389974042754131833e+00 2.452637587921731477e+00 2.415417627239657694e+00 2.206779743797715909e+00 2.411608504316145929e+00 2.229579143273354269e+00 2.272651843827855345e+00 2.651272524572621858e+00 2.590022960614906111e+00 2.618962520711608288e+00 3.677270542262104147e+00 3.629944366396154809e+00 2.934473295215690669e+00 3.551217270042801744e+00 3.788867519324977007e+00
3.000000000000000000e+00 1.460471047177297921e+00 2.335227887909550049e+00 0.000000000000000000e+00 1.705981064623826704e+00 5.386765186988831111e-01 1.511336104699639638e+00 1.914176806038647705e+00 1.827857493213301598e+00 2.184660765014292405e+00 1.890387523539168058e+00 2.103364613356283108e+00 1.080412984204768945e+00 2.312276407673496514e+00 1.206835577069818255e+00 2.191352687367442265e+00 1.163159900914997991e+00 1.189323495598073821e+00 1.182504013076543625e+00 1.244831378400809374e+00 1.211278757707621612e+00 1.210953263997388563e+00 1.221315456462342297e+00 1.237577576593891004e+00 1.276875084841091690e+00 1.490979338345340022e+00 1.435652954245153046e+00 1.469180906597892466e+00 2.612896220876878228e+00 2.584297844267757771e+00 1.929794943820885678e+00 2.496142757585298355e+00 2.695456295602582042e+00
4.000000000000000000e+00 2.463548724204454032e+00 3.312559866952156540e+00 1.705981064623826704e+00 0.000000000000000000e+00 1.783391585431116422e+00 2.686011058415171515e+00 2.918281969880434978e+00 2.973830082570687150e+00 3.088296971621384390e+00 3.002915847477614975e+00 3.085443714671078475e+00 2.096932357437434113e+00 3.309267862889449852e+00 2.272614180328384137e+00 3.201700490341387706e+00 2.225106065355826779e+00 2.252218908113328588e+00 2.243730418898573387e+00 2.306377238237943050e+00 2.271985298761078909e+00 2.230110898159656685e+00 2.279250508059652347e+00 2.257791888113197309e+00 2.298588077855513667e+00 2.543403639069468536e+00 2.487222280086769821e+00 2.520006991833028120e+00 3.648629955791786283e+00 3.616959418961096961e+00 2.956216746382199112e+00 3.530798549352331506e+00 3.736718501473962117e+00
5.000000000000000000e+00 1.580167441821904273e+00 2.452481129460974518e+00 5.386765186988831111e-01 1.783391585431116422e+00 0.000000000000000000e+00 1.593260740097096395e+00 1.984736872132233820e+00 1.951502238177619031e+00 2.290061585354594254e+00 1.998850454645739738e+00 2.211674635921697885e+00 1.189281987679761121e+00 2.427967253536623460e+00 1.330492108275219243e+00 2.308497036744004305e+00 1.286167158790908260e+00 1.312525480746338014e+00 1.305443484599245085e+00 1.367878301222000825e+00 1.334181825288187628e+00 1.328670414438650971e+00 1.343831927186837305e+00 1.355595243688614948e+00 1.395141848293173004e+00 1.612830072523005587e+00 1.557440983927688150e+00 1.590895928296497619e+00 2.732897584158219484e+00 2.703989249949594775e+00 2.048924173445867858e+00 2.616103932166415902e+00 2.816143002897440351e+00
6.000000000000000000e+00 2.337515126293601586e+00 3.212364486220911086e+00 1.511336104699639638e+00 2.686011058415171515e+00 1.593260740097096395e+00 0.000000000000000000e+00 2.507933772159025132e+00 2.614470185770181754e+00 3.036220126754062054e+00 2.531109812311655993e+00 2.921640536469370275e+00 1.874033792310808133e+00 3.165231837424838268e+00 2.065173957517719927e+00 3.044591556361373463e+00 2.019628697200095857e+00 2.046513472684632795e+00 2.039035327512118911e+00 2.101923860182747905e+00 2.067949990413837202e+00 2.061703507275910674e+00 2.077269065951722116e+00 2.089648568444909316e+00 2.129584788444856436e+00 2.346281009339399315e+00 2.291152777532999174e+00 2.324716202700459089e+00 3.467456955624725889e+00 3.438943940599812787e+00 2.785096395243860101e+00 3.351228179450162159e+00 3.550790449172191554e+00
7.000000000000000000e+00 2.530724840361393113e+00 3.395123737114713158e+00 1.914176806038647705e+00 2.918281969880434978e+00 1.984736872132233820e+00 2.507933772159025132e+00 0.000000000000000000e+00 2.950684181585398580e+00 3.142825435231971110e+00 2.790587587393532409e+00 2.996547350234891383e+00 1.927491528888288341e+00 3.323199088672170731e+00 2.279310020143181070e+00 3.211911859644054346e+00 2.228793714370507217e+00 2.257201774730761556e+00 2.247723368867295068e+00 2.311485510214494443e+00 2.276404943302285933e+00 2.231529993773595066e+00 2.282823547047162283e+00 2.262273412839467923e+00 2.304280870508143231e+00 2.546994866387972234e+00 2.491504538691502901e+00 2.524577352524496110e+00 3.655112946227064175e+00 3.624499461869831851e+00 2.967074373048644631e+00 3.538838024245469782e+00 3.743496064067592943e+00
8.000000000000000000e+00 2.479350892284229335e+00 3.363355823633719321e+00 1.827857493213301598e+00 2.973830082570687150e+00 1.951502238177619031e+00 2.614470185770181754e+00 2.950684181585398580e+00 0.000000000000000000e+00 3.211650370347778338e+00 2.577921297918084775e+00 3.066164873967709426e+00 1.999330589308511152e+00 3.293487924389665089e+00 2.146413067264330010e+00 3.163787976636946553e+00 2.101648815356418787e+00 2.128659128461083405e+00 2.121738871722318009e+00 2.185062658696952820e+00 2.151255299624330153e+00 2.173154634373464233e+00 2.161975341637103476e+00 2.200837962103254775e+00 2.239885752310112998e+00 2.434622857001313090e+00 2.380321822285575095e+00 2.414480067411413078e+00 3.567891008603365055e+00 3.541768018634056769e+00 2.893070662057279918e+00 3.452837166480307474e+00 3.647604647150215040e+00
9.000000000000000000e+00 2.370947594053552709e+00 3.164349152635040685e+00 2.184660765014292405e+00 3.088296971621384390e+00 2.290061585354594254e+00 3.036220126754062054e+00 3.142825435231971110e+00 3.211650370347778338e+00 0.000000000000000000e+00 3.204255237727348771e+00 2.866514130154207862e+00 2.058116080160042216e+00 3.119892634072915172e+00 2.324913295733147756e+00 3.071995014785121825e+00 2.265296065136814363e+00 2.295383679134618049e+00 2.281596691464302662e+00 2.345227709429360541e+00 2.308174648354508474e+00 2.128576246469580546e+00 2.306598049045339049e+00 2.161581645394909046e+00 2.208182621725196526e+00 2.553198433222327868e+00 2.494392006338602918e+00 2.524855110991884199e+00 3.605574196395321618e+00 3.564280950304175466e+00 2.884461305159937261e+00 3.484740006727533590e+00 3.711506450636599563e+00
1.000000000000000000e+01 2.505462122089967103e+00 3.384130305049168896e+00 1.890387523539168058e+00 3.002915847477614975e+00 1.998850454645739738e+00 2.531109812311655993e+00 2.790587587393532409e+00 2.577921297918084775e+00 3.204255237727348771e+00 0.000000000000000000e+00 3.031283737286843305e+00 1.935620562295034430e+00 3.301947530628904559e+00 2.194291001983939893e+00 3.177458173287373455e+00 2.145927317140061241e+00 2.174028860250217576e+00 2.165642712762607669e+00 2.229575809706374034e+00 2.194965919940620402e+00 2.188515582020938766e+00 2.203536833493602742e+00 2.218127087742511883e+00 2.258631976020549104e+00 2.472568129489679745e+00 2.417987282686218542e+00 2.451775526698764640e+00 3.596065429927226109e+00 3.568365864258740583e+00 2.916947711510404773e+00 3.480949642644344699e+00 3.679533155566649949e+00
1.100000000000000000e+01 2.345451980629507105e+00 3.191289955114957166e+00 2.103364613356283108e+00 3.085443714671078475e+00 2.211674635921697885e+00 2.921640536469370275e+00 2.996547350234891383e+00 3.066164873967709426e+00 2.866514130154207862e+00 3.031283737286843305e+00 0.000000000000000000e+00 1.694724407991462511e+00 3.042490039589327289e+00 2.178465464653594807e+00 2.972879261077460811e+00 2.118533897292240731e+00 2.149297088620095941e+00 2.135693276739607960e+00 2.200298720731639346e+00 2.163129575417617634e+00 2.008050116063562207e+00 2.162710445242653989e+00 2.045739486066735502e+00 2.093481468009168012e+00 2.413615746607948420e+00 2.356392899597017809e+00 2.387822712956578552e+00 3.482774424095181676e+00 3.445318109522875982e+00 2.775085681685750316e+00 3.365040541360547088e+00 3.584954830654847324e+00
1.200000000000000000e+01 1.424423117467819688e+00 2.294230246607812163e+00 1.080412984204768945e+00 2.096932357437434113e+00 1.189281987679761121e+00 1.874033792310808133e+00 1.927491528888288341e+00 1.999330589308511152e+00 2.058116080160042216e+00 1.935620562295034430e+00 1.694724407991462511e+00 0.000000000000000000e+00 2.152766336928831237e+00 1.151237103232445103e+00 2.042979896568004605e+00 1.094112309503955771e+00 1.124780481990418801e+00 1.112766458867490815e+00 1.178062209472542587e+00 1.141491272918752298e+00 1.056913876390836782e+00 1.144594157325350636e+00 1.092979470047825030e+00 1.138028175706129685e+00 1.404199249683900863e+00 1.348881038024192902e+00 1.381706979604126584e+00 2.502122160571382370e+00 2.470333614644332432e+00 1.812123488018098527e+00 2.387035234057087507e+00 2.595552029822987716e+00
1.300000000000000000e+01 2.300581748441611118e+00 3.199998973735997509e+00 2.312276407673496514e+00 3.309267862889449852e+00 2.427967253536623460e+00 3.165231837424838268e+00 3.323199088672170731e+00 3.293487924389665089e+00 3.119892634072915172e+00 3.301947530628904559e+00 3.042490039589327289e+00 2.152766336928831237e+00 0.000000000000000000e+00 2.295651011420162924e+00 2.821083344283895400e+00 2.228238010250274570e+00 2.259657156869325334e+00 2.242154470569666547e+00 2.305493706821107214e+00 2.266776182006515317e+00 1.966615806293981583e+00 2.258170054651877035e+00 1.997386810817404212e+00 2.047282917435052418e+00 2.488817263005368208e+00 2.426693493284713732e+00 2.454653699501448738e+00 3.489083589436628774e+00 3.437444614420177569e+00 2.735676202395675105e+00 3.363415690429512495e+00 3.610911783927235330e+00
1.400000000000000000e+01 1.526499852472025465e+00 2.435598146372789152e+00 1.206835577069818255e+00 2.272614180328384137e+00 1.330492108275219243e+00 2.065173957517719927e+00 2.279310020143181070e+00 2.146413067264330010e+00 2.324913295733147756e+00 2.194291001983939893e+00 2.178465464653594807e+00 1.151237103232445103e+00 2.295651011420162924e+00 0.000000000000000000e+00 2.122663227383485562e+00 6.563101716773842575e-01 5.735624562089622902e-01 6.466068126929251925e-01 6.098257500225590100e-01 6.392251103539101642e-01 1.100388050360896708e+00 7.209567282744115957e-01 1.115140204821371883e+00 1.141798384869659566e+00 1.060660223780885314e+00 1.001859669450272383e+00 1.039969898264470949e+00 2.354189276847679313e+00 2.350863369545122428e+00 1.739916571772517351e+00 2.234779955275371321e+00 2.363928619460949232e+00
1.500000000000000000e+01 2.185683395932921158e+00 3.123922572300642742e+00 2.191352687367442265e+00 3.201700490341387706e+00 2.308497036744004305e+00 3.044591556361373463e+00 3.211911859644054346e+00 3.163787976636946553e+00 3.071995014785121825e+00 3.177458173287373455e+00 2.972879261077460811e+00 2.042979896568004605e+00 2.821083344283895400e+00 2.122663227383485562e+00 0.000000000000000000e+00 2.051689834058304740e+00 2.083692877319119674e+00 2.064458386462505235e+00 2.127648242905930243e+00 2.088152774193072769e+00 1.700718255979936755e+00 2.076225340951626919e+00 1.735280133668120728e+00 1.792510135491381940e+00 2.299455748875485650e+00 2.236045951702265278e+00 2.262963246821465102e+00 3.275664488167296273e+00 3.219344682355088860e+00 2.510056062189204518e+00 3.149386501474319644e+00 3.406144007002501528e+00
1.600000000000000000e+01 1.464439479944947387e+00 2.374842894015843697e+00 1.163159900914997991e+00 2.225106065355826779e+00 1.286167158790908260e+00 2.019628697200095857e+00 2.228793714370507217e+00 2.101648815356418787e+00 2.265296065136814363e+00 2.145927317140061241e+00 2.118533897292240731e+00 1.094112309503955771e+00 2.228238010250274570e+00 6.563101716773842575e-01 2.051689834058304740e+00 0.000000000000000000e+00 5.485589191312529866e-01 4.621803884770945281e-01 6.532172417855441893e-01 5.802569681595866058e-01 1.026098131656843604e+00 6.224910958809104500e-01 1.039819624055849934e+00 1.065342900386553326e+00 9.784126247832576340e-01 9.288808062860469672e-01 9.693158435097433134e-01 2.272331075475439999e+00 2.270308527517100661e+00 1.663462786506299640e+00 2.156812004181405840e+00 2.289548322062079588e+00
1.700000000000000000e+01 1.494119815049720357e+00 2.404560097049594170e+00 1.189323495598073821e+00 2.252218908113328588e+00 1.312525480746338014e+00 2.046513472684632795e+00 2.257201774730761556e+00 2.128659128461083405e+00 2.295383679134618049e+00 2.174028860250217576e+00 2.149297088620095941e+00 1.124780481990418801e+00 2.259657156869325334e+00 5.735624562089622902e-01 2.083692877319119674e+00 5.485589191312529866e-01 0.000000000000000000e+00 5.054378504852135023e-01 5.633236651374105008e-01 5.106799264411958639e-01 1.059327413339564705e+00 6.304450197366406883e-01 1.072876856601895357e+00 1.098437674976471046e+00 9.918708089249408388e-01 9.349552970000913898e-01 9.740996677516551294e-01 2.300688481978423017e+00 2.299371807988165539e+00 1.691663207839488869e+00 2.181092698193385360e+00 2.305207691346384369e+00
1.800000000000000000e+01 1.478817716831869244e+00 2.389974042754131833e+00 1.182504013076543625e+00 2.243730418898573387e+00 1.305443484599245085e+00 2.039035327512118911e+00 2.247723368867295068e+00 2.121738871722318009e+00 2.281596691464302662e+00 2.165642712762607669e+00 2.135693276739607960e+00 1.112766458867490815e+00 2.242154470569666547e+00 6.466068126929251925e-01 2.064458386462505235e+00 4.621803884770945281e-01 5.054378504852135023e-01 0.000000000000000000e+00 6.128100523540460642e-01 5.056485072906555800e-01 1.038656737346936643e+00 5.807644155191487023e-01 1.051572617872934545e+00 1.076502391035519368e+00 9.616167255437622075e-01 9.094409547054780329e-01 9.499305870267975571e-01 2.274648685913056578e+00 2.274240330981234681e+00 1.668648193645247080e+00 2.156441856712952188e+00 2.280985494837219019e+00
1.900000000000000000e+01 1.540992459171697693e+00 2.452637587921731477e+00 1.244831378400809374e+00 2.306377238237943050e+00 1.367878301222000825e+00 2.101923860182747905e+00 2.311485510214494443e+00 2.185062658696952820e+00 2.345227709429360541e+00 2.229575809706374034e+00 2.200298720731639346e+00 1.178062209472542587e+00 2.305493706821107214e+00 6.098257500225590100e-01 2.127648242905930243e+00 6.532172417855441893e-01 5.633236651374105008e-01 6.128100523540460642e-01 0.000000000000000000e+00 5.346903910194709120e-01 1.102917532403216105e+00 6.397802028580743539e-01 1.115243551174623482e+00 1.139918161225147442e+00 9.912809502000361483e-01 9.244781600911176067e-01 9.620033223424813151e-01 2.328115506915689803e+00 2.329251325936680939e+00 1.723167756862440392e+00 2.203336288683497735e+00 2.312466977679880298e+00
2.000000000000000000e+01 1.503545121628179881e+00 2.415417627239657694e+00 1.211278757707621612e+00 2.271985298761078909e+00 1.334181825288187628e+00 2.067949990413837202e+00 2.276404943302285933e+00 2.151255299624330153e+00 2.308174648354508474e+00 2.194965919940620402e+00 2.163129575417617634e+00 1.141491272918752298e+00 2.266776182006515317e+00 6.392251103539101642e-01 2.088152774193072769e+00 5.802569681595866058e-01 5.106799264411958639e-01 5.056485072906555800e-01 5.346903910194709120e-01 0.000000000000000000e+00 1.062508913869917526e+00 5.593014861135032767e-01 1.074656599430394044e+00 1.099079160167244273e+00 9.522359989248720957e-01 8.929314686143576818e-01 9.324924503988434310e-01 2.287464808027682484e+00 2.288743003846888779e+00 1.683867816696083430e+00 2.165003285397050448e+00 2.278223538746537269e+00
2.100000000000000000e+01 1.277949459193251203e+00 2.206779743797715909e+00 1.210953263997388563e+00 2.230110898159656685e+00 1.328670414438650971e+00 2.061703507275910674e+00 2.231529993773595066e+00 2.173154634373464233e+00 2.128576246469580546e+00 2.188515582020938766e+00 2.008050116063562207e+00 1.056913876390836782e+00 1.966615806293981583e+00 1.100388050360896708e+00 1.700718255979936755e+00 1.026098131656843604e+00 1.059327413339564705e+00 1.038656737346936643e+00 1.102917532403216105e+00 1.062508913869917526e+00 0.000000000000000000e+00 1.048639693408647489e+00 5.616681757981711876e-01 6.741640028045876587e-01 1.270860932908983276e+00 1.209898816582114511e+00 1.237848294212406497e+00 2.252426863917587507e+00 2.199680551386177019e+00 1.508501805647471272e+00 2.136019794022120166e+00 2.389091553327741924e+00
2.200000000000000000e+01 1.498058075150249913e+00 2.411608504316145929e+00 1.221315456462342297e+00 2.279250508059652347e+00 1.343831927186837305e+00 2.077269065951722116e+00 2.282823547047162283e+00 2.161975341637103476e+00 2.306598049045339049e+00 2.203536833493602742e+00 2.162710445242653989e+00 1.144594157325350636e+00 2.258170054651877035e+00 7.209567282744115957e-01 2.076225340951626919e+00 6.224910958809104500e-01 6.304450197366406883e-01 5.807644155191487023e-01 6.397802028580743539e-01 5.593014861135032767e-01 1.048639693408647489e+00 0.000000000000000000e+00 1.059128749161070582e+00 1.082126980694538387e+00 8.890313401231684232e-01 8.381644851903720106e-01 8.813290391513475264e-01 2.255586140336147682e+00 2.259893518524664469e+00 1.659161617647843201e+00 2.132258998332339672e+00 2.238018659612638128e+00
2.300000000000000000e+01 1.293503962345520231e+00 2.229579143273354269e+00 1.237577576593891004e+00 2.257791888113197309e+00 1.355595243688614948e+00 2.089648568444909316e+00 2.262273412839467923e+00 2.200837962103254775e+00 2.161581645394909046e+00 2.218127087742511883e+00 2.045739486066735502e+00 1.092979470047825030e+00 1.997386810817404212e+00 1.115140204821371883e+00 1.735280133668120728e+00 1.039819624055849934e+00 1.072876856601895357e+00 1.051572617872934545e+00 1.115243551174623482e+00 1.074656599430394044e+00 5.616681757981711876e-01 1.059128749161070582e+00 0.000000000000000000e+00 5.370725513145964136e-01 1.276374943598792111e+00 1.214009032304096847e+00 1.241035370504687041e+00 2.237718236073102052e+00 2.180350327454071202e+00 1.483599675599241330e+00 2.121094762439211578e+00 2.381743570638469532e+00
2.400000000000000000e+01 1.333678842483917437e+00 2.272651843827855345e+00 1.276875084841091690e+00 2.298588077855513667e+00 1.395141848293173004e+00 2.129584788444856436e+00 2.304280870508143231e+00 2.239885752310112998e+00 2.208182621725196526e+00 2.258631976020549104e+00 2.093481468009168012e+00 1.138028175706129685e+00 2.047282917435052418e+00 1.141798384869659566e+00 1.792510135491381940e+00 1.065342900386553326e+00 1.098437674976471046e+00 1.076502391035519368e+00 1.139918161225147442e+00 1.099079160167244273e+00 6.741640028045876587e-01 1.082126980694538387e+00 5.370725513145964136e-01 0.000000000000000000e+00 1.295827246769839736e+00 1.233031820581823146e+00 1.259662243221154387e+00 2.243848729584273283e+00 2.184044073284245879e+00 1.488876420235559550e+00 2.130016170958368704e+00 2.395092873569932390e+00
2.500000000000000000e+01 1.732877819136583231e+00 2.651272524572621858e+00 1.490979338345340022e+00 2.543403639069468536e+00 1.612830072523005587e+00 2.346281009339399315e+00 2.546994866387972234e+00 2.434622857001313090e+00 2.553198433222327868e+00 2.472568129489679745e+00 2.413615746607948420e+00 1.404199249683900863e+00 2.488817263005368208e+00 1.060660223780885314e+00 2.299455748875485650e+00 9.784126247832576340e-01 9.918708089249408388e-01 9.616167255437622075e-01 9.912809502000361483e-01 9.522359989248720957e-01 1.270860932908983276e+00 8.890313401231684232e-01 1.276374943598792111e+00 1.295827246769839736e+00 0.000000000000000000e+00 8.101144940680937712e-01 9.048867179965873753e-01 2.401655748061661821e+00 2.420809589896224967e+00 1.830079650291545512e+00 2.260662707461240650e+00 2.321872237072003298e+00
2.600000000000000000e+01 1.669963782705703226e+00 2.590022960614906111e+00 1.435652954245153046e+00 2.487222280086769821e+00 1.557440983927688150e+00 2.291152777532999174e+00 2.491504538691502901e+00 2.380321822285575095e+00 2.494392006338602918e+00 2.417987282686218542e+00 2.356392899597017809e+00 1.348881038024192902e+00 2.426693493284713732e+00 1.001859669450272383e+00 2.236045951702265278e+00 9.288808062860469672e-01 9.349552970000913898e-01 9.094409547054780329e-01 9.244781600911176067e-01 8.929314686143576818e-01 1.209898816582114511e+00 8.381644851903720106e-01 1.214009032304096847e+00 1.233031820581823146e+00 8.101144940680937712e-01 0.000000000000000000e+00 5.608399037134068621e-01 2.316523872782324300e+00 2.335734931521896929e+00 1.738025422860333791e+00 2.144954612110175241e+00 2.131564610879541188e+00
2.700000000000000000e+01 1.697853355694743716e+00 2.618962520711608288e+00 1.469180906597892466e+00 2.520006991833028120e+00 1.590895928296497619e+00 2.324716202700459089e+00 2.524577352524496110e+00 2.414480067411413078e+00 2.524855110991884199e+00 2.451775526698764640e+00 2.387822712956578552e+00 1.381706979604126584e+00 2.454653699501448738e+00 1.039969898264470949e+00 2.262963246821465102e+00 9.693158435097433134e-01 9.740996677516551294e-01 9.499305870267975571e-01 9.620033223424813151e-01 9.324924503988434310e-01 1.237848294212406497e+00 8.813290391513475264e-01 1.241035370504687041e+00 1.259662243221154387e+00 9.048867179965873753e-01 5.608399037134068621e-01 0.000000000000000000e+00 2.331424740598791789e+00 2.350206809657323870e+00 1.748823751844729379e+00 2.143778529107724928e+00 2.084594275488034665e+00
2.800000000000000000e+01 2.740756402642106959e+00 3.677270542262104147e+00 2.612896220876878228e+00 3.648629955791786283e+00 2.732897584158219484e+00 3.467456955624725889e+00 3.655112946227064175e+00 3.567891008603365055e+00 3.605574196395321618e+00 3.596065429927226109e+00 3.482774424095181676e+00 2.502122160571382370e+00 3.489083589436628774e+00 2.354189276847679313e+00 3.275664488167296273e+00 2.272331075475439999e+00 2.300688481978423017e+00 2.274648685913056578e+00 2.328115506915689803e+00 2.287464808027682484e+00 2.252426863917587507e+00 2.255586140336147682e+00 2.237718236073102052e+00 2.243848729584273283e+00 2.401655748061661821e+00 2.316523872782324300e+00 2.331424740598791789e+00 0.000000000000000000e+00 2.618935264201296409e+00 2.560849682229436652e+00 2.777007693309401226e+00 3.335933566038130405e+00
2.900000000000000000e+01 2.689312745874298916e+00 3.629944366396154809e+00 2.584297844267757771e+00 3.616959418961096961e+00 2.703989249949594775e+00 3.438943940599812787e+00 3.624499461869831851e+00 3.541768018634056769e+00 3.564280950304175466e+00 3.568365864258740583e+00 3.445318109522875982e+00 2.470333614644332432e+00 3.437444614420177569e+00 2.350863369545122428e+00 3.219344682355088860e+00 2.270308527517100661e+00 2.299371807988165539e+00 2.274240330981234681e+00 2.329251325936680939e+00 2.288743003846888779e+00 2.199680551386177019e+00 2.259893518524664469e+00 2.180350327454071202e+00 2.184044073284245879e+00 2.420809589896224967e+00 2.335734931521896929e+00 2.350206809657323870e+00 2.618935264201296409e+00 0.000000000000000000e+00 2.415975164554381216e+00 2.878990027095746917e+00 3.355769511613368561e+00
3.000000000000000000e+01 1.982853377208977363e+00 2.934473295215690669e+00 1.929794943820885678e+00 2.956216746382199112e+00 2.048924173445867858e+00 2.785096395243860101e+00 2.967074373048644631e+00 2.893070662057279918e+00 2.884461305159937261e+00 2.916947711510404773e+00 2.775085681685750316e+00 1.812123488018098527e+00 2.735676202395675105e+00 1.739916571772517351e+00 2.510056062189204518e+00 1.663462786506299640e+00 1.691663207839488869e+00 1.668648193645247080e+00 1.723167756862440392e+00 1.683867816696083430e+00 1.508501805647471272e+00 1.659161617647843201e+00 1.483599675599241330e+00 1.488876420235559550e+00 1.830079650291545512e+00 1.738025422860333791e+00 1.748823751844729379e+00 2.560849682229436652e+00 2.415975164554381216e+00 0.000000000000000000e+00 2.357875826835853950e+00 2.726083034786205506e+00
3.100000000000000000e+01 2.610963076227271529e+00 3.551217270042801744e+00 2.496142757585298355e+00 3.530798549352331506e+00 2.616103932166415902e+00 3.351228179450162159e+00 3.538838024245469782e+00 3.452837166480307474e+00 3.484740006727533590e+00 3.480949642644344699e+00 3.365040541360547088e+00 2.387035234057087507e+00 3.363415690429512495e+00 2.234779955275371321e+00 3.149386501474319644e+00 2.156812004181405840e+00 2.181092698193385360e+00 2.156441856712952188e+00 2.203336288683497735e+00 2.165003285397050448e+00 2.136019794022120166e+00 2.132258998332339672e+00 2.121094762439211578e+00 2.130016170958368704e+00 2.260662707461240650e+00 2.144954612110175241e+00 2.143778529107724928e+00 2.777007693309401226e+00 2.878990027095746917e+00 2.357875826835853950e+00 0.000000000000000000e+00 2.996222600334389252e+00
3.200000000000000000e+01 2.856135800405376290e+00 3.788867519324977007e+00 2.695456295602582042e+00 3.736718501473962117e+00 2.816143002897440351e+00 3.550790449172191554e+00 3.743496064067592943e+00 3.647604647150215040e+00 3.711506450636599563e+00 3.679533155566649949e+00 3.584954830654847324e+00 2.595552029822987716e+00 3.610911783927235330e+00 2.363928619460949232e+00 3.406144007002501528e+00 2.289548322062079588e+00 2.305207691346384369e+00 2.280985494837219019e+00 2.312466977679880298e+00 2.278223538746537269e+00 2.389091553327741924e+00 2.238018659612638128e+00 2.381743570638469532e+00 2.395092873569932390e+00 2.321872237072003298e+00 2.131564610879541188e+00 2.084594275488034665e+00 3.335933566038130405e+00 3.355769511613368561e+00 2.726083034786205506e+00 2.996222600334389252e+00 0.000000000000000000e+00
