0.000000000000000000e+00 1.000000000000000000e+00 2.000000000000000000e+00 3.000000000000000000e+00 4.000000000000000000e+00 5.000000000000000000e+00 6.000000000000000000e+00 7.000000000000000000e+00 8.000000000000000000e+00 9.000000000000000000e+00 1.000000000000000000e+01 1.100000000000000000e+01 1.200000000000000000e+01 1.300000000000000000e+01 1.400000000000000000e+01 1.500000000000000000e+01 1.600000000000000000e+01 1.700000000000000000e+01 1.800000000000000000e+01 1.900000000000000000e+01 2.000000000000000000e+01 2.100000000000000000e+01 2.200000000000000000e+01 2.300000000000000000e+01 2.400000000000000000e+01 2.500000000000000000e+01 2.600000000000000000e+01 2.700000000000000000e+01 2.800000000000000000e+01 2.900000000000000000e+01 3.000000000000000000e+01 3.100000000000000000e+01 3.200000000000000000e+01
1.000000000000000000e+00 0.000000000000000000e+00 3.971191872571679937e-01 5.281712187439563388e-01 3.912337508612365733e-01 3.922708329624993162e-01 3.922443652660980717e-01 3.914348120141710186e-01 3.940798481504967921e-01 3.904360247474957246e-01 3.927885742256970181e-01 3.908385130560742549e-01 3.912111550430775186e-01 3.631207248263187970e-01 8.217375167834574112e-01 3.645357851955788320e-01 7.403545399340918376e-01 7.304869922411624250e-01 5.337818054726891637e-01 7.938350342977679164e-01 5.334930693680898228e-01 6.837174245852736254e-01 6.870113189412947463e-01 6.924490566271337411e-01 7.024302765953205352e-01 7.274725073089964855e-01 7.257512544203575944e-01 7.198044404652276240e-01 3.708978804426189546e-01 3.699933291739636032e-01 3.688336353851238147e-01 3.702676042214950169e-01 5.658059940734780913e-01
2.000000000000000000e+00 3.971191872571679937e-01 0.000000000000000000e+00 1.612661830451757039e-01 2.388447626616974073e-02 2.535440444422909501e-02 2.553361954003252610e-02 2.474226723269573602e-02 2.751548963608385634e-02 2.278164705602503393e-02 2.622483956471793887e-02 2.479943000833711997e-02 2.549438521782937395e-02 6.542714227509033309e-02 4.790977908443979638e-01 6.686472048574371163e-02 4.013072360202014632e-01 3.930368333084152122e-01 1.984022165563610329e-01 4.572074236643993705e-01 1.981902970149601595e-01 3.681626838288122316e-01 3.526397365073692391e-01 3.820289463019423959e-01 3.925332247471837732e-01 4.149035568740842006e-01 4.170077050212069869e-01 4.136931473383725910e-01 7.178806344087007574e-02 7.103583765432364139e-02 7.014149376066702857e-02 7.146730046159105454e-02 2.668662266090214841e-01
3.000000000000000000e+00 5.281712187439563388e-01 1.612661830451757039e-01 0.000000000000000000e+00 1.429149550958851433e-01 1.401141128257253898e-01 1.417317095761221335e-01 1.424134067935472481e-01 1.438914010898475482e-01 1.449825888082000303e-01 1.430486888555655423e-01 1.449660441483711648e-01 1.448570708491614956e-01 1.955517529030475488e-01 6.020525214470332509e-01 1.969663769832520339e-01 5.248695969976202580e-01 5.168402153401060461e-01 3.225397504579099461e-01 5.811377831166898433e-01 3.223398215098776109e-01 4.954834867913732177e-01 4.769372596693493005e-01 5.101380796515277982e-01 5.207188875902568626e-01 5.426395895742952558e-01 5.453420476662101946e-01 5.424404204067013735e-01 2.016362549274133276e-01 2.009078831590908609e-01 2.000551417343221505e-01 2.013636818427470554e-01 3.967403294274300940e-01
4.000000000000000000e+00 3.912337508612365733e-01 2.388447626616974073e-02 1.429149550958851433e-01 0.000000000000000000e+00 6.923221498825571363e-03 7.745213435755071707e-03 7.251178600300389743e-03 9.924082489586871780e-03 8.211322896448769448e-03 8.718139867576635282e-03 8.857655595309155139e-03 9.094929538332963137e-03 5.881577414289201888e-02 4.660683813414469023e-01 6.023461732289503434e-02 3.887902994392475886e-01 3.807454252086618363e-01 1.864049551289382878e-01 4.450323540954860269e-01 1.862039121736100977e-01 3.589951835722936524e-01 3.407853634050370673e-01 3.735827039357297874e-01 3.841580078745301385e-01 4.061389724526403011e-01 4.087845899638574698e-01 4.058427555243712126e-01 6.492967347001354916e-02 6.419904200716719522e-02 6.334238694489557897e-02 6.465260691873259136e-02 2.600315451280263979e-01
5.000000000000000000e+00 3.922708329624993162e-01 2.535440444422909501e-02 1.401141128257253898e-01 6.923221498825571363e-03 0.000000000000000000e+00 5.887912662616623383e-03 6.366784119833102107e-03 8.254640671377988514e-03 8.989725630226153008e-03 7.277395884316195662e-03 8.966991246546707206e-03 8.874112913081544374e-03 5.963032159407594124e-02 4.661717101298538113e-01 6.104514916247949508e-02 3.889649097068610395e-01 3.809404423838095299e-01 1.866348768462479102e-01 4.452390511017755292e-01 1.864349706839844023e-01 3.595505150126315774e-01 3.410312619256163913e-01 3.742090848203170061e-01 3.847906664076106154e-01 4.067210611216636185e-01 4.094237236793837331e-01 4.065216282864457797e-01 6.571515076352685281e-02 6.498679030136761403e-02 6.413408409220910933e-02 6.544264198956134537e-02 2.608193874814014324e-01
6.000000000000000000e+00 3.922443652660980717e-01 2.553361954003252610e-02 1.417317095761221335e-01 7.745213435755071707e-03 5.887912662616623383e-03 0.000000000000000000e+00 5.470392265442491908e-03 6.652115162680050098e-03 8.913608545930595817e-03 5.626069500769714793e-03 8.554586413802300893e-03 8.247676328900666043e-03 5.950494698539904315e-02 4.656918635950219043e-01 6.091760034080451192e-02 3.885239738201666793e-01 3.805086274023296022e-01 1.862209986008901419e-01 4.448127723601923433e-01 1.860216436381366689e-01 3.593013361489175717e-01 3.406253818413822465e-01 3.739934688805173213e-01 3.845778596888642653e-01 4.064814627530346502e-01 4.092119115824085496e-01 4.063292846265488256e-01 6.557523000302167837e-02 6.484797494381366878e-02 6.399718762510764325e-02 6.530493073811222127e-02 2.606805873610320567e-01
7.000000000000000000e+00 3.914348120141710186e-01 2.474226723269573602e-02 1.424134067935472481e-01 7.251178600300389743e-03 6.366784119833102107e-03 5.470392265442491908e-03 0.000000000000000000e+00 7.588955182727008530e-03 7.975535005404987832e-03 6.171345454547672027e-03 7.531137971015122723e-03 7.249067437731127050e-03 5.866457805377234269e-02 4.649483377230617664e-01 6.007765626386679658e-02 3.877307217624419433e-01 3.797248443106150395e-01 1.854260710135746670e-01 4.440307627675629254e-01 1.852267370254934153e-01 3.584393530894246505e-01 3.398278169511474989e-01 3.731394685818600898e-01 3.837256497063923355e-01 4.056514545570208963e-01 4.083812417967426223e-01 4.054968869944813870e-01 6.473599829248433135e-02 6.400872472123231294e-02 6.315793898763066849e-02 6.446575129450399233e-02 2.598416555240243841e-01
8.000000000000000000e+00 3.940798481504967921e-01 2.751548963608385634e-02 1.438914010898475482e-01 9.924082489586871780e-03 8.254640671377988514e-03 6.652115162680050098e-03 7.588955182727008530e-03 0.000000000000000000e+00 1.084406395545212121e-02 5.648814886554442971e-03 1.032498579840251951e-02 9.877368255862772894e-03 6.129424815613832012e-02 4.670290104850295387e-01 6.270458298714998158e-02 3.899694458695888155e-01 3.819478101288465988e-01 1.876924858239809035e-01 4.462541218814769506e-01 1.874935775219267464e-01 3.610168335385438576e-01 3.421077668551151252e-01 3.757258286661064872e-01 3.863099231931799160e-01 4.081566610082214552e-01 4.109121435901060826e-01 4.080489647352526505e-01 6.735057139316835695e-02 6.662430001453817363e-02 6.577516833606422697e-02 6.708210344102077949e-02 2.624564444018214759e-01
9.000000000000000000e+00 3.904360247474957246e-01 2.278164705602503393e-02 1.449825888082000303e-01 8.211322896448769448e-03 8.989725630226153008e-03 8.913608545930595817e-03 7.975535005404987832e-03 1.084406395545212121e-02 0.000000000000000000e+00 9.494615674953854612e-03 7.238205644107986725e-03 8.297390389352898854e-03 5.774426732815846064e-02 4.652633601853742862e-01 5.917051031444919840e-02 3.879080302245474510e-01 3.798715840324128346e-01 1.855103705400409364e-01 4.441587003243844256e-01 1.853091449637135346e-01 3.579495601058541032e-01 3.398844464060608583e-01 3.725361877755004603e-01 3.831134464321952482e-01 4.051340925491957456e-01 4.077682640131511382e-01 4.048168371651351682e-01 6.387517086387362042e-02 6.314409050241154286e-02 6.228669334849690209e-02 6.359733642045428681e-02 2.589770217836593336e-01
1.000000000000000000e+01 3.927885742256970181e-01 2.622483956471793887e-02 1.430486888555655423e-01 8.718139867576635282e-03 7.277395884316195662e-03 5.626069500769714793e-03 6.171345454547672027e-03 5.648814886554442971e-03 9.494615674953854612e-03 0.000000000000000000e+00 8.904097160013280110e-03 8.394668365132973431e-03 5.998897833615224329e-02 4.659027467031765513e-01 6.139979056961808457e-02 3.887701117179955812e-01 3.807601724545474076e-01 1.864872206870392679e-01 4.450681493912721498e-01 1.862882669660612667e-01 3.596988223970659648e-01 3.408978283551333810e-01 3.744138143853135148e-01 3.849998402528673758e-01 4.068801493623157572e-01 4.096310101530004077e-01 4.067628656931662201e-01 6.604812501549006676e-02 6.532168053316905754e-02 6.447229476355070821e-02 6.577943126445678912e-02 2.611542542836707836e-01
1.100000000000000000e+01 3.908385130560742549e-01 2.479943000833711997e-02 1.449660441483711648e-01 8.857655595309155139e-03 8.966991246546707206e-03 8.554586413802300893e-03 7.531137971015122723e-03 1.032498579840251951e-02 7.238205644107986725e-03 8.904097160013280110e-03 0.000000000000000000e+00 6.137497975597094868e-03 5.774391800661554663e-02 4.638104815286215876e-01 5.915884071552451884e-02 3.864915359114680093e-01 3.785298922570919933e-01 1.842222897058241049e-01 4.428498601463534134e-01 1.840238553351325468e-01 3.572544573766868181e-01 3.386276077463916678e-01 3.720374696166388606e-01 3.826356646375692616e-01 4.045979286933536478e-01 4.073676849074551187e-01 4.045072321187824782e-01 6.380358007663439190e-02 6.307792293279113061e-02 6.223005358025596179e-02 6.353687401436231008e-02 2.589119528635451806e-01
1.200000000000000000e+01 3.912111550430775186e-01 2.549438521782937395e-02 1.448570708491614956e-01 9.094929538332963137e-03 8.874112913081544374e-03 8.247676328900666043e-03 7.249067437731127050e-03 9.877368255862772894e-03 8.297390389352898854e-03 8.394668365132973431e-03 6.137497975597094868e-03 0.000000000000000000e+00 5.805923492652947937e-02 4.632884895235701572e-01 5.946023785610793366e-02 3.860078085789349078e-01 3.780832620800503863e-01 1.838089112915296530e-01 4.424203884492879935e-01 1.836119839116510111e-01 3.572122422822286980e-01 3.382321755816970477e-01 3.720873491096057251e-01 3.826926124981524513e-01 4.046056483648337032e-01 4.074490660634245698e-01 4.046385481022071184e-01 6.406654662597432992e-02 6.334383191430570381e-02 6.250111579806766349e-02 6.380580548226472137e-02 2.591782520081431507e-01
1.300000000000000000e+01 3.631207248263187970e-01 6.542714227509033309e-02 1.955517529030475488e-01 5.881577414289201888e-02 5.963032159407594124e-02 5.950494698539904315e-02 5.866457805377234269e-02 6.129424815613832012e-02 5.774426732815846064e-02 5.998897833615224329e-02 5.774391800661554663e-02 5.805923492652947937e-02 0.000000000000000000e+00 4.818203228854766040e-01 9.340635471015712454e-03 3.993290920714960279e-01 3.889966128618637109e-01 1.916680714436528321e-01 4.521027959112206007e-01 1.913566138903866065e-01 3.350081561977845679e-01 3.445964945254866851e-01 3.423889278093315003e-01 3.523462417535345725e-01 3.785730342876061361e-01 3.757241046660805273e-01 3.689997344112950772e-01 1.800700943775340734e-02 1.705614900715390903e-02 1.581363005849639736e-02 1.728962329848870993e-02 2.128782983152137653e-01
1.400000000000000000e+01 8.217375167834574112e-01 4.790977908443979638e-01 6.020525214470332509e-01 4.660683813414469023e-01 4.661717101298538113e-01 4.656918635950219043e-01 4.649483377230617664e-01 4.670290104850295387e-01 4.652633601853742862e-01 4.659027467031765513e-01 4.638104815286215876e-01 4.632884895235701572e-01 4.818203228854766040e-01 0.000000000000000000e+00 4.825768488510334686e-01 6.105620847821342512e-01 5.421241650881053475e-01 3.941566107317838741e-01 5.830953337321792551e-01 3.935399744428229596e-01 7.838644049271911163e-01 5.583662397758391016e-01 7.960313340950779804e-01 8.051849139800859589e-01 7.670419981867890868e-01 7.796629387845647186e-01 7.875676793292650801e-01 4.825269098762648978e-01 4.821984221021822781e-01 4.819583820825694698e-01 4.828351206457091593e-01 6.771973625428071575e-01
1.500000000000000000e+01 3.645357851955788320e-01 6.686472048574371163e-02 1.969663769832520339e-01 6.023461732289503434e-02 6.104514916247949508e-02 6.091760034080451192e-02 6.007765626386679658e-02 6.270458298714998158e-02 5.917051031444919840e-02 6.139979056961808457e-02 5.915884071552451884e-02 5.946023785610793366e-02 9.340635471015712454e-03 4.825768488510334686e-01 0.000000000000000000e+00 3.999834681781333501e-01 3.896068043048713792e-01 1.922199910310010695e-01 4.526902620661782395e-01 1.919064062019641970e-01 3.344241361350027697e-01 3.451201101066874166e-01 3.417813690859092812e-01 3.518528919850503200e-01 3.784909192456087368e-01 3.755401436035964435e-01 3.687452045218214680e-01 1.755379830913661454e-02 1.659794889110638438e-02 1.534536085786730730e-02 1.683105163785209024e-02 2.124293997133186451e-01
1.600000000000000000e+01 7.403545399340918376e-01 4.013072360202014632e-01 5.248695969976202580e-01 3.887902994392475886e-01 3.889649097068610395e-01 3.885239738201666793e-01 3.877307217624419433e-01 3.899694458695888155e-01 3.879080302245474510e-01 3.887701117179955812e-01 3.864915359114680093e-01 3.860078085789349078e-01 3.993290920714960279e-01 6.105620847821342512e-01 3.999834681781333501e-01 0.000000000000000000e+00 4.727942606280134408e-01 2.698805111838945558e-01 5.509662576602062378e-01 2.716063047743609848e-01 7.020134670815066924e-01 4.375500441276019004e-01 7.136285918115767846e-01 7.224771933623637121e-01 6.740914102287349774e-01 6.897029920468419339e-01 6.995778675471807651e-01 3.991410635438463750e-01 3.988853281801281736e-01 3.987560747412851603e-01 3.995649682582236850e-01 5.938042614733196611e-01
1.700000000000000000e+01 7.304869922411624250e-01 3.930368333084152122e-01 5.168402153401060461e-01 3.807454252086618363e-01 3.809404423838095299e-01 3.805086274023296022e-01 3.797248443106150395e-01 3.819478101288465988e-01 3.798715840324128346e-01 3.807601724545474076e-01 3.785298922570919933e-01 3.780832620800503863e-01 3.889966128618637109e-01 5.421241650881053475e-01 3.896068043048713792e-01 4.727942606280134408e-01 0.000000000000000000e+00 2.320365773661792197e-01 4.883632379994974348e-01 2.320263529124519941e-01 6.924228409685798669e-01 4.011943233549477572e-01 7.037847564252930344e-01 7.125874034943942004e-01 6.580130247470290517e-01 6.737794265766535728e-01 6.846566218167716711e-01 3.884209564314570207e-01 3.881917795677146121e-01 3.881007231807873659e-01 3.888704698613618116e-01 5.829829709338614219e-01
1.800000000000000000e+01 5.337818054726891637e-01 1.984022165563610329e-01 3.225397504579099461e-01 1.864049551289382878e-01 1.866348768462479102e-01 1.862209986008901419e-01 1.854260710135746670e-01 1.876924858239809035e-01 1.855103705400409364e-01 1.864872206870392679e-01 1.842222897058241049e-01 1.838089112915296530e-01 1.916680714436528321e-01 3.941566107317838741e-01 1.922199910310010695e-01 2.698805111838945558e-01 2.320365773661792197e-01 0.000000000000000000e+00 3.018156677808189192e-01 6.908324517695074718e-03 4.956862928882249664e-01 1.768457947959187759e-01 5.067228148346145655e-01 5.153901357173698017e-01 4.540816015164395036e-01 4.710972660179034710e-01 4.831880379548553206e-01 1.905795693230286636e-01 1.903900446369308219e-01 1.903582376159327350e-01 1.910846376291140403e-01 3.850937887825571782e-01
1.900000000000000000e+01 7.938350342977679164e-01 4.572074236643993705e-01 5.811377831166898433e-01 4.450323540954860269e-01 4.452390511017755292e-01 4.448127723601923433e-01 4.440307627675629254e-01 4.462541218814769506e-01 4.441587003243844256e-01 4.450681493912721498e-01 4.428498601463534134e-01 4.424203884492879935e-01 4.521027959112206007e-01 5.830953337321792551e-01 4.526902620661782395e-01 5.509662576602062378e-01 4.883632379994974348e-01 3.018156677808189192e-01 0.000000000000000000e+00 2.997971064850922795e-01 7.559006457141616009e-01 4.676873392697988852e-01 7.671391737217991835e-01 7.759234689618903502e-01 7.192188630651326076e-01 7.340296777388560789e-01 7.450627767740011231e-01 4.513440549567381277e-01 4.511237924466748317e-01 4.510464781806327039e-01 4.517959635605731106e-01 6.458281438097619453e-01
2.000000000000000000e+01 5.334930693680898228e-01 1.981902970149601595e-01 3.223398215098776109e-01 1.862039121736100977e-01 1.864349706839844023e-01 1.860216436381366689e-01 1.852267370254934153e-01 1.874935775219267464e-01 1.853091449637135346e-01 1.862882669660612667e-01 1.840238553351325468e-01 1.836119839116510111e-01 1.913566138903866065e-01 3.935399744428229596e-01 1.919064062019641970e-01 2.716063047743609848e-01 2.320263529124519941e-01 6.908324517695074718e-03 2.997971064850922795e-01 0.000000000000000000e+00 4.954080746494614607e-01 1.757245124456224827e-01 5.064330418199765038e-01 5.150982618159778426e-01 4.535189565087740515e-01 4.705093209957346145e-01 4.826423759277617132e-01 1.902501137812367960e-01 1.900617068987834890e-01 1.900315355175594689e-01 1.907560720126330600e-01 3.847586709078740785e-01
2.100000000000000000e+01 6.837174245852736254e-01 3.681626838288122316e-01 4.954834867913732177e-01 3.589951835722936524e-01 3.595505150126315774e-01 3.593013361489175717e-01 3.584393530894246505e-01 3.610168335385438576e-01 3.579495601058541032e-01 3.596988223970659648e-01 3.572544573766868181e-01 3.572122422822286980e-01 3.350081561977845679e-01 7.838644049271911163e-01 3.344241361350027697e-01 7.020134670815066924e-01 6.924228409685798669e-01 4.956862928882249664e-01 7.559006457141616009e-01 4.954080746494614607e-01 0.000000000000000000e+00 6.489376876801604688e-01 5.350340725337627834e-01 5.939284206107195985e-01 6.920200209441651484e-01 6.916968877271484351e-01 6.864992165243278821e-01 3.388800054943096329e-01 3.380549571518098317e-01 3.370925113876538370e-01 3.385678561513025264e-01 5.342135111771286748e-01
2.200000000000000000e+01 6.870113189412947463e-01 3.526397365073692391e-01 4.769372596693493005e-01 3.407853634050370673e-01 3.410312619256163913e-01 3.406253818413822465e-01 3.398278169511474989e-01 3.421077668551151252e-01 3.398844464060608583e-01 3.408978283551333810e-01 3.386276077463916678e-01 3.382321755816970477e-01 3.445964945254866851e-01 5.583662397758391016e-01 3.451201101066874166e-01 4.375500441276019004e-01 4.011943233549477572e-01 1.768457947959187759e-01 4.676873392697988852e-01 1.757245124456224827e-01 6.489376876801604688e-01 0.000000000000000000e+00 6.598122541715574219e-01 6.684168136953894113e-01 6.024923789620595382e-01 6.212666927029183439e-01 6.343246036297441881e-01 3.432431859404644348e-01 3.430773412089909713e-01 3.430794054866473930e-01 3.437841649593962878e-01 5.377528601341907688e-01
2.300000000000000000e+01 6.924490566271337411e-01 3.820289463019423959e-01 5.101380796515277982e-01 3.735827039357297874e-01 3.742090848203170061e-01 3.739934688805173213e-01 3.731394685818600898e-01 3.757258286661064872e-01 3.725361877755004603e-01 3.744138143853135148e-01 3.720374696166388606e-01 3.720873491096057251e-01 3.423889278093315003e-01 7.960313340950779804e-01 3.417813690859092812e-01 7.136285918115767846e-01 7.037847564252930344e-01 5.067228148346145655e-01 7.671391737217991835e-01 5.064330418199765038e-01 5.350340725337627834e-01 6.598122541715574219e-01 0.000000000000000000e+00 5.105754238094273312e-01 6.996137414935892362e-01 6.988973853710057638e-01 6.933971146732088586e-01 3.447004125858015300e-01 3.438598799426662578e-01 3.429104712060601079e-01 3.444690649498720059e-01 5.402167715273968884e-01
2.400000000000000000e+01 7.024302765953205352e-01 3.925332247471837732e-01 5.207188875902568626e-01 3.841580078745301385e-01 3.847906664076106154e-01 3.845778596888642653e-01 3.837256497063923355e-01 3.863099231931799160e-01 3.831134464321952482e-01 3.849998402528673758e-01 3.826356646375692616e-01 3.826926124981524513e-01 3.523462417535345725e-01 8.051849139800859589e-01 3.518528919850503200e-01 7.224771933623637121e-01 7.125874034943942004e-01 5.153901357173698017e-01 7.759234689618903502e-01 5.150982618159778426e-01 5.939284206107195985e-01 6.684168136953894113e-01 5.105754238094273312e-01 0.000000000000000000e+00 7.075350233272510447e-01 7.071042139709983188e-01 7.017214989884489329e-01 3.528442193720364717e-01 3.520207257902015496e-01 3.511730204908423136e-01 3.528299763714736748e-01 5.487109371297198557e-01
2.500000000000000000e+01 7.274725073089964855e-01 4.149035568740842006e-01 5.426395895742952558e-01 4.061389724526403011e-01 4.067210611216636185e-01 4.064814627530346502e-01 4.056514545570208963e-01 4.081566610082214552e-01 4.051340925491957456e-01 4.068801493623157572e-01 4.045979286933536478e-01 4.046056483648337032e-01 3.785730342876061361e-01 7.670419981867890868e-01 3.784909192456087368e-01 6.740914102287349774e-01 6.580130247470290517e-01 4.540816015164395036e-01 7.192188630651326076e-01 4.535189565087740515e-01 6.920200209441651484e-01 6.024923789620595382e-01 6.996137414935892362e-01 7.075350233272510447e-01 0.000000000000000000e+00 5.765314937919051586e-01 6.318158941706465415e-01 3.710990408555395748e-01 3.715806184589328098e-01 3.724156808476737357e-01 3.725846109220417035e-01 5.655287309130407891e-01
2.600000000000000000e+01 7.257512544203575944e-01 4.170077050212069869e-01 5.453420476662101946e-01 4.087845899638574698e-01 4.094237236793837331e-01 4.092119115824085496e-01 4.083812417967426223e-01 4.109121435901060826e-01 4.077682640131511382e-01 4.096310101530004077e-01 4.073676849074551187e-01 4.074490660634245698e-01 3.757241046660805273e-01 7.796629387845647186e-01 3.755401436035964435e-01 6.897029920468419339e-01 6.737794265766535728e-01 4.710972660179034710e-01 7.340296777388560789e-01 4.705093209957346145e-01 6.916968877271484351e-01 6.212666927029183439e-01 6.988973853710057638e-01 7.071042139709983188e-01 5.765314937919051586e-01 0.000000000000000000e+00 5.254546050787182176e-01 3.681873420491813542e-01 3.684662589104648611e-01 3.690607775342662489e-01 3.691043031130776808e-01 5.601552868717305511e-01
2.700000000000000000e+01 7.198044404652276240e-01 4.136931473383725910e-01 5.424404204067013735e-01 4.058427555243712126e-01 4.065216282864457797e-01 4.063292846265488256e-01 4.054968869944813870e-01 4.080489647352526505e-01 4.048168371651351682e-01 4.067628656931662201e-01 4.045072321187824782e-01 4.046385481022071184e-01 3.689997344112950772e-01 7.875676793292650801e-01 3.687452045218214680e-01 6.995778675471807651e-01 6.846566218167716711e-01 4.831880379548553206e-01 7.450627767740011231e-01 4.826423759277617132e-01 6.864992165243278821e-01 6.343246036297441881e-01 6.933971146732088586e-01 7.017214989884489329e-01 6.318158941706465415e-01 5.254546050787182176e-01 0.000000000000000000e+00 3.616179908474971283e-01 3.616882476750858388e-01 3.620533458476924427e-01 3.620261094211973396e-01 5.519024757366812750e-01
2.800000000000000000e+01 3.708978804426189546e-01 7.178806344087007574e-02 2.016362549274133276e-01 6.492967347001354916e-02 6.571515076352685281e-02 6.557523000302167837e-02 6.473599829248433135e-02 6.735057139316835695e-02 6.387517086387362042e-02 6.604812501549006676e-02 6.380358007663439190e-02 6.406654662597432992e-02 1.800700943775340734e-02 4.825269098762648978e-01 1.755379830913661454e-02 3.991410635438463750e-01 3.884209564314570207e-01 1.905795693230286636e-01 4.513440549567381277e-01 1.902501137812367960e-01 3.388800054943096329e-01 3.432431859404644348e-01 3.447004125858015300e-01 3.528442193720364717e-01 3.710990408555395748e-01 3.681873420491813542e-01 3.616179908474971283e-01 0.000000000000000000e+00 5.622900655118445723e-03 8.040354845829322805e-03 7.900074820682445598e-03 2.053137955053978558e-01
2.900000000000000000e+01 3.699933291739636032e-01 7.103583765432364139e-02 2.009078831590908609e-01 6.419904200716719522e-02 6.498679030136761403e-02 6.484797494381366878e-02 6.400872472123231294e-02 6.662430001453817363e-02 6.314409050241154286e-02 6.532168053316905754e-02 6.307792293279113061e-02 6.334383191430570381e-02 1.705614900715390903e-02 4.821984221021822781e-01 1.659794889110638438e-02 3.988853281801281736e-01 3.881917795677146121e-01 1.903900446369308219e-01 4.511237924466748317e-01 1.900617068987834890e-01 3.380549571518098317e-01 3.430773412089909713e-01 3.438598799426662578e-01 3.520207257902015496e-01 3.715806184589328098e-01 3.684662589104648611e-01 3.616882476750858388e-01 5.622900655118445723e-03 0.000000000000000000e+00 6.679838622520750668e-03 7.525139935285918291e-03 2.049842030793285197e-01
3.000000000000000000e+01 3.688336353851238147e-01 7.014149376066702857e-02 2.000551417343221505e-01 6.334238694489557897e-02 6.413408409220910933e-02 6.399718762510764325e-02 6.315793898763066849e-02 6.577516833606422697e-02 6.228669334849690209e-02 6.447229476355070821e-02 6.223005358025596179e-02 6.250111579806766349e-02 1.581363005849639736e-02 4.819583820825694698e-01 1.534536085786730730e-02 3.987560747412851603e-01 3.881007231807873659e-01 1.903582376159327350e-01 4.510464781806327039e-01 1.900315355175594689e-01 3.370925113876538370e-01 3.430794054866473930e-01 3.429104712060601079e-01 3.511730204908423136e-01 3.724156808476737357e-01 3.690607775342662489e-01 3.620533458476924427e-01 8.040354845829322805e-03 6.679838622520750668e-03 0.000000000000000000e+00 8.082784871344284028e-03 2.049379842199818835e-01
3.100000000000000000e+01 3.702676042214950169e-01 7.146730046159105454e-02 2.013636818427470554e-01 6.465260691873259136e-02 6.544264198956134537e-02 6.530493073811222127e-02 6.446575129450399233e-02 6.708210344102077949e-02 6.359733642045428681e-02 6.577943126445678912e-02 6.353687401436231008e-02 6.380580548226472137e-02 1.728962329848870993e-02 4.828351206457091593e-01 1.683105163785209024e-02 3.995649682582236850e-01 3.888704698613618116e-01 1.910846376291140403e-01 4.517959635605731106e-01 1.907560720126330600e-01 3.385678561513025264e-01 3.437841649593962878e-01 3.444690649498720059e-01 3.528299763714736748e-01 3.725846109220417035e-01 3.691043031130776808e-01 3.620261094211973396e-01 7.900074820682445598e-03 7.525139935285918291e-03 8.082784871344284028e-03 0.000000000000000000e+00 2.046593284199503815e-01
3.200000000000000000e+01 5.658059940734780913e-01 2.668662266090214841e-01 3.967403294274300940e-01 2.600315451280263979e-01 2.608193874814014324e-01 2.606805873610320567e-01 2.598416555240243841e-01 2.624564444018214759e-01 2.589770217836593336e-01 2.611542542836707836e-01 2.589119528635451806e-01 2.591782520081431507e-01 2.128782983152137653e-01 6.771973625428071575e-01 2.124293997133186451e-01 5.938042614733196611e-01 5.829829709338614219e-01 3.850937887825571782e-01 6.458281438097619453e-01 3.847586709078740785e-01 5.342135111771286748e-01 5.377528601341907688e-01 5.402167715273968884e-01 5.487109371297198557e-01 5.655287309130407891e-01 5.601552868717305511e-01 5.519024757366812750e-01 2.053137955053978558e-01 2.049842030793285197e-01 2.049379842199818835e-01 2.046593284199503815e-01 0.000000000000000000e+00
