0.000000000000000000e+00 1.000000000000000000e+00 2.000000000000000000e+00 3.000000000000000000e+00 4.000000000000000000e+00 5.000000000000000000e+00 6.000000000000000000e+00 7.000000000000000000e+00 8.000000000000000000e+00 9.000000000000000000e+00 1.000000000000000000e+01 1.100000000000000000e+01 1.200000000000000000e+01 1.300000000000000000e+01 1.400000000000000000e+01 1.500000000000000000e+01 1.600000000000000000e+01 1.700000000000000000e+01 1.800000000000000000e+01 1.900000000000000000e+01 2.000000000000000000e+01 2.100000000000000000e+01 2.200000000000000000e+01 2.300000000000000000e+01 2.400000000000000000e+01 2.500000000000000000e+01 2.600000000000000000e+01 2.700000000000000000e+01 2.800000000000000000e+01 2.900000000000000000e+01 3.000000000000000000e+01 3.100000000000000000e+01 3.200000000000000000e+01
1.000000000000000000e+00 0.000000000000000000e+00 4.033358873676912149e-01 6.776713043364616107e-01 4.052182947195079876e-01 5.219671747632014247e-01 4.080584995553939165e-01 4.067780458811253719e-01 4.110017249174215404e-01 4.052375544626243831e-01 4.090759143798404773e-01 4.068078636633264966e-01 6.705031552850405641e-01 4.144801201525233902e-01 9.119783219821082643e-01 4.194215149924862551e-01 8.376128659337764848e-01 8.682273902322088510e-01 8.462787107563731759e-01 9.031086235415456409e-01 8.636392443968056165e-01 7.375188697142250893e-01 8.374318181770498137e-01 7.328843091911465546e-01 7.067600495555526052e-01 5.781951522378665498e-01 7.156189618432793331e-01 7.608112340677372076e-01 4.704691235914090774e-01 4.699522023151549432e-01 4.726642122970948767e-01 4.718925521814040236e-01 4.765225479460027946e-01
2.000000000000000000e+00 4.033358873676912149e-01 0.000000000000000000e+00 2.839683029867257069e-01 1.135202076747460209e-02 1.283317955367662133e-01 1.457147200440528367e-02 1.330707377535556013e-02 1.761784793928555803e-02 1.173708098789688625e-02 1.566356761112797091e-02 1.424153064549960046e-02 2.780032638134126710e-01 5.720435870333279160e-02 5.262766053494825069e-01 6.149793725243235532e-02 4.524068753319225866e-01 4.832019196373069647e-01 4.615826831983746992e-01 5.188314706661464326e-01 4.794478641941281039e-01 3.650510724454970601e-01 4.542587009444826185e-01 3.581005374243775297e-01 3.294713479761584018e-01 1.991141203018296224e-01 3.363456712879953070e-01 3.814772940766818499e-01 9.154587172862921340e-02 9.106312040570369026e-02 9.384869540322793302e-02 9.296754871738477366e-02 9.751893363198627096e-02
3.000000000000000000e+00 6.776713043364616107e-01 2.839683029867257069e-01 0.000000000000000000e+00 2.782738491158038840e-01 3.703427583259614186e-01 2.785351473679507639e-01 2.783753941681253452e-01 2.814326670795578855e-01 2.801535722214742452e-01 2.798595933039140782e-01 2.816779088129473529e-01 5.445095294667779973e-01 3.295957139595718233e-01 7.934883156646004299e-01 3.337704244089265693e-01 7.198867275449194469e-01 7.506471204953077958e-01 7.291564204090192902e-01 7.864322111372893387e-01 7.471047962474705040e-01 6.348984179951225881e-01 7.221800686589640028e-01 6.275253780695728700e-01 5.985094269755015794e-01 4.678637501017959277e-01 6.050546934180141001e-01 6.501729854765462280e-01 3.603238728346064845e-01 3.598465410804742581e-01 3.626415651617569402e-01 3.617445752378461998e-01 3.662825344324392995e-01
4.000000000000000000e+00 4.052182947195079876e-01 1.135202076747460209e-02 2.782738491158038840e-01 0.000000000000000000e+00 1.217475710719756465e-01 8.503378754495194425e-03 7.394292369380106589e-03 1.176799344638279621e-02 7.649508813364958026e-03 9.780689840491629816e-03 9.539001377341038701e-03 2.729217496414229061e-01 5.724703189833274530e-02 5.224932356562215219e-01 6.143315808071564410e-02 4.486276524732992765e-01 4.794609449842086590e-01 4.578605653097034267e-01 5.151689675410436875e-01 4.757838443741549961e-01 3.628332698622328545e-01 4.506867649279079346e-01 3.555175693012209148e-01 3.265492467056247960e-01 1.959616732792297533e-01 3.331738608848155980e-01 3.782994742819408840e-01 8.841017456667360497e-02 8.793109370299728722e-02 9.072401183537215363e-02 8.983151770206687647e-02 9.437457280622607581e-02
5.000000000000000000e+00 5.219671747632014247e-01 1.283317955367662133e-01 3.703427583259614186e-01 1.217475710719756465e-01 0.000000000000000000e+00 1.218411718100950725e-01 1.215471036015923212e-01 1.255810088341208774e-01 1.238226026159095494e-01 1.236234283430692749e-01 1.252128585914393244e-01 3.880451464735016343e-01 1.736509993316047162e-01 6.379020945883209226e-01 1.778176628505161450e-01 5.641102022958455198e-01 5.949306025484455418e-01 5.733649492082286692e-01 6.306758489759024533e-01 5.913065767820401275e-01 4.788078446891116391e-01 5.662760807424923604e-01 4.714186993880937759e-01 4.423840409274282237e-01 3.117432211570032585e-01 4.489458505647923037e-01 4.940682826070571521e-01 2.041979354063861440e-01 2.037199675755533845e-01 2.065146679006172326e-01 2.056190254177134857e-01 2.101592060232709835e-01
6.000000000000000000e+00 4.080584995553939165e-01 1.457147200440528367e-02 2.785351473679507639e-01 8.503378754495194425e-03 1.218411718100950725e-01 0.000000000000000000e+00 5.732531997682255298e-03 8.254205965466998585e-03 9.624809067512285488e-03 6.308546435456141577e-03 1.066306423130941594e-02 2.728191379633267966e-01 5.951865751273965888e-02 5.229219139413217032e-01 6.367164792407481455e-02 4.492125167590719226e-01 4.800164528022314858e-01 4.584894063612499071e-01 5.158001504977028917e-01 4.764488941733527883e-01 3.643632218826243774e-01 4.514894341531289212e-01 3.569184237016174155e-01 3.278345619860074667e-01 1.971503948765478409e-01 3.343432879955623438e-01 3.794624471811990363e-01 8.961108921718136111e-02 8.913413267556175024e-02 9.193031248570848746e-02 9.103190235842195666e-02 9.556936996849396682e-02
7.000000000000000000e+00 4.067780458811253719e-01 1.330707377535556013e-02 2.783753941681253452e-01 7.394292369380106589e-03 1.215471036015923212e-01 5.732531997682255298e-03 0.000000000000000000e+00 8.648365355757414719e-03 8.221098918756275520e-03 6.584482961835669279e-03 9.178767717439140217e-03 2.715277321802834765e-01 5.820016008137468555e-02 5.218821116530414361e-01 6.235247149819134194e-02 4.480984433679897627e-01 4.789227978489605242e-01 4.573638953201057955e-01 5.146834352198211837e-01 4.753157246230915733e-01 3.630471143966255143e-01 4.503058460063219526e-01 3.556068282996824870e-01 3.265251746190045434e-01 1.958509240564845211e-01 3.330498669181027882e-01 3.781711238588264523e-01 8.830849572003524051e-02 8.783111053256037470e-02 9.062689095697074038e-02 8.972950470160701020e-02 9.426830338128511233e-02
8.000000000000000000e+00 4.110017249174215404e-01 1.761784793928555803e-02 2.814326670795578855e-01 1.176799344638279621e-02 1.255810088341208774e-01 8.254205965466998585e-03 8.648365355757414719e-03 0.000000000000000000e+00 1.259682225024444380e-02 5.900940467222615116e-03 1.346774742125156354e-02 2.749819978433213352e-01 6.234777970449012496e-02 5.242579237930653502e-01 6.648986353694741336e-02 4.508193180261259592e-01 4.815538038630786666e-01 4.601451659276876160e-01 5.174315075912508943e-01 4.781399492672512297e-01 3.669016914204660251e-01 4.533758201930476739e-01 3.593950666411103168e-01 3.302608694868605088e-01 1.995118159394662083e-01 3.366802301690277055e-01 3.817909907131632474e-01 9.198598975852062543e-02 9.151105492592065405e-02 9.430960911829344706e-02 9.340604778109751205e-02 9.793762076829415353e-02
9.000000000000000000e+00 4.052375544626243831e-01 1.173708098789688625e-02 2.801535722214742452e-01 7.649508813364958026e-03 1.238226026159095494e-01 9.624809067512285488e-03 8.221098918756275520e-03 1.259682225024444380e-02 0.000000000000000000e+00 1.061311792301888879e-02 7.715570686261663536e-03 2.721026041894604175e-01 5.656138813542943566e-02 5.216307699681526078e-01 6.072734517336297877e-02 4.476296095841483247e-01 4.785079795104745237e-01 4.568531741876595831e-01 5.141896456684525996e-01 4.747740753610060205e-01 3.617553894279760263e-01 4.496032632728131917e-01 3.543848877045225887e-01 3.253599155799880016e-01 1.947485795813677090e-01 3.319680269498992420e-01 3.770962930521938317e-01 8.719460853365618158e-02 8.671544827065652550e-02 8.950906587638141065e-02 8.861625128831251974e-02 9.316013277310186691e-02
1.000000000000000000e+01 4.090759143798404773e-01 1.566356761112797091e-02 2.798595933039140782e-01 9.780689840491629816e-03 1.236234283430692749e-01 6.308546435456141577e-03 6.584482961835669279e-03 5.900940467222615116e-03 1.061311792301888879e-02 0.000000000000000000e+00 1.149781161174856514e-02 2.730532673383839759e-01 6.044303112553023327e-02 5.230718821163498067e-01 6.458847633623104878e-02 4.494833060974074979e-01 4.802576704067478275e-01 4.587842785496047959e-01 5.160863296544911938e-01 4.767616771259953756e-01 3.650980926248136305e-01 4.518929482745729365e-01 3.576155979347996894e-01 3.285001418585109523e-01 1.977805480149432693e-01 3.349618344936842185e-01 3.800770306880868477e-01 9.024780231791101892e-02 8.977186006109011407e-02 9.256930483546177424e-02 9.166826267306305009e-02 9.620283598399714808e-02
1.100000000000000000e+01 4.068078636633264966e-01 1.424153064549960046e-02 2.816779088129473529e-01 9.539001377341038701e-03 1.252128585914393244e-01 1.066306423130941594e-02 9.178767717439140217e-03 1.346774742125156354e-02 7.715570686261663536e-03 1.149781161174856514e-02 0.000000000000000000e+00 2.702357604130861679e-01 5.689950483886796473e-02 5.197523774197896351e-01 6.097378501596456557e-02 4.454911001861037168e-01 4.764734777355195128e-01 4.547213609900246922e-01 5.121382799366275274e-01 4.726631044288661654e-01 3.602018567345325328e-01 4.473896780434055698e-01 3.525381827808378166e-01 3.232379128931524015e-01 1.924700221733575134e-01 3.296949495562528920e-01 3.748256930997523328e-01 8.491876547944282594e-02 8.444109720137832342e-02 8.723924070681521314e-02 8.634080702953850217e-02 9.088256475062650441e-02
1.200000000000000000e+01 6.705031552850405641e-01 2.780032638134126710e-01 5.445095294667779973e-01 2.729217496414229061e-01 3.880451464735016343e-01 2.728191379633267966e-01 2.715277321802834765e-01 2.749819978433213352e-01 2.721026041894604175e-01 2.730532673383839759e-01 2.702357604130861679e-01 0.000000000000000000e+00 3.205729490886240485e-01 7.820701259568425545e-01 3.246235652936884097e-01 7.078523330743333730e-01 7.388367480339312898e-01 7.171102302019625174e-01 7.745434013054354194e-01 7.350772602146705692e-01 6.232032670755301984e-01 7.098665839968211211e-01 6.154128240706897568e-01 5.860062582552036936e-01 4.551601032206080699e-01 5.923747514335842013e-01 6.375021592657857950e-01 3.476162974241743808e-01 3.471400654459314006e-01 3.499405829225713527e-01 3.490380501321064255e-01 3.535762850761577925e-01
1.300000000000000000e+01 4.144801201525233902e-01 5.720435870333279160e-02 3.295957139595718233e-01 5.724703189833274530e-02 1.736509993316047162e-01 5.951865751273965888e-02 5.820016008137468555e-02 6.234777970449012496e-02 5.656138813542943566e-02 6.044303112553023327e-02 5.689950483886796473e-02 3.205729490886240485e-01 0.000000000000000000e+00 5.551665574951138993e-01 1.056607908743573132e-02 4.801821842939342222e-01 5.106692750427157534e-01 4.883468530332144564e-01 5.448020073400950958e-01 5.052183585437856062e-01 3.608378289848294118e-01 4.779533894885609202e-01 3.621752440862984201e-01 3.404091851073227648e-01 2.146350484647272516e-01 3.522529462759196317e-01 3.975071825743078380e-01 1.067543195405254441e-01 1.062065977559947805e-01 1.088807827383028171e-01 1.081873803160449121e-01 1.128902715648766319e-01
1.400000000000000000e+01 9.119783219821082643e-01 5.262766053494825069e-01 7.934883156646004299e-01 5.224932356562215219e-01 6.379020945883209226e-01 5.229219139413217032e-01 5.218821116530414361e-01 5.242579237930653502e-01 5.216307699681526078e-01 5.230718821163498067e-01 5.197523774197896351e-01 7.820701259568425545e-01 5.551665574951138993e-01 0.000000000000000000e+00 5.582672887422581720e-01 6.543243252904200613e-01 5.724388917350653472e-01 6.438328567913309541e-01 6.051373658591464588e-01 6.342588676098243061e-01 8.251435489004023127e-01 7.074223295890239571e-01 8.080306046026370925e-01 7.717417740553345062e-01 6.246729153029628723e-01 7.518373903747992415e-01 7.932996152523225097e-01 5.217671420747160838e-01 5.219107562761833297e-01 5.253468502600789902e-01 5.229130505362845627e-01 5.254451195246786499e-01
1.500000000000000000e+01 4.194215149924862551e-01 6.149793725243235532e-02 3.337704244089265693e-01 6.143315808071564410e-02 1.778176628505161450e-01 6.367164792407481455e-02 6.235247149819134194e-02 6.648986353694741336e-02 6.072734517336297877e-02 6.458847633623104878e-02 6.097378501596456557e-02 3.246235652936884097e-01 1.056607908743573132e-02 5.582672887422581720e-01 0.000000000000000000e+00 4.832131386338456291e-01 5.136745148663066640e-01 4.913055411784306159e-01 5.477013043424344696e-01 5.081055668464783404e-01 3.608345714878050670e-01 4.806965022441470614e-01 3.631571901630914478e-01 3.421231518273999406e-01 2.167989335183475585e-01 3.544442169406065712e-01 3.997071471444803015e-01 1.088959012141837435e-01 1.083437034286796607e-01 1.110125418803981079e-01 1.103303900894750944e-01 1.150438065350259942e-01
1.600000000000000000e+01 8.376128659337764848e-01 4.524068753319225866e-01 7.198867275449194469e-01 4.486276524732992765e-01 5.641102022958455198e-01 4.492125167590719226e-01 4.480984433679897627e-01 4.508193180261259592e-01 4.476296095841483247e-01 4.494833060974074979e-01 4.454911001861037168e-01 7.078523330743333730e-01 4.801821842939342222e-01 6.543243252904200613e-01 4.832131386338456291e-01 0.000000000000000000e+00 5.477694059385354031e-01 4.614677242142786184e-01 6.488952159788173857e-01 5.768797540749480701e-01 7.479273467303083622e-01 6.127879531209544650e-01 7.302305654886442898e-01 6.935007156342749557e-01 5.458582915399179392e-01 6.746796249055597716e-01 7.170630611618896699e-01 4.429561937508895153e-01 4.431245764040414037e-01 4.465890252678246242e-01 4.441032575623137246e-01 4.466891015629000927e-01
1.700000000000000000e+01 8.682273902322088510e-01 4.832019196373069647e-01 7.506471204953077958e-01 4.794609449842086590e-01 5.949306025484455418e-01 4.800164528022314858e-01 4.789227978489605242e-01 4.815538038630786666e-01 4.785079795104745237e-01 4.802576704067478275e-01 4.764734777355195128e-01 7.388367480339312898e-01 5.106692750427157534e-01 5.724388917350653472e-01 5.136745148663066640e-01 5.477694059385354031e-01 0.000000000000000000e+00 5.050205904099067666e-01 5.615481257574178597e-01 5.091235955502740884e-01 7.773420450858680164e-01 6.231934681526879460e-01 7.592651197149724585e-01 7.222674623487606027e-01 5.734402502912683275e-01 7.000122044485579398e-01 7.414021206944164666e-01 4.710397835060382010e-01 4.712514527985942059e-01 4.747571135135165710e-01 4.721576694864423329e-01 4.745007349433660870e-01
1.800000000000000000e+01 8.462787107563731759e-01 4.615826831983746992e-01 7.291564204090192902e-01 4.578605653097034267e-01 5.733649492082286692e-01 4.584894063612499071e-01 4.573638953201057955e-01 4.601451659276876160e-01 4.568531741876595831e-01 4.587842785496047959e-01 4.547213609900246922e-01 7.171102302019625174e-01 4.883468530332144564e-01 6.438328567913309541e-01 4.913055411784306159e-01 4.614677242142786184e-01 5.050205904099067666e-01 0.000000000000000000e+00 6.110539155224731234e-01 5.046279841763966489e-01 7.534356691661684424e-01 5.755144984884686954e-01 7.349073601517674970e-01 6.975761040530241708e-01 5.480579116964543474e-01 6.752397195709360922e-01 7.170496668775626636e-01 4.458036069563766080e-01 4.460432443820865900e-01 4.495783800640767991e-01 4.469146825287100278e-01 4.492340914450301259e-01
1.900000000000000000e+01 9.031086235415456409e-01 5.188314706661464326e-01 7.864322111372893387e-01 5.151689675410436875e-01 6.306758489759024533e-01 5.158001504977028917e-01 5.146834352198211837e-01 5.174315075912508943e-01 5.141896456684525996e-01 5.160863296544911938e-01 5.121382799366275274e-01 7.745434013054354194e-01 5.448020073400950958e-01 6.051373658591464588e-01 5.477013043424344696e-01 6.488952159788173857e-01 5.615481257574178597e-01 6.110539155224731234e-01 0.000000000000000000e+00 5.344416873155285463e-01 8.076163263658414637e-01 6.368434782369377656e-01 7.883418891405977735e-01 7.504762408455458722e-01 5.989703436343594145e-01 7.220266900882097438e-01 7.618264598445180225e-01 4.974900736953798419e-01 4.978040402073174442e-01 5.014108308941945813e-01 4.985511382325495955e-01 5.004418981169392877e-01
2.000000000000000000e+01 8.636392443968056165e-01 4.794478641941281039e-01 7.471047962474705040e-01 4.757838443741549961e-01 5.913065767820401275e-01 4.764488941733527883e-01 4.753157246230915733e-01 4.781399492672512297e-01 4.747740753610060205e-01 4.767616771259953756e-01 4.726631044288661654e-01 7.350772602146705692e-01 5.052183585437856062e-01 6.342588676098243061e-01 5.081055668464783404e-01 5.768797540749480701e-01 5.091235955502740884e-01 5.046279841763966489e-01 5.344416873155285463e-01 0.000000000000000000e+00 7.676636735075271778e-01 5.570912354195111105e-01 7.483005937308173650e-01 7.103665630316673418e-01 5.588413187384315695e-01 6.833625333313899652e-01 7.240849044927309963e-01 4.573282234443715732e-01 4.576426331536970760e-01 4.612511992239425318e-01 4.583966080926527020e-01 4.603783804686107928e-01
2.100000000000000000e+01 7.375188697142250893e-01 3.650510724454970601e-01 6.348984179951225881e-01 3.628332698622328545e-01 4.788078446891116391e-01 3.643632218826243774e-01 3.630471143966255143e-01 3.669016914204660251e-01 3.617553894279760263e-01 3.650980926248136305e-01 3.602018567345325328e-01 6.232032670755301984e-01 3.608378289848294118e-01 8.251435489004023127e-01 3.608345714878050670e-01 7.479273467303083622e-01 7.773420450858680164e-01 7.534356691661684424e-01 8.076163263658414637e-01 7.676636735075271778e-01 0.000000000000000000e+00 7.352477858011644551e-01 5.341098966032580275e-01 5.601708989624558654e-01 4.508137558403897405e-01 5.894306562565732044e-01 6.350021197348284518e-01 3.421198572054567344e-01 3.414209795748014975e-01 3.440247969986796051e-01 3.436284283767483405e-01 3.487009666069698088e-01
2.200000000000000000e+01 8.374318181770498137e-01 4.542587009444826185e-01 7.221800686589640028e-01 4.506867649279079346e-01 5.662760807424923604e-01 4.514894341531289212e-01 4.503058460063219526e-01 4.533758201930476739e-01 4.496032632728131917e-01 4.518929482745729365e-01 4.473896780434055698e-01 7.098665839968211211e-01 4.779533894885609202e-01 7.074223295890239571e-01 4.806965022441470614e-01 6.127879531209544650e-01 6.231934681526879460e-01 5.755144984884686954e-01 6.368434782369377656e-01 5.570912354195111105e-01 7.352477858011644551e-01 0.000000000000000000e+00 7.143226177654653508e-01 6.752505913813937610e-01 5.204584870089883353e-01 6.446494923033607716e-01 6.859445048411271229e-01 4.200395952847850167e-01 4.204758686340264728e-01 4.242074673744501423e-01 4.210583371792849805e-01 4.227344402012336300e-01
2.300000000000000000e+01 7.328843091911465546e-01 3.581005374243775297e-01 6.275253780695728700e-01 3.555175693012209148e-01 4.714186993880937759e-01 3.569184237016174155e-01 3.556068282996824870e-01 3.593950666411103168e-01 3.543848877045225887e-01 3.576155979347996894e-01 3.525381827808378166e-01 6.154128240706897568e-01 3.621752440862984201e-01 8.080306046026370925e-01 3.631571901630914478e-01 7.302305654886442898e-01 7.592651197149724585e-01 7.349073601517674970e-01 7.883418891405977735e-01 7.483005937308173650e-01 5.341098966032580275e-01 7.143226177654653508e-01 0.000000000000000000e+00 4.905641760738159718e-01 4.233122379300044980e-01 5.622386155558123377e-01 6.079078921439545757e-01 3.143594222289520235e-01 3.136092576280669619e-01 3.161712987771456707e-01 3.158891813917672486e-01 3.210822034687673687e-01
2.400000000000000000e+01 7.067600495555526052e-01 3.294713479761584018e-01 5.985094269755015794e-01 3.265492467056247960e-01 4.423840409274282237e-01 3.278345619860074667e-01 3.265251746190045434e-01 3.302608694868605088e-01 3.253599155799880016e-01 3.285001418585109523e-01 3.232379128931524015e-01 5.860062582552036936e-01 3.404091851073227648e-01 7.717417740553345062e-01 3.421231518273999406e-01 6.935007156342749557e-01 7.222674623487606027e-01 6.975761040530241708e-01 7.504762408455458722e-01 7.103665630316673418e-01 5.601708989624558654e-01 6.752505913813937610e-01 4.905641760738159718e-01 0.000000000000000000e+00 3.794747377634981600e-01 5.186263410866018830e-01 5.643670686641367729e-01 2.703356224067361979e-01 2.695526280126360752e-01 2.721224915537960864e-01 2.718870038509397791e-01 2.771625091947048647e-01
2.500000000000000000e+01 5.781951522378665498e-01 1.991141203018296224e-01 4.678637501017959277e-01 1.959616732792297533e-01 3.117432211570032585e-01 1.971503948765478409e-01 1.958509240564845211e-01 1.995118159394662083e-01 1.947485795813677090e-01 1.977805480149432693e-01 1.924700221733575134e-01 4.551601032206080699e-01 2.146350484647272516e-01 6.246729153029628723e-01 2.167989335183475585e-01 5.458582915399179392e-01 5.734402502912683275e-01 5.480579116964543474e-01 5.989703436343594145e-01 5.588413187384315695e-01 4.508137558403897405e-01 5.204584870089883353e-01 4.233122379300044980e-01 3.794747377634981600e-01 0.000000000000000000e+00 3.537902876256810991e-01 4.009883680601288303e-01 1.144069403646963967e-01 1.154259254726693329e-01 1.197293153028908819e-01 1.151245673148074689e-01 1.153275758870163648e-01
2.600000000000000000e+01 7.156189618432793331e-01 3.363456712879953070e-01 6.050546934180141001e-01 3.331738608848155980e-01 4.489458505647923037e-01 3.343432879955623438e-01 3.330498669181027882e-01 3.366802301690277055e-01 3.319680269498992420e-01 3.349618344936842185e-01 3.296949495562528920e-01 5.923747514335842013e-01 3.522529462759196317e-01 7.518373903747992415e-01 3.544442169406065712e-01 6.746796249055597716e-01 7.000122044485579398e-01 6.752397195709360922e-01 7.220266900882097438e-01 6.833625333313899652e-01 5.894306562565732044e-01 6.446494923033607716e-01 5.622386155558123377e-01 5.186263410866018830e-01 3.537902876256810991e-01 0.000000000000000000e+00 4.872541865109595305e-01 2.539805912066172566e-01 2.549800817560899380e-01 2.592586378383712198e-01 2.546016734386817859e-01 2.532919742170279820e-01
2.700000000000000000e+01 7.608112340677372076e-01 3.814772940766818499e-01 6.501729854765462280e-01 3.782994742819408840e-01 4.940682826070571521e-01 3.794624471811990363e-01 3.781711238588264523e-01 3.817909907131632474e-01 3.770962930521938317e-01 3.800770306880868477e-01 3.748256930997523328e-01 6.375021592657857950e-01 3.975071825743078380e-01 7.932996152523225097e-01 3.997071471444803015e-01 7.170630611618896699e-01 7.414021206944164666e-01 7.170496668775626636e-01 7.618264598445180225e-01 7.240849044927309963e-01 6.350021197348284518e-01 6.859445048411271229e-01 6.079078921439545757e-01 5.643670686641367729e-01 4.009883680601288303e-01 4.872541865109595305e-01 0.000000000000000000e+00 2.998504764483310159e-01 3.008435186248161197e-01 3.051139678993249893e-01 3.004236070751570287e-01 2.977695473795207715e-01
2.800000000000000000e+01 4.704691235914090774e-01 9.154587172862921340e-02 3.603238728346064845e-01 8.841017456667360497e-02 2.041979354063861440e-01 8.961108921718136111e-02 8.830849572003524051e-02 9.198598975852062543e-02 8.719460853365618158e-02 9.024780231791101892e-02 8.491876547944282594e-02 3.476162974241743808e-01 1.067543195405254441e-01 5.217671420747160838e-01 1.088959012141837435e-01 4.429561937508895153e-01 4.710397835060382010e-01 4.458036069563766080e-01 4.974900736953798419e-01 4.573282234443715732e-01 3.421198572054567344e-01 4.200395952847850167e-01 3.143594222289520235e-01 2.703356224067361979e-01 1.144069403646963967e-01 2.539805912066172566e-01 2.998504764483310159e-01 0.000000000000000000e+00 5.436243811371754830e-03 1.003372247105843718e-02 6.353365275512612431e-03 1.183113186605994072e-02
2.900000000000000000e+01 4.699522023151549432e-01 9.106312040570369026e-02 3.598465410804742581e-01 8.793109370299728722e-02 2.037199675755533845e-01 8.913413267556175024e-02 8.783111053256037470e-02 9.151105492592065405e-02 8.671544827065652550e-02 8.977186006109011407e-02 8.444109720137832342e-02 3.471400654459314006e-01 1.062065977559947805e-01 5.219107562761833297e-01 1.083437034286796607e-01 4.431245764040414037e-01 4.712514527985942059e-01 4.460432443820865900e-01 4.978040402073174442e-01 4.576426331536970760e-01 3.414209795748014975e-01 4.204758686340264728e-01 3.136092576280669619e-01 2.695526280126360752e-01 1.154259254726693329e-01 2.549800817560899380e-01 3.008435186248161197e-01 5.436243811371754830e-03 0.000000000000000000e+00 8.834923486491730316e-03 7.048529868812991594e-03 1.287317076634519886e-02
3.000000000000000000e+01 4.726642122970948767e-01 9.384869540322793302e-02 3.626415651617569402e-01 9.072401183537215363e-02 2.065146679006172326e-01 9.193031248570848746e-02 9.062689095697074038e-02 9.430960911829344706e-02 8.950906587638141065e-02 9.256930483546177424e-02 8.723924070681521314e-02 3.499405829225713527e-01 1.088807827383028171e-01 5.253468502600789902e-01 1.110125418803981079e-01 4.465890252678246242e-01 4.747571135135165710e-01 4.495783800640767991e-01 5.014108308941945813e-01 4.612511992239425318e-01 3.440247969986796051e-01 4.242074673744501423e-01 3.161712987771456707e-01 2.721224915537960864e-01 1.197293153028908819e-01 2.592586378383712198e-01 3.051139678993249893e-01 1.003372247105843718e-02 8.834923486491730316e-03 0.000000000000000000e+00 1.131028014979790219e-02 1.718844366218552633e-02
3.100000000000000000e+01 4.718925521814040236e-01 9.296754871738477366e-02 3.617445752378461998e-01 8.983151770206687647e-02 2.056190254177134857e-01 9.103190235842195666e-02 8.972950470160701020e-02 9.340604778109751205e-02 8.861625128831251974e-02 9.166826267306305009e-02 8.634080702953850217e-02 3.490380501321064255e-01 1.081873803160449121e-01 5.229130505362845627e-01 1.103303900894750944e-01 4.441032575623137246e-01 4.721576694864423329e-01 4.469146825287100278e-01 4.985511382325495955e-01 4.583966080926527020e-01 3.436284283767483405e-01 4.210583371792849805e-01 3.158891813917672486e-01 2.718870038509397791e-01 1.151245673148074689e-01 2.546016734386817859e-01 3.004236070751570287e-01 6.353365275512612431e-03 7.048529868812991594e-03 1.131028014979790219e-02 0.000000000000000000e+00 1.226347871800920197e-02
3.200000000000000000e+01 4.765225479460027946e-01 9.751893363198627096e-02 3.662825344324392995e-01 9.437457280622607581e-02 2.101592060232709835e-01 9.556936996849396682e-02 9.426830338128511233e-02 9.793762076829415353e-02 9.316013277310186691e-02 9.620283598399714808e-02 9.088256475062650441e-02 3.535762850761577925e-01 1.128902715648766319e-01 5.254451195246786499e-01 1.150438065350259942e-01 4.466891015629000927e-01 4.745007349433660870e-01 4.492340914450301259e-01 5.004418981169392877e-01 4.603783804686107928e-01 3.487009666069698088e-01 4.227344402012336300e-01 3.210822034687673687e-01 2.771625091947048647e-01 1.153275758870163648e-01 2.532919742170279820e-01 2.977695473795207715e-01 1.183113186605994072e-02 1.287317076634519886e-02 1.718844366218552633e-02 1.226347871800920197e-02 0.000000000000000000e+00
