0.000000000000000000e+00 1.000000000000000000e+00 2.000000000000000000e+00 3.000000000000000000e+00 4.000000000000000000e+00 5.000000000000000000e+00 6.000000000000000000e+00 7.000000000000000000e+00 8.000000000000000000e+00 9.000000000000000000e+00 1.000000000000000000e+01 1.100000000000000000e+01 1.200000000000000000e+01 1.300000000000000000e+01 1.400000000000000000e+01 1.500000000000000000e+01 1.600000000000000000e+01 1.700000000000000000e+01 1.800000000000000000e+01 1.900000000000000000e+01 2.000000000000000000e+01 2.100000000000000000e+01 2.200000000000000000e+01 2.300000000000000000e+01 2.400000000000000000e+01 2.500000000000000000e+01 2.600000000000000000e+01 2.700000000000000000e+01 2.800000000000000000e+01 2.900000000000000000e+01 3.000000000000000000e+01 3.100000000000000000e+01 3.200000000000000000e+01
1.000000000000000000e+00 0.000000000000000000e+00 9.115763580494073981e-01 1.037185946061640385e+00 1.017682306595230513e+00 1.035294297762793914e+00 1.049291062278290942e+00 1.044770480562720927e+00 1.072724421110861970e+00 1.016037051589514073e+00 1.063620621399218980e+00 1.046194234599835626e+00 1.059766867477790253e+00 1.095485903077409562e+00 1.297814869182634112e+00 1.258366684809779645e+00 1.239437510810959431e+00 1.267120052125186414e+00 1.253082570876376645e+00 1.311735001780993448e+00 1.275788488440670276e+00 1.175281983197464575e+00 1.269088846589450315e+00 1.198596547201380647e+00 1.208726715448162015e+00 1.295797362558025467e+00 1.335021118714183830e+00 1.366157235838667328e+00 1.295931418338908570e+00 1.301482027137310205e+00 1.395086669607981333e+00 1.372130265708795704e+00 2.217544105225929485e+00
2.000000000000000000e+00 9.115763580494073981e-01 0.000000000000000000e+00 8.481748354713127824e-01 8.163505569012878826e-01 8.430240569683413732e-01 8.598231358137689018e-01 8.506061744396578028e-01 8.904093486764639298e-01 7.982638098443346486e-01 8.771559391617886892e-01 8.452818300744791014e-01 8.666041690628578653e-01 9.018310765384405236e-01 1.135052242655416599e+00 1.082380745381274156e+00 1.077235064249419061e+00 1.105355621811561440e+00 1.091745411020084378e+00 1.151342558618515755e+00 1.115388162019702145e+00 1.009080390053475940e+00 1.110155499331631601e+00 1.037001308231783936e+00 1.049654669725779588e+00 1.142702343071033466e+00 1.184060677796951344e+00 1.216726381606864527e+00 1.146711807810941730e+00 1.153020517058409133e+00 1.249616085972526713e+00 1.225275057743848706e+00 2.073753409291644978e+00
3.000000000000000000e+00 1.037185946061640385e+00 8.481748354713127824e-01 0.000000000000000000e+00 5.997110926594106939e-01 4.614055960750813590e-01 5.763301349487126579e-01 6.284832486892615311e-01 6.637698320776788119e-01 7.341962554832399679e-01 6.526517895371337641e-01 7.417986245013175051e-01 7.269221696392849097e-01 8.786327160544489256e-01 1.011171983831785859e+00 1.024712691910778961e+00 9.580400170939942228e-01 9.856080521313461684e-01 9.742526934500539415e-01 1.034501152212593533e+00 9.994483413708439290e-01 9.278699944954935663e-01 9.987868669077843986e-01 9.550991632366130357e-01 9.663246014212707458e-01 1.044221585590398460e+00 1.087795446278564837e+00 1.122243097047357585e+00 1.060100641918973130e+00 1.068698707972043138e+00 1.169975653131374971e+00 1.140413072452374443e+00 1.987266862248839416e+00
4.000000000000000000e+00 1.017682306595230513e+00 8.163505569012878826e-01 5.997110926594106939e-01 0.000000000000000000e+00 5.684794311231371466e-01 6.418494040066777817e-01 6.356384816530309401e-01 7.173666788947861139e-01 6.850968579051992524e-01 6.944886292064906819e-01 7.197879724218219089e-01 7.217238480942831380e-01 8.600175876769009520e-01 1.027979246996182816e+00 1.016095573982494393e+00 9.728990440579430299e-01 1.000907230889174437e+00 9.886932859449737432e-01 1.049023701647515461e+00 1.013557554106314873e+00 9.274968603669508926e-01 1.011411175838668575e+00 9.560623340394542868e-01 9.683466398811986231e-01 1.053304884424401733e+00 1.096592728202780753e+00 1.130751105946702806e+00 1.065657977422818314e+00 1.073603336291892418e+00 1.173902762754474915e+00 1.145904709276940547e+00 1.994135051275723214e+00
5.000000000000000000e+00 1.035294297762793914e+00 8.430240569683413732e-01 4.614055960750813590e-01 5.684794311231371466e-01 0.000000000000000000e+00 5.468957926975896999e-01 5.904284278353553184e-01 6.636039374028088744e-01 7.152779990356865625e-01 6.397777955579166953e-01 7.231746888404491092e-01 7.087348843506116047e-01 8.673587300637863873e-01 1.008842597977069655e+00 1.014872959793359009e+00 9.548688455292491106e-01 9.826984052160028238e-01 9.710072107781522188e-01 1.031408048131789323e+00 9.961682054560314636e-01 9.197934501882303326e-01 9.950244772032379448e-01 9.475953158743875004e-01 9.592108167229009830e-01 1.039555467468946448e+00 1.083161946852375435e+00 1.117599012384312696e+00 1.054502576469993125e+00 1.062942859815703578e+00 1.164082577739169233e+00 1.134919673423417930e+00 1.982377703248228151e+00
6.000000000000000000e+00 1.049291062278290942e+00 8.598231358137689018e-01 5.763301349487126579e-01 6.418494040066777817e-01 5.468957926975896999e-01 0.000000000000000000e+00 5.319177398992418482e-01 6.008331572219052230e-01 7.224871381197583986e-01 5.469165989231807856e-01 7.091552204283548821e-01 6.782949994086500123e-01 8.609941288323474939e-01 9.880121621019197775e-01 1.002132787755456445e+00 9.339524539757668720e-01 9.619750484074758301e-01 9.503355427073525430e-01 1.011023623377727665e+00 9.757470834804495841e-01 9.028435010003639238e-01 9.749342886294385391e-01 9.305570559157068100e-01 9.419752258378184528e-01 1.020836776999256346e+00 1.064785509148124865e+00 1.099471879710278932e+00 1.037107934502097040e+00 1.045828488507178911e+00 1.147596954743775877e+00 1.117808391469082174e+00 1.965260244120965893e+00
7.000000000000000000e+00 1.044770480562720927e+00 8.506061744396578028e-01 6.284832486892615311e-01 6.356384816530309401e-01 5.904284278353553184e-01 5.319177398992418482e-01 0.000000000000000000e+00 6.467948385771322695e-01 6.880992533768905961e-01 5.812704431577495612e-01 6.670461651769223899e-01 6.344230624441142830e-01 8.403988135913142976e-01 9.899231081954940059e-01 9.853494560035636063e-01 9.341061803938202068e-01 9.626260200824028335e-01 9.502529778030222030e-01 1.011180177410770265e+00 9.755152645490110519e-01 8.908239575286700518e-01 9.735693490963590602e-01 9.199219985457134374e-01 9.323025226046186553e-01 1.017149898967345534e+00 1.061101858216837668e+00 1.095714602042619168e+00 1.031018848400687249e+00 1.039319039289823721e+00 1.140648089779197294e+00 1.111906367623611835e+00 1.960749410359072797e+00
8.000000000000000000e+00 1.072724421110861970e+00 8.904093486764639298e-01 6.637698320776788119e-01 7.173666788947861139e-01 6.636039374028088744e-01 6.008331572219052230e-01 6.467948385771322695e-01 0.000000000000000000e+00 7.664055211156115544e-01 5.334055839808060639e-01 7.406479833975667670e-01 7.003085465306040369e-01 8.769413442608726683e-01 9.593137363299168996e-01 1.006431276553254150e+00 9.072547404518100933e-01 9.349360777168678194e-01 9.242587081448550013e-01 9.850429998526528674e-01 9.501884089965357827e-01 8.964538053537081108e-01 9.512011485619866757e-01 9.223160638232281716e-01 9.322860688840930443e-01 1.001737989230292447e+00 1.046107114851324793e+00 1.081194958742899059e+00 1.022686216749719934e+00 1.032283668772274066e+00 1.135380481113071438e+00 1.103498470945252219e+00 1.949182427179513510e+00
9.000000000000000000e+00 1.016037051589514073e+00 7.982638098443346486e-01 7.341962554832399679e-01 6.850968579051992524e-01 7.152779990356865625e-01 7.224871381197583986e-01 6.880992533768905961e-01 7.664055211156115544e-01 0.000000000000000000e+00 7.384362252025136186e-01 6.302027804112249054e-01 6.887854933802026736e-01 7.885847317611858198e-01 1.029787942212969654e+00 9.661790347893810527e-01 9.710365811422860816e-01 1.000023716765765736e+00 9.862486641974654855e-01 1.046990186426866254e+00 1.010715036542656486e+00 8.954598679245668880e-01 1.006064726655713448e+00 9.277553669961819960e-01 9.426909536407950263e-01 1.042577620549361983e+00 1.085829674822260449e+00 1.119799956197381929e+00 1.049127532594120504e+00 1.056012243082708579e+00 1.155169269407640309e+00 1.129812140269435439e+00 1.981392313558358431e+00
1.000000000000000000e+01 1.063620621399218980e+00 8.771559391617886892e-01 6.526517895371337641e-01 6.944886292064906819e-01 6.397777955579166953e-01 5.469165989231807856e-01 5.812704431577495612e-01 5.334055839808060639e-01 7.384362252025136186e-01 0.000000000000000000e+00 7.065214778523551953e-01 6.573326468899836073e-01 8.578269123291850651e-01 9.663826003073747728e-01 9.911444529150630345e-01 9.120681773737984166e-01 9.403755499240331606e-01 9.287470526080825461e-01 9.898139135340733308e-01 9.544630754335565737e-01 8.862456685734934059e-01 9.539885406615773444e-01 9.136439287886737315e-01 9.247008916991630301e-01 1.001431420302467901e+00 1.045756790700866246e+00 1.080715263819821415e+00 1.019266955507208694e+00 1.028323723055549088e+00 1.130803607749752304e+00 1.100256485607866708e+00 1.947612108816709764e+00
1.100000000000000000e+01 1.046194234599835626e+00 8.452818300744791014e-01 7.417986245013175051e-01 7.197879724218219089e-01 7.231746888404491092e-01 7.091552204283548821e-01 6.670461651769223899e-01 7.406479833975667670e-01 6.302027804112249054e-01 7.065214778523551953e-01 0.000000000000000000e+00 5.762954932551347387e-01 7.696344575926861165e-01 9.951317733253448594e-01 9.285453908011125357e-01 9.349267840118509199e-01 9.646060102095426192e-01 9.503389156917523284e-01 1.011744410686675311e+00 9.751028050007690684e-01 8.529628807481930419e-01 9.700920818387375189e-01 8.871470257001046189e-01 9.030056215204580461e-01 1.007133044119637111e+00 1.051143378638787373e+00 1.085593252906875028e+00 1.013846078941073925e+00 1.020852312402336537e+00 1.120917803553018510e+00 1.095413140420341769e+00 1.948641623393283062e+00
1.200000000000000000e+01 1.059766867477790253e+00 8.666041690628578653e-01 7.269221696392849097e-01 7.217238480942831380e-01 7.087348843506116047e-01 6.782949994086500123e-01 6.344230624441142830e-01 7.003085465306040369e-01 6.887854933802026736e-01 6.573326468899836073e-01 5.762954932551347387e-01 0.000000000000000000e+00 7.996143742754657779e-01 9.718985657680065948e-01 9.383006213138580520e-01 9.123644120812146596e-01 9.421255033794773137e-01 9.282767547398120822e-01 9.900226114268730893e-01 9.535060119187812600e-01 8.466371576177602609e-01 9.495504877777356523e-01 8.789225775100597549e-01 8.932708284556061251e-01 9.898734447099404310e-01 1.034328633072839621e+00 1.069140523506989959e+00 1.000173983883200224e+00 1.007919126478074023e+00 1.109177745475604882e+00 1.081919864592076230e+00 1.933957550772932521e+00
1.300000000000000000e+01 1.095485903077409562e+00 9.018310765384405236e-01 8.786327160544489256e-01 8.600175876769009520e-01 8.673587300637863873e-01 8.609941288323474939e-01 8.403988135913142976e-01 8.769413442608726683e-01 7.885847317611858198e-01 8.578269123291850651e-01 7.696344575926861165e-01 7.996143742754657779e-01 0.000000000000000000e+00 1.065816409969421841e+00 8.316453520654611964e-01 1.001339288370612479e+00 1.031626372075771014e+00 1.015271173029310914e+00 1.076325420864764348e+00 1.038779212951445485e+00 8.524066441780717707e-01 1.029624033064328925e+00 8.953887895832439714e-01 9.183564293306960558e-01 1.055646885103182386e+00 1.098943363803658313e+00 1.132665898264173299e+00 1.049395213430274199e+00 1.053730325603873919e+00 1.150306575560567035e+00 1.131380410961715377e+00 1.991113456197789233e+00
1.400000000000000000e+01 1.297814869182634112e+00 1.135052242655416599e+00 1.011171983831785859e+00 1.027979246996182816e+00 1.008842597977069655e+00 9.880121621019197775e-01 9.899231081954940059e-01 9.593137363299168996e-01 1.029787942212969654e+00 9.663826003073747728e-01 9.951317733253448594e-01 9.718985657680065948e-01 1.065816409969421841e+00 0.000000000000000000e+00 1.145023687099365528e+00 6.555793792476518611e-01 5.731947563248971367e-01 6.457111737778711280e-01 6.083195118046387240e-01 6.376982906884383073e-01 9.719185492944324434e-01 7.168542979899290568e-01 9.752050024603626799e-01 9.683944976479179623e-01 8.655552582971195452e-01 9.052725430773105320e-01 9.423903406589249077e-01 9.729340478516659285e-01 9.953434078946337138e-01 1.112543727430126639e+00 1.048181356288289123e+00 1.843967265400482169e+00
1.500000000000000000e+01 1.258366684809779645e+00 1.082380745381274156e+00 1.024712691910778961e+00 1.016095573982494393e+00 1.014872959793359009e+00 1.002132787755456445e+00 9.853494560035636063e-01 1.006431276553254150e+00 9.661790347893810527e-01 9.911444529150630345e-01 9.285453908011125357e-01 9.383006213138580520e-01 8.316453520654611964e-01 1.145023687099365528e+00 0.000000000000000000e+00 1.075953930701385453e+00 1.107359420081880819e+00 1.088916613257025601e+00 1.150400925712880218e+00 1.111775202410283159e+00 8.346516146579963102e-01 1.099030067120397414e+00 8.946386315762608898e-01 9.311480288124007743e-01 1.117131505107015643e+00 1.161464804561065156e+00 1.195680263750572569e+00 1.098659753504296122e+00 1.100415998750096769e+00 1.195576111045183021e+00 1.183328111429440277e+00 2.053664690675525151e+00
1.600000000000000000e+01 1.239437510810959431e+00 1.077235064249419061e+00 9.580400170939942228e-01 9.728990440579430299e-01 9.548688455292491106e-01 9.339524539757668720e-01 9.341061803938202068e-01 9.072547404518100933e-01 9.710365811422860816e-01 9.120681773737984166e-01 9.349267840118509199e-01 9.123644120812146596e-01 1.001339288370612479e+00 6.555793792476518611e-01 1.075953930701385453e+00 0.000000000000000000e+00 5.482584815544158108e-01 4.619512128686980024e-01 6.515789694096905116e-01 5.791097632194219802e-01 8.968859991530131470e-01 6.194964652985139875e-01 8.982348015307566325e-01 8.899639238152383669e-01 7.838843689262546821e-01 8.295387420854700711e-01 8.685754657749080732e-01 8.907851982745078612e-01 9.136951532608938997e-01 1.031934503874383902e+00 9.669652850775158903e-01 1.767936693419910998e+00
1.700000000000000000e+01 1.267120052125186414e+00 1.105355621811561440e+00 9.856080521313461684e-01 1.000907230889174437e+00 9.826984052160028238e-01 9.619750484074758301e-01 9.626260200824028335e-01 9.349360777168678194e-01 1.000023716765765736e+00 9.403755499240331606e-01 9.646060102095426192e-01 9.421255033794773137e-01 1.031626372075771014e+00 5.731947563248971367e-01 1.107359420081880819e+00 5.482584815544158108e-01 0.000000000000000000e+00 5.052989178188154185e-01 5.626794246709672098e-01 5.102003543632502858e-01 9.295596459836386050e-01 6.282634899797596706e-01 9.307894960221283487e-01 9.224407180257387928e-01 8.021787330547971440e-01 8.429299094052502550e-01 8.807838146330924101e-01 9.183729710457477768e-01 9.420486279199611346e-01 1.060604606647074233e+00 9.931235439305075019e-01 1.784965633686670827e+00
1.800000000000000000e+01 1.253082570876376645e+00 1.091745411020084378e+00 9.742526934500539415e-01 9.886932859449737432e-01 9.710072107781522188e-01 9.503355427073525430e-01 9.502529778030222030e-01 9.242587081448550013e-01 9.862486641974654855e-01 9.287470526080825461e-01 9.503389156917523284e-01 9.282767547398120822e-01 1.015271173029310914e+00 6.457111737778711280e-01 1.088916613257025601e+00 4.619512128686980024e-01 5.052989178188154185e-01 0.000000000000000000e+00 6.120697939304584612e-01 5.052844894614298976e-01 9.082807599461453218e-01 5.791558972452446330e-01 9.083874021787730069e-01 8.991927221793951652e-01 7.732447920013660880e-01 8.169795289533861027e-01 8.559028856308790179e-01 8.916562315348504075e-01 9.158233242439677291e-01 1.035062992060265197e+00 9.666238972817389197e-01 1.759671106498141846e+00
1.900000000000000000e+01 1.311735001780993448e+00 1.151342558618515755e+00 1.034501152212593533e+00 1.049023701647515461e+00 1.031408048131789323e+00 1.011023623377727665e+00 1.011180177410770265e+00 9.850429998526528674e-01 1.046990186426866254e+00 9.898139135340733308e-01 1.011744410686675311e+00 9.900226114268730893e-01 1.076325420864764348e+00 6.083195118046387240e-01 1.150400925712880218e+00 6.515789694096905116e-01 5.626794246709672098e-01 6.120697939304584612e-01 0.000000000000000000e+00 5.345585277063540364e-01 9.700855359747164730e-01 6.387624141470256145e-01 9.694651334500938855e-01 9.597502856435227159e-01 8.098156037090380455e-01 8.439233208094238936e-01 8.802434662407143673e-01 9.430648089669608769e-01 9.686351712665173253e-01 1.088632337217698032e+00 1.015674850324515432e+00 1.792710976672417189e+00
2.000000000000000000e+01 1.275788488440670276e+00 1.115388162019702145e+00 9.994483413708439290e-01 1.013557554106314873e+00 9.961682054560314636e-01 9.757470834804495841e-01 9.755152645490110519e-01 9.501884089965357827e-01 1.010715036542656486e+00 9.544630754335565737e-01 9.751028050007690684e-01 9.535060119187812600e-01 1.038779212951445485e+00 6.376982906884383073e-01 1.111775202410283159e+00 5.791097632194219802e-01 5.102003543632502858e-01 5.052844894614298976e-01 5.345585277063540364e-01 0.000000000000000000e+00 9.300323446681491024e-01 5.586224839707099044e-01 9.290080105139144617e-01 9.189803795733437752e-01 7.705120761724246758e-01 8.094273333173169771e-01 8.474149022787631491e-01 9.024249586682009383e-01 9.279638267065482005e-01 1.048170127233801319e+00 9.757005965626657229e-01 1.757447594546166947e+00
2.100000000000000000e+01 1.175281983197464575e+00 1.009080390053475940e+00 9.278699944954935663e-01 9.274968603669508926e-01 9.197934501882303326e-01 9.028435010003639238e-01 8.908239575286700518e-01 8.964538053537081108e-01 8.954598679245668880e-01 8.862456685734934059e-01 8.529628807481930419e-01 8.466371576177602609e-01 8.524066441780717707e-01 9.719185492944324434e-01 8.346516146579963102e-01 8.968859991530131470e-01 9.295596459836386050e-01 9.082807599461453218e-01 9.700855359747164730e-01 9.300323446681491024e-01 0.000000000000000000e+00 9.121065097047809100e-01 5.556877727521534194e-01 6.359403690608260717e-01 9.182145131106380642e-01 9.643083861635124432e-01 9.994105603608340882e-01 8.807098211425341550e-01 8.786808824516150196e-01 9.729309697276706803e-01 9.700585436185598098e-01 1.857147129876919323e+00
2.200000000000000000e+01 1.269088846589450315e+00 1.110155499331631601e+00 9.987868669077843986e-01 1.011411175838668575e+00 9.950244772032379448e-01 9.749342886294385391e-01 9.735693490963590602e-01 9.512011485619866757e-01 1.006064726655713448e+00 9.539885406615773444e-01 9.700920818387375189e-01 9.495504877777356523e-01 1.029624033064328925e+00 7.168542979899290568e-01 1.099030067120397414e+00 6.194964652985139875e-01 6.282634899797596706e-01 5.791558972452446330e-01 6.387624141470256145e-01 5.586224839707099044e-01 9.121065097047809100e-01 0.000000000000000000e+00 9.082875231835403351e-01 8.961621865824627164e-01 7.154410215258846240e-01 7.593439785880551351e-01 7.999878297705265151e-01 8.655064576938029663e-01 8.931601139305498371e-01 1.015434112629918006e+00 9.377766192877396989e-01 1.713601704695126848e+00
2.300000000000000000e+01 1.198596547201380647e+00 1.037001308231783936e+00 9.550991632366130357e-01 9.560623340394542868e-01 9.475953158743875004e-01 9.305570559157068100e-01 9.199219985457134374e-01 9.223160638232281716e-01 9.277553669961819960e-01 9.136439287886737315e-01 8.871470257001046189e-01 8.789225775100597549e-01 8.953887895832439714e-01 9.752050024603626799e-01 8.946386315762608898e-01 8.982348015307566325e-01 9.307894960221283487e-01 9.083874021787730069e-01 9.694651334500938855e-01 9.290080105139144617e-01 5.556877727521534194e-01 9.082875231835403351e-01 0.000000000000000000e+00 5.187280081627250183e-01 9.053588728301200650e-01 9.514464622505165448e-01 9.864595853627331490e-01 8.516050443956608706e-01 8.455164860913546576e-01 9.362370286045511580e-01 9.432305337096580367e-01 1.841821732042668636e+00
2.400000000000000000e+01 1.208726715448162015e+00 1.049654669725779588e+00 9.663246014212707458e-01 9.683466398811986231e-01 9.592108167229009830e-01 9.419752258378184528e-01 9.323025226046186553e-01 9.322860688840930443e-01 9.426909536407950263e-01 9.247008916991630301e-01 9.030056215204580461e-01 8.932708284556061251e-01 9.183564293306960558e-01 9.683944976479179623e-01 9.311480288124007743e-01 8.899639238152383669e-01 9.224407180257387928e-01 8.991927221793951652e-01 9.597502856435227159e-01 9.189803795733437752e-01 6.359403690608260717e-01 8.961621865824627164e-01 5.187280081627250183e-01 0.000000000000000000e+00 8.864864887889936096e-01 9.327410120215693379e-01 9.677991709775481954e-01 8.204321949605317688e-01 8.115411478846445981e-01 9.008359620807013801e-01 9.141949341123929429e-01 1.821724493181256399e+00
2.500000000000000000e+01 1.295797362558025467e+00 1.142702343071033466e+00 1.044221585590398460e+00 1.053304884424401733e+00 1.039555467468946448e+00 1.020836776999256346e+00 1.017149898967345534e+00 1.001737989230292447e+00 1.042577620549361983e+00 1.001431420302467901e+00 1.007133044119637111e+00 9.898734447099404310e-01 1.055646885103182386e+00 8.655552582971195452e-01 1.117131505107015643e+00 7.838843689262546821e-01 8.021787330547971440e-01 7.732447920013660880e-01 8.098156037090380455e-01 7.705120761724246758e-01 9.182145131106380642e-01 7.154410215258846240e-01 9.053588728301200650e-01 8.864864887889936096e-01 0.000000000000000000e+00 5.874499153979058086e-01 6.645628004823194157e-01 7.858119380795909326e-01 8.252062690539339052e-01 9.567047786324132108e-01 8.478644380625253163e-01 1.586650490298937122e+00
2.600000000000000000e+01 1.335021118714183830e+00 1.184060677796951344e+00 1.087795446278564837e+00 1.096592728202780753e+00 1.083161946852375435e+00 1.064785509148124865e+00 1.061101858216837668e+00 1.046107114851324793e+00 1.085829674822260449e+00 1.045756790700866246e+00 1.051143378638787373e+00 1.034328633072839621e+00 1.098943363803658313e+00 9.052725430773105320e-01 1.161464804561065156e+00 8.295387420854700711e-01 8.429299094052502550e-01 8.169795289533861027e-01 8.439233208094238936e-01 8.094273333173169771e-01 9.643083861635124432e-01 7.593439785880551351e-01 9.514464622505165448e-01 9.327410120215693379e-01 5.874499153979058086e-01 0.000000000000000000e+00 5.319756581204342361e-01 8.247100834609952802e-01 8.645370251702533260e-01 9.948105128979627398e-01 8.784811746951399769e-01 1.538819087114227102e+00
2.700000000000000000e+01 1.366157235838667328e+00 1.216726381606864527e+00 1.122243097047357585e+00 1.130751105946702806e+00 1.117599012384312696e+00 1.099471879710278932e+00 1.095714602042619168e+00 1.081194958742899059e+00 1.119799956197381929e+00 1.080715263819821415e+00 1.085593252906875028e+00 1.069140523506989959e+00 1.132665898264173299e+00 9.423903406589249077e-01 1.195680263750572569e+00 8.685754657749080732e-01 8.807838146330924101e-01 8.559028856308790179e-01 8.802434662407143673e-01 8.474149022787631491e-01 9.994105603608340882e-01 7.999878297705265151e-01 9.864595853627331490e-01 9.677991709775481954e-01 6.645628004823194157e-01 5.319756581204342361e-01 0.000000000000000000e+00 8.572563986102539335e-01 8.967376398329878207e-01 1.025834386211753158e+00 9.072637709517641369e-01 1.512268455166718262e+00
2.800000000000000000e+01 1.295931418338908570e+00 1.146711807810941730e+00 1.060100641918973130e+00 1.065657977422818314e+00 1.054502576469993125e+00 1.037107934502097040e+00 1.031018848400687249e+00 1.022686216749719934e+00 1.049127532594120504e+00 1.019266955507208694e+00 1.013846078941073925e+00 1.000173983883200224e+00 1.049395213430274199e+00 9.729340478516659285e-01 1.098659753504296122e+00 8.907851982745078612e-01 9.183729710457477768e-01 8.916562315348504075e-01 9.430648089669608769e-01 9.024249586682009383e-01 8.807098211425341550e-01 8.655064576938029663e-01 8.516050443956608706e-01 8.204321949605317688e-01 7.858119380795909326e-01 8.247100834609952802e-01 8.572563986102539335e-01 0.000000000000000000e+00 5.335903744808774274e-01 7.407130683537348492e-01 6.126694303268216402e-01 1.686056129387256242e+00
2.900000000000000000e+01 1.301482027137310205e+00 1.153020517058409133e+00 1.068698707972043138e+00 1.073603336291892418e+00 1.062942859815703578e+00 1.045828488507178911e+00 1.039319039289823721e+00 1.032283668772274066e+00 1.056012243082708579e+00 1.028323723055549088e+00 1.020852312402336537e+00 1.007919126478074023e+00 1.053730325603873919e+00 9.953434078946337138e-01 1.100415998750096769e+00 9.136951532608938997e-01 9.420486279199611346e-01 9.158233242439677291e-01 9.686351712665173253e-01 9.279638267065482005e-01 8.786808824516150196e-01 8.931601139305498371e-01 8.455164860913546576e-01 8.115411478846445981e-01 8.252062690539339052e-01 8.645370251702533260e-01 8.967376398329878207e-01 5.335903744808774274e-01 0.000000000000000000e+00 6.594566165073778574e-01 6.625613876363436461e-01 1.726789395125726490e+00
3.000000000000000000e+01 1.395086669607981333e+00 1.249616085972526713e+00 1.169975653131374971e+00 1.173902762754474915e+00 1.164082577739169233e+00 1.147596954743775877e+00 1.140648089779197294e+00 1.135380481113071438e+00 1.155169269407640309e+00 1.130803607749752304e+00 1.120917803553018510e+00 1.109177745475604882e+00 1.150306575560567035e+00 1.112543727430126639e+00 1.195576111045183021e+00 1.031934503874383902e+00 1.060604606647074233e+00 1.035062992060265197e+00 1.088632337217698032e+00 1.048170127233801319e+00 9.729309697276706803e-01 1.015434112629918006e+00 9.362370286045511580e-01 9.008359620807013801e-01 9.567047786324132108e-01 9.948105128979627398e-01 1.025834386211753158e+00 7.407130683537348492e-01 6.594566165073778574e-01 0.000000000000000000e+00 8.167616430579971443e-01 1.854062629966925613e+00
3.100000000000000000e+01 1.372130265708795704e+00 1.225275057743848706e+00 1.140413072452374443e+00 1.145904709276940547e+00 1.134919673423417930e+00 1.117808391469082174e+00 1.111906367623611835e+00 1.103498470945252219e+00 1.129812140269435439e+00 1.100256485607866708e+00 1.095413140420341769e+00 1.081919864592076230e+00 1.131380410961715377e+00 1.048181356288289123e+00 1.183328111429440277e+00 9.669652850775158903e-01 9.931235439305075019e-01 9.666238972817389197e-01 1.015674850324515432e+00 9.757005965626657229e-01 9.700585436185598098e-01 9.377766192877396989e-01 9.432305337096580367e-01 9.141949341123929429e-01 8.478644380625253163e-01 8.784811746951399769e-01 9.072637709517641369e-01 6.126694303268216402e-01 6.625613876363436461e-01 8.167616430579971443e-01 0.000000000000000000e+00 1.718498190356029909e+00
3.200000000000000000e+01 2.217544105225929485e+00 2.073753409291644978e+00 1.987266862248839416e+00 1.994135051275723214e+00 1.982377703248228151e+00 1.965260244120965893e+00 1.960749410359072797e+00 1.949182427179513510e+00 1.981392313558358431e+00 1.947612108816709764e+00 1.948641623393283062e+00 1.933957550772932521e+00 1.991113456197789233e+00 1.843967265400482169e+00 2.053664690675525151e+00 1.767936693419910998e+00 1.784965633686670827e+00 1.759671106498141846e+00 1.792710976672417189e+00 1.757447594546166947e+00 1.857147129876919323e+00 1.713601704695126848e+00 1.841821732042668636e+00 1.821724493181256399e+00 1.586650490298937122e+00 1.538819087114227102e+00 1.512268455166718262e+00 1.686056129387256242e+00 1.726789395125726490e+00 1.854062629966925613e+00 1.718498190356029909e+00 0.000000000000000000e+00
