0.000000000000000000e+00 1.000000000000000000e+00 2.000000000000000000e+00 3.000000000000000000e+00 4.000000000000000000e+00 5.000000000000000000e+00 6.000000000000000000e+00 7.000000000000000000e+00 8.000000000000000000e+00 9.000000000000000000e+00 1.000000000000000000e+01 1.100000000000000000e+01 1.200000000000000000e+01 1.300000000000000000e+01 1.400000000000000000e+01 1.500000000000000000e+01 1.600000000000000000e+01 1.700000000000000000e+01 1.800000000000000000e+01 1.900000000000000000e+01 2.000000000000000000e+01 2.100000000000000000e+01 2.200000000000000000e+01 2.300000000000000000e+01 2.400000000000000000e+01 2.500000000000000000e+01 2.600000000000000000e+01 2.700000000000000000e+01 2.800000000000000000e+01 2.900000000000000000e+01 3.000000000000000000e+01 3.100000000000000000e+01 3.200000000000000000e+01
1.000000000000000000e+00 0.000000000000000000e+00 8.683227132941485626e-01 9.803538684329252684e-01 9.617749067330195745e-01 9.771674088981984196e-01 9.872256473854491565e-01 9.806800682285472526e-01 1.007503652841921227e+00 9.501168883813412291e-01 9.975539135099432686e-01 9.720396230876821031e-01 9.859615660593810116e-01 9.661902435301167325e-01 1.210036564663893754e+00 9.981193613466324832e-01 1.138773386087866157e+00 1.168832587527073530e+00 1.150858313905859687e+00 1.214997004556141569e+00 1.172858364748403659e+00 1.031256413382084736e+00 1.158801150233706112e+00 1.042194184278433911e+00 1.051805688281774342e+00 1.160025993204027106e+00 1.189908987856613809e+00 1.213181996760661630e+00 1.121262440154155104e+00 1.113714891305337407e+00 1.108915580672150458e+00 1.139667241205216897e+00 1.211028754108404826e+00
2.000000000000000000e+00 8.683227132941485626e-01 0.000000000000000000e+00 8.364732437642919960e-01 8.066828188611955275e-01 8.310394967909441322e-01 8.451299787255465157e-01 8.355369221026629489e-01 8.724154363968814607e-01 7.862925784535425011e-01 8.594314611871624043e-01 8.259505960058221019e-01 8.455844619329024869e-01 8.407681524546845031e-01 1.095570804492623784e+00 8.867068686399256494e-01 1.025340534299093331e+00 1.055563852306858896e+00 1.038179393007533813e+00 1.102946581111226898e+00 1.060941208279000847e+00 9.218958267543391205e-01 1.048428707014073646e+00 9.358964324178444816e-01 9.467935768452140355e-01 1.055121853587036362e+00 1.086321930878868969e+00 1.110514793100924713e+00 1.021519560142911232e+00 1.014938975573202562e+00 1.012912107684302399e+00 1.041611509257736490e+00 1.112648690269017582e+00
3.000000000000000000e+00 9.803538684329252684e-01 8.364732437642919960e-01 0.000000000000000000e+00 5.995368551478602592e-01 4.613948236682073878e-01 5.761528875719276188e-01 6.282006353566151891e-01 6.630530722849934389e-01 7.326630145811573458e-01 6.520176167390342448e-01 7.398984898799424448e-01 7.252987644707997728e-01 8.441655872988883536e-01 1.005589755778249605e+00 8.733122910366747371e-01 9.413689994423575236e-01 9.709949218971318796e-01 9.565367117884318038e-01 1.022373847430900984e+00 9.814458135910659742e-01 8.859958917386212551e-01 9.749790993386582283e-01 9.016497527784921306e-01 9.112975270993344257e-01 9.992842318077572727e-01 1.033257486379508538e+00 1.059574476804544751e+00 9.829126792951514702e-01 9.796037196576419248e-01 9.845177672921159306e-01 1.005411908778427676e+00 1.072731837682650458e+00
4.000000000000000000e+00 9.617749067330195745e-01 8.066828188611955275e-01 5.995368551478602592e-01 0.000000000000000000e+00 5.683165983109875752e-01 6.412482785854410894e-01 6.350106262884480657e-01 7.158110791791871819e-01 6.841430348707643327e-01 6.931253438739256589e-01 7.176917968091872657e-01 7.194232424039255225e-01 8.263395778840084693e-01 1.018491003468217082e+00 8.622426769160139726e-01 9.521748884177401173e-01 9.821858492092976345e-01 9.667752284493034143e-01 1.032526560862211173e+00 9.911960782237700940e-01 8.811219937164127547e-01 9.829803262371130668e-01 8.973447259831868195e-01 9.077859206183245266e-01 1.002755350904324771e+00 1.036202531249267533e+00 1.062074592115632488e+00 9.820579594230576248e-01 9.779614368178379813e-01 9.814374055733119384e-01 1.004260814181248129e+00 1.072733945385547560e+00
5.000000000000000000e+00 9.771674088981984196e-01 8.310394967909441322e-01 4.613948236682073878e-01 5.683165983109875752e-01 0.000000000000000000e+00 5.467515145669056276e-01 5.902225968622705210e-01 6.628961011131218051e-01 7.139588371769455266e-01 6.391868569976305592e-01 7.215402122366422200e-01 7.072932234788866790e-01 8.339322232265059531e-01 1.002829480542891671e+00 8.643588661886615343e-01 9.378112621971728124e-01 9.676600702943234378e-01 9.528750490378132820e-01 1.018802056686668234e+00 9.777124252688715877e-01 8.780424042832748466e-01 9.707482497474624328e-01 8.940900863569412049e-01 9.040195080963044916e-01 9.940207346382456954e-01 1.027947887337868682e+00 1.054202094379312449e+00 9.767397418460688208e-01 9.732835966330282140e-01 9.780095929452778947e-01 9.992813063205550073e-01 1.066916649290281960e+00
6.000000000000000000e+00 9.872256473854491565e-01 8.451299787255465157e-01 5.761528875719276188e-01 6.412482785854410894e-01 5.467515145669056276e-01 0.000000000000000000e+00 5.318722404251057245e-01 6.005945676616839535e-01 7.207719914318714283e-01 5.467644070140379453e-01 7.079220962107338755e-01 6.775206152866657394e-01 8.285857208856913791e-01 9.843112216632656786e-01 8.552675815168054863e-01 9.194511458322058850e-01 9.494575330268177904e-01 9.348347590074961300e-01 1.001067178035764726e+00 9.599887942915765748e-01 8.651263836788520845e-01 9.535742839712797458e-01 8.814354797820456167e-01 8.911929307667569855e-01 9.788766695141069007e-01 1.013204444543806648e+00 1.039743620033413141e+00 9.637208246305943860e-01 9.606941007198046556e-01 9.663750585605241916e-01 9.866317126241557212e-01 1.053856573061557000e+00
7.000000000000000000e+00 9.806800682285472526e-01 8.355369221026629489e-01 6.282006353566151891e-01 6.350106262884480657e-01 5.902225968622705210e-01 5.318722404251057245e-01 0.000000000000000000e+00 6.464272864763245252e-01 6.867712505093169773e-01 5.810637038144718103e-01 6.662306647840327001e-01 6.338613644189139418e-01 8.100396253041614036e-01 9.849573026458131597e-01 8.399901974746258881e-01 9.183763279063468232e-01 9.488078452032124854e-01 9.334466382602151224e-01 9.997838884163794404e-01 9.583600263115421569e-01 8.527815020239399857e-01 9.507347981091915923e-01 8.700143880447159805e-01 8.804816916627300483e-01 9.733057494726851111e-01 1.007449640690107895e+00 1.033791343876893531e+00 9.556634364833604955e-01 9.522169397904165500e-01 9.572905360860177737e-01 9.786061645482977411e-01 1.046632988030419043e+00
8.000000000000000000e+00 1.007503652841921227e+00 8.724154363968814607e-01 6.630530722849934389e-01 7.158110791791871819e-01 6.628961011131218051e-01 6.005945676616839535e-01 6.464272864763245252e-01 0.000000000000000000e+00 7.633282707160159442e-01 5.333729062018423006e-01 7.389622296205912155e-01 6.996257156288638868e-01 8.429664720241348830e-01 9.593294680572619360e-01 8.616244364047181969e-01 8.967462818926374979e-01 9.264476164166037808e-01 9.129344459540675860e-01 9.794413829079937628e-01 9.387962938891449838e-01 8.634455724929386289e-01 9.345751709125103002e-01 8.788743727238228498e-01 8.875204968040446563e-01 9.658215895882595881e-01 1.000870368607115868e+00 1.028006778196786986e+00 9.564119198854670323e-01 9.544387066697392896e-01 9.620435569206473581e-01 9.797272146628737133e-01 1.045433330503224401e+00
9.000000000000000000e+00 9.501168883813412291e-01 7.862925784535425011e-01 7.326630145811573458e-01 6.841430348707643327e-01 7.139588371769455266e-01 7.207719914318714283e-01 6.867712505093169773e-01 7.633282707160159442e-01 0.000000000000000000e+00 7.358981741396489751e-01 6.290208833079286022e-01 6.864619013345532039e-01 7.626313762536111041e-01 1.015015724730081947e+00 8.154967851055249239e-01 9.450462978983482643e-01 9.758520093602973677e-01 9.588295949620879721e-01 1.024635515414062503e+00 9.825834070377386098e-01 8.460641194322098269e-01 9.715701675119923220e-01 8.644113580676737740e-01 8.767283172512778666e-01 9.845799902261540559e-01 1.017446041187523686e+00 1.042766902960567954e+00 9.574522168468577732e-01 9.522059499480115541e-01 9.538827463536936335e-01 9.795980447678114267e-01 1.050072342239578127e+00
1.000000000000000000e+01 9.975539135099432686e-01 8.594314611871624043e-01 6.520176167390342448e-01 6.931253438739256589e-01 6.391868569976305592e-01 5.467644070140379453e-01 5.810637038144718103e-01 5.333729062018423006e-01 7.358981741396489751e-01 0.000000000000000000e+00 7.052806809812376398e-01 6.568748167236002633e-01 8.256377354379119682e-01 9.648869525325982632e-01 8.474256683578543781e-01 9.000529049747227894e-01 9.303042198815545394e-01 9.158184883279416599e-01 9.824500120171482109e-01 9.413535560612142916e-01 8.524738438558754350e-01 9.355286128335487117e-01 8.689265218652282297e-01 8.783919890553408827e-01 9.631385187171246365e-01 9.979261551120224283e-01 1.024789916792603783e+00 9.504443180020372139e-01 9.479199760689320797e-01 9.546951992429986156e-01 9.737600151323899667e-01 1.040491883190838518e+00
1.100000000000000000e+01 9.720396230876821031e-01 8.259505960058221019e-01 7.398984898799424448e-01 7.176917968091872657e-01 7.215402122366422200e-01 7.079220962107338755e-01 6.662306647840327001e-01 7.389622296205912155e-01 6.290208833079286022e-01 7.052806809812376398e-01 0.000000000000000000e+00 5.759147099308450368e-01 7.473133485051196567e-01 9.861470946379007341e-01 7.904488955154734819e-01 9.152904388767284516e-01 9.466655696627641614e-01 9.294027876047297188e-01 9.958294528575142301e-01 9.535496512117256351e-01 8.147969536779038346e-01 9.426366871625899702e-01 8.354626538766931620e-01 8.484723214738993935e-01 9.574322347747590278e-01 9.910229191288437711e-01 1.016794509960615489e+00 9.324701089833213885e-01 9.277490891021185071e-01 9.310220541312652642e-01 9.555623181324195414e-01 1.026000322178939772e+00
1.200000000000000000e+01 9.859615660593810116e-01 8.455844619329024869e-01 7.252987644707997728e-01 7.194232424039255225e-01 7.072932234788866790e-01 6.775206152866657394e-01 6.338613644189139418e-01 6.996257156288638868e-01 6.864619013345532039e-01 6.568748167236002633e-01 5.759147099308450368e-01 0.000000000000000000e+00 7.734937222222230124e-01 9.675504519891477972e-01 8.015749601710085992e-01 8.976671519811310063e-01 9.291503710885649081e-01 9.124649900335823904e-01 9.793842043411942200e-01 9.372638288887613633e-01 8.139827992717314498e-01 9.278004847369445418e-01 8.340189750725610640e-01 8.459450503215255601e-01 9.472807501817865905e-01 9.816184955412352586e-01 1.007949781086680652e+00 9.272166737034530648e-01 9.234733793249820799e-01 9.286627404707061828e-01 9.508247217840599674e-01 1.020061216836115392e+00
1.300000000000000000e+01 9.661902435301167325e-01 8.407681524546845031e-01 8.441655872988883536e-01 8.263395778840084693e-01 8.339322232265059531e-01 8.285857208856913791e-01 8.100396253041614036e-01 8.429664720241348830e-01 7.626313762536111041e-01 8.256377354379119682e-01 7.473133485051196567e-01 7.734937222222230124e-01 0.000000000000000000e+00 1.013414683358267565e+00 6.829476954644947417e-01 9.377998501536390918e-01 9.694061708564183366e-01 9.496942762067555055e-01 1.014917876486043369e+00 9.717882190675508625e-01 7.751758212046555574e-01 9.555013913974079731e-01 7.979610575561195684e-01 8.155412941464863508e-01 9.541900141434327409e-01 9.855220027780138281e-01 1.009541055633938811e+00 9.122690336411274359e-01 9.041121323703986690e-01 9.010478366888206025e-01 9.341632993956285880e-01 1.009302288869648567e+00
1.400000000000000000e+01 1.210036564663893754e+00 1.095570804492623784e+00 1.005589755778249605e+00 1.018491003468217082e+00 1.002829480542891671e+00 9.843112216632656786e-01 9.849573026458131597e-01 9.593294680572619360e-01 1.015015724730081947e+00 9.648869525325982632e-01 9.861470946379007341e-01 9.675504519891477972e-01 1.013414683358267565e+00 0.000000000000000000e+00 9.944202870220556489e-01 6.600237824649668461e-01 5.761502314787640966e-01 6.501686781379314439e-01 6.162234501528298658e-01 6.428425693137307384e-01 9.549230696077299907e-01 7.232174126591848218e-01 9.548624604367030866e-01 9.503429583110440948e-01 8.687416330190811387e-01 9.043588262098984920e-01 9.372079462882796363e-01 9.490601649815464391e-01 9.597864106232449899e-01 9.848675877713044535e-01 9.694972223295925673e-01 1.004191546917370559e+00
1.500000000000000000e+01 9.981193613466324832e-01 8.867068686399256494e-01 8.733122910366747371e-01 8.622426769160139726e-01 8.643588661886615343e-01 8.552675815168054863e-01 8.399901974746258881e-01 8.616244364047181969e-01 8.154967851055249239e-01 8.474256683578543781e-01 7.904488955154734819e-01 8.015749601710085992e-01 6.829476954644947417e-01 9.944202870220556489e-01 0.000000000000000000e+00 9.157133096611089762e-01 9.478461741628290138e-01 9.266644806957013980e-01 9.917433647224558335e-01 9.479826938572153416e-01 6.928531690152435196e-01 9.289092648443524336e-01 7.244081183237065513e-01 7.505586696841037853e-01 9.205810655698267730e-01 9.517557778873220187e-01 9.754943267794380368e-01 8.705066113171815445e-01 8.606385605176356535e-01 8.561328675136776756e-01 8.938559752056387531e-01 9.727626808417544346e-01
1.600000000000000000e+01 1.138773386087866157e+00 1.025340534299093331e+00 9.413689994423575236e-01 9.521748884177401173e-01 9.378112621971728124e-01 9.194511458322058850e-01 9.183763279063468232e-01 8.967462818926374979e-01 9.450462978983482643e-01 9.000529049747227894e-01 9.152904388767284516e-01 8.976671519811310063e-01 9.377998501536390918e-01 6.600237824649668461e-01 9.157133096611089762e-01 0.000000000000000000e+00 5.487023592968818253e-01 4.619879473824421989e-01 6.553264347931153644e-01 5.795824350611491482e-01 8.722170047017336891e-01 6.194146544698073686e-01 8.708797158941548044e-01 8.651909671657624923e-01 7.792715477094338539e-01 8.201586827925262391e-01 8.545050441394734797e-01 8.608058902720316929e-01 8.722886500225939255e-01 8.989592325116855243e-01 8.824498348283351667e-01 9.192737852054930769e-01
1.700000000000000000e+01 1.168832587527073530e+00 1.055563852306858896e+00 9.709949218971318796e-01 9.821858492092976345e-01 9.676600702943234378e-01 9.494575330268177904e-01 9.488078452032124854e-01 9.264476164166037808e-01 9.758520093602973677e-01 9.303042198815545394e-01 9.466655696627641614e-01 9.291503710885649081e-01 9.694061708564183366e-01 5.761502314787640966e-01 9.478461741628290138e-01 5.487023592968818253e-01 0.000000000000000000e+00 5.055703418645973723e-01 5.649711528227843171e-01 5.105248045715651273e-01 9.055993932162464954e-01 6.290212006892133001e-01 9.040684741565312432e-01 8.983475203222615058e-01 8.001048145525271327e-01 8.368675287399560681e-01 8.706329648029678125e-01 8.897935473801004136e-01 9.017734063747750994e-01 9.284763078739559639e-01 9.099238708372490159e-01 9.418696485531561358e-01
1.800000000000000000e+01 1.150858313905859687e+00 1.038179393007533813e+00 9.565367117884318038e-01 9.667752284493034143e-01 9.528750490378132820e-01 9.348347590074961300e-01 9.334466382602151224e-01 9.129344459540675860e-01 9.588295949620879721e-01 9.158184883279416599e-01 9.294027876047297188e-01 9.124649900335823904e-01 9.496942762067555055e-01 6.501686781379314439e-01 9.266644806957013980e-01 4.619879473824421989e-01 5.055703418645973723e-01 0.000000000000000000e+00 6.150032051441374215e-01 5.055183240741374373e-01 8.826435988461007742e-01 5.792027724481114692e-01 8.803405177221084177e-01 8.739542376396067791e-01 7.700375162951760277e-01 8.095941082010527090e-01 8.442961471032068843e-01 8.625437831985280912e-01 8.750880890859653594e-01 9.027153695835865577e-01 8.830600362649803081e-01 9.153492209928848489e-01
1.900000000000000000e+01 1.214997004556141569e+00 1.102946581111226898e+00 1.022373847430900984e+00 1.032526560862211173e+00 1.018802056686668234e+00 1.001067178035764726e+00 9.997838884163794404e-01 9.794413829079937628e-01 1.024635515414062503e+00 9.824500120171482109e-01 9.958294528575142301e-01 9.793842043411942200e-01 1.014917876486043369e+00 6.162234501528298658e-01 9.917433647224558335e-01 6.553264347931153644e-01 5.649711528227843171e-01 6.150032051441374215e-01 0.000000000000000000e+00 5.361358676760361597e-01 9.485300342565101683e-01 6.421548886285799451e-01 9.455388932764499099e-01 9.387700579768687437e-01 8.136875986415019746e-01 8.450639457584570025e-01 8.783150521708882330e-01 9.195179355051537051e-01 9.330666474472173455e-01 9.611063555491194954e-01 9.375683933585539087e-01 9.611854239357882079e-01
2.000000000000000000e+01 1.172858364748403659e+00 1.060941208279000847e+00 9.814458135910659742e-01 9.911960782237700940e-01 9.777124252688715877e-01 9.599887942915765748e-01 9.583600263115421569e-01 9.387962938891449838e-01 9.825834070377386098e-01 9.413535560612142916e-01 9.535496512117256351e-01 9.372638288887613633e-01 9.717882190675508625e-01 6.428425693137307384e-01 9.479826938572153416e-01 5.795824350611491482e-01 5.105248045715651273e-01 5.055183240741374373e-01 5.361358676760361597e-01 0.000000000000000000e+00 9.037984206693352451e-01 5.590014532642608724e-01 9.005838637655407819e-01 8.935771395738034695e-01 7.694692400745308802e-01 8.050665042002427274e-01 8.395395886515220063e-01 8.745412659666187416e-01 8.881766711837468797e-01 9.166107238183180961e-01 8.933707650958684354e-01 9.193266666505297557e-01
2.100000000000000000e+01 1.031256413382084736e+00 9.218958267543391205e-01 8.859958917386212551e-01 8.811219937164127547e-01 8.780424042832748466e-01 8.651263836788520845e-01 8.527815020239399857e-01 8.634455724929386289e-01 8.460641194322098269e-01 8.524738438558754350e-01 8.147969536779038346e-01 8.139827992717314498e-01 7.751758212046555574e-01 9.549230696077299907e-01 6.928531690152435196e-01 8.722170047017336891e-01 9.055993932162464954e-01 8.826435988461007742e-01 9.485300342565101683e-01 9.037984206693352451e-01 0.000000000000000000e+00 8.820678784523774407e-01 5.497596822868981992e-01 6.229127705204142718e-01 8.701525871915243293e-01 9.034435706153556289e-01 9.282691971408891796e-01 8.163407826354682761e-01 8.064730410959897178e-01 8.077791847251969415e-01 8.452839680199226713e-01 9.285226564513804348e-01
2.200000000000000000e+01 1.158801150233706112e+00 1.048428707014073646e+00 9.749790993386582283e-01 9.829803262371130668e-01 9.707482497474624328e-01 9.535742839712797458e-01 9.507347981091915923e-01 9.345751709125103002e-01 9.715701675119923220e-01 9.355286128335487117e-01 9.426366871625899702e-01 9.278004847369445418e-01 9.555013913974079731e-01 7.232174126591848218e-01 9.289092648443524336e-01 6.194146544698073686e-01 6.290212006892133001e-01 5.792027724481114692e-01 6.421548886285799451e-01 5.590014532642608724e-01 8.820678784523774407e-01 0.000000000000000000e+00 8.768205509358770744e-01 8.682129970086549520e-01 7.140670045254662313e-01 7.548259539211730207e-01 7.920895971342214459e-01 8.374377864282238626e-01 8.530603227097799390e-01 8.838152128349774372e-01 8.556048306641566015e-01 8.776026126187059795e-01
2.300000000000000000e+01 1.042194184278433911e+00 9.358964324178444816e-01 9.016497527784921306e-01 8.973447259831868195e-01 8.940900863569412049e-01 8.814354797820456167e-01 8.700143880447159805e-01 8.788743727238228498e-01 8.644113580676737740e-01 8.689265218652282297e-01 8.354626538766931620e-01 8.340189750725610640e-01 7.979610575561195684e-01 9.548624604367030866e-01 7.244081183237065513e-01 8.708797158941548044e-01 9.040684741565312432e-01 8.803405177221084177e-01 9.455388932764499099e-01 9.005838637655407819e-01 5.497596822868981992e-01 8.768205509358770744e-01 0.000000000000000000e+00 5.160601962525137587e-01 8.581427929853684411e-01 8.910245529630427264e-01 9.154785962227109941e-01 7.946812952085413606e-01 7.826376094685580931e-01 7.830340762109679886e-01 8.255661703023082776e-01 9.130202129418698576e-01
2.400000000000000000e+01 1.051805688281774342e+00 9.467935768452140355e-01 9.112975270993344257e-01 9.077859206183245266e-01 9.040195080963044916e-01 8.911929307667569855e-01 8.804816916627300483e-01 8.875204968040446563e-01 8.767283172512778666e-01 8.783919890553408827e-01 8.484723214738993935e-01 8.459450503215255601e-01 8.155412941464863508e-01 9.503429583110440948e-01 7.505586696841037853e-01 8.651909671657624923e-01 8.983475203222615058e-01 8.739542376396067791e-01 9.387700579768687437e-01 8.935771395738034695e-01 6.229127705204142718e-01 8.682129970086549520e-01 5.160601962525137587e-01 0.000000000000000000e+00 8.446893134480135679e-01 8.777418027611245677e-01 9.021995917091882866e-01 7.739406023563024650e-01 7.605294301665903589e-01 7.626505902838798256e-01 8.076472033828179242e-01 8.987506552933188786e-01
2.500000000000000000e+01 1.160025993204027106e+00 1.055121853587036362e+00 9.992842318077572727e-01 1.002755350904324771e+00 9.940207346382456954e-01 9.788766695141069007e-01 9.733057494726851111e-01 9.658215895882595881e-01 9.845799902261540559e-01 9.631385187171246365e-01 9.574322347747590278e-01 9.472807501817865905e-01 9.541900141434327409e-01 8.687416330190811387e-01 9.205810655698267730e-01 7.792715477094338539e-01 8.001048145525271327e-01 7.700375162951760277e-01 8.136875986415019746e-01 7.694692400745308802e-01 8.701525871915243293e-01 7.140670045254662313e-01 8.581427929853684411e-01 8.446893134480135679e-01 0.000000000000000000e+00 5.858522673521631141e-01 6.599361467409146087e-01 7.556734434399157152e-01 7.813706240652242840e-01 8.208016535378734879e-01 7.649648927664700615e-01 7.633845919015178616e-01
2.600000000000000000e+01 1.189908987856613809e+00 1.086321930878868969e+00 1.033257486379508538e+00 1.036202531249267533e+00 1.027947887337868682e+00 1.013204444543806648e+00 1.007449640690107895e+00 1.000870368607115868e+00 1.017446041187523686e+00 9.979261551120224283e-01 9.910229191288437711e-01 9.816184955412352586e-01 9.855220027780138281e-01 9.043588262098984920e-01 9.517557778873220187e-01 8.201586827925262391e-01 8.368675287399560681e-01 8.095941082010527090e-01 8.450639457584570025e-01 8.050665042002427274e-01 9.034435706153556289e-01 7.548259539211730207e-01 8.910245529630427264e-01 8.777418027611245677e-01 5.858522673521631141e-01 0.000000000000000000e+00 5.312086158237141476e-01 7.817299709574929700e-01 8.063057125167931716e-01 8.423420184066028327e-01 7.799436975480640299e-01 7.329647587553382859e-01
2.700000000000000000e+01 1.213181996760661630e+00 1.110514793100924713e+00 1.059574476804544751e+00 1.062074592115632488e+00 1.054202094379312449e+00 1.039743620033413141e+00 1.033791343876893531e+00 1.028006778196786986e+00 1.042766902960567954e+00 1.024789916792603783e+00 1.016794509960615489e+00 1.007949781086680652e+00 1.009541055633938811e+00 9.372079462882796363e-01 9.754943267794380368e-01 8.545050441394734797e-01 8.706329648029678125e-01 8.442961471032068843e-01 8.783150521708882330e-01 8.395395886515220063e-01 9.282691971408891796e-01 7.920895971342214459e-01 9.154785962227109941e-01 9.021995917091882866e-01 6.599361467409146087e-01 5.312086158237141476e-01 0.000000000000000000e+00 8.030208303575165907e-01 8.264486224827054528e-01 8.600976132757984782e-01 7.953824805967506517e-01 7.165588351563529912e-01
2.800000000000000000e+01 1.121262440154155104e+00 1.021519560142911232e+00 9.829126792951514702e-01 9.820579594230576248e-01 9.767397418460688208e-01 9.637208246305943860e-01 9.556634364833604955e-01 9.564119198854670323e-01 9.574522168468577732e-01 9.504443180020372139e-01 9.324701089833213885e-01 9.272166737034530648e-01 9.122690336411274359e-01 9.490601649815464391e-01 8.705066113171815445e-01 8.608058902720316929e-01 8.897935473801004136e-01 8.625437831985280912e-01 9.195179355051537051e-01 8.745412659666187416e-01 8.163407826354682761e-01 8.374377864282238626e-01 7.946812952085413606e-01 7.739406023563024650e-01 7.556734434399157152e-01 7.817299709574929700e-01 8.030208303575165907e-01 0.000000000000000000e+00 5.295762761092015491e-01 6.632800824298845654e-01 5.854985457484178646e-01 7.761961623994300119e-01
2.900000000000000000e+01 1.113714891305337407e+00 1.014938975573202562e+00 9.796037196576419248e-01 9.779614368178379813e-01 9.732835966330282140e-01 9.606941007198046556e-01 9.522169397904165500e-01 9.544387066697392896e-01 9.522059499480115541e-01 9.479199760689320797e-01 9.277490891021185071e-01 9.234733793249820799e-01 9.041121323703986690e-01 9.597864106232449899e-01 8.606385605176356535e-01 8.722886500225939255e-01 9.017734063747750994e-01 8.750880890859653594e-01 9.330666474472173455e-01 8.881766711837468797e-01 8.064730410959897178e-01 8.530603227097799390e-01 7.826376094685580931e-01 7.605294301665903589e-01 7.813706240652242840e-01 8.063057125167931716e-01 8.264486224827054528e-01 5.295762761092015491e-01 0.000000000000000000e+00 6.052322694504115308e-01 6.225310164956621151e-01 7.969325031325946718e-01
3.000000000000000000e+01 1.108915580672150458e+00 1.012912107684302399e+00 9.845177672921159306e-01 9.814374055733119384e-01 9.780095929452778947e-01 9.663750585605241916e-01 9.572905360860177737e-01 9.620435569206473581e-01 9.538827463536936335e-01 9.546951992429986156e-01 9.310220541312652642e-01 9.286627404707061828e-01 9.010478366888206025e-01 9.848675877713044535e-01 8.561328675136776756e-01 8.989592325116855243e-01 9.284763078739559639e-01 9.027153695835865577e-01 9.611063555491194954e-01 9.166107238183180961e-01 8.077791847251969415e-01 8.838152128349774372e-01 7.830340762109679886e-01 7.626505902838798256e-01 8.208016535378734879e-01 8.423420184066028327e-01 8.600976132757984782e-01 6.632800824298845654e-01 6.052322694504115308e-01 0.000000000000000000e+00 6.827332982494702662e-01 8.234375401306630593e-01
3.100000000000000000e+01 1.139667241205216897e+00 1.041611509257736490e+00 1.005411908778427676e+00 1.004260814181248129e+00 9.992813063205550073e-01 9.866317126241557212e-01 9.786061645482977411e-01 9.797272146628737133e-01 9.795980447678114267e-01 9.737600151323899667e-01 9.555623181324195414e-01 9.508247217840599674e-01 9.341632993956285880e-01 9.694972223295925673e-01 8.938559752056387531e-01 8.824498348283351667e-01 9.099238708372490159e-01 8.830600362649803081e-01 9.375683933585539087e-01 8.933707650958684354e-01 8.452839680199226713e-01 8.556048306641566015e-01 8.255661703023082776e-01 8.076472033828179242e-01 7.649648927664700615e-01 7.799436975480640299e-01 7.953824805967506517e-01 5.854985457484178646e-01 6.225310164956621151e-01 6.827332982494702662e-01 0.000000000000000000e+00 7.426856741142415785e-01
3.200000000000000000e+01 1.211028754108404826e+00 1.112648690269017582e+00 1.072731837682650458e+00 1.072733945385547560e+00 1.066916649290281960e+00 1.053856573061557000e+00 1.046632988030419043e+00 1.045433330503224401e+00 1.050072342239578127e+00 1.040491883190838518e+00 1.026000322178939772e+00 1.020061216836115392e+00 1.009302288869648567e+00 1.004191546917370559e+00 9.727626808417544346e-01 9.192737852054930769e-01 9.418696485531561358e-01 9.153492209928848489e-01 9.611854239357882079e-01 9.193266666505297557e-01 9.285226564513804348e-01 8.776026126187059795e-01 9.130202129418698576e-01 8.987506552933188786e-01 7.633845919015178616e-01 7.329647587553382859e-01 7.165588351563529912e-01 7.761961623994300119e-01 7.969325031325946718e-01 8.234375401306630593e-01 7.426856741142415785e-01 0.000000000000000000e+00
