0.000000000000000000e+00 1.000000000000000000e+00 2.000000000000000000e+00 3.000000000000000000e+00 4.000000000000000000e+00 5.000000000000000000e+00 6.000000000000000000e+00 7.000000000000000000e+00 8.000000000000000000e+00 9.000000000000000000e+00 1.000000000000000000e+01 1.100000000000000000e+01 1.200000000000000000e+01 1.300000000000000000e+01 1.400000000000000000e+01 1.500000000000000000e+01 1.600000000000000000e+01 1.700000000000000000e+01 1.800000000000000000e+01 1.900000000000000000e+01 2.000000000000000000e+01 2.100000000000000000e+01 2.200000000000000000e+01 2.300000000000000000e+01 2.400000000000000000e+01 2.500000000000000000e+01 2.600000000000000000e+01 2.700000000000000000e+01 2.800000000000000000e+01 2.900000000000000000e+01 3.000000000000000000e+01 3.100000000000000000e+01 3.200000000000000000e+01
1.000000000000000000e+00 0.000000000000000000e+00 8.036579815250622927e-01 9.195368517002445730e-01 9.003214393294012297e-01 9.154372019217529299e-01 9.238819854412685384e-01 9.159544897414778619e-01 9.432290827380593878e-01 8.808184994945770230e-01 9.327209904091321446e-01 9.019002633246215872e-01 9.173711490685091396e-01 8.850564122741754192e-01 1.077561196489065454e+00 9.200203283887509187e-01 1.049519920350883151e+00 1.061758231562775601e+00 1.056582026927013640e+00 1.037072361335714232e+00 1.064207010645439100e+00 9.548276551372115728e-01 1.062654624841254947e+00 9.649964757993744202e-01 9.742175401086489162e-01 1.069845401094292381e+00 1.084230816461391411e+00 1.088054331981171741e+00 1.037337125432882035e+00 1.030109742504626391e+00 1.024198435525054629e+00 1.051962219106108876e+00 1.090266108829796021e+00
2.000000000000000000e+00 8.036579815250622927e-01 0.000000000000000000e+00 8.296516885812240671e-01 8.005887597644689713e-01 8.241056893374598680e-01 8.372191444156047435e-01 8.274313875913094085e-01 8.632834741976094239e-01 7.780566679061645674e-01 8.505118226595586028e-01 8.158098976533598723e-01 8.355183860517002570e-01 8.227915753389843934e-01 1.022056180987213514e+00 8.688383478726604547e-01 9.941465141628325064e-01 1.007135933389858407e+00 1.002161769776152678e+00 9.846442977197253921e-01 1.010931275145724451e+00 9.042133413482423832e-01 1.010276662628955435e+00 9.170969300701313776e-01 9.273383498042452322e-01 1.021525592284701744e+00 1.036625016814400224e+00 1.040810815193901950e+00 9.943545625333494176e-01 9.881979086897467734e-01 9.850991668150566039e-01 1.010357022931438031e+00 1.047380801325326072e+00
3.000000000000000000e+00 9.195368517002445730e-01 8.296516885812240671e-01 0.000000000000000000e+00 5.994623883832415068e-01 4.613825375597448986e-01 5.760624223205166317e-01 6.280109363243954190e-01 6.627427433440653548e-01 7.317294976898772729e-01 6.517494116942567084e-01 7.388215864013774059e-01 7.245043062313057947e-01 8.388205079670584263e-01 9.510866228959302671e-01 8.678057081467414058e-01 9.256065288345864950e-01 9.400388904923080435e-01 9.364792141205784404e-01 9.243703002247507516e-01 9.484969448434366068e-01 8.802917770786279350e-01 9.514476478236737478e-01 8.948450226875442892e-01 9.037698547671716431e-01 9.757283097608921985e-01 9.918903684475968152e-01 9.966297529178358428e-01 9.662906606529049203e-01 9.636779374583979152e-01 9.678644932967317427e-01 9.841743564471867600e-01 1.014903578746360058e+00
4.000000000000000000e+00 9.003214393294012297e-01 8.005887597644689713e-01 5.994623883832415068e-01 0.000000000000000000e+00 5.682638689412673472e-01 6.410580900751925437e-01 6.347953019839888134e-01 7.152468470985671178e-01 6.835052043105681596e-01 6.926946945643900344e-01 7.167581867466266132e-01 7.186384529699502144e-01 8.213178025039081787e-01 9.619012751901594438e-01 8.569169522753261603e-01 9.352991850630900661e-01 9.496038045250034809e-01 9.455064351334647732e-01 9.322475599001920354e-01 9.568002076057806615e-01 8.755042147565451627e-01 9.586873144245866563e-01 8.906407989164230043e-01 9.003700812078759830e-01 9.797036020637412967e-01 9.957931281091385589e-01 1.000485271593933634e+00 9.658925326812932699e-01 9.624456343292162597e-01 9.651577685853058863e-01 9.836286571381709365e-01 1.016137315935973451e+00
5.000000000000000000e+00 9.154372019217529299e-01 8.241056893374598680e-01 4.613825375597448986e-01 5.682638689412673472e-01 0.000000000000000000e+00 5.466971507451539036e-01 5.901096776339661565e-01 6.626110821396871131e-01 7.132150764697898770e-01 6.389754895977778348e-01 7.206705350129785081e-01 7.066635970209781403e-01 8.290141665516178593e-01 9.481683303231249749e-01 8.592376179860714558e-01 9.221246715482365186e-01 9.366666279516009386e-01 9.328819500860139335e-01 9.206284162459468234e-01 9.447883619278305556e-01 8.726909860803798713e-01 9.474160417012438273e-01 8.876514044149200755e-01 8.968646540861003880e-01 9.709635792096960039e-01 9.871908629458461260e-01 9.919571574747390041e-01 9.605944100434193889e-01 9.578248787404650688e-01 9.618215387768014324e-01 9.785595592419409350e-01 1.009753030348122582e+00
6.000000000000000000e+00 9.238819854412685384e-01 8.372191444156047435e-01 5.760624223205166317e-01 6.410580900751925437e-01 5.466971507451539036e-01 0.000000000000000000e+00 5.318351820265075913e-01 6.004845378404650713e-01 7.200577445481298744e-01 5.467122885688736611e-01 7.072567023403291131e-01 6.771270389366376152e-01 8.241677479500290060e-01 9.311790636956194245e-01 8.506885217003792299e-01 9.048824131432213758e-01 9.198193707510351480e-01 9.160272488205594144e-01 9.045698885971149572e-01 9.283868777774670900e-01 8.603401400364693030e-01 9.312981723792281841e-01 8.755771247359031006e-01 8.846234393073205693e-01 9.563282989521142419e-01 9.727723213165158089e-01 9.776441876930246355e-01 9.480673915851050015e-01 9.457480811410245991e-01 9.507260780931983124e-01 9.663465038197633916e-01 9.968690289013264483e-01
7.000000000000000000e+00 9.159544897414778619e-01 8.274313875913094085e-01 6.280109363243954190e-01 6.347953019839888134e-01 5.901096776339661565e-01 5.318351820265075913e-01 0.000000000000000000e+00 6.462283664806192096e-01 6.863187125778490438e-01 5.809903307929181748e-01 6.658350143805011889e-01 6.336467913985072142e-01 8.062964245718639011e-01 9.309781629382458679e-01 8.360080561107756658e-01 9.035751586842759586e-01 9.186337854445338902e-01 9.143672342418116550e-01 9.023929086860824622e-01 9.263697624890065985e-01 8.485202789436737669e-01 9.285158171061174137e-01 8.647102319997975739e-01 8.744812189129090862e-01 9.516045405383062317e-01 9.681494812696571639e-01 9.730602115822588605e-01 9.408287788412084129e-01 9.380668418644020345e-01 9.424337288602224749e-01 9.592395084571552211e-01 9.909421208638353740e-01
8.000000000000000000e+00 9.432290827380593878e-01 8.632834741976094239e-01 6.627427433440653548e-01 7.152468470985671178e-01 6.626110821396871131e-01 6.004845378404650713e-01 6.462283664806192096e-01 0.000000000000000000e+00 7.621518996786081912e-01 5.333347421960420442e-01 7.380461357969512193e-01 6.991232095926079859e-01 8.382113221485746335e-01 9.090418252605529936e-01 8.568335911597053656e-01 8.837302819999024450e-01 8.990402405533355346e-01 8.958135516061751513e-01 8.860179382988178087e-01 9.091967856542346738e-01 8.585566291420171359e-01 9.134111080850504383e-01 8.728942950607575524e-01 8.808164027422716869e-01 9.427105320729638471e-01 9.592928139415624056e-01 9.642447882760258882e-01 9.401973968213028776e-01 9.389839036399127981e-01 9.459192634538526878e-01 9.586870249026886448e-01 9.869011403757865786e-01
9.000000000000000000e+00 8.808184994945770230e-01 7.780566679061645674e-01 7.317294976898772729e-01 6.835052043105681596e-01 7.132150764697898770e-01 7.200577445481298744e-01 6.863187125778490438e-01 7.621518996786081912e-01 0.000000000000000000e+00 7.350746611767601246e-01 6.288156791864771833e-01 6.860542903258081138e-01 7.600352091846155345e-01 9.562076250402886668e-01 8.120325249907680565e-01 9.274458732966168739e-01 9.417992349500863281e-01 9.367318462435307858e-01 9.220033491267376480e-01 9.470595873731217917e-01 8.418926712731712447e-01 9.472285455118356623e-01 8.591865074682937253e-01 8.707931150362181461e-01 9.634584391114899837e-01 9.796556847130168943e-01 9.843814790608298448e-01 9.432393492863477835e-01 9.386001524841132149e-01 9.395156246585083526e-01 9.611509902420856122e-01 9.965497914578818062e-01
1.000000000000000000e+01 9.327209904091321446e-01 8.505118226595586028e-01 6.517494116942567084e-01 6.926946945643900344e-01 6.389754895977778348e-01 5.467122885688736611e-01 5.809903307929181748e-01 5.333347421960420442e-01 7.350746611767601246e-01 0.000000000000000000e+00 7.046818854832670453e-01 6.565924778393296135e-01 8.215278006444183267e-01 9.133222778071601322e-01 8.432292099821117048e-01 8.865874927456380838e-01 9.020368571267660673e-01 8.981910115219653434e-01 8.876821045045095726e-01 9.110865080064154409e-01 8.481198424145864889e-01 9.142891466751361662e-01 8.635187154384537100e-01 8.722814872891436755e-01 9.409999840695491002e-01 9.576987460993995338e-01 9.626933117274638629e-01 9.351586756717467086e-01 9.333613514041279036e-01 9.394569979706155483e-01 9.537803846110235462e-01 9.835262808004059387e-01
1.100000000000000000e+01 9.019002633246215872e-01 8.158098976533598723e-01 7.388215864013774059e-01 7.167581867466266132e-01 7.206705350129785081e-01 7.072567023403291131e-01 6.658350143805011889e-01 7.380461357969512193e-01 6.288156791864771833e-01 7.046818854832670453e-01 0.000000000000000000e+00 5.758292024440009316e-01 7.454930032522882888e-01 9.295205448200520859e-01 7.881365628628151931e-01 8.995691328892434502e-01 9.147226012944202900e-01 9.092950054248578606e-01 8.956835354440957353e-01 9.202047585212131953e-01 8.119314493285479939e-01 9.203131354846489920e-01 8.316455459724455546e-01 8.439967020066184711e-01 9.379046700799880121e-01 9.546946067341697262e-01 9.597021093433488748e-01 9.198353634853932981e-01 9.157528886506045573e-01 9.183440454479312454e-01 9.386827343723755934e-01 9.738221586283111186e-01
1.200000000000000000e+01 9.173711490685091396e-01 8.355183860517002570e-01 7.245043062313057947e-01 7.186384529699502144e-01 7.066635970209781403e-01 6.771270389366376152e-01 6.336467913985072142e-01 6.991232095926079859e-01 6.860542903258081138e-01 6.565924778393296135e-01 5.758292024440009316e-01 0.000000000000000000e+00 7.711403027704671898e-01 9.133405421670450774e-01 7.990198890101409823e-01 8.834026650792523583e-01 8.991872125982538488e-01 8.939323035005144469e-01 8.818892351082958658e-01 9.057608973518160855e-01 8.110982762583914818e-01 9.066611165344515832e-01 8.301920808794113205e-01 8.414716970492005510e-01 9.276103718526496067e-01 9.447054209607406161e-01 9.498625936383120472e-01 9.143503121395262223e-01 9.112752300966093788e-01 9.157983138993313066e-01 9.335702409105377519e-01 9.669258483910243562e-01
1.300000000000000000e+01 8.850564122741754192e-01 8.227915753389843934e-01 8.388205079670584263e-01 8.213178025039081787e-01 8.290141665516178593e-01 8.241677479500290060e-01 8.062964245718639011e-01 8.382113221485746335e-01 7.600352091846155345e-01 8.215278006444183267e-01 7.454930032522882888e-01 7.711403027704671898e-01 0.000000000000000000e+00 9.487076141887877956e-01 6.821380844827062973e-01 9.173469966347691518e-01 9.310032845232123488e-01 9.245592934510939997e-01 9.062214867557412123e-01 9.326369241125747056e-01 7.730242296552863879e-01 9.297651919135141441e-01 7.950411793203678856e-01 8.120015755477870689e-01 9.361188044905173200e-01 9.522464186211949677e-01 9.569280827635064934e-01 9.017010895595538589e-01 8.941578606162694509e-01 8.905715097514745882e-01 9.199470483705254331e-01 9.617243894155649286e-01
1.400000000000000000e+01 1.077561196489065454e+00 1.022056180987213514e+00 9.510866228959302671e-01 9.619012751901594438e-01 9.481683303231249749e-01 9.311790636956194245e-01 9.309781629382458679e-01 9.090418252605529936e-01 9.562076250402886668e-01 9.133222778071601322e-01 9.295205448200520859e-01 9.133405421670450774e-01 9.487076141887877956e-01 0.000000000000000000e+00 9.289712062216961552e-01 6.364921779746341990e-01 5.637651339405322926e-01 6.255441929167697701e-01 5.590644377282176780e-01 6.127927544025697504e-01 8.899608492317961916e-01 6.681118394085840961e-01 8.872955373249705735e-01 8.811062224898152939e-01 7.658409113057391693e-01 7.676340962457637307e-01 7.665046157451673725e-01 8.567742028442866253e-01 8.696088839454729769e-01 8.944541190466941405e-01 8.672772670480819457e-01 8.447432749196945867e-01
1.500000000000000000e+01 9.200203283887509187e-01 8.688383478726604547e-01 8.678057081467414058e-01 8.569169522753261603e-01 8.592376179860714558e-01 8.506885217003792299e-01 8.360080561107756658e-01 8.568335911597053656e-01 8.120325249907680565e-01 8.432292099821117048e-01 7.881365628628151931e-01 7.990198890101409823e-01 6.821380844827062973e-01 9.289712062216961552e-01 0.000000000000000000e+00 8.959077775681418832e-01 9.094588007598558566e-01 9.021502837183599244e-01 8.823765401429384259e-01 9.092638813324871450e-01 6.924024685520978606e-01 9.046810835918739357e-01 7.236011637514904171e-01 7.493856937077875147e-01 9.061110711651481076e-01 9.228329070746281726e-01 9.278190196404951795e-01 8.637323824335714217e-01 8.544769904869662369e-01 8.496553831060811302e-01 8.838317891081057809e-01 9.302943234262195382e-01
1.600000000000000000e+01 1.049519920350883151e+00 9.941465141628325064e-01 9.256065288345864950e-01 9.352991850630900661e-01 9.221246715482365186e-01 9.048824131432213758e-01 9.035751586842759586e-01 8.837302819999024450e-01 9.274458732966168739e-01 8.865874927456380838e-01 8.995691328892434502e-01 8.834026650792523583e-01 9.173469966347691518e-01 6.364921779746341990e-01 8.959077775681418832e-01 0.000000000000000000e+00 5.444084058753788646e-01 4.615048122042582079e-01 6.031268448164066598e-01 5.742776622114187379e-01 8.536228319298894140e-01 6.107562538680268993e-01 8.508824934650854876e-01 8.443524777077143773e-01 7.410923476749806671e-01 7.550871368276739215e-01 7.593121995795442114e-01 8.255637536801778698e-01 8.380870778827358425e-01 8.638003784607104496e-01 8.395599219145610803e-01 8.283916367405512737e-01
1.700000000000000000e+01 1.061758231562775601e+00 1.007135933389858407e+00 9.400388904923080435e-01 9.496038045250034809e-01 9.366666279516009386e-01 9.198193707510351480e-01 9.186337854445338902e-01 8.990402405533355346e-01 9.417992349500863281e-01 9.020368571267660673e-01 9.147226012944202900e-01 8.991872125982538488e-01 9.310032845232123488e-01 5.637651339405322926e-01 9.094588007598558566e-01 5.444084058753788646e-01 0.000000000000000000e+00 5.021595050946463523e-01 5.311118801798266897e-01 5.059616680629284158e-01 8.682319046950962571e-01 6.082681465319592640e-01 8.646935206831790621e-01 8.577355189110077438e-01 7.350160757650754384e-01 7.401455346837584326e-01 7.405865254969674627e-01 8.301535666225803300e-01 8.436703447777278431e-01 8.696413567705996162e-01 8.411349570482040683e-01 8.191551850926446221e-01
1.800000000000000000e+01 1.056582026927013640e+00 1.002161769776152678e+00 9.364792141205784404e-01 9.455064351334647732e-01 9.328819500860139335e-01 9.160272488205594144e-01 9.143672342418116550e-01 8.958135516061751513e-01 9.367318462435307858e-01 8.981910115219653434e-01 9.092950054248578606e-01 8.939323035005144469e-01 9.245592934510939997e-01 6.255441929167697701e-01 9.021502837183599244e-01 4.615048122042582079e-01 5.021595050946463523e-01 0.000000000000000000e+00 5.688363024675802126e-01 5.028602247553672910e-01 8.594630964802371098e-01 5.713774026557287833e-01 8.556699076106163426e-01 8.484026780375458765e-01 7.271166455212842994e-01 7.381757138591324985e-01 7.412728204902070406e-01 8.217133375215104341e-01 8.353315399308336442e-01 8.619179745307483653e-01 8.340833502977473835e-01 8.165081495289925329e-01
1.900000000000000000e+01 1.037072361335714232e+00 9.846442977197253921e-01 9.243703002247507516e-01 9.322475599001920354e-01 9.206284162459468234e-01 9.045698885971149572e-01 9.023929086860824622e-01 8.860179382988178087e-01 9.220033491267376480e-01 8.876821045045095726e-01 8.956835354440957353e-01 8.818892351082958658e-01 9.062214867557412123e-01 5.590644377282176780e-01 8.823765401429384259e-01 6.031268448164066598e-01 5.311118801798266897e-01 5.688363024675802126e-01 0.000000000000000000e+00 5.026298061896519176e-01 8.401350896911575772e-01 5.672519964900590850e-01 8.344032571002929499e-01 8.259360429987524510e-01 6.679927674924721615e-01 6.605970463478894050e-01 6.555529171532603616e-01 7.816428990800943222e-01 7.973255807938350870e-01 8.248082623401988833e-01 7.883597671955842046e-01 7.495268889710207105e-01
2.000000000000000000e+01 1.064207010645439100e+00 1.010931275145724451e+00 9.484969448434366068e-01 9.568002076057806615e-01 9.447883619278305556e-01 9.283868777774670900e-01 9.263697624890065985e-01 9.091967856542346738e-01 9.470595873731217917e-01 9.110865080064154409e-01 9.202047585212131953e-01 9.057608973518160855e-01 9.326369241125747056e-01 6.127927544025697504e-01 9.092638813324871450e-01 5.742776622114187379e-01 5.059616680629284158e-01 5.028602247553672910e-01 5.026298061896519176e-01 0.000000000000000000e+00 8.665367399415701000e-01 5.476532977699180016e-01 8.615763581813652427e-01 8.535463263779398124e-01 7.103744497171651240e-01 7.139802621268229732e-01 7.139790719543273045e-01 8.169623339218869962e-01 8.318310014983529843e-01 8.591547101912446749e-01 8.265999917595197033e-01 7.986661927607752176e-01
2.100000000000000000e+01 9.548276551372115728e-01 9.042133413482423832e-01 8.802917770786279350e-01 8.755042147565451627e-01 8.726909860803798713e-01 8.603401400364693030e-01 8.485202789436737669e-01 8.585566291420171359e-01 8.418926712731712447e-01 8.481198424145864889e-01 8.119314493285479939e-01 8.110982762583914818e-01 7.730242296552863879e-01 8.899608492317961916e-01 6.924024685520978606e-01 8.536228319298894140e-01 8.682319046950962571e-01 8.594630964802371098e-01 8.401350896911575772e-01 8.665367399415701000e-01 0.000000000000000000e+00 8.599073121530098618e-01 5.496731059271765529e-01 6.226745715476732501e-01 8.583271792263711397e-01 8.775110182798033787e-01 8.836976469007520318e-01 8.116340865922619940e-01 8.023083558196453247e-01 8.033099483992209855e-01 8.375164442433771228e-01 8.888854324225063941e-01
2.200000000000000000e+01 1.062654624841254947e+00 1.010276662628955435e+00 9.514476478236737478e-01 9.586873144245866563e-01 9.474160417012438273e-01 9.312981723792281841e-01 9.285158171061174137e-01 9.134111080850504383e-01 9.472285455118356623e-01 9.142891466751361662e-01 9.203131354846489920e-01 9.066611165344515832e-01 9.297651919135141441e-01 6.681118394085840961e-01 9.046810835918739357e-01 6.107562538680268993e-01 6.082681465319592640e-01 5.713774026557287833e-01 5.672519964900590850e-01 5.476532977699180016e-01 8.599073121530098618e-01 0.000000000000000000e+00 8.538044931355522893e-01 8.447952392388201615e-01 6.849362192353263268e-01 6.990346208035962405e-01 7.042998253407044551e-01 8.029322862268772898e-01 8.189444795423772572e-01 8.479766998677196188e-01 8.135230733559095651e-01 7.882724331093386994e-01
2.300000000000000000e+01 9.649964757993744202e-01 9.170969300701313776e-01 8.948450226875442892e-01 8.906407989164230043e-01 8.876514044149200755e-01 8.755771247359031006e-01 8.647102319997975739e-01 8.728942950607575524e-01 8.591865074682937253e-01 8.635187154384537100e-01 8.316455459724455546e-01 8.301920808794113205e-01 7.950411793203678856e-01 8.872955373249705735e-01 7.236011637514904171e-01 8.508824934650854876e-01 8.646935206831790621e-01 8.556699076106163426e-01 8.344032571002929499e-01 8.615763581813652427e-01 5.496731059271765529e-01 8.538044931355522893e-01 0.000000000000000000e+00 5.160201682748503105e-01 8.472657903275335745e-01 8.666794894896052703e-01 8.730286312215820299e-01 7.910248212620325514e-01 7.794921614743881566e-01 7.796501920859097989e-01 8.191311756329215932e-01 8.755766931284898469e-01
2.400000000000000000e+01 9.742175401086489162e-01 9.273383498042452322e-01 9.037698547671716431e-01 9.003700812078759830e-01 8.968646540861003880e-01 8.846234393073205693e-01 8.744812189129090862e-01 8.808164027422716869e-01 8.707931150362181461e-01 8.722814872891436755e-01 8.439967020066184711e-01 8.414716970492005510e-01 8.120015755477870689e-01 8.811062224898152939e-01 7.493856937077875147e-01 8.443524777077143773e-01 8.577355189110077438e-01 8.484026780375458765e-01 8.259360429987524510e-01 8.535463263779398124e-01 6.226745715476732501e-01 8.447952392388201615e-01 5.160201682748503105e-01 0.000000000000000000e+00 8.345512206750389517e-01 8.545694224609408085e-01 8.612564549161756400e-01 7.709352021810633726e-01 7.579946572941567151e-01 7.598865459034640502e-01 8.020439997394581688e-01 8.627704412715049287e-01
2.500000000000000000e+01 1.069845401094292381e+00 1.021525592284701744e+00 9.757283097608921985e-01 9.797036020637412967e-01 9.709635792096960039e-01 9.563282989521142419e-01 9.516045405383062317e-01 9.427105320729638471e-01 9.634584391114899837e-01 9.409999840695491002e-01 9.379046700799880121e-01 9.276103718526496067e-01 9.361188044905173200e-01 7.658409113057391693e-01 9.061110711651481076e-01 7.410923476749806671e-01 7.350160757650754384e-01 7.271166455212842994e-01 6.679927674924721615e-01 7.103744497171651240e-01 8.583271792263711397e-01 6.849362192353263268e-01 8.472657903275335745e-01 8.345512206750389517e-01 0.000000000000000000e+00 5.805982369046276403e-01 6.396778452587363883e-01 7.487422411732798100e-01 7.734419195719435258e-01 8.107930565950165480e-01 7.558944591795251355e-01 7.304586483168042932e-01
2.600000000000000000e+01 1.084230816461391411e+00 1.036625016814400224e+00 9.918903684475968152e-01 9.957931281091385589e-01 9.871908629458461260e-01 9.727723213165158089e-01 9.681494812696571639e-01 9.592928139415624056e-01 9.796556847130168943e-01 9.576987460993995338e-01 9.546946067341697262e-01 9.447054209607406161e-01 9.522464186211949677e-01 7.676340962457637307e-01 9.228329070746281726e-01 7.550871368276739215e-01 7.401455346837584326e-01 7.381757138591324985e-01 6.605970463478894050e-01 7.139802621268229732e-01 8.775110182798033787e-01 6.990346208035962405e-01 8.666794894896052703e-01 8.545694224609408085e-01 5.805982369046276403e-01 0.000000000000000000e+00 5.253088783157677799e-01 7.671503354006192765e-01 7.900141338987523021e-01 8.235028974133609125e-01 7.649835880242705777e-01 7.028056900349426428e-01
2.700000000000000000e+01 1.088054331981171741e+00 1.040810815193901950e+00 9.966297529178358428e-01 1.000485271593933634e+00 9.919571574747390041e-01 9.776441876930246355e-01 9.730602115822588605e-01 9.642447882760258882e-01 9.843814790608298448e-01 9.626933117274638629e-01 9.597021093433488748e-01 9.498625936383120472e-01 9.569280827635064934e-01 7.665046157451673725e-01 9.278190196404951795e-01 7.593121995795442114e-01 7.405865254969674627e-01 7.412728204902070406e-01 6.555529171532603616e-01 7.139790719543273045e-01 8.836976469007520318e-01 7.042998253407044551e-01 8.730286312215820299e-01 8.612564549161756400e-01 6.396778452587363883e-01 5.253088783157677799e-01 0.000000000000000000e+00 7.753111603442348621e-01 7.965426924718814750e-01 8.274905295775092373e-01 7.692162525413954732e-01 6.843531146357160200e-01
2.800000000000000000e+01 1.037337125432882035e+00 9.943545625333494176e-01 9.662906606529049203e-01 9.658925326812932699e-01 9.605944100434193889e-01 9.480673915851050015e-01 9.408287788412084129e-01 9.401973968213028776e-01 9.432393492863477835e-01 9.351586756717467086e-01 9.198353634853932981e-01 9.143503121395262223e-01 9.017010895595538589e-01 8.567742028442866253e-01 8.637323824335714217e-01 8.255637536801778698e-01 8.301535666225803300e-01 8.217133375215104341e-01 7.816428990800943222e-01 8.169623339218869962e-01 8.116340865922619940e-01 8.029322862268772898e-01 7.910248212620325514e-01 7.709352021810633726e-01 7.487422411732798100e-01 7.671503354006192765e-01 7.753111603442348621e-01 0.000000000000000000e+00 5.294957940125546436e-01 6.627647984010676119e-01 5.850011840974942423e-01 7.541989813346205995e-01
2.900000000000000000e+01 1.030109742504626391e+00 9.881979086897467734e-01 9.636779374583979152e-01 9.624456343292162597e-01 9.578248787404650688e-01 9.457480811410245991e-01 9.380668418644020345e-01 9.389839036399127981e-01 9.386001524841132149e-01 9.333613514041279036e-01 9.157528886506045573e-01 9.112752300966093788e-01 8.941578606162694509e-01 8.696088839454729769e-01 8.544769904869662369e-01 8.380870778827358425e-01 8.436703447777278431e-01 8.353315399308336442e-01 7.973255807938350870e-01 8.318310014983529843e-01 8.023083558196453247e-01 8.189444795423772572e-01 7.794921614743881566e-01 7.579946572941567151e-01 7.734419195719435258e-01 7.900141338987523021e-01 7.965426924718814750e-01 5.294957940125546436e-01 0.000000000000000000e+00 6.050254691379388650e-01 6.218493633086086270e-01 7.733359991478134798e-01
3.000000000000000000e+01 1.024198435525054629e+00 9.850991668150566039e-01 9.678644932967317427e-01 9.651577685853058863e-01 9.618215387768014324e-01 9.507260780931983124e-01 9.424337288602224749e-01 9.459192634538526878e-01 9.395156246585083526e-01 9.394569979706155483e-01 9.183440454479312454e-01 9.157983138993313066e-01 8.905715097514745882e-01 8.944541190466941405e-01 8.496553831060811302e-01 8.638003784607104496e-01 8.696413567705996162e-01 8.619179745307483653e-01 8.248082623401988833e-01 8.591547101912446749e-01 8.033099483992209855e-01 8.479766998677196188e-01 7.796501920859097989e-01 7.598865459034640502e-01 8.107930565950165480e-01 8.235028974133609125e-01 8.274905295775092373e-01 6.627647984010676119e-01 6.050254691379388650e-01 0.000000000000000000e+00 6.817014286200686612e-01 7.981563897254635442e-01
3.100000000000000000e+01 1.051962219106108876e+00 1.010357022931438031e+00 9.841743564471867600e-01 9.836286571381709365e-01 9.785595592419409350e-01 9.663465038197633916e-01 9.592395084571552211e-01 9.586870249026886448e-01 9.611509902420856122e-01 9.537803846110235462e-01 9.386827343723755934e-01 9.335702409105377519e-01 9.199470483705254331e-01 8.672772670480819457e-01 8.838317891081057809e-01 8.395599219145610803e-01 8.411349570482040683e-01 8.340833502977473835e-01 7.883597671955842046e-01 8.265999917595197033e-01 8.375164442433771228e-01 8.135230733559095651e-01 8.191311756329215932e-01 8.020439997394581688e-01 7.558944591795251355e-01 7.649835880242705777e-01 7.692162525413954732e-01 5.850011840974942423e-01 6.218493633086086270e-01 6.817014286200686612e-01 0.000000000000000000e+00 7.247857470918197542e-01
3.200000000000000000e+01 1.090266108829796021e+00 1.047380801325326072e+00 1.014903578746360058e+00 1.016137315935973451e+00 1.009753030348122582e+00 9.968690289013264483e-01 9.909421208638353740e-01 9.869011403757865786e-01 9.965497914578818062e-01 9.835262808004059387e-01 9.738221586283111186e-01 9.669258483910243562e-01 9.617243894155649286e-01 8.447432749196945867e-01 9.302943234262195382e-01 8.283916367405512737e-01 8.191551850926446221e-01 8.165081495289925329e-01 7.495268889710207105e-01 7.986661927607752176e-01 8.888854324225063941e-01 7.882724331093386994e-01 8.755766931284898469e-01 8.627704412715049287e-01 7.304586483168042932e-01 7.028056900349426428e-01 6.843531146357160200e-01 7.541989813346205995e-01 7.733359991478134798e-01 7.981563897254635442e-01 7.247857470918197542e-01 0.000000000000000000e+00
