0.000000000000000000e+00 1.000000000000000000e+00 2.000000000000000000e+00 3.000000000000000000e+00 4.000000000000000000e+00 5.000000000000000000e+00 6.000000000000000000e+00 7.000000000000000000e+00 8.000000000000000000e+00 9.000000000000000000e+00 1.000000000000000000e+01 1.100000000000000000e+01 1.200000000000000000e+01 1.300000000000000000e+01 1.400000000000000000e+01 1.500000000000000000e+01 1.600000000000000000e+01 1.700000000000000000e+01 1.800000000000000000e+01 1.900000000000000000e+01 2.000000000000000000e+01 2.100000000000000000e+01 2.200000000000000000e+01 2.300000000000000000e+01 2.400000000000000000e+01 2.500000000000000000e+01 2.600000000000000000e+01 2.700000000000000000e+01 2.800000000000000000e+01 2.900000000000000000e+01 3.000000000000000000e+01 3.100000000000000000e+01 3.200000000000000000e+01
1.000000000000000000e+00 0.000000000000000000e+00 8.679925675249869910e-01 9.769867604432966868e-01 9.594738882809693559e-01 9.741281014737075417e-01 9.838008441306280716e-01 9.778300688985530620e-01 1.002593651094209726e+00 9.486732391837263689e-01 9.936376587214804657e-01 9.700170467314718215e-01 9.832689115878983088e-01 9.646275386502979332e-01 1.123193738231635264e+00 9.956001893985525486e-01 1.104425747206313035e+00 1.116947491903573342e+00 1.110670909578110210e+00 1.128989523964074149e+00 1.119944974363440426e+00 1.027026538384335996e+00 1.116860938220596733e+00 1.037327341333999842e+00 1.046230385744993052e+00 1.127973008595686277e+00 1.145351162649860255e+00 1.156272503214044844e+00 1.106850513212662257e+00 1.101158961817216619e+00 1.097788901894917180e+00 1.121695145061357923e+00 1.165376807924149771e+00
2.000000000000000000e+00 8.679925675249869910e-01 0.000000000000000000e+00 8.347912413617120109e-01 8.057527683635964388e-01 8.295986222557965029e-01 8.433902946086151431e-01 8.341973578425621039e-01 8.694786389082200806e-01 7.858278092693075090e-01 8.572751635701313377e-01 8.250365767688082608e-01 8.442147565148716559e-01 8.396598756170984279e-01 1.011037650888515715e+00 8.845416288530579818e-01 9.929796611350008018e-01 1.005761797032611371e+00 9.999569306181019801e-01 1.018954110347610964e+00 1.009994322005745016e+00 9.181660181419997180e-01 1.008282434641923686e+00 9.314313819685640095e-01 9.415958384788900570e-01 1.024237485734742492e+00 1.042924130885181766e+00 1.054701913905217614e+00 1.007344458731143533e+00 1.002484368281034266e+00 1.001580109879228742e+00 1.023732747011744770e+00 1.067239631308950498e+00
3.000000000000000000e+00 9.769867604432966868e-01 8.347912413617120109e-01 0.000000000000000000e+00 5.994160981787634013e-01 4.613719727913738744e-01 5.760263535784932998e-01 6.279303424164019987e-01 6.625494415535482240e-01 7.318160781033177242e-01 6.516179990075282591e-01 7.387811617486900184e-01 7.242731106235100746e-01 8.409297587848708622e-01 9.203070453791852845e-01 8.684488375545494909e-01 9.082673387948323462e-01 9.201488635620636014e-01 9.172153384611190230e-01 9.363977852353655429e-01 9.289603650173989813e-01 8.795450200323939871e-01 9.330428029838375714e-01 8.940686388406791085e-01 9.027878065375889438e-01 9.651578084253444878e-01 9.862545262497663945e-01 9.997995596671185314e-01 9.640690585717295313e-01 9.623056333350377134e-01 9.677783804075417162e-01 9.823278751065838144e-01 1.021659016331522229e+00
4.000000000000000000e+00 9.594738882809693559e-01 8.057527683635964388e-01 5.994160981787634013e-01 0.000000000000000000e+00 5.682536871232151121e-01 6.410468768244901305e-01 6.348272475032663564e-01 7.150202773697826863e-01 6.837721867593363756e-01 6.926351434414491637e-01 7.170402908832403943e-01 7.187286665799730301e-01 8.241030023534315907e-01 9.347085192461437320e-01 8.585793286422501724e-01 9.203331087843780178e-01 9.328050605625486380e-01 9.288609342307496686e-01 9.483929439625899960e-01 9.403148146866913137e-01 8.759556015919334193e-01 9.426421313147166359e-01 8.911707678495923712e-01 9.007563229268364946e-01 9.704864105285424536e-01 9.911972740144092686e-01 1.004407746061077633e+00 9.652009138778367969e-01 9.626572152580628039e-01 9.667798580301274480e-01 9.833157025634196025e-01 1.024055315461635418e+00
5.000000000000000000e+00 9.741281014737075417e-01 8.295986222557965029e-01 4.613719727913738744e-01 5.682536871232151121e-01 0.000000000000000000e+00 5.466850568830974311e-01 5.900814772783196105e-01 6.624417018521853162e-01 7.133510226469964577e-01 6.388964767560693092e-01 7.207178301849522795e-01 7.065452057136103470e-01 8.311807725454104512e-01 9.189972989147643379e-01 8.600967025670808175e-01 9.058734095039999712e-01 9.181318311713517755e-01 9.147860819724782377e-01 9.343113607001107823e-01 9.265597080586500667e-01 8.722953155431067973e-01 9.300649781036116615e-01 8.872641771635507713e-01 8.963041421712729662e-01 9.610804337658707119e-01 9.821846463702776919e-01 9.956974488188479189e-01 9.589391140933223312e-01 9.570031959311628977e-01 9.622691257554365496e-01 9.772851151878678699e-01 1.017078584641935679e+00
6.000000000000000000e+00 9.838008441306280716e-01 8.433902946086151431e-01 5.760263535784932998e-01 6.410468768244901305e-01 5.466850568830974311e-01 0.000000000000000000e+00 5.318114130559346009e-01 6.003965544228253570e-01 7.201333047047310254e-01 5.466843307701304555e-01 7.072222094768808587e-01 6.769875077217060166e-01 8.259018680061870343e-01 9.025014412189096280e-01 8.511668472977232947e-01 8.890446609140174594e-01 9.016420268635878532e-01 8.982984981088126819e-01 9.183214647285957710e-01 9.104385690830008038e-01 8.597144941729024659e-01 9.142933782469389037e-01 8.749506816651877461e-01 8.838435939070066194e-01 9.468981870788013566e-01 9.683911730629344294e-01 9.821509613755285972e-01 9.463963443399201481e-01 9.448199608156147011e-01 9.509065049748131049e-01 9.650690308831850750e-01 1.004555291449423793e+00
7.000000000000000000e+00 9.778300688985530620e-01 8.341973578425621039e-01 6.279303424164019987e-01 6.348272475032663564e-01 5.900814772783196105e-01 5.318114130559346009e-01 0.000000000000000000e+00 6.460677532350183050e-01 6.864382917613084389e-01 5.809543000423255110e-01 6.658816495748599573e-01 6.336112315319328836e-01 8.080767935528937462e-01 9.050172300806218484e-01 8.367956732794347152e-01 8.894671728470662231e-01 9.027284391677794506e-01 8.985410535749267513e-01 9.191108960478020506e-01 9.106286537184375973e-01 8.484093362456759380e-01 9.131960441474542556e-01 8.646652296707346697e-01 8.743344525877068119e-01 9.431062262976630528e-01 9.645337323670182261e-01 9.781742968095954449e-01 9.399903770787503277e-01 9.379662555878118813e-01 9.434502842441674364e-01 9.587984684045864903e-01 9.993529964888014927e-01
8.000000000000000000e+00 1.002593651094209726e+00 8.694786389082200806e-01 6.625494415535482240e-01 7.150202773697826863e-01 6.624417018521853162e-01 6.003965544228253570e-01 6.460677532350183050e-01 0.000000000000000000e+00 7.619781526239096658e-01 5.332856192209293189e-01 7.377360807287739464e-01 6.987750919053978826e-01 8.392990094825955039e-01 8.782225582580787115e-01 8.564880451991864208e-01 8.667021251780930857e-01 8.789995748180345903e-01 8.766374944268833236e-01 8.967145955585213990e-01 8.893402563259722449e-01 8.571133028175763613e-01 8.951658932318529160e-01 8.713767872047009089e-01 8.791241461925063394e-01 9.330119637060501070e-01 9.550668893567382245e-01 9.692761785681442976e-01 9.377096663571422575e-01 9.371191414277755261e-01 9.449354947165560237e-01 9.566105412923899820e-01 9.944185155937381726e-01
9.000000000000000000e+00 9.486732391837263689e-01 7.858278092693075090e-01 7.318160781033177242e-01 6.837721867593363756e-01 7.133510226469964577e-01 7.201333047047310254e-01 6.864382917613084389e-01 7.619781526239096658e-01 0.000000000000000000e+00 7.351195047527482318e-01 6.289192868347336374e-01 6.861981316891407889e-01 7.618226420437622659e-01 9.354830143853931634e-01 8.137477259590947254e-01 9.166182285393909002e-01 9.304062672908852694e-01 9.246090044703711985e-01 9.451408086332504510e-01 9.357916886698394165e-01 8.431722975746722692e-01 9.351362608403137600e-01 8.607447121716425009e-01 8.723688923922343630e-01 9.562923935402674047e-01 9.766784689185696866e-01 9.895143950058862270e-01 9.443318861164589073e-01 9.405780754827011148e-01 9.429231602094330089e-01 9.626347375555255326e-01 1.005976734609969947e+00
1.000000000000000000e+01 9.936376587214804657e-01 8.572751635701313377e-01 6.516179990075282591e-01 6.926351434414491637e-01 6.388964767560693092e-01 5.466843307701304555e-01 5.809543000423255110e-01 5.332856192209293189e-01 7.351195047527482318e-01 0.000000000000000000e+00 7.046128296113601808e-01 6.564673106042471229e-01 8.229613001632648528e-01 8.855235675903878612e-01 8.434524086982219115e-01 8.714452707822559763e-01 8.845360971560685126e-01 8.811220653266560454e-01 9.018266666308472068e-01 8.937240895837814669e-01 8.473981889097874642e-01 8.979158131918563157e-01 8.627927853643948541e-01 8.714279210330238001e-01 9.322961121023443098e-01 9.542420840684233685e-01 9.682847371066263253e-01 9.336676820840197344e-01 9.325094700622733601e-01 9.395330448399505929e-01 9.527015037834076772e-01 9.918321231945468330e-01
1.100000000000000000e+01 9.700170467314718215e-01 8.250365767688082608e-01 7.387811617486900184e-01 7.170402908832403943e-01 7.207178301849522795e-01 7.072222094768808587e-01 6.658816495748599573e-01 7.377360807287739464e-01 6.289192868347336374e-01 7.046128296113601808e-01 0.000000000000000000e+00 5.758511361291915875e-01 7.466122566176648379e-01 9.098777521413616842e-01 7.889813873852046244e-01 8.893154268602001533e-01 9.040446612157266859e-01 8.977501623757289106e-01 9.194301771298021286e-01 9.095170737347237910e-01 8.124766869362654020e-01 9.086734591939844563e-01 8.324070371193972306e-01 8.447840553996435187e-01 9.310387915252391622e-01 9.522257173569885769e-01 9.655140756501323640e-01 9.203886476628064806e-01 9.170305074693059222e-01 9.207487911539866676e-01 9.396240664434984957e-01 9.832689458468897303e-01
1.200000000000000000e+01 9.832689115878983088e-01 8.442147565148716559e-01 7.242731106235100746e-01 7.187286665799730301e-01 7.065452057136103470e-01 6.769875077217060166e-01 6.336112315319328836e-01 6.987750919053978826e-01 6.861981316891407889e-01 6.564673106042471229e-01 5.758511361291915875e-01 0.000000000000000000e+00 7.724024383040063446e-01 8.924283060709770066e-01 7.996653913246140055e-01 8.724490283353547593e-01 8.873850077539302550e-01 8.815352066059216618e-01 9.037322925604973634e-01 8.939301169671027836e-01 8.113056680420573930e-01 8.943435718962602365e-01 8.305426979208492266e-01 8.418162131753732513e-01 9.208285416905757081e-01 9.426850335669618719e-01 9.564379217508085507e-01 9.145156321299841018e-01 9.120636997386533107e-01 9.175211937955369823e-01 9.341417454835045930e-01 9.765499730751472374e-01
1.300000000000000000e+01 9.646275386502979332e-01 8.396598756170984279e-01 8.409297587848708622e-01 8.241030023534315907e-01 8.311807725454104512e-01 8.259018680061870343e-01 8.080767935528937462e-01 8.392990094825955039e-01 7.618226420437622659e-01 8.229613001632648528e-01 7.466122566176648379e-01 7.724024383040063446e-01 0.000000000000000000e+00 9.371144842313510193e-01 6.827486945961745990e-01 9.119373194505813185e-01 9.270975972461232839e-01 9.184351309491780579e-01 9.395781778292451314e-01 9.284946201274859590e-01 7.742994281755080088e-01 9.225248477933747360e-01 7.966888584958076169e-01 8.138246346314048640e-01 9.300512606546194050e-01 9.493481959031135897e-01 9.612356460278850268e-01 9.034730524686143127e-01 8.967819500825837675e-01 8.945636058902211030e-01 9.219918838205543032e-01 9.709164797541738334e-01
1.400000000000000000e+01 1.123193738231635264e+00 1.011037650888515715e+00 9.203070453791852845e-01 9.347085192461437320e-01 9.189972989147643379e-01 9.025014412189096280e-01 9.050172300806218484e-01 8.782225582580787115e-01 9.354830143853931634e-01 8.855235675903878612e-01 9.098777521413616842e-01 8.924283060709770066e-01 9.371144842313510193e-01 0.000000000000000000e+00 9.202411767431896150e-01 6.365831508954260531e-01 5.618807640096830092e-01 6.266193039260998798e-01 5.794577975676133974e-01 6.153648612993558586e-01 8.855284308668998072e-01 6.825892897509280299e-01 8.851582240008106783e-01 8.809689281839039321e-01 7.998655292593852550e-01 8.183583127664386669e-01 8.338207579327756580e-01 8.738329460737577215e-01 8.835244019629227008e-01 9.042559776951744066e-01 8.874696010291995840e-01 8.937878095619813390e-01
1.500000000000000000e+01 9.956001893985525486e-01 8.845416288530579818e-01 8.684488375545494909e-01 8.585793286422501724e-01 8.600967025670808175e-01 8.511668472977232947e-01 8.367956732794347152e-01 8.564880451991864208e-01 8.137477259590947254e-01 8.434524086982219115e-01 7.889813873852046244e-01 7.996653913246140055e-01 6.827486945961745990e-01 9.202411767431896150e-01 0.000000000000000000e+00 8.914873495759596533e-01 9.075703788510252057e-01 8.973002110025378730e-01 9.190916097896151271e-01 9.069477769567404479e-01 6.925424818669512206e-01 8.981340797859274083e-01 7.238926577939033269e-01 7.497477975917263837e-01 8.988807290412750284e-01 9.183682515307516336e-01 9.302166565782996610e-01 8.637007848639863816e-01 8.551895644676246189e-01 8.514502215554609066e-01 8.839273458302803199e-01 9.374230373302665509e-01
1.600000000000000000e+01 1.104425747206313035e+00 9.929796611350008018e-01 9.082673387948323462e-01 9.203331087843780178e-01 9.058734095039999712e-01 8.890446609140174594e-01 8.894671728470662231e-01 8.667021251780930857e-01 9.166182285393909002e-01 8.714452707822559763e-01 8.893154268602001533e-01 8.724490283353547593e-01 9.119373194505813185e-01 6.365831508954260531e-01 8.914873495759596533e-01 0.000000000000000000e+00 5.457624006845001041e-01 4.613716266000522648e-01 6.336814177856231467e-01 5.749562975287370037e-01 8.516822738205884757e-01 6.144077872476889635e-01 8.501933113603972192e-01 8.448289357295342139e-01 7.609503290215786642e-01 7.887154471028476888e-01 8.081479015960424395e-01 8.368151514840125316e-01 8.472661392115934387e-01 8.700621714939671403e-01 8.530047661091493261e-01 8.654586869686549111e-01
1.700000000000000000e+01 1.116947491903573342e+00 1.005761797032611371e+00 9.201488635620636014e-01 9.328050605625486380e-01 9.181318311713517755e-01 9.016420268635878532e-01 9.027284391677794506e-01 8.789995748180345903e-01 9.304062672908852694e-01 8.845360971560685126e-01 9.040446612157266859e-01 8.873850077539302550e-01 9.270975972461232839e-01 5.618807640096830092e-01 9.075703788510252057e-01 5.457624006845001041e-01 0.000000000000000000e+00 5.038219765253091342e-01 5.531140359583077704e-01 5.078618141346460391e-01 8.697823680479084274e-01 6.205174077125179544e-01 8.681582440558062164e-01 8.628889501253604877e-01 7.697720296636694215e-01 7.918210589631822227e-01 8.092330996947516564e-01 8.506718538112094663e-01 8.613470137834771112e-01 8.835698188427254518e-01 8.647003819067029529e-01 8.709362561867417529e-01
1.800000000000000000e+01 1.110670909578110210e+00 9.999569306181019801e-01 9.172153384611190230e-01 9.288609342307496686e-01 9.147860819724782377e-01 8.982984981088126819e-01 8.985410535749267513e-01 8.766374944268833236e-01 9.246090044703711985e-01 8.811220653266560454e-01 8.977501623757289106e-01 8.815352066059216618e-01 9.184351309491780579e-01 6.266193039260998798e-01 8.973002110025378730e-01 4.613716266000522648e-01 5.038219765253091342e-01 0.000000000000000000e+00 5.993107096927279276e-01 5.036258093316190454e-01 8.573996947377664490e-01 5.759643376424730121e-01 8.550643484264377481e-01 8.491351858922666640e-01 7.508188485199851492e-01 7.772229935202592532e-01 7.966049941904709275e-01 8.348910343095918840e-01 8.461202254177504489e-01 8.694138123689849618e-01 8.498035460378337014e-01 8.579676236154278879e-01
1.900000000000000000e+01 1.128989523964074149e+00 1.018954110347610964e+00 9.363977852353655429e-01 9.483929439625899960e-01 9.343113607001107823e-01 9.183214647285957710e-01 9.191108960478020506e-01 8.967145955585213990e-01 9.451408086332504510e-01 9.018266666308472068e-01 9.194301771298021286e-01 9.037322925604973634e-01 9.395781778292451314e-01 5.794577975676133974e-01 9.190916097896151271e-01 6.336814177856231467e-01 5.531140359583077704e-01 5.993107096927279276e-01 0.000000000000000000e+00 5.284216248706461450e-01 8.814198109546866888e-01 6.231573890042154673e-01 8.786335888791041437e-01 8.726456779951992093e-01 7.612589901286868077e-01 7.766092796259529418e-01 7.916473644183767977e-01 8.513782051519134253e-01 8.629785022470743971e-01 8.854540614863666281e-01 8.627545659012265666e-01 8.602052851722910010e-01
2.000000000000000000e+01 1.119944974363440426e+00 1.009994322005745016e+00 9.289603650173989813e-01 9.403148146866913137e-01 9.265597080586500667e-01 9.104385690830008038e-01 9.106286537184375973e-01 8.893402563259722449e-01 9.357916886698394165e-01 8.937240895837814669e-01 9.095170737347237910e-01 8.939301169671027836e-01 9.284946201274859590e-01 6.153648612993558586e-01 9.069477769567404479e-01 5.749562975287370037e-01 5.078618141346460391e-01 5.036258093316190454e-01 5.284216248706461450e-01 0.000000000000000000e+00 8.675297701161734931e-01 5.556682799200043377e-01 8.644328214414553901e-01 8.580641555638963691e-01 7.447135236575910255e-01 7.666527614787874700e-01 7.848190590858346027e-01 8.371005068825678741e-01 8.490218739878669929e-01 8.724401227621279009e-01 8.499679592329678623e-01 8.516155608903945851e-01
2.100000000000000000e+01 1.027026538384335996e+00 9.181660181419997180e-01 8.795450200323939871e-01 8.759556015919334193e-01 8.722953155431067973e-01 8.597144941729024659e-01 8.484093362456759380e-01 8.571133028175763613e-01 8.431722975746722692e-01 8.473981889097874642e-01 8.124766869362654020e-01 8.113056680420573930e-01 7.742994281755080088e-01 8.855284308668998072e-01 6.925424818669512206e-01 8.516822738205884757e-01 8.697823680479084274e-01 8.573996947377664490e-01 8.814198109546866888e-01 8.675297701161734931e-01 0.000000000000000000e+00 8.558049504007940733e-01 5.497030979843551268e-01 6.227384915401599219e-01 8.525908335592755627e-01 8.747914968737202646e-01 8.880483658631013189e-01 8.116017131629909009e-01 8.027257139743295689e-01 8.042317758588641841e-01 8.376139722178055358e-01 8.969931502549839397e-01
2.200000000000000000e+01 1.116860938220596733e+00 1.008282434641923686e+00 9.330428029838375714e-01 9.426421313147166359e-01 9.300649781036116615e-01 9.142933782469389037e-01 9.131960441474542556e-01 8.951658932318529160e-01 9.351362608403137600e-01 8.979158131918563157e-01 9.086734591939844563e-01 8.943435718962602365e-01 9.225248477933747360e-01 6.825892897509280299e-01 8.981340797859274083e-01 6.144077872476889635e-01 6.205174077125179544e-01 5.759643376424730121e-01 6.231573890042154673e-01 5.556682799200043377e-01 8.558049504007940733e-01 0.000000000000000000e+00 8.508255888506310871e-01 8.429354156853465785e-01 7.020560860310838258e-01 7.320761543204217237e-01 7.548817873142577017e-01 8.120123135499914824e-01 8.257273913116971453e-01 8.514062390269565572e-01 8.249723443453689242e-01 8.257175145489379364e-01
2.300000000000000000e+01 1.037327341333999842e+00 9.314313819685640095e-01 8.940686388406791085e-01 8.911707678495923712e-01 8.872641771635507713e-01 8.749506816651877461e-01 8.646652296707346697e-01 8.713767872047009089e-01 8.607447121716425009e-01 8.627927853643948541e-01 8.324070371193972306e-01 8.305426979208492266e-01 7.966888584958076169e-01 8.851582240008106783e-01 7.238926577939033269e-01 8.501933113603972192e-01 8.681582440558062164e-01 8.550643484264377481e-01 8.786335888791041437e-01 8.644328214414553901e-01 5.497030979843551268e-01 8.508255888506310871e-01 0.000000000000000000e+00 5.160239493420966106e-01 8.414054752997497388e-01 8.634730109272090726e-01 8.765824243565318863e-01 7.907661621895829551e-01 7.796679423407484322e-01 7.802599613637408726e-01 8.189362615788970956e-01 8.831156804864621623e-01
2.400000000000000000e+01 1.046230385744993052e+00 9.415958384788900570e-01 9.027878065375889438e-01 9.007563229268364946e-01 8.963041421712729662e-01 8.838435939070066194e-01 8.743344525877068119e-01 8.791241461925063394e-01 8.723688923922343630e-01 8.714279210330238001e-01 8.447840553996435187e-01 8.418162131753732513e-01 8.138246346314048640e-01 8.809689281839039321e-01 7.497477975917263837e-01 8.448289357295342139e-01 8.628889501253604877e-01 8.491351858922666640e-01 8.726456779951992093e-01 8.580641555638963691e-01 6.227384915401599219e-01 8.429354156853465785e-01 5.160239493420966106e-01 0.000000000000000000e+00 8.289888999697017091e-01 8.515096651164844044e-01 8.648257937539451934e-01 7.706944515101645798e-01 7.581324409334202485e-01 7.603336184371196627e-01 8.018479479670430621e-01 8.703310273487889770e-01
2.500000000000000000e+01 1.127973008595686277e+00 1.024237485734742492e+00 9.651578084253444878e-01 9.704864105285424536e-01 9.610804337658707119e-01 9.468981870788013566e-01 9.431062262976630528e-01 9.330119637060501070e-01 9.562923935402674047e-01 9.322961121023443098e-01 9.310387915252391622e-01 9.208285416905757081e-01 9.300512606546194050e-01 7.998655292593852550e-01 8.988807290412750284e-01 7.609503290215786642e-01 7.697720296636694215e-01 7.508188485199851492e-01 7.612589901286868077e-01 7.447135236575910255e-01 8.525908335592755627e-01 7.020560860310838258e-01 8.414054752997497388e-01 8.289888999697017091e-01 0.000000000000000000e+00 5.833203676821148154e-01 6.506527734298586108e-01 7.456568094944227010e-01 7.689746798413885642e-01 8.033094758663106294e-01 7.526677321582080360e-01 7.418784001598508482e-01
2.600000000000000000e+01 1.145351162649860255e+00 1.042924130885181766e+00 9.862545262497663945e-01 9.911972740144092686e-01 9.821846463702776919e-01 9.683911730629344294e-01 9.645337323670182261e-01 9.550668893567382245e-01 9.766784689185696866e-01 9.542420840684233685e-01 9.522257173569885769e-01 9.426850335669618719e-01 9.493481959031135897e-01 8.183583127664386669e-01 9.183682515307516336e-01 7.887154471028476888e-01 7.918210589631822227e-01 7.772229935202592532e-01 7.766092796259529418e-01 7.666527614787874700e-01 8.747914968737202646e-01 7.320761543204217237e-01 8.634730109272090726e-01 8.515096651164844044e-01 5.833203676821148154e-01 0.000000000000000000e+00 5.288215845779189461e-01 7.645489236491362917e-01 7.858576421629457354e-01 8.155932396541660800e-01 7.611735673807817903e-01 7.117456440099645398e-01
2.700000000000000000e+01 1.156272503214044844e+00 1.054701913905217614e+00 9.997995596671185314e-01 1.004407746061077633e+00 9.956974488188479189e-01 9.821509613755285972e-01 9.781742968095954449e-01 9.692761785681442976e-01 9.895143950058862270e-01 9.682847371066263253e-01 9.655140756501323640e-01 9.564379217508085507e-01 9.612356460278850268e-01 8.338207579327756580e-01 9.302166565782996610e-01 8.081479015960424395e-01 8.092330996947516564e-01 7.966049941904709275e-01 7.916473644183767977e-01 7.848190590858346027e-01 8.880483658631013189e-01 7.548817873142577017e-01 8.765824243565318863e-01 8.648257937539451934e-01 6.506527734298586108e-01 5.288215845779189461e-01 0.000000000000000000e+00 7.774698585538835083e-01 7.970113041992759051e-01 8.235949157112507635e-01 7.690837048827596778e-01 6.945523349200841690e-01
2.800000000000000000e+01 1.106850513212662257e+00 1.007344458731143533e+00 9.640690585717295313e-01 9.652009138778367969e-01 9.589391140933223312e-01 9.463963443399201481e-01 9.399903770787503277e-01 9.377096663571422575e-01 9.443318861164589073e-01 9.336676820840197344e-01 9.203886476628064806e-01 9.145156321299841018e-01 9.034730524686143127e-01 8.738329460737577215e-01 8.637007848639863816e-01 8.368151514840125316e-01 8.506718538112094663e-01 8.348910343095918840e-01 8.513782051519134253e-01 8.371005068825678741e-01 8.116017131629909009e-01 8.120123135499914824e-01 7.907661621895829551e-01 7.706944515101645798e-01 7.456568094944227010e-01 7.645489236491362917e-01 7.774698585538835083e-01 0.000000000000000000e+00 5.293741332177468450e-01 6.618176124986694386e-01 5.849854518437422879e-01 7.615919484592679201e-01
2.900000000000000000e+01 1.101158961817216619e+00 1.002484368281034266e+00 9.623056333350377134e-01 9.626572152580628039e-01 9.570031959311628977e-01 9.448199608156147011e-01 9.379662555878118813e-01 9.371191414277755261e-01 9.405780754827011148e-01 9.325094700622733601e-01 9.170305074693059222e-01 9.120636997386533107e-01 8.967819500825837675e-01 8.835244019629227008e-01 8.551895644676246189e-01 8.472661392115934387e-01 8.613470137834771112e-01 8.461202254177504489e-01 8.629785022470743971e-01 8.490218739878669929e-01 8.027257139743295689e-01 8.257273913116971453e-01 7.796679423407484322e-01 7.581324409334202485e-01 7.689746798413885642e-01 7.858576421629457354e-01 7.970113041992759051e-01 5.293741332177468450e-01 0.000000000000000000e+00 6.046433880811454831e-01 6.216830013614078609e-01 7.797904591169053656e-01
3.000000000000000000e+01 1.097788901894917180e+00 1.001580109879228742e+00 9.677783804075417162e-01 9.667798580301274480e-01 9.622691257554365496e-01 9.509065049748131049e-01 9.434502842441674364e-01 9.449354947165560237e-01 9.429231602094330089e-01 9.395330448399505929e-01 9.207487911539866676e-01 9.175211937955369823e-01 8.945636058902211030e-01 9.042559776951744066e-01 8.514502215554609066e-01 8.700621714939671403e-01 8.835698188427254518e-01 8.694138123689849618e-01 8.854540614863666281e-01 8.724401227621279009e-01 8.042317758588641841e-01 8.514062390269565572e-01 7.802599613637408726e-01 7.603336184371196627e-01 8.033094758663106294e-01 8.155932396541660800e-01 8.235949157112507635e-01 6.618176124986694386e-01 6.046433880811454831e-01 0.000000000000000000e+00 6.805596593780527392e-01 8.017648387906046725e-01
3.100000000000000000e+01 1.121695145061357923e+00 1.023732747011744770e+00 9.823278751065838144e-01 9.833157025634196025e-01 9.772851151878678699e-01 9.650690308831850750e-01 9.587984684045864903e-01 9.566105412923899820e-01 9.626347375555255326e-01 9.527015037834076772e-01 9.396240664434984957e-01 9.341417454835045930e-01 9.219918838205543032e-01 8.874696010291995840e-01 8.839273458302803199e-01 8.530047661091493261e-01 8.647003819067029529e-01 8.498035460378337014e-01 8.627545659012265666e-01 8.499679592329678623e-01 8.376139722178055358e-01 8.249723443453689242e-01 8.189362615788970956e-01 8.018479479670430621e-01 7.526677321582080360e-01 7.611735673807817903e-01 7.690837048827596778e-01 5.849854518437422879e-01 6.216830013614078609e-01 6.805596593780527392e-01 0.000000000000000000e+00 7.313359126279526112e-01
3.200000000000000000e+01 1.165376807924149771e+00 1.067239631308950498e+00 1.021659016331522229e+00 1.024055315461635418e+00 1.017078584641935679e+00 1.004555291449423793e+00 9.993529964888014927e-01 9.944185155937381726e-01 1.005976734609969947e+00 9.918321231945468330e-01 9.832689458468897303e-01 9.765499730751472374e-01 9.709164797541738334e-01 8.937878095619813390e-01 9.374230373302665509e-01 8.654586869686549111e-01 8.709362561867417529e-01 8.579676236154278879e-01 8.602052851722910010e-01 8.516155608903945851e-01 8.969931502549839397e-01 8.257175145489379364e-01 8.831156804864621623e-01 8.703310273487889770e-01 7.418784001598508482e-01 7.117456440099645398e-01 6.945523349200841690e-01 7.615919484592679201e-01 7.797904591169053656e-01 8.017648387906046725e-01 7.313359126279526112e-01 0.000000000000000000e+00
