0.000000000000000000e+00 1.000000000000000000e+00 2.000000000000000000e+00 3.000000000000000000e+00 4.000000000000000000e+00 5.000000000000000000e+00 6.000000000000000000e+00 7.000000000000000000e+00 8.000000000000000000e+00 9.000000000000000000e+00 1.000000000000000000e+01 1.100000000000000000e+01 1.200000000000000000e+01 1.300000000000000000e+01 1.400000000000000000e+01 1.500000000000000000e+01 1.600000000000000000e+01 1.700000000000000000e+01 1.800000000000000000e+01 1.900000000000000000e+01 2.000000000000000000e+01 2.100000000000000000e+01 2.200000000000000000e+01 2.300000000000000000e+01 2.400000000000000000e+01 2.500000000000000000e+01 2.600000000000000000e+01 2.700000000000000000e+01 2.800000000000000000e+01 2.900000000000000000e+01 3.000000000000000000e+01 3.100000000000000000e+01 3.200000000000000000e+01
1.000000000000000000e+00 0.000000000000000000e+00 9.914431684623881136e-01 1.226060472147812330e+00 1.232879544571859887e+00 1.216929866672942895e+00 1.208078164077853289e+00 1.192550327337804861e+00 1.221342139093922974e+00 1.138197413190186857e+00 1.207130500334084866e+00 1.150073372876582400e+00 1.172680959760925345e+00 1.116515177453484720e+00 1.393624656497570724e+00 1.161929562211298395e+00 1.329580821333238072e+00 1.357947687669238235e+00 1.341204630622949923e+00 1.398976704976806484e+00 1.361958726708126122e+00 1.206626361773331269e+00 1.349476374616179308e+00 1.220536867478670962e+00 1.232720041140975109e+00 1.355384401536532613e+00 1.387139412732891541e+00 1.411532018014545642e+00 1.317812564509305728e+00 1.309663794702436324e+00 1.305969140845971710e+00 1.340782740828341257e+00 1.418403077446756644e+00
2.000000000000000000e+00 9.914431684623881136e-01 0.000000000000000000e+00 1.000016389098076441e+00 9.975992327635536672e-01 9.883098875946669803e-01 9.816123856160909877e-01 9.621564934374606803e-01 1.000691325747568250e+00 8.826220343371402599e-01 9.831612321164395762e-01 9.137035209046771023e-01 9.434464781929856603e-01 8.977913542608424446e-01 1.187808288457861794e+00 9.567374265422528001e-01 1.124301762969867946e+00 1.152847879874030923e+00 1.136452877311224130e+00 1.194698916995037496e+00 1.157744465520125221e+00 1.003480439407651303e+00 1.146271656406261163e+00 1.020043029986692273e+00 1.033316031477568231e+00 1.155924861766618905e+00 1.188551027429675111e+00 1.213528347046721301e+00 1.122290261857710414e+00 1.114964137126491117e+00 1.113551789003499826e+00 1.146392732098103995e+00 1.223370143236063523e+00
3.000000000000000000e+00 1.226060472147812330e+00 1.000016389098076441e+00 0.000000000000000000e+00 6.127876786702799450e-01 4.621636190016336077e-01 5.791770800139890429e-01 6.352127544760062250e-01 6.691077665196729640e-01 7.876608522840902182e-01 6.584656726941335858e-01 7.678128876705225814e-01 7.439997356474823409e-01 8.971757751688185234e-01 1.018136263989272594e+00 9.213813400847696844e-01 9.649867101187432628e-01 9.919458460252732479e-01 9.804004990998682612e-01 1.039425917430839785e+00 1.004560895445193225e+00 9.272035352619858450e-01 1.002516987240597457e+00 9.444374412377507522e-01 9.543638250350929830e-01 1.038114142138780283e+00 1.073958626972485897e+00 1.101467613344884633e+00 1.031263796423025569e+00 1.029239244047994273e+00 1.038201578553952897e+00 1.057517345629246819e+00 1.126624224576575184e+00
4.000000000000000000e+00 1.232879544571859887e+00 9.975992327635536672e-01 6.127876786702799450e-01 0.000000000000000000e+00 5.777083088140371192e-01 6.585768046692994648e-01 6.538678035553007195e-01 7.426438810981981220e-01 7.588518326398063785e-01 7.175114880138291351e-01 7.640036324659085221e-01 7.561533691926729528e-01 9.032135227059765459e-01 1.056844912273225079e+00 9.344480725097745744e-01 1.001293688928011738e+00 1.028796628325047813e+00 1.016200794438525845e+00 1.075329881140298927e+00 1.039957274749239602e+00 9.466527891826923558e-01 1.036098528866493451e+00 9.647443272246480905e-01 9.756317011707680287e-01 1.067287219013418609e+00 1.102758378655492644e+00 1.129925497314801408e+00 1.056099677423163685e+00 1.053272696168754852e+00 1.060881734718706282e+00 1.082262006782310326e+00 1.152781719705431307e+00
5.000000000000000000e+00 1.216929866672942895e+00 9.883098875946669803e-01 4.621636190016336077e-01 5.777083088140371192e-01 0.000000000000000000e+00 5.487514696215700649e-01 5.946276456949546318e-01 6.687961593253461956e-01 7.629742121225386864e-01 6.445159643208233646e-01 7.452277678329966015e-01 7.227640362265976837e-01 8.825222146950151281e-01 1.014149533401741410e+00 9.085106924564902986e-01 9.598881525460194464e-01 9.871554501371155865e-01 9.751537044568034940e-01 1.034317696076177295e+00 9.992129438485584103e-01 9.159439831606905891e-01 9.964606541219545033e-01 9.336192185039322577e-01 9.439103916832789487e-01 1.030531271600236165e+00 1.066295499276244785e+00 1.093709970399219245e+00 1.022262996237499832e+00 1.019994985218338091e+00 1.028599266994822292e+00 1.048546927950321450e+00 1.118148402616084613e+00
6.000000000000000000e+00 1.208078164077853289e+00 9.816123856160909877e-01 5.791770800139890429e-01 6.585768046692994648e-01 5.487514696215700649e-01 0.000000000000000000e+00 5.329567699989852247e-01 6.019246024146618357e-01 7.563932417271224118e-01 5.475974297434598181e-01 7.214449892923853191e-01 6.846968114277476314e-01 8.625948492273132207e-01 9.854631990239106631e-01 8.854260756548686384e-01 9.309589036504009041e-01 9.584314873331472029e-01 9.464058457997681639e-01 1.005821421560375573e+00 9.706537777307220338e-01 8.899737825358338128e-01 9.680743479189730660e-01 9.077546616880389774e-01 9.178869456259435289e-01 1.003068288447418466e+00 1.039030834326582609e+00 1.066574840966730164e+00 9.959238516899138194e-01 9.939104030953784807e-01 1.003064375454686408e+00 1.022371168583217749e+00 1.091683311653798949e+00
7.000000000000000000e+00 1.192550327337804861e+00 9.621564934374606803e-01 6.352127544760062250e-01 6.538678035553007195e-01 5.946276456949546318e-01 5.329567699989852247e-01 0.000000000000000000e+00 6.492734569102189823e-01 7.136921012260910580e-01 5.822637657187477167e-01 6.747065760101129683e-01 6.378327787231306001e-01 8.379095211999478821e-01 9.853897333701573391e-01 8.649811819949031477e-01 9.286889741602222248e-01 9.567200470782606381e-01 9.437589379086228636e-01 1.003367170052461343e+00 9.677276342944307608e-01 8.735711723288495101e-01 9.636170973246105387e-01 8.923610072387309078e-01 9.033515166884877878e-01 9.951361736791406454e-01 1.030879957444479134e+00 1.058192238390599282e+00 9.846898594721367193e-01 9.820951990387034591e-01 9.903642324403001407e-01 1.011173240963318509e+00 1.081615854771603935e+00
8.000000000000000000e+00 1.221342139093922974e+00 1.000691325747568250e+00 6.691077665196729640e-01 7.426438810981981220e-01 6.687961593253461956e-01 6.019246024146618357e-01 6.492734569102189823e-01 0.000000000000000000e+00 7.974572535402220108e-01 5.337858437186218108e-01 7.509341886237468344e-01 7.055438617702141091e-01 8.718527094772530184e-01 9.552869894065054712e-01 8.863457182239595777e-01 9.030078320991929974e-01 9.301105528785154064e-01 9.191514125546185188e-01 9.786880391491306064e-01 9.439867790091645006e-01 8.828280172301572470e-01 9.434454012750344010e-01 8.994661895606050894e-01 9.083554812123422195e-01 9.837502557253137159e-01 1.020215394780839668e+00 1.048194318204053399e+00 9.819498787584495236e-01 9.809430855845255870e-01 9.918146826492917345e-01 1.008541760960325551e+00 1.076137322497810356e+00
9.000000000000000000e+00 1.138197413190186857e+00 8.826220343371402599e-01 7.876608522840902182e-01 7.588518326398063785e-01 7.629742121225386864e-01 7.563932417271224118e-01 7.136921012260910580e-01 7.974572535402220108e-01 0.000000000000000000e+00 7.652806466064410174e-01 6.372541314164268389e-01 7.008019625909114314e-01 7.811088539263253416e-01 1.032745196693224843e+00 8.375014243325376029e-01 9.709975512034911826e-01 9.998344121473610180e-01 9.844970748647570158e-01 1.043786487670463448e+00 1.007110282205226248e+00 8.698767829745839286e-01 9.984172764511691778e-01 8.903854455125277401e-01 9.040470143820216187e-01 1.017611762524041064e+00 1.052016408900192213e+00 1.078230367717501359e+00 9.944681705140843153e-01 9.893970623434449330e-01 9.931953183627142412e-01 1.020349143672117265e+00 1.094753504318484172e+00
1.000000000000000000e+01 1.207130500334084866e+00 9.831612321164395762e-01 6.584656726941335858e-01 7.175114880138291351e-01 6.445159643208233646e-01 5.475974297434598181e-01 5.822637657187477167e-01 5.337858437186218108e-01 7.652806466064410174e-01 0.000000000000000000e+00 7.142978334720815337e-01 6.607251686920641021e-01 8.515279730022133897e-01 9.610346532964244570e-01 8.697371151366992681e-01 9.062040221867968537e-01 9.339659023904065549e-01 9.219177569568304254e-01 9.816916310231280640e-01 9.464399190293946162e-01 8.700884222536098278e-01 9.441294131182160765e-01 8.878476874743717051e-01 8.976680828935252876e-01 9.804814123181799790e-01 1.016716092302047736e+00 1.044440226923527781e+00 9.749754417453908584e-01 9.733274470710164827e-01 9.832396523521691467e-01 1.001625328425610917e+00 1.070497217459219552e+00
1.100000000000000000e+01 1.150073372876582400e+00 9.137035209046771023e-01 7.678128876705225814e-01 7.640036324659085221e-01 7.452277678329966015e-01 7.214449892923853191e-01 6.747065760101129683e-01 7.509341886237468344e-01 6.372541314164268389e-01 7.142978334720815337e-01 0.000000000000000000e+00 5.770768538560357985e-01 7.555991330407738626e-01 9.842369777195207892e-01 7.990067278338235379e-01 9.219463829097527263e-01 9.512312191507934500e-01 9.357950300253017328e-01 9.956320053049108054e-01 9.587999661537827123e-01 8.230226392684256709e-01 9.503882358204307490e-01 8.452716029858249325e-01 8.591892146018280663e-01 9.715614074534391076e-01 1.006543990106411934e+00 1.033117335767076206e+00 9.509749507561997550e-01 9.465383290423887708e-01 9.519468307718452760e-01 9.775001434592449634e-01 1.051374988373873887e+00
1.200000000000000000e+01 1.172680959760925345e+00 9.434464781929856603e-01 7.439997356474823409e-01 7.561533691926729528e-01 7.227640362265976837e-01 6.846968114277476314e-01 6.378327787231306001e-01 7.055438617702141091e-01 7.008019625909114314e-01 6.607251686920641021e-01 5.770768538560357985e-01 0.000000000000000000e+00 7.853919379847138504e-01 9.623560035667255708e-01 8.120296978731531556e-01 9.013884404451444343e-01 9.306749006797794266e-01 9.159672090587880344e-01 9.762240808262672154e-01 9.396458272318959359e-01 8.224477382988233387e-01 9.329200217662527717e-01 8.438521232527824711e-01 8.564306910743684220e-01 9.592503449658849046e-01 9.949165097138810143e-01 1.022007145377334059e+00 9.442696158428385278e-01 9.409823521004141433e-01 9.485398387524603958e-01 9.711606910204020338e-01 1.043338723493147047e+00
1.300000000000000000e+01 1.116515177453484720e+00 8.977913542608424446e-01 8.971757751688185234e-01 9.032135227059765459e-01 8.825222146950151281e-01 8.625948492273132207e-01 8.379095211999478821e-01 8.718527094772530184e-01 7.811088539263253416e-01 8.515279730022133897e-01 7.555991330407738626e-01 7.853919379847138504e-01 0.000000000000000000e+00 1.017774700274255872e+00 6.846309557474377083e-01 9.497031899083523410e-01 9.794600939542710272e-01 9.611099267085345677e-01 1.019869388391604570e+00 9.818992514418578565e-01 7.803264303290624593e-01 9.672718829370061666e-01 8.044706652206496944e-01 8.232928857914676435e-01 9.702093962407472016e-01 1.002887572867141364e+00 1.027687835046957154e+00 9.298018182307503654e-01 9.212653084323676467e-01 9.191104938966805360e-01 9.552044487420130459e-01 1.035238848663933009e+00
1.400000000000000000e+01 1.393624656497570724e+00 1.187808288457861794e+00 1.018136263989272594e+00 1.056844912273225079e+00 1.014149533401741410e+00 9.854631990239106631e-01 9.853897333701573391e-01 9.552869894065054712e-01 1.032745196693224843e+00 9.610346532964244570e-01 9.842369777195207892e-01 9.623560035667255708e-01 1.017774700274255872e+00 0.000000000000000000e+00 9.936178543672202768e-01 6.555816393378306461e-01 5.731716055469644466e-01 6.456734425907380004e-01 6.080717118468319526e-01 6.375024861296971768e-01 9.494277617010102865e-01 7.163391457868362178e-01 9.493859493214646950e-01 9.445859864066017408e-01 8.607940095537374159e-01 8.954192617239999930e-01 9.271084152318249672e-01 9.435728445463202885e-01 9.547303955488968263e-01 9.813480604729807322e-01 9.651751562399897288e-01 1.000121775083628872e+00
1.500000000000000000e+01 1.161929562211298395e+00 9.567374265422528001e-01 9.213813400847696844e-01 9.344480725097745744e-01 9.085106924564902986e-01 8.854260756548686384e-01 8.649811819949031477e-01 8.863457182239595777e-01 8.375014243325376029e-01 8.697371151366992681e-01 7.990067278338235379e-01 8.120296978731531556e-01 6.846309557474377083e-01 9.936178543672202768e-01 0.000000000000000000e+00 9.223387240872866766e-01 9.526066980427607689e-01 9.327199305422702036e-01 9.913096944882364703e-01 9.526529036525879235e-01 6.941733118472548369e-01 9.350407509099516457e-01 7.263795789583404883e-01 7.532978143923991787e-01 9.301570701446595368e-01 9.624260965550359703e-01 9.867899234292405453e-01 8.809358913494123033e-01 8.706086381915629779e-01 8.665898717240037019e-01 9.073216520944469288e-01 9.909011662156141931e-01
1.600000000000000000e+01 1.329580821333238072e+00 1.124301762969867946e+00 9.649867101187432628e-01 1.001293688928011738e+00 9.598881525460194464e-01 9.309589036504009041e-01 9.286889741602222248e-01 9.030078320991929974e-01 9.709975512034911826e-01 9.062040221867968537e-01 9.219463829097527263e-01 9.013884404451444343e-01 9.497031899083523410e-01 6.555816393378306461e-01 9.223387240872866766e-01 0.000000000000000000e+00 5.482275004568089027e-01 4.619085988252082942e-01 6.513049245837332357e-01 5.788970119203296072e-01 8.741428429525095467e-01 6.189718292873216399e-01 8.727419153732915991e-01 8.667371361875737534e-01 7.791695875599387033e-01 8.194990731689089092e-01 8.529094542255388767e-01 8.626517174115220232e-01 8.744976499184016205e-01 9.025885515621150379e-01 8.854867233140084615e-01 9.229953215172566061e-01
1.700000000000000000e+01 1.357947687669238235e+00 1.152847879874030923e+00 9.919458460252732479e-01 1.028796628325047813e+00 9.871554501371155865e-01 9.584314873331472029e-01 9.567200470782606381e-01 9.301105528785154064e-01 9.998344121473610180e-01 9.339659023904065549e-01 9.512312191507934500e-01 9.306749006797794266e-01 9.794600939542710272e-01 5.731716055469644466e-01 9.526066980427607689e-01 5.482275004568089027e-01 0.000000000000000000e+00 5.052957231531653992e-01 5.625602458455984944e-01 5.101181434359864930e-01 9.056238438057122586e-01 6.279515705699620920e-01 9.040269700598064784e-01 8.979831530128294936e-01 7.981116656633047146e-01 8.340046433291108396e-01 8.665622282347418270e-01 8.895462256968718062e-01 9.018933949015845997e-01 9.299992755362687102e-01 9.107547303530032501e-01 9.431090826484402889e-01
1.800000000000000000e+01 1.341204630622949923e+00 1.136452877311224130e+00 9.804004990998682612e-01 1.016200794438525845e+00 9.751537044568034940e-01 9.464058457997681639e-01 9.437589379086228636e-01 9.191514125546185188e-01 9.844970748647570158e-01 9.219177569568304254e-01 9.357950300253017328e-01 9.159672090587880344e-01 9.611099267085345677e-01 6.456734425907380004e-01 9.327199305422702036e-01 4.619085988252082942e-01 5.052957231531653992e-01 0.000000000000000000e+00 6.119656889939588673e-01 5.052190058497580960e-01 8.839503965140691477e-01 5.788873320964296187e-01 8.815322357754709071e-01 8.747986985583851016e-01 7.693597497115500783e-01 8.082002855022045740e-01 8.417815542948865470e-01 8.634264825461357429e-01 8.763127320870944814e-01 9.052871219627982580e-01 8.850025295155057314e-01 9.178383142627968283e-01
1.900000000000000000e+01 1.398976704976806484e+00 1.194698916995037496e+00 1.039425917430839785e+00 1.075329881140298927e+00 1.034317696076177295e+00 1.005821421560375573e+00 1.003367170052461343e+00 9.786880391491306064e-01 1.043786487670463448e+00 9.816916310231280640e-01 9.956320053049108054e-01 9.762240808262672154e-01 1.019869388391604570e+00 6.080717118468319526e-01 9.913096944882364703e-01 6.513049245837332357e-01 5.625602458455984944e-01 6.119656889939588673e-01 0.000000000000000000e+00 5.345523374546989892e-01 9.433371574448159436e-01 6.386986566070136373e-01 9.402142019423800345e-01 9.330892479421675212e-01 8.069242270372523063e-01 8.369506162495954360e-01 8.685011237847772847e-01 9.135905487796984747e-01 9.274511041672992562e-01 9.567375724017910255e-01 9.324688851035980441e-01 9.561655775044504146e-01
2.000000000000000000e+01 1.361958726708126122e+00 1.157744465520125221e+00 1.004560895445193225e+00 1.039957274749239602e+00 9.992129438485584103e-01 9.706537777307220338e-01 9.677276342944307608e-01 9.439867790091645006e-01 1.007110282205226248e+00 9.464399190293946162e-01 9.587999661537827123e-01 9.396458272318959359e-01 9.818992514418578565e-01 6.375024861296971768e-01 9.526529036525879235e-01 5.788970119203296072e-01 5.101181434359864930e-01 5.052190058497580960e-01 5.345523374546989892e-01 0.000000000000000000e+00 9.036664551638038390e-01 5.585457419251602662e-01 9.002878345120948200e-01 8.929033425930623658e-01 7.674970458053140820e-01 8.021088451238564954e-01 8.351568252852938912e-01 8.736123171599381454e-01 8.875658715034564494e-01 9.172648722592013915e-01 8.933364179388525450e-01 9.196109287529581344e-01
2.100000000000000000e+01 1.206626361773331269e+00 1.003480439407651303e+00 9.272035352619858450e-01 9.466527891826923558e-01 9.159439831606905891e-01 8.899737825358338128e-01 8.735711723288495101e-01 8.828280172301572470e-01 8.698767829745839286e-01 8.700884222536098278e-01 8.230226392684256709e-01 8.224477382988233387e-01 7.803264303290624593e-01 9.494277617010102865e-01 6.941733118472548369e-01 8.741428429525095467e-01 9.056238438057122586e-01 8.839503965140691477e-01 9.433371574448159436e-01 9.036664551638038390e-01 0.000000000000000000e+00 8.832897998244264581e-01 5.498748402645248223e-01 6.232535871327586907e-01 8.741524133343892000e-01 9.081433183418001764e-01 9.333169126976628149e-01 8.212423478241694941e-01 8.110916524037654618e-01 8.129005687356085641e-01 8.524983253576032816e-01 9.393512910038013253e-01
2.200000000000000000e+01 1.349476374616179308e+00 1.146271656406261163e+00 1.002516987240597457e+00 1.036098528866493451e+00 9.964606541219545033e-01 9.680743479189730660e-01 9.636170973246105387e-01 9.434454012750344010e-01 9.984172764511691778e-01 9.441294131182160765e-01 9.503882358204307490e-01 9.329200217662527717e-01 9.672718829370061666e-01 7.163391457868362178e-01 9.350407509099516457e-01 6.189718292873216399e-01 6.279515705699620920e-01 5.788873320964296187e-01 6.386986566070136373e-01 5.585457419251602662e-01 8.832897998244264581e-01 0.000000000000000000e+00 8.777518918658604452e-01 8.686920231595673947e-01 7.133032281907338845e-01 7.532772221523831302e-01 7.891895205060373009e-01 8.372611821787712127e-01 8.531594068916277251e-01 8.850552324080032118e-01 8.561914387109372804e-01 8.786381777442904273e-01
2.300000000000000000e+01 1.220536867478670962e+00 1.020043029986692273e+00 9.444374412377507522e-01 9.647443272246480905e-01 9.336192185039322577e-01 9.077546616880389774e-01 8.923610072387309078e-01 8.994661895606050894e-01 8.903854455125277401e-01 8.878476874743717051e-01 8.452716029858249325e-01 8.438521232527824711e-01 8.044706652206496944e-01 9.493859493214646950e-01 7.263795789583404883e-01 8.727419153732915991e-01 9.040269700598064784e-01 8.815322357754709071e-01 9.402142019423800345e-01 9.002878345120948200e-01 5.498748402645248223e-01 8.777518918658604452e-01 0.000000000000000000e+00 5.161286453772251370e-01 8.614006111619152417e-01 8.948656984977125806e-01 9.196006972181836048e-01 7.984770918771924020e-01 7.861154575586901672e-01 7.868383605526199087e-01 8.314456795978890646e-01 9.223849046221270775e-01
2.400000000000000000e+01 1.232720041140975109e+00 1.033316031477568231e+00 9.543638250350929830e-01 9.756317011707680287e-01 9.439103916832789487e-01 9.178869456259435289e-01 9.033515166884877878e-01 9.083554812123422195e-01 9.040470143820216187e-01 8.976680828935252876e-01 8.591892146018280663e-01 8.564306910743684220e-01 8.232928857914676435e-01 9.445859864066017408e-01 7.532978143923991787e-01 8.667371361875737534e-01 8.979831530128294936e-01 8.747986985583851016e-01 9.330892479421675212e-01 8.929033425930623658e-01 6.232535871327586907e-01 8.686920231595673947e-01 5.161286453772251370e-01 0.000000000000000000e+00 8.471870318976522096e-01 8.807089952827273915e-01 9.053751166637198367e-01 7.768374861123066299e-01 7.631299365002912616e-01 7.655266084638812085e-01 8.124079295359569741e-01 9.067400459945367253e-01
2.500000000000000000e+01 1.355384401536532613e+00 1.155924861766618905e+00 1.038114142138780283e+00 1.067287219013418609e+00 1.030531271600236165e+00 1.003068288447418466e+00 9.951361736791406454e-01 9.837502557253137159e-01 1.017611762524041064e+00 9.804814123181799790e-01 9.715614074534391076e-01 9.592503449658849046e-01 9.702093962407472016e-01 8.607940095537374159e-01 9.301570701446595368e-01 7.791695875599387033e-01 7.981116656633047146e-01 7.693597497115500783e-01 8.069242270372523063e-01 7.674970458053140820e-01 8.741524133343892000e-01 7.133032281907338845e-01 8.614006111619152417e-01 8.471870318976522096e-01 0.000000000000000000e+00 5.857017181997958843e-01 6.592172120485497722e-01 7.557008109744003388e-01 7.816146148919425052e-01 8.218822922216124649e-01 7.652568941396480362e-01 7.646368525563427276e-01
2.600000000000000000e+01 1.387139412732891541e+00 1.188551027429675111e+00 1.073958626972485897e+00 1.102758378655492644e+00 1.066295499276244785e+00 1.039030834326582609e+00 1.030879957444479134e+00 1.020215394780839668e+00 1.052016408900192213e+00 1.016716092302047736e+00 1.006543990106411934e+00 9.949165097138810143e-01 1.002887572867141364e+00 8.954192617239999930e-01 9.624260965550359703e-01 8.194990731689089092e-01 8.340046433291108396e-01 8.082002855022045740e-01 8.369506162495954360e-01 8.021088451238564954e-01 9.081433183418001764e-01 7.532772221523831302e-01 8.948656984977125806e-01 8.807089952827273915e-01 5.857017181997958843e-01 0.000000000000000000e+00 5.309503533294750444e-01 7.814795159462930574e-01 8.062912522369503066e-01 8.431504521674695329e-01 7.797471437156393570e-01 7.341260765393560206e-01
2.700000000000000000e+01 1.411532018014545642e+00 1.213528347046721301e+00 1.101467613344884633e+00 1.129925497314801408e+00 1.093709970399219245e+00 1.066574840966730164e+00 1.058192238390599282e+00 1.048194318204053399e+00 1.078230367717501359e+00 1.044440226923527781e+00 1.033117335767076206e+00 1.022007145377334059e+00 1.027687835046957154e+00 9.271084152318249672e-01 9.867899234292405453e-01 8.529094542255388767e-01 8.665622282347418270e-01 8.417815542948865470e-01 8.685011237847772847e-01 8.351568252852938912e-01 9.333169126976628149e-01 7.891895205060373009e-01 9.196006972181836048e-01 9.053751166637198367e-01 6.592172120485497722e-01 5.309503533294750444e-01 0.000000000000000000e+00 8.025854430601271350e-01 8.262699146068372968e-01 8.607637104775098802e-01 7.949576602925527702e-01 7.182671437316763274e-01
2.800000000000000000e+01 1.317812564509305728e+00 1.122290261857710414e+00 1.031263796423025569e+00 1.056099677423163685e+00 1.022262996237499832e+00 9.959238516899138194e-01 9.846898594721367193e-01 9.819498787584495236e-01 9.944681705140843153e-01 9.749754417453908584e-01 9.509749507561997550e-01 9.442696158428385278e-01 9.298018182307503654e-01 9.435728445463202885e-01 8.809358913494123033e-01 8.626517174115220232e-01 8.895462256968718062e-01 8.634264825461357429e-01 9.135905487796984747e-01 8.736123171599381454e-01 8.212423478241694941e-01 8.372611821787712127e-01 7.984770918771924020e-01 7.768374861123066299e-01 7.557008109744003388e-01 7.814795159462930574e-01 8.025854430601271350e-01 0.000000000000000000e+00 5.296208388404206602e-01 6.636755199469526190e-01 5.857334629164161477e-01 7.772757512634091981e-01
2.900000000000000000e+01 1.309663794702436324e+00 1.114964137126491117e+00 1.029239244047994273e+00 1.053272696168754852e+00 1.019994985218338091e+00 9.939104030953784807e-01 9.820951990387034591e-01 9.809430855845255870e-01 9.893970623434449330e-01 9.733274470710164827e-01 9.465383290423887708e-01 9.409823521004141433e-01 9.212653084323676467e-01 9.547303955488968263e-01 8.706086381915629779e-01 8.744976499184016205e-01 9.018933949015845997e-01 8.763127320870944814e-01 9.274511041672992562e-01 8.875658715034564494e-01 8.110916524037654618e-01 8.531594068916277251e-01 7.861154575586901672e-01 7.631299365002912616e-01 7.816146148919425052e-01 8.062912522369503066e-01 8.262699146068372968e-01 5.296208388404206602e-01 0.000000000000000000e+00 6.054178347521423920e-01 6.229195372292211097e-01 7.984116191114178918e-01
3.000000000000000000e+01 1.305969140845971710e+00 1.113551789003499826e+00 1.038201578553952897e+00 1.060881734718706282e+00 1.028599266994822292e+00 1.003064375454686408e+00 9.903642324403001407e-01 9.918146826492917345e-01 9.931953183627142412e-01 9.832396523521691467e-01 9.519468307718452760e-01 9.485398387524603958e-01 9.191104938966805360e-01 9.813480604729807322e-01 8.665898717240037019e-01 9.025885515621150379e-01 9.299992755362687102e-01 9.052871219627982580e-01 9.567375724017910255e-01 9.172648722592013915e-01 8.129005687356085641e-01 8.850552324080032118e-01 7.868383605526199087e-01 7.655266084638812085e-01 8.218822922216124649e-01 8.431504521674695329e-01 8.607637104775098802e-01 6.636755199469526190e-01 6.054178347521423920e-01 0.000000000000000000e+00 6.835189191099186878e-01 8.256808302660640919e-01
3.100000000000000000e+01 1.340782740828341257e+00 1.146392732098103995e+00 1.057517345629246819e+00 1.082262006782310326e+00 1.048546927950321450e+00 1.022371168583217749e+00 1.011173240963318509e+00 1.008541760960325551e+00 1.020349143672117265e+00 1.001625328425610917e+00 9.775001434592449634e-01 9.711606910204020338e-01 9.552044487420130459e-01 9.651751562399897288e-01 9.073216520944469288e-01 8.854867233140084615e-01 9.107547303530032501e-01 8.850025295155057314e-01 9.324688851035980441e-01 8.933364179388525450e-01 8.524983253576032816e-01 8.561914387109372804e-01 8.314456795978890646e-01 8.124079295359569741e-01 7.652568941396480362e-01 7.797471437156393570e-01 7.949576602925527702e-01 5.857334629164161477e-01 6.229195372292211097e-01 6.835189191099186878e-01 0.000000000000000000e+00 7.427129864502699519e-01
3.200000000000000000e+01 1.418403077446756644e+00 1.223370143236063523e+00 1.126624224576575184e+00 1.152781719705431307e+00 1.118148402616084613e+00 1.091683311653798949e+00 1.081615854771603935e+00 1.076137322497810356e+00 1.094753504318484172e+00 1.070497217459219552e+00 1.051374988373873887e+00 1.043338723493147047e+00 1.035238848663933009e+00 1.000121775083628872e+00 9.909011662156141931e-01 9.229953215172566061e-01 9.431090826484402889e-01 9.178383142627968283e-01 9.561655775044504146e-01 9.196109287529581344e-01 9.393512910038013253e-01 8.786381777442904273e-01 9.223849046221270775e-01 9.067400459945367253e-01 7.646368525563427276e-01 7.341260765393560206e-01 7.182671437316763274e-01 7.772757512634091981e-01 7.984116191114178918e-01 8.256808302660640919e-01 7.427129864502699519e-01 0.000000000000000000e+00
