0.000000000000000000e+00 1.000000000000000000e+00 2.000000000000000000e+00 3.000000000000000000e+00 4.000000000000000000e+00 5.000000000000000000e+00 6.000000000000000000e+00 7.000000000000000000e+00 8.000000000000000000e+00 9.000000000000000000e+00 1.000000000000000000e+01 1.100000000000000000e+01 1.200000000000000000e+01 1.300000000000000000e+01 1.400000000000000000e+01 1.500000000000000000e+01 1.600000000000000000e+01 1.700000000000000000e+01 1.800000000000000000e+01 1.900000000000000000e+01 2.000000000000000000e+01 2.100000000000000000e+01 2.200000000000000000e+01 2.300000000000000000e+01 2.400000000000000000e+01 2.500000000000000000e+01 2.600000000000000000e+01 2.700000000000000000e+01 2.800000000000000000e+01 2.900000000000000000e+01 3.000000000000000000e+01 3.100000000000000000e+01 3.200000000000000000e+01
1.000000000000000000e+00 0.000000000000000000e+00 7.481630300658728139e-01 7.897483859328405797e-01 7.421665351038340130e-01 7.883087808241195926e-01 8.115394643555712273e-01 8.055078449160154586e-01 8.397840954100643795e-01 7.527675859983339324e-01 8.300211681377298589e-01 8.114134835846587013e-01 8.261112244939861071e-01 8.318956897134510697e-01 1.030287167499260637e+00 8.549914206138218287e-01 9.672929767516431632e-01 9.937716284079426421e-01 9.769652437734119843e-01 1.031424674817839948e+00 9.951247679419907843e-01 8.780266422881750632e-01 9.798773029841411075e-01 8.848565488596022988e-01 8.909234436277272406e-01 9.685083295772843881e-01 9.872731988493445021e-01 1.000431985932807244e+00 9.308623101276582990e-01 9.247332837189262689e-01 9.176845237503227226e-01 9.383690014359007403e-01 9.828685483412743507e-01
2.000000000000000000e+00 7.481630300658728139e-01 0.000000000000000000e+00 7.273537914418711781e-01 6.744213567487802319e-01 7.253374561840801871e-01 7.517754899106153799e-01 7.447933119044346517e-01 7.845649624559170032e-01 6.833521470991691382e-01 7.734531621487006348e-01 7.521874495328886301e-01 7.700733257303995494e-01 7.867058571040295156e-01 9.941137387248004664e-01 8.211840132595822350e-01 9.323323244657881759e-01 9.589402547295219348e-01 9.427933389309637313e-01 9.978903504711913452e-01 9.617576700370802367e-01 8.464978532067990447e-01 9.481726809273102186e-01 8.559736912913877838e-01 8.632723624151171782e-01 9.425117315806915697e-01 9.628742779651585648e-01 9.771748775809576681e-01 9.091941094767124198e-01 9.037419721358986857e-01 8.989252643803172793e-01 9.186211923253313483e-01 9.638436199769969681e-01
3.000000000000000000e+00 7.897483859328405797e-01 7.273537914418711781e-01 0.000000000000000000e+00 5.825024892298531487e-01 4.601649305430077774e-01 5.727394861187325992e-01 6.196124552244940409e-01 6.567627371232871436e-01 6.709299501341637884e-01 6.453026920632936037e-01 7.124693926160519108e-01 7.064757206703742298e-01 7.962782898019780120e-01 9.554435348198317968e-01 8.227203297269085613e-01 8.971807388450931953e-01 9.236480443159856835e-01 9.092877372063261632e-01 9.653407944850151967e-01 9.298280132530185593e-01 8.369043057881742076e-01 9.201961702054880510e-01 8.481332324881289964e-01 8.553286774753604549e-01 9.266382260538318372e-01 9.495653399104085901e-01 9.657848289079575821e-01 9.034922491180445991e-01 8.997814869793169246e-01 8.991644865251945395e-01 9.154030743112440138e-01 9.601653237240520555e-01
4.000000000000000000e+00 7.421665351038340130e-01 6.744213567487802319e-01 5.825024892298531487e-01 0.000000000000000000e+00 5.575651962177909926e-01 6.236237794014741764e-01 6.179444499256036005e-01 6.871806380955922666e-01 6.162097736770112411e-01 6.687152410316170581e-01 6.787349529440511731e-01 6.868952827450600651e-01 7.584184052894231698e-01 9.409789122158280783e-01 7.892911244396800807e-01 8.810039138781120549e-01 9.076524074619251037e-01 8.924626069069525602e-01 9.482388447371845608e-01 9.124033109392537533e-01 8.083062762362696052e-01 9.010664778838736177e-01 8.193720654413811921e-01 8.268883953272371246e-01 9.026075385854052113e-01 9.246221148760392916e-01 9.401373575050062659e-01 8.753120471647815037e-01 8.708971033520106486e-01 8.687251588346370790e-01 8.864233071601617109e-01 9.315813565126086493e-01
5.000000000000000000e+00 7.883087808241195926e-01 7.253374561840801871e-01 4.601649305430077774e-01 5.575651962177909926e-01 0.000000000000000000e+00 5.448922443249489822e-01 5.856985330150380475e-01 6.566702604278111810e-01 6.618310384669480184e-01 6.340374136004565120e-01 7.002099810131474644e-01 6.930610981481448718e-01 7.908150793892536612e-01 9.541467749781284979e-01 8.178895103072438832e-01 8.953635726017243890e-01 9.219957794723835365e-01 9.074304859961133118e-01 9.635814632102988053e-01 9.279539362773110422e-01 8.325022585755481597e-01 9.180342679793785932e-01 8.440374336526108578e-01 8.514226510418302363e-01 9.239535779080519928e-01 9.468855501110190476e-01 9.630875555138673771e-01 9.003700703674337724e-01 8.965939997121775695e-01 8.959316866295065074e-01 9.123488308006411085e-01 9.573009880719270948e-01
6.000000000000000000e+00 8.115394643555712273e-01 7.517754899106153799e-01 5.727394861187325992e-01 6.236237794014741764e-01 5.448922443249489822e-01 0.000000000000000000e+00 5.303355386426392704e-01 5.988238861523234036e-01 6.794717871569478929e-01 5.458869198120435140e-01 6.952825966180558037e-01 6.707393585192478191e-01 7.980481979451403696e-01 9.471533552189814742e-01 8.219727546709070243e-01 8.888491032773710998e-01 9.156763271895372869e-01 9.014526040253909578e-01 9.580873487765078078e-01 9.225149013385769425e-01 8.327120368496168101e-01 9.135962447477944393e-01 8.449384251780438504e-01 8.523563997768485168e-01 9.230508808385536890e-01 9.468460622083517686e-01 9.636705421223461521e-01 9.024949142295388693e-01 8.992540562019467609e-01 8.999589802212323297e-01 9.153470114920783107e-01 9.602915791794918166e-01
7.000000000000000000e+00 8.055078449160154586e-01 7.447933119044346517e-01 6.196124552244940409e-01 6.179444499256036005e-01 5.856985330150380475e-01 5.303355386426392704e-01 0.000000000000000000e+00 6.418166578265183109e-01 6.566129544138362695e-01 5.790800963582292127e-01 6.590498861860394353e-01 6.302477837355293655e-01 7.837531501705785608e-01 9.471132975188552017e-01 8.099401358769333648e-01 8.874423071356178916e-01 9.146212184578393911e-01 8.998154109423008862e-01 9.565734379209140936e-01 9.207080911200942186e-01 8.226756779380848261e-01 9.108445610415166760e-01 8.356916807466796548e-01 8.436696415926389081e-01 9.182056742346565992e-01 9.418464817635526787e-01 9.585046168187125737e-01 8.958570386195450208e-01 8.923288100131233636e-01 8.926458927845256630e-01 9.087364528322090518e-01 9.542145857502034589e-01
8.000000000000000000e+00 8.397840954100643795e-01 7.845649624559170032e-01 6.567627371232871436e-01 6.871806380955922666e-01 6.566702604278111810e-01 5.988238861523234036e-01 6.418166578265183109e-01 0.000000000000000000e+00 7.184680334399916601e-01 5.327605266465000877e-01 7.256696785328198285e-01 6.928928861306009601e-01 8.169374194309710902e-01 9.299898344652943738e-01 8.344647086569929595e-01 8.740478679455281341e-01 9.006719471050327330e-01 8.876393583895698658e-01 9.447321506905990152e-01 9.096088293664197355e-01 8.380255966461638284e-01 9.031952486796511748e-01 8.499949310587107121e-01 8.566855176458362253e-01 9.198391573680176903e-01 9.448990824325075311e-01 9.627106645216099157e-01 9.054387575200426586e-01 9.032436531022881576e-01 9.061412009062922435e-01 9.193144184646633299e-01 9.635157935082893088e-01
9.000000000000000000e+00 7.527675859983339324e-01 6.833521470991691382e-01 6.709299501341637884e-01 6.162097736770112411e-01 6.618310384669480184e-01 6.794717871569478929e-01 6.566129544138362695e-01 7.184680334399916601e-01 0.000000000000000000e+00 6.984121636615476802e-01 6.162693600871758104e-01 6.654575877627486591e-01 7.275917106274429891e-01 9.441845711273697539e-01 7.697893569275988668e-01 8.823733087304890255e-01 9.095292156122952720e-01 8.935656502519746525e-01 9.495735330733674484e-01 9.133324477706417088e-01 7.951161028634929906e-01 9.007820930337054888e-01 8.081149488634911116e-01 8.169570242025955276e-01 8.998156786875771695e-01 9.218117302084226639e-01 9.372297083403315909e-01 8.701528655888017827e-01 8.653268924435409959e-01 8.628024195422455689e-01 8.816271596396394461e-01 9.278382953815881296e-01
1.000000000000000000e+01 8.300211681377298589e-01 7.734531621487006348e-01 6.453026920632936037e-01 6.687152410316170581e-01 6.340374136004565120e-01 5.458869198120435140e-01 5.790800963582292127e-01 5.327605266465000877e-01 6.984121636615476802e-01 0.000000000000000000e+00 6.960871443041896089e-01 6.529552030303600318e-01 8.024028676153189821e-01 9.350012711350694783e-01 8.222592514054989365e-01 8.769691084121897795e-01 9.040984095229421813e-01 8.901605457356633888e-01 9.473838327009116433e-01 9.118190681387401408e-01 8.283562019854275871e-01 9.038912645837707815e-01 8.411774308744304207e-01 8.485377918523840934e-01 9.170393634008900952e-01 9.417530270299784290e-01 9.592345565080473424e-01 8.997077386476366456e-01 8.970470206403363678e-01 8.992114060898653838e-01 9.134712933162014714e-01 9.583863171027114936e-01
1.100000000000000000e+01 8.114134835846587013e-01 7.521874495328886301e-01 7.124693926160519108e-01 6.787349529440511731e-01 7.002099810131474644e-01 6.952825966180558037e-01 6.590498861860394353e-01 7.256696785328198285e-01 6.162693600871758104e-01 6.960871443041896089e-01 0.000000000000000000e+00 5.746161757295764616e-01 7.360434291747803837e-01 9.517594444081687310e-01 7.741417508588344099e-01 8.887591599670778830e-01 9.167950075307945701e-01 9.005445778419061131e-01 9.576190238581525627e-01 9.210219939924431110e-01 7.960095790954839767e-01 9.087966365238756561e-01 8.127456059100206520e-01 8.231584180263685768e-01 9.110593229048423725e-01 9.345581627998248431e-01 9.509572499009801838e-01 8.840010426330027205e-01 8.796764243854161558e-01 8.792375524157128863e-01 8.974397179373951872e-01 9.448218535946620866e-01
1.200000000000000000e+01 8.261112244939861071e-01 7.700733257303995494e-01 7.064757206703742298e-01 6.868952827450600651e-01 6.930610981481448718e-01 6.707393585192478191e-01 6.302477837355293655e-01 6.928928861306009601e-01 6.654575877627486591e-01 6.529552030303600318e-01 5.746161757295764616e-01 0.000000000000000000e+00 7.613302324767119433e-01 9.393703917652462820e-01 7.863219850748903728e-01 8.770372103634631600e-01 9.053201292255314003e-01 8.895391169589395020e-01 9.472352921945772497e-01 9.107261569607403295e-01 7.979205353663441080e-01 8.998573248589091245e-01 8.144264917227816980e-01 8.241082572436028153e-01 9.068272209203066536e-01 9.313459225343146963e-01 9.484905687999025670e-01 8.840901047652722777e-01 8.805723338666130440e-01 8.819051715138533920e-01 8.983921784670312327e-01 9.453543634888735836e-01
1.300000000000000000e+01 8.318956897134510697e-01 7.867058571040295156e-01 7.962782898019780120e-01 7.584184052894231698e-01 7.908150793892536612e-01 7.980481979451403696e-01 7.837531501705785608e-01 8.169374194309710902e-01 7.275917106274429891e-01 8.024028676153189821e-01 7.360434291747803837e-01 7.613302324767119433e-01 0.000000000000000000e+00 9.813241047482796908e-01 6.805261348867823745e-01 9.145337230164609643e-01 9.427573626786874827e-01 9.245437223200088095e-01 9.807046606673337497e-01 9.433839977649212116e-01 7.676451469537461936e-01 9.268365095728864356e-01 7.876439540268533879e-01 8.027601446642450567e-01 9.162962327038112198e-01 9.379048115979941036e-01 9.528089696519068674e-01 8.764166342645742791e-01 8.695262233746364755e-01 8.646761184012087265e-01 8.891520692617602695e-01 9.398255567943240019e-01
1.400000000000000000e+01 1.030287167499260637e+00 9.941137387248004664e-01 9.554435348198317968e-01 9.409789122158280783e-01 9.541467749781284979e-01 9.471533552189814742e-01 9.471132975188552017e-01 9.299898344652943738e-01 9.441845711273697539e-01 9.350012711350694783e-01 9.517594444081687310e-01 9.393703917652462820e-01 9.813241047482796908e-01 0.000000000000000000e+00 9.690104020231253834e-01 6.553907759371520036e-01 5.729861222439237567e-01 6.452649457118084797e-01 6.073406597449737543e-01 6.367130014630413282e-01 9.368917715460312046e-01 7.144075658762626402e-01 9.367951737610549223e-01 9.326787025096915373e-01 8.511592764416283652e-01 8.806397735211196620e-01 9.069288025966137923e-01 9.266427462105533142e-01 9.365983629175657077e-01 9.577726600084014441e-01 9.417870988602701221e-01 9.612335033256692585e-01
1.500000000000000000e+01 8.549914206138218287e-01 8.211840132595822350e-01 8.227203297269085613e-01 7.892911244396800807e-01 8.178895103072438832e-01 8.219727546709070243e-01 8.099401358769333648e-01 8.344647086569929595e-01 7.697893569275988668e-01 8.222592514054989365e-01 7.741417508588344099e-01 7.863219850748903728e-01 6.805261348867823745e-01 9.690104020231253834e-01 0.000000000000000000e+00 8.994370887880984711e-01 9.283809388363949422e-01 9.089102501492316577e-01 9.654076365536077287e-01 9.274201827433872225e-01 6.908240087804156104e-01 9.087651858338364752e-01 7.210081802828127717e-01 7.456149807870567914e-01 8.938730303483960471e-01 9.162740159828016706e-01 9.315589157109802620e-01 8.473757002295150276e-01 8.388934258397947596e-01 8.334665552289618473e-01 8.628747764280773058e-01 9.184713054281860023e-01
1.600000000000000000e+01 9.672929767516431632e-01 9.323323244657881759e-01 8.971807388450931953e-01 8.810039138781120549e-01 8.953635726017243890e-01 8.888491032773710998e-01 8.874423071356178916e-01 8.740478679455281341e-01 8.823733087304890255e-01 8.769691084121897795e-01 8.887591599670778830e-01 8.770372103634631600e-01 9.145337230164609643e-01 6.553907759371520036e-01 8.994370887880984711e-01 0.000000000000000000e+00 5.481997804809012331e-01 4.618411446137977716e-01 6.509877635176377630e-01 5.785914964850229492e-01 8.632926634231774532e-01 6.179126585229334223e-01 8.621346633267563675e-01 8.569535894351530958e-01 7.716378736883663381e-01 8.070809734990166406e-01 8.352642678791513120e-01 8.488228534563269090e-01 8.595814225967656208e-01 8.826002894911900709e-01 8.656056976062396213e-01 8.879045770658385850e-01
1.700000000000000000e+01 9.937716284079426421e-01 9.589402547295219348e-01 9.236480443159856835e-01 9.076524074619251037e-01 9.219957794723835365e-01 9.156763271895372869e-01 9.146212184578393911e-01 9.006719471050327330e-01 9.095292156122952720e-01 9.040984095229421813e-01 9.167950075307945701e-01 9.053201292255314003e-01 9.427573626786874827e-01 5.729861222439237567e-01 9.283809388363949422e-01 5.481997804809012331e-01 0.000000000000000000e+00 5.052505822921988798e-01 5.623585412720972787e-01 5.099018240225510201e-01 8.938227434882242139e-01 6.270222795021261897e-01 8.925327927276813789e-01 8.873972688918262408e-01 7.908875485142098372e-01 8.221571008454781060e-01 8.497111177750531485e-01 8.755461439258664935e-01 8.866976703286507666e-01 9.095816700507580732e-01 8.908272156694780897e-01 9.083510863057103757e-01
1.800000000000000000e+01 9.769652437734119843e-01 9.427933389309637313e-01 9.092877372063261632e-01 8.924626069069525602e-01 9.074304859961133118e-01 9.014526040253909578e-01 8.998154109423008862e-01 8.876393583895698658e-01 8.935656502519746525e-01 8.901605457356633888e-01 9.005445778419061131e-01 8.895391169589395020e-01 9.245437223200088095e-01 6.452649457118084797e-01 9.089102501492316577e-01 4.618411446137977716e-01 5.052505822921988798e-01 0.000000000000000000e+00 6.118634731990912901e-01 5.051320791328262061e-01 8.726523296754813419e-01 5.782901624526864959e-01 8.707104653397483851e-01 8.649783014650797019e-01 7.631272004780217388e-01 7.975225375091629099e-01 8.262262894686980275e-01 8.508430367443635678e-01 8.625692847441844835e-01 8.864813055022594535e-01 8.667311379422553141e-01 8.849787275653956398e-01
1.900000000000000000e+01 1.031424674817839948e+00 9.978903504711913452e-01 9.653407944850151967e-01 9.482388447371845608e-01 9.635814632102988053e-01 9.580873487765078078e-01 9.565734379209140936e-01 9.447321506905990152e-01 9.495735330733674484e-01 9.473838327009116433e-01 9.576190238581525627e-01 9.472352921945772497e-01 9.807046606673337497e-01 6.073406597449737543e-01 9.654076365536077287e-01 6.509877635176377630e-01 5.623585412720972787e-01 6.118634731990912901e-01 0.000000000000000000e+00 5.345415548966507835e-01 9.306043692920278332e-01 6.383906519374024091e-01 9.281709763580947570e-01 9.222459908231542824e-01 8.017323636547605270e-01 8.279093543463807992e-01 8.550766789929942213e-01 9.014516124362670357e-01 9.139891214675454068e-01 9.380562865429514785e-01 9.149968317743513158e-01 9.248727645073554493e-01
2.000000000000000000e+01 9.951247679419907843e-01 9.617576700370802367e-01 9.298280132530185593e-01 9.124033109392537533e-01 9.279539362773110422e-01 9.225149013385769425e-01 9.207080911200942186e-01 9.096088293664197355e-01 9.133324477706417088e-01 9.118190681387401408e-01 9.210219939924431110e-01 9.107261569607403295e-01 9.433839977649212116e-01 6.367130014630413282e-01 9.274201827433872225e-01 5.785914964850229492e-01 5.099018240225510201e-01 5.051320791328262061e-01 5.345415548966507835e-01 0.000000000000000000e+00 8.914935518613928966e-01 5.582928956171685497e-01 8.888367138492312414e-01 8.826508498046580220e-01 7.624966385959722759e-01 7.931925345525833171e-01 8.217900192599789655e-01 8.620349352251113206e-01 8.747228064664051006e-01 8.993197967989811081e-01 8.764612285028750005e-01 8.888604784424259941e-01
2.100000000000000000e+01 8.780266422881750632e-01 8.464978532067990447e-01 8.369043057881742076e-01 8.083062762362696052e-01 8.325022585755481597e-01 8.327120368496168101e-01 8.226756779380848261e-01 8.380255966461638284e-01 7.951161028634929906e-01 8.283562019854275871e-01 7.960095790954839767e-01 7.979205353663441080e-01 7.676451469537461936e-01 9.368917715460312046e-01 6.908240087804156104e-01 8.632926634231774532e-01 8.938227434882242139e-01 8.726523296754813419e-01 9.306043692920278332e-01 8.914935518613928966e-01 0.000000000000000000e+00 8.706748944647851873e-01 5.494958449389149013e-01 6.221290882876208128e-01 8.544760323157657433e-01 8.803119878277817500e-01 8.976165227985910544e-01 8.039263070880731110e-01 7.950427814916204428e-01 7.953671075053082573e-01 8.266702438868029912e-01 8.895227944955480526e-01
2.200000000000000000e+01 9.798773029841411075e-01 9.481726809273102186e-01 9.201961702054880510e-01 9.010664778838736177e-01 9.180342679793785932e-01 9.135962447477944393e-01 9.108445610415166760e-01 9.031952486796511748e-01 9.007820930337054888e-01 9.038912645837707815e-01 9.087966365238756561e-01 8.998573248589091245e-01 9.268365095728864356e-01 7.144075658762626402e-01 9.087651858338364752e-01 6.179126585229334223e-01 6.270222795021261897e-01 5.782901624526864959e-01 6.383906519374024091e-01 5.582928956171685497e-01 8.706748944647851873e-01 0.000000000000000000e+00 8.663210712349407316e-01 8.587658566055523801e-01 7.102618710294509308e-01 7.469791069421599650e-01 7.789385953347165437e-01 8.281899939333510208e-01 8.427959997558621685e-01 8.698111679267092056e-01 8.425181968510724317e-01 8.520754198828083270e-01
2.300000000000000000e+01 8.848565488596022988e-01 8.559736912913877838e-01 8.481332324881289964e-01 8.193720654413811921e-01 8.440374336526108578e-01 8.449384251780438504e-01 8.356916807466796548e-01 8.499949310587107121e-01 8.081149488634911116e-01 8.411774308744304207e-01 8.127456059100206520e-01 8.144264917227816980e-01 7.876439540268533879e-01 9.367951737610549223e-01 7.210081802828127717e-01 8.621346633267563675e-01 8.925327927276813789e-01 8.707104653397483851e-01 9.281709763580947570e-01 8.888367138492312414e-01 5.494958449389149013e-01 8.663210712349407316e-01 0.000000000000000000e+00 5.159077781172830557e-01 8.446256497745970870e-01 8.704936292462374103e-01 8.877370122956318443e-01 7.850963047886214685e-01 7.740558386862718132e-01 7.737829950032270032e-01 8.104104474004014680e-01 8.781482680964219911e-01
2.400000000000000000e+01 8.909234436277272406e-01 8.632723624151171782e-01 8.553286774753604549e-01 8.268883953272371246e-01 8.514226510418302363e-01 8.523563997768485168e-01 8.436696415926389081e-01 8.566855176458362253e-01 8.169570242025955276e-01 8.485377918523840934e-01 8.231584180263685768e-01 8.241082572436028153e-01 8.027601446642450567e-01 9.326787025096915373e-01 7.456149807870567914e-01 8.569535894351530958e-01 8.873972688918262408e-01 8.649783014650797019e-01 9.222459908231542824e-01 8.826508498046580220e-01 6.221290882876208128e-01 8.587658566055523801e-01 5.159077781172830557e-01 0.000000000000000000e+00 8.331565388553053841e-01 8.596181602884457318e-01 8.771660813778747734e-01 7.665115711052761238e-01 7.540216661618369676e-01 7.555429672267887087e-01 7.951990935114507941e-01 8.674593760356158478e-01
2.500000000000000000e+01 9.685083295772843881e-01 9.425117315806915697e-01 9.266382260538318372e-01 9.026075385854052113e-01 9.239535779080519928e-01 9.230508808385536890e-01 9.182056742346565992e-01 9.198391573680176903e-01 8.998156786875771695e-01 9.170393634008900952e-01 9.110593229048423725e-01 9.068272209203066536e-01 9.162962327038112198e-01 8.511592764416283652e-01 8.938730303483960471e-01 7.716378736883663381e-01 7.908875485142098372e-01 7.631272004780217388e-01 8.017323636547605270e-01 7.624966385959722759e-01 8.544760323157657433e-01 7.102618710294509308e-01 8.446256497745970870e-01 8.331565388553053841e-01 0.000000000000000000e+00 5.847799480790093485e-01 6.560485461799299145e-01 7.515065837903958101e-01 7.758414846522766473e-01 8.117328649062630630e-01 7.592956251053759598e-01 7.506369151187900490e-01
2.600000000000000000e+01 9.872731988493445021e-01 9.628742779651585648e-01 9.495653399104085901e-01 9.246221148760392916e-01 9.468855501110190476e-01 9.468460622083517686e-01 9.418464817635526787e-01 9.448990824325075311e-01 9.218117302084226639e-01 9.417530270299784290e-01 9.345581627998248431e-01 9.313459225343146963e-01 9.379048115979941036e-01 8.806397735211196620e-01 9.162740159828016706e-01 8.070809734990166406e-01 8.221571008454781060e-01 7.975225375091629099e-01 8.279093543463807992e-01 7.931925345525833171e-01 8.803119878277817500e-01 7.469791069421599650e-01 8.704936292462374103e-01 8.596181602884457318e-01 5.847799480790093485e-01 0.000000000000000000e+00 5.302628707944432307e-01 7.744263509874236284e-01 7.971257508088155364e-01 8.290286150692857126e-01 7.719594197178600847e-01 7.209774348776522013e-01
2.700000000000000000e+01 1.000431985932807244e+00 9.771748775809576681e-01 9.657848289079575821e-01 9.401373575050062659e-01 9.630875555138673771e-01 9.636705421223461521e-01 9.585046168187125737e-01 9.627106645216099157e-01 9.372297083403315909e-01 9.592345565080473424e-01 9.509572499009801838e-01 9.484905687999025670e-01 9.528089696519068674e-01 9.069288025966137923e-01 9.315589157109802620e-01 8.352642678791513120e-01 8.497111177750531485e-01 8.262262894686980275e-01 8.550766789929942213e-01 8.217900192599789655e-01 8.976165227985910544e-01 7.789385953347165437e-01 8.877370122956318443e-01 8.771660813778747734e-01 6.560485461799299145e-01 5.302628707944432307e-01 0.000000000000000000e+00 7.913350360769362268e-01 8.124808096046091110e-01 8.415151879470911256e-01 7.836109430122879527e-01 7.033490474036357964e-01
2.800000000000000000e+01 9.308623101276582990e-01 9.091941094767124198e-01 9.034922491180445991e-01 8.753120471647815037e-01 9.003700703674337724e-01 9.024949142295388693e-01 8.958570386195450208e-01 9.054387575200426586e-01 8.701528655888017827e-01 8.997077386476366456e-01 8.840010426330027205e-01 8.840901047652722777e-01 8.764166342645742791e-01 9.266427462105533142e-01 8.473757002295150276e-01 8.488228534563269090e-01 8.755461439258664935e-01 8.508430367443635678e-01 9.014516124362670357e-01 8.620349352251113206e-01 8.039263070880731110e-01 8.281899939333510208e-01 7.850963047886214685e-01 7.665115711052761238e-01 7.515065837903958101e-01 7.744263509874236284e-01 7.913350360769362268e-01 0.000000000000000000e+00 5.294097231030826523e-01 6.619815430568037895e-01 5.847944948564292034e-01 7.656125480000445238e-01
2.900000000000000000e+01 9.247332837189262689e-01 9.037419721358986857e-01 8.997814869793169246e-01 8.708971033520106486e-01 8.965939997121775695e-01 8.992540562019467609e-01 8.923288100131233636e-01 9.032436531022881576e-01 8.653268924435409959e-01 8.970470206403363678e-01 8.796764243854161558e-01 8.805723338666130440e-01 8.695262233746364755e-01 9.365983629175657077e-01 8.388934258397947596e-01 8.595814225967656208e-01 8.866976703286507666e-01 8.625692847441844835e-01 9.139891214675454068e-01 8.747228064664051006e-01 7.950427814916204428e-01 8.427959997558621685e-01 7.740558386862718132e-01 7.540216661618369676e-01 7.758414846522766473e-01 7.971257508088155364e-01 8.124808096046091110e-01 5.294097231030826523e-01 0.000000000000000000e+00 6.046673670047507665e-01 6.213872981575769838e-01 7.842069117581266235e-01
3.000000000000000000e+01 9.176845237503227226e-01 8.989252643803172793e-01 8.991644865251945395e-01 8.687251588346370790e-01 8.959316866295065074e-01 8.999589802212323297e-01 8.926458927845256630e-01 9.061412009062922435e-01 8.628024195422455689e-01 8.992114060898653838e-01 8.792375524157128863e-01 8.819051715138533920e-01 8.646761184012087265e-01 9.577726600084014441e-01 8.334665552289618473e-01 8.826002894911900709e-01 9.095816700507580732e-01 8.864813055022594535e-01 9.380562865429514785e-01 8.993197967989811081e-01 7.953671075053082573e-01 8.698111679267092056e-01 7.737829950032270032e-01 7.555429672267887087e-01 8.117328649062630630e-01 8.290286150692857126e-01 8.415151879470911256e-01 6.619815430568037895e-01 6.046673670047507665e-01 0.000000000000000000e+00 6.803710603547996616e-01 8.070490930580650479e-01
3.100000000000000000e+01 9.383690014359007403e-01 9.186211923253313483e-01 9.154030743112440138e-01 8.864233071601617109e-01 9.123488308006411085e-01 9.153470114920783107e-01 9.087364528322090518e-01 9.193144184646633299e-01 8.816271596396394461e-01 9.134712933162014714e-01 8.974397179373951872e-01 8.983921784670312327e-01 8.891520692617602695e-01 9.417870988602701221e-01 8.628747764280773058e-01 8.656056976062396213e-01 8.908272156694780897e-01 8.667311379422553141e-01 9.149968317743513158e-01 8.764612285028750005e-01 8.266702438868029912e-01 8.425181968510724317e-01 8.104104474004014680e-01 7.951990935114507941e-01 7.592956251053759598e-01 7.719594197178600847e-01 7.836109430122879527e-01 5.847944948564292034e-01 6.213872981575769838e-01 6.803710603547996616e-01 0.000000000000000000e+00 7.356619817979638265e-01
3.200000000000000000e+01 9.828685483412743507e-01 9.638436199769969681e-01 9.601653237240520555e-01 9.315813565126086493e-01 9.573009880719270948e-01 9.602915791794918166e-01 9.542145857502034589e-01 9.635157935082893088e-01 9.278382953815881296e-01 9.583863171027114936e-01 9.448218535946620866e-01 9.453543634888735836e-01 9.398255567943240019e-01 9.612335033256692585e-01 9.184713054281860023e-01 8.879045770658385850e-01 9.083510863057103757e-01 8.849787275653956398e-01 9.248727645073554493e-01 8.888604784424259941e-01 8.895227944955480526e-01 8.520754198828083270e-01 8.781482680964219911e-01 8.674593760356158478e-01 7.506369151187900490e-01 7.209774348776522013e-01 7.033490474036357964e-01 7.656125480000445238e-01 7.842069117581266235e-01 8.070490930580650479e-01 7.356619817979638265e-01 0.000000000000000000e+00
