0.000000000000000000e+00 1.000000000000000000e+00 2.000000000000000000e+00 3.000000000000000000e+00 4.000000000000000000e+00 5.000000000000000000e+00 6.000000000000000000e+00 7.000000000000000000e+00 8.000000000000000000e+00 9.000000000000000000e+00 1.000000000000000000e+01 1.100000000000000000e+01 1.200000000000000000e+01 1.300000000000000000e+01 1.400000000000000000e+01 1.500000000000000000e+01 1.600000000000000000e+01 1.700000000000000000e+01 1.800000000000000000e+01 1.900000000000000000e+01 2.000000000000000000e+01 2.100000000000000000e+01 2.200000000000000000e+01 2.300000000000000000e+01 2.400000000000000000e+01 2.500000000000000000e+01 2.600000000000000000e+01 2.700000000000000000e+01 2.800000000000000000e+01 2.900000000000000000e+01 3.000000000000000000e+01 3.100000000000000000e+01 3.200000000000000000e+01
1.000000000000000000e+00 0.000000000000000000e+00 8.508121430202084667e-01 9.565459326015524066e-01 9.386641517183977879e-01 9.528950980827255446e-01 9.611376040153092326e-01 9.539024049017545970e-01 9.795860895743963015e-01 9.230801727811244195e-01 9.695679647724380068e-01 9.412779784252317539e-01 9.550548651852202031e-01 9.118183444792725689e-01 1.150751131052665910e+00 8.785564022293472775e-01 1.086564397289359274e+00 1.113647579275409250e+00 1.096412762365343463e+00 1.151624570249179635e+00 1.114947994914865514e+00 9.677515635880690192e-01 1.099464531228742326e+00 9.740152200119358561e-01 9.850071728973860408e-01 1.088245733112008784e+00 1.108832940504270059e+00 1.123751760376113129e+00 1.040024953742911373e+00 1.029504520613326868e+00 9.842542373960766477e-01 1.029823506391588817e+00 9.689044755329400127e-01
2.000000000000000000e+00 8.508121430202084667e-01 0.000000000000000000e+00 8.306064378749369315e-01 8.019430250930359438e-01 8.250920642619949952e-01 8.378262504914761877e-01 8.281630809283648809e-01 8.632301695889544879e-01 7.806250069509304002e-01 8.505827056214514403e-01 8.167759587632951179e-01 8.354498363439264441e-01 8.128347781194701360e-01 1.055356801297607783e+00 7.918421542430733595e-01 9.923276768472129028e-01 1.019501261509304868e+00 1.002899170492100422e+00 1.058649146546830400e+00 1.022152920316325986e+00 8.799759469531184264e-01 1.008234197955659939e+00 8.885965072677866061e-01 9.003193150406944012e-01 1.002316264589990569e+00 1.024105042927505149e+00 1.039856700719767435e+00 9.589205184154974138e-01 9.492447971102333515e-01 9.063139745840885775e-01 9.501680316818670313e-01 8.889079564698031399e-01
3.000000000000000000e+00 9.565459326015524066e-01 8.306064378749369315e-01 0.000000000000000000e+00 5.994263542673572420e-01 4.613854272587671890e-01 5.760396941478282962e-01 6.280178209518876287e-01 6.625681461965436947e-01 7.317837083883289573e-01 6.516190013715648099e-01 7.388356948641795485e-01 7.243581149650302198e-01 8.279647139028897262e-01 9.815587371360436908e-01 7.989949240877853853e-01 9.252849405109535574e-01 9.517852113017095661e-01 9.384711083953776178e-01 9.953497905366119891e-01 9.601388529234120561e-01 8.646823100945230101e-01 9.530554977316814114e-01 8.757321305348160223e-01 8.860867255208290105e-01 9.671922791406999398e-01 9.923582941299815552e-01 1.010619426799630460e+00 9.423302164392302060e-01 9.359556525282350936e-01 9.002572977988715364e-01 9.365692546684534214e-01 8.724198468100544668e-01
4.000000000000000000e+00 9.386641517183977879e-01 8.019430250930359438e-01 5.994263542673572420e-01 0.000000000000000000e+00 5.682226815487447791e-01 6.409054518093260100e-01 6.346695639119230847e-01 7.148424756871957220e-01 6.836379051291696651e-01 6.923398826798314865e-01 7.166195410678454225e-01 7.182090481328600173e-01 8.106808853902555123e-01 9.928140509651701695e-01 7.869732320704823092e-01 9.342865068816887941e-01 9.611900966719439943e-01 9.468496741726168953e-01 1.003644396339034683e+00 9.679774736030717364e-01 8.579433048817374230e-01 9.589796433667767683e-01 8.692698738407771408e-01 8.803211808259071569e-01 9.680437428054740057e-01 9.925196234166668852e-01 1.010230869451591129e+00 9.386293175547548717e-01 9.314789304737811637e-01 8.942617328789409514e-01 9.323877105506659380e-01 8.690733060485053008e-01
5.000000000000000000e+00 9.528950980827255446e-01 8.250920642619949952e-01 4.613854272587671890e-01 5.682226815487447791e-01 0.000000000000000000e+00 5.466651774707860234e-01 5.900993906274085710e-01 6.624264290773024255e-01 7.132222508147794127e-01 6.388294990017682196e-01 7.206528262008627950e-01 7.064869252230863150e-01 8.182832334942599095e-01 9.788788007198843122e-01 7.905756528976617403e-01 9.217575539467217638e-01 9.484947625642519142e-01 9.348352665656196603e-01 9.918211818251971845e-01 9.564288103611411351e-01 8.569165076199124487e-01 9.488142302582696086e-01 8.682894059078196669e-01 8.788774906691506628e-01 9.618146179980444632e-01 9.868982942985815576e-01 1.005072491801155543e+00 9.360171374472929795e-01 9.295023262775006234e-01 8.935982399156917610e-01 9.302534866523244350e-01 8.663218141126250993e-01
6.000000000000000000e+00 9.611376040153092326e-01 8.378262504914761877e-01 5.760396941478282962e-01 6.409054518093260100e-01 5.466651774707860234e-01 0.000000000000000000e+00 5.318397672434111989e-01 6.004236076123893318e-01 7.198149899539290075e-01 5.466710832570433887e-01 7.072310676219654146e-01 6.770691766739098671e-01 8.133740361288682719e-01 9.619362657170913433e-01 7.832454125461612016e-01 9.049985570173351146e-01 9.319125522557776264e-01 9.184396076400707098e-01 9.757732493702124810e-01 9.403949059203955407e-01 8.459346781831033057e-01 9.334067699633041837e-01 8.576997535724990573e-01 8.681102393395868644e-01 9.487146380342512675e-01 9.742761572799927272e-01 9.927821234505866954e-01 9.251898305592947125e-01 9.191065462071565939e-01 8.841945448195619450e-01 9.198746167021383258e-01 8.556264260434821578e-01
7.000000000000000000e+00 9.539024049017545970e-01 8.281630809283648809e-01 6.280178209518876287e-01 6.346695639119230847e-01 5.900993906274085710e-01 5.318397672434111989e-01 0.000000000000000000e+00 6.461591385249104702e-01 6.860577711179922655e-01 5.809346242623529832e-01 6.657967059753563399e-01 6.335562147245303866e-01 7.958840011845568219e-01 9.623265754568131047e-01 7.688742115305249314e-01 9.035788694682835853e-01 9.309365937490681198e-01 9.166884853310339754e-01 9.741495844010998884e-01 9.383881265300000329e-01 8.336385986134832171e-01 9.301118739633646992e-01 8.461418458772280715e-01 8.571471236719673259e-01 9.424286826908552239e-01 9.677113283579292791e-01 9.859582493555119065e-01 9.163575846207545617e-01 9.098746864451283667e-01 8.743157298623845941e-01 9.109572574166662218e-01 8.472627119999150969e-01
8.000000000000000000e+00 9.795860895743963015e-01 8.632301695889544879e-01 6.625681461965436947e-01 7.148424756871957220e-01 6.624264290773024255e-01 6.004236076123893318e-01 6.461591385249104702e-01 0.000000000000000000e+00 7.615261234608194929e-01 5.333376184538689557e-01 7.379173071561181407e-01 6.991395719125612640e-01 8.267793464917553292e-01 9.389674919860533375e-01 7.903177538841075211e-01 8.844194989386611194e-01 9.110379295051158621e-01 8.987401697134680401e-01 9.563792367459489352e-01 9.214773705928043235e-01 8.462230889811842571e-01 9.168593038518102478e-01 8.574904225622148601e-01 8.669275047564909409e-01 9.387449780308514402e-01 9.652376607389485663e-01 9.844722920769193308e-01 9.211924798323714025e-01 9.161348781621900805e-01 8.832313570948934212e-01 9.165217534735989879e-01 8.511897016449426756e-01
9.000000000000000000e+00 9.230801727811244195e-01 7.806250069509304002e-01 7.317837083883289573e-01 6.836379051291696651e-01 7.132222508147794127e-01 7.198149899539290075e-01 6.860577711179922655e-01 7.615261234608194929e-01 0.000000000000000000e+00 7.344873600854833207e-01 6.284315068639286794e-01 6.852705256554747493e-01 7.505955044957358657e-01 9.875772159493367841e-01 7.420075971630719636e-01 9.251659034647432556e-01 9.528894646882313246e-01 9.368331596901959823e-01 9.936913921143613049e-01 9.572191884470657719e-01 8.218383290717131695e-01 9.451836366426393798e-01 8.346414033822207035e-01 8.472339270210752504e-01 9.466469345710402106e-01 9.702539400864504948e-01 9.872282929146654062e-01 9.104879197943258617e-01 9.022113611514226417e-01 8.630104956768150926e-01 9.038317615202691169e-01 8.419112843364672250e-01
1.000000000000000000e+01 9.695679647724380068e-01 8.505827056214514403e-01 6.516190013715648099e-01 6.923398826798314865e-01 6.388294990017682196e-01 5.466710832570433887e-01 5.809346242623529832e-01 5.333376184538689557e-01 7.344873600854833207e-01 0.000000000000000000e+00 7.045661684674043856e-01 6.565861789498532719e-01 8.104752349647758036e-01 9.441252250760177045e-01 7.769065131749997022e-01 8.872240983614596566e-01 9.144136175257107091e-01 9.010999234867569374e-01 9.588920207475604141e-01 9.234922634316835577e-01 8.351598494779958193e-01 9.171767812039275380e-01 8.472466654209218628e-01 8.573805411319282976e-01 9.351105206456458152e-01 9.612264881880414613e-01 9.801140638691796525e-01 9.142115980652689711e-01 9.086318043543930578e-01 8.748633116583514058e-01 9.094030424768104748e-01 8.447828010240229224e-01
1.100000000000000000e+01 9.412779784252317539e-01 8.167759587632951179e-01 7.388356948641795485e-01 7.166195410678454225e-01 7.206528262008627950e-01 7.072310676219654146e-01 6.657967059753563399e-01 7.379173071561181407e-01 6.284315068639286794e-01 7.045661684674043856e-01 0.000000000000000000e+00 5.757176132758090592e-01 7.369932494490430974e-01 9.622634885632745938e-01 7.232487895470076644e-01 8.990631021901651643e-01 9.273805634671248299e-01 9.111501952364717827e-01 9.687186115474648584e-01 9.320212661422933031e-01 7.960312375638219917e-01 9.202566076709988163e-01 8.112742050121486415e-01 8.243756662628417553e-01 9.240480756715327981e-01 9.484739961739236946e-01 9.659569754096475336e-01 8.905086802500623566e-01 8.828165180439158100e-01 8.453103609696576148e-01 8.848641135716508455e-01 8.228033932086215030e-01
1.200000000000000000e+01 9.550548651852202031e-01 8.354498363439264441e-01 7.243581149650302198e-01 7.182090481328600173e-01 7.064869252230863150e-01 6.770691766739098671e-01 6.335562147245303866e-01 6.991395719125612640e-01 6.852705256554747493e-01 6.565861789498532719e-01 5.757176132758090592e-01 0.000000000000000000e+00 7.613868083015250532e-01 9.462216453710106112e-01 7.349300679148673687e-01 8.840872627429525732e-01 9.125449814341521915e-01 8.969547800540202953e-01 9.550944409517068134e-01 9.185766684272747007e-01 7.977045715784573110e-01 9.084473277378817269e-01 8.128289299921460653e-01 8.250155576128649360e-01 9.176132766409541563e-01 9.430058306737030271e-01 9.611852652507284489e-01 8.893092977104044561e-01 8.825962436071521644e-01 8.471560714433404859e-01 8.844419326860544217e-01 8.215134537591674002e-01
1.300000000000000000e+01 9.118183444792725689e-01 8.128347781194701360e-01 8.279647139028897262e-01 8.106808853902555123e-01 8.182832334942599095e-01 8.133740361288682719e-01 7.958840011845568219e-01 8.267793464917553292e-01 7.505955044957358657e-01 8.104752349647758036e-01 7.369932494490430974e-01 7.613868083015250532e-01 0.000000000000000000e+00 9.693125937377808921e-01 6.123566971039651197e-01 9.010418799488539854e-01 9.294537729711018770e-01 9.105650970142356027e-01 9.666401911460991148e-01 9.290162152566776577e-01 7.392483153952654762e-01 9.112102406840298929e-01 7.538100087471244493e-01 7.703780748832508296e-01 8.962451447661401449e-01 9.174899549695059164e-01 9.326416877188283827e-01 8.444157285861961793e-01 8.332537923932803459e-01 7.886125954141643968e-01 8.363856939682678959e-01 7.776132531788521041e-01
1.400000000000000000e+01 1.150751131052665910e+00 1.055356801297607783e+00 9.815587371360436908e-01 9.928140509651701695e-01 9.788788007198843122e-01 9.619362657170913433e-01 9.623265754568131047e-01 9.389674919860533375e-01 9.875772159493367841e-01 9.441252250760177045e-01 9.622634885632745938e-01 9.462216453710106112e-01 9.693125937377808921e-01 0.000000000000000000e+00 9.012927352810549131e-01 6.554636709614762857e-01 5.730510391377758861e-01 6.454124964435214995e-01 6.075361650459283336e-01 6.369523819406055498e-01 9.277963886418268968e-01 7.149757477180049836e-01 9.268398563295310311e-01 9.252831680485494870e-01 8.528756163314177297e-01 8.822630122082089077e-01 9.085413620864732920e-01 9.219904073378695220e-01 9.282866394884243810e-01 9.122125307765206470e-01 9.169853105800893633e-01 8.305334448105673451e-01
1.500000000000000000e+01 8.785564022293472775e-01 7.918421542430733595e-01 7.989949240877853853e-01 7.869732320704823092e-01 7.905756528976617403e-01 7.832454125461612016e-01 7.688742115305249314e-01 7.903177538841075211e-01 7.420075971630719636e-01 7.769065131749997022e-01 7.232487895470076644e-01 7.349300679148673687e-01 6.123566971039651197e-01 9.012927352810549131e-01 0.000000000000000000e+00 8.304535918886772894e-01 8.591862927881850354e-01 8.390423593089926246e-01 8.948280626190772136e-01 8.566763278031566120e-01 6.244591921757368658e-01 8.363250671232338451e-01 6.435837041204437448e-01 6.659766350154340264e-01 8.143351827194851289e-01 8.349024076018281004e-01 8.494708925469511840e-01 7.552107204010012342e-01 7.426011828962355565e-01 6.961247434515523969e-01 7.476201883889526112e-01 6.909145153774965964e-01
1.600000000000000000e+01 1.086564397289359274e+00 9.923276768472129028e-01 9.252849405109535574e-01 9.342865068816887941e-01 9.217575539467217638e-01 9.049985570173351146e-01 9.035788694682835853e-01 8.844194989386611194e-01 9.251659034647432556e-01 8.872240983614596566e-01 8.990631021901651643e-01 8.840872627429525732e-01 9.010418799488539854e-01 6.554636709614762857e-01 8.304535918886772894e-01 0.000000000000000000e+00 5.481960614562635392e-01 4.618503857673259549e-01 6.509982423400828555e-01 5.786248048589266446e-01 8.535983005525510370e-01 6.181208999360645606e-01 8.516336823436341241e-01 8.490113950376872998e-01 7.725090544692703176e-01 8.076420832783401949e-01 8.356488639404267005e-01 8.433738780887301001e-01 8.504808244638180081e-01 8.362239494598168177e-01 8.399365825641815775e-01 7.552432644804544237e-01
1.700000000000000000e+01 1.113647579275409250e+00 1.019501261509304868e+00 9.517852113017095661e-01 9.611900966719439943e-01 9.484947625642519142e-01 9.319125522557776264e-01 9.309365937490681198e-01 9.110379295051158621e-01 9.528894646882313246e-01 9.144136175257107091e-01 9.273805634671248299e-01 9.125449814341521915e-01 9.294537729711018770e-01 5.730510391377758861e-01 8.591862927881850354e-01 5.481960614562635392e-01 0.000000000000000000e+00 5.052670312300071576e-01 5.623909010130974107e-01 5.099557048809586490e-01 8.838118733502174917e-01 6.272687249230581852e-01 8.816684169402644322e-01 8.791068306349930639e-01 7.919266682679511060e-01 8.229807686780539200e-01 8.504046373140257131e-01 8.699294597731188627e-01 8.773395317220646916e-01 8.628453170305893094e-01 8.649624255809813533e-01 7.768499476869829001e-01
1.800000000000000000e+01 1.096412762365343463e+00 1.002899170492100422e+00 9.384711083953776178e-01 9.468496741726168953e-01 9.348352665656196603e-01 9.184396076400707098e-01 9.166884853310339754e-01 8.987401697134680401e-01 9.368331596901959823e-01 9.010999234867569374e-01 9.111501952364717827e-01 8.969547800540202953e-01 9.105650970142356027e-01 6.454124964435214995e-01 8.390423593089926246e-01 4.618503857673259549e-01 5.052670312300071576e-01 0.000000000000000000e+00 6.118595335368619548e-01 5.051394256369876601e-01 8.623100598373251158e-01 5.784191541483616472e-01 8.595395884882912618e-01 8.563916166568629196e-01 7.638402332642375558e-01 7.979277048049153720e-01 8.264249020054212913e-01 8.448832808276265371e-01 8.528530848193494052e-01 8.393566453426536400e-01 8.404979689045593005e-01 7.527480976530899204e-01
1.900000000000000000e+01 1.151624570249179635e+00 1.058649146546830400e+00 9.953497905366119891e-01 1.003644396339034683e+00 9.918211818251971845e-01 9.757732493702124810e-01 9.741495844010998884e-01 9.563792367459489352e-01 9.936913921143613049e-01 9.588920207475604141e-01 9.687186115474648584e-01 9.550944409517068134e-01 9.666401911460991148e-01 6.075361650459283336e-01 8.948280626190772136e-01 6.509982423400828555e-01 5.623909010130974107e-01 6.118595335368619548e-01 0.000000000000000000e+00 5.345428711102375718e-01 9.195492914022699305e-01 6.384872591029873146e-01 9.162082345530397909e-01 9.128811756584443993e-01 8.024665331171061400e-01 8.284374722360139387e-01 8.554292480489058548e-01 8.948681240552283089e-01 9.034919665907774622e-01 8.899515233001565884e-01 8.880286301791875392e-01 7.942101612438497993e-01
2.000000000000000000e+01 1.114947994914865514e+00 1.022152920316325986e+00 9.601388529234120561e-01 9.679774736030717364e-01 9.564288103611411351e-01 9.403949059203955407e-01 9.383881265300000329e-01 9.214773705928043235e-01 9.572191884470657719e-01 9.234922634316835577e-01 9.320212661422933031e-01 9.185766684272747007e-01 9.290162152566776577e-01 6.369523819406055498e-01 8.566763278031566120e-01 5.786248048589266446e-01 5.099557048809586490e-01 5.051394256369876601e-01 5.345428711102375718e-01 0.000000000000000000e+00 8.804480155612010028e-01 5.583627771885206759e-01 8.769171275933356213e-01 8.733352157040125130e-01 7.630983220349987217e-01 7.935200372161999027e-01 8.218978147216469132e-01 8.554748754198666649e-01 8.642758935349457161e-01 8.512959917411974109e-01 8.495434760764755122e-01 7.574659890655802696e-01
2.100000000000000000e+01 9.677515635880690192e-01 8.799759469531184264e-01 8.646823100945230101e-01 8.579433048817374230e-01 8.569165076199124487e-01 8.459346781831033057e-01 8.336385986134832171e-01 8.462230889811842571e-01 8.218383290717131695e-01 8.351598494779958193e-01 7.960312375638219917e-01 7.977045715784573110e-01 7.392483153952654762e-01 9.277963886418268968e-01 6.244591921757368658e-01 8.535983005525510370e-01 8.838118733502174917e-01 8.623100598373251158e-01 9.195492914022699305e-01 8.804480155612010028e-01 0.000000000000000000e+00 8.586336882232847856e-01 5.473235091761257110e-01 6.174186730404843670e-01 8.373883966309392246e-01 8.608570211765886881e-01 8.770160266152688955e-01 7.797893067646120002e-01 7.683470520031456807e-01 7.300450236548842176e-01 7.785341783689583295e-01 7.238763210939939130e-01
2.200000000000000000e+01 1.099464531228742326e+00 1.008234197955659939e+00 9.530554977316814114e-01 9.589796433667767683e-01 9.488142302582696086e-01 9.334067699633041837e-01 9.301118739633646992e-01 9.168593038518102478e-01 9.451836366426393798e-01 9.171767812039275380e-01 9.202566076709988163e-01 9.084473277378817269e-01 9.112102406840298929e-01 7.149757477180049836e-01 8.363250671232338451e-01 6.181208999360645606e-01 6.272687249230581852e-01 5.784191541483616472e-01 6.384872591029873146e-01 5.583627771885206759e-01 8.586336882232847856e-01 0.000000000000000000e+00 8.534199657322920629e-01 8.485187596195488124e-01 7.104650606395999102e-01 7.467948378368696183e-01 7.784062853620163924e-01 8.208658819650742622e-01 8.314462755441525132e-01 8.206993334241284854e-01 8.147820835557271213e-01 7.202877444990788414e-01
2.300000000000000000e+01 9.740152200119358561e-01 8.885965072677866061e-01 8.757321305348160223e-01 8.692698738407771408e-01 8.682894059078196669e-01 8.576997535724990573e-01 8.461418458772280715e-01 8.574904225622148601e-01 8.346414033822207035e-01 8.472466654209218628e-01 8.112742050121486415e-01 8.128289299921460653e-01 7.538100087471244493e-01 9.268398563295310311e-01 6.435837041204437448e-01 8.516336823436341241e-01 8.816684169402644322e-01 8.595395884882912618e-01 9.162082345530397909e-01 8.769171275933356213e-01 5.473235091761257110e-01 8.534199657322920629e-01 0.000000000000000000e+00 5.146971385450006542e-01 8.265729500712424294e-01 8.496522072663963421e-01 8.654620415907758879e-01 7.617087706270135872e-01 7.488076609944143147e-01 7.107551927248055845e-01 7.622410993130082080e-01 7.099316549395099374e-01
2.400000000000000000e+01 9.850071728973860408e-01 9.003193150406944012e-01 8.860867255208290105e-01 8.803211808259071569e-01 8.788774906691506628e-01 8.681102393395868644e-01 8.571471236719673259e-01 8.669275047564909409e-01 8.472339270210752504e-01 8.573805411319282976e-01 8.243756662628417553e-01 8.250155576128649360e-01 7.703780748832508296e-01 9.252831680485494870e-01 6.659766350154340264e-01 8.490113950376872998e-01 8.791068306349930639e-01 8.563916166568629196e-01 9.128811756584443993e-01 8.733352157040125130e-01 6.174186730404843670e-01 8.485187596195488124e-01 5.146971385450006542e-01 0.000000000000000000e+00 8.180402417211480870e-01 8.415416554927799275e-01 8.575048249366536979e-01 7.478994776654028787e-01 7.341963091540801845e-01 6.993636892765103807e-01 7.517379406647139994e-01 7.017021993331592489e-01
2.500000000000000000e+01 1.088245733112008784e+00 1.002316264589990569e+00 9.671922791406999398e-01 9.680437428054740057e-01 9.618146179980444632e-01 9.487146380342512675e-01 9.424286826908552239e-01 9.387449780308514402e-01 9.466469345710402106e-01 9.351105206456458152e-01 9.240480756715327981e-01 9.176132766409541563e-01 8.962451447661401449e-01 8.528756163314177297e-01 8.143351827194851289e-01 7.725090544692703176e-01 7.919266682679511060e-01 7.638402332642375558e-01 8.024665331171061400e-01 7.630983220349987217e-01 8.373883966309392246e-01 7.104650606395999102e-01 8.265729500712424294e-01 8.180402417211480870e-01 0.000000000000000000e+00 5.844134352413186129e-01 6.550996817805576633e-01 7.415762448815559349e-01 7.608338755513890383e-01 7.575979972973233556e-01 7.291298107269463813e-01 6.199060529902705730e-01
2.600000000000000000e+01 1.108832940504270059e+00 1.024105042927505149e+00 9.923582941299815552e-01 9.925196234166668852e-01 9.868982942985815576e-01 9.742761572799927272e-01 9.677113283579292791e-01 9.652376607389485663e-01 9.702539400864504948e-01 9.612264881880414613e-01 9.484739961739236946e-01 9.430058306737030271e-01 9.174899549695059164e-01 8.822630122082089077e-01 8.349024076018281004e-01 8.076420832783401949e-01 8.229807686780539200e-01 7.979277048049153720e-01 8.284374722360139387e-01 7.935200372161999027e-01 8.608570211765886881e-01 7.467948378368696183e-01 8.496522072663963421e-01 8.415416554927799275e-01 5.844134352413186129e-01 0.000000000000000000e+00 5.301171593862785691e-01 7.603558649046429085e-01 7.775352675462281482e-01 7.696038588778876255e-01 7.364216690821290268e-01 5.967029935225319770e-01
2.700000000000000000e+01 1.123751760376113129e+00 1.039856700719767435e+00 1.010619426799630460e+00 1.010230869451591129e+00 1.005072491801155543e+00 9.927821234505866954e-01 9.859582493555119065e-01 9.844722920769193308e-01 9.872282929146654062e-01 9.801140638691796525e-01 9.659569754096475336e-01 9.611852652507284489e-01 9.326416877188283827e-01 9.085413620864732920e-01 8.494708925469511840e-01 8.356488639404267005e-01 8.504046373140257131e-01 8.264249020054212913e-01 8.554292480489058548e-01 8.218978147216469132e-01 8.770160266152688955e-01 7.784062853620163924e-01 8.654620415907758879e-01 8.575048249366536979e-01 6.550996817805576633e-01 5.301171593862785691e-01 0.000000000000000000e+00 7.743303202512854533e-01 7.898492234059286687e-01 7.788347208527336418e-01 7.441650120687939296e-01 5.836230580762634679e-01
2.800000000000000000e+01 1.040024953742911373e+00 9.589205184154974138e-01 9.423302164392302060e-01 9.386293175547548717e-01 9.360171374472929795e-01 9.251898305592947125e-01 9.163575846207545617e-01 9.211924798323714025e-01 9.104879197943258617e-01 9.142115980652689711e-01 8.905086802500623566e-01 8.893092977104044561e-01 8.444157285861961793e-01 9.219904073378695220e-01 7.552107204010012342e-01 8.433738780887301001e-01 8.699294597731188627e-01 8.448832808276265371e-01 8.948681240552283089e-01 8.554748754198666649e-01 7.797893067646120002e-01 8.208658819650742622e-01 7.617087706270135872e-01 7.478994776654028787e-01 7.415762448815559349e-01 7.603558649046429085e-01 7.743303202512854533e-01 0.000000000000000000e+00 5.274744864616098816e-01 6.262908542651869359e-01 5.730456889681787569e-01 6.007424538285833782e-01
2.900000000000000000e+01 1.029504520613326868e+00 9.492447971102333515e-01 9.359556525282350936e-01 9.314789304737811637e-01 9.295023262775006234e-01 9.191065462071565939e-01 9.098746864451283667e-01 9.161348781621900805e-01 9.022113611514226417e-01 9.086318043543930578e-01 8.828165180439158100e-01 8.825962436071521644e-01 8.332537923932803459e-01 9.282866394884243810e-01 7.426011828962355565e-01 8.504808244638180081e-01 8.773395317220646916e-01 8.528530848193494052e-01 9.034919665907774622e-01 8.642758935349457161e-01 7.683470520031456807e-01 8.314462755441525132e-01 7.488076609944143147e-01 7.341963091540801845e-01 7.608338755513890383e-01 7.775352675462281482e-01 7.898492234059286687e-01 5.274744864616098816e-01 0.000000000000000000e+00 5.797298967584850748e-01 6.026009141320280982e-01 6.119868411484533643e-01
3.000000000000000000e+01 9.842542373960766477e-01 9.063139745840885775e-01 9.002572977988715364e-01 8.942617328789409514e-01 8.935982399156917610e-01 8.841945448195619450e-01 8.743157298623845941e-01 8.832313570948934212e-01 8.630104956768150926e-01 8.748633116583514058e-01 8.453103609696576148e-01 8.471560714433404859e-01 7.886125954141643968e-01 9.122125307765206470e-01 6.961247434515523969e-01 8.362239494598168177e-01 8.628453170305893094e-01 8.393566453426536400e-01 8.899515233001565884e-01 8.512959917411974109e-01 7.300450236548842176e-01 8.206993334241284854e-01 7.107551927248055845e-01 6.993636892765103807e-01 7.575979972973233556e-01 7.696038588778876255e-01 7.788347208527336418e-01 6.262908542651869359e-01 5.797298967584850748e-01 0.000000000000000000e+00 6.164802121803780732e-01 5.919429432549295766e-01
3.100000000000000000e+01 1.029823506391588817e+00 9.501680316818670313e-01 9.365692546684534214e-01 9.323877105506659380e-01 9.302534866523244350e-01 9.198746167021383258e-01 9.109572574166662218e-01 9.165217534735989879e-01 9.038317615202691169e-01 9.094030424768104748e-01 8.848641135716508455e-01 8.844419326860544217e-01 8.363856939682678959e-01 9.169853105800893633e-01 7.476201883889526112e-01 8.399365825641815775e-01 8.649624255809813533e-01 8.404979689045593005e-01 8.880286301791875392e-01 8.495434760764755122e-01 7.785341783689583295e-01 8.147820835557271213e-01 7.622410993130082080e-01 7.517379406647139994e-01 7.291298107269463813e-01 7.364216690821290268e-01 7.441650120687939296e-01 5.730456889681787569e-01 6.026009141320280982e-01 6.164802121803780732e-01 0.000000000000000000e+00 5.442855025882714637e-01
3.200000000000000000e+01 9.689044755329400127e-01 8.889079564698031399e-01 8.724198468100544668e-01 8.690733060485053008e-01 8.663218141126250993e-01 8.556264260434821578e-01 8.472627119999150969e-01 8.511897016449426756e-01 8.419112843364672250e-01 8.447828010240229224e-01 8.228033932086215030e-01 8.215134537591674002e-01 7.776132531788521041e-01 8.305334448105673451e-01 6.909145153774965964e-01 7.552432644804544237e-01 7.768499476869829001e-01 7.527480976530899204e-01 7.942101612438497993e-01 7.574659890655802696e-01 7.238763210939939130e-01 7.202877444990788414e-01 7.099316549395099374e-01 7.017021993331592489e-01 6.199060529902705730e-01 5.967029935225319770e-01 5.836230580762634679e-01 6.007424538285833782e-01 6.119868411484533643e-01 5.919429432549295766e-01 5.442855025882714637e-01 0.000000000000000000e+00
