0.000000000000000000e+00 1.000000000000000000e+00 2.000000000000000000e+00 3.000000000000000000e+00 4.000000000000000000e+00 5.000000000000000000e+00 6.000000000000000000e+00 7.000000000000000000e+00
1.000000000000000000e+00 0.000000000000000000e+00 6.661138781495299810e+00 1.519480370318719942e+01 1.607711299951632355e+01 1.363891387844405045e+01 1.363240444767147430e+01 1.459160027484191779e+01
2.000000000000000000e+00 6.661138781495299810e+00 0.000000000000000000e+00 1.563228414038836256e+01 1.650697829412996498e+01 1.392982964927175615e+01 1.392756843336694850e+01 1.500519468552044167e+01
3.000000000000000000e+00 1.519480370318719942e+01 1.563228414038836256e+01 0.000000000000000000e+00 1.442528931413421844e+01 1.699669914472399768e+01 1.687948433323578712e+01 1.403103806166992307e+01
4.000000000000000000e+00 1.607711299951632355e+01 1.650697829412996498e+01 1.442528931413421844e+01 0.000000000000000000e+00 1.766167368742901189e+01 1.752872306644672307e+01 1.337280613138107022e+01
5.000000000000000000e+00 1.363891387844405045e+01 1.392982964927175615e+01 1.699669914472399768e+01 1.766167368742901189e+01 0.000000000000000000e+00 9.197441299977549889e+00 1.576547820404562650e+01
6.000000000000000000e+00 1.363240444767147430e+01 1.392756843336694850e+01 1.687948433323578712e+01 1.752872306644672307e+01 9.197441299977549889e+00 0.000000000000000000e+00 1.560382111986399245e+01
7.000000000000000000e+00 1.459160027484191779e+01 1.500519468552044167e+01 1.403103806166992307e+01 1.337280613138107022e+01 1.576547820404562650e+01 1.560382111986399245e+01 0.000000000000000000e+00
