0.000000000000000000e+00 1.000000000000000000e+00 2.000000000000000000e+00 3.000000000000000000e+00 4.000000000000000000e+00 5.000000000000000000e+00 6.000000000000000000e+00 7.000000000000000000e+00
1.000000000000000000e+00 0.000000000000000000e+00 6.096149929597349804e+00 1.412209962859576429e+01 1.496041990553744050e+01 1.251596094687805127e+01 1.248911678187110397e+01 1.340085065406015374e+01
2.000000000000000000e+00 6.096149929597349804e+00 0.000000000000000000e+00 1.454624997670922504e+01 1.537748463945568211e+01 1.280460021951270910e+01 1.278167068396627215e+01 1.380280963896440838e+01
3.000000000000000000e+00 1.412209962859576429e+01 1.454624997670922504e+01 0.000000000000000000e+00 1.362971589854228860e+01 1.580930493512719970e+01 1.568041564499548457e+01 1.307852020273476867e+01
4.000000000000000000e+00 1.496041990553744050e+01 1.537748463945568211e+01 1.362971589854228860e+01 0.000000000000000000e+00 1.644755826280183442e+01 1.630414006598080334e+01 1.249902446493349117e+01
5.000000000000000000e+00 1.251596094687805127e+01 1.280460021951270910e+01 1.580930493512719970e+01 1.644755826280183442e+01 0.000000000000000000e+00 8.466114660749497034e+00 1.450974499459345068e+01
6.000000000000000000e+00 1.248911678187110397e+01 1.278167068396627215e+01 1.568041564499548457e+01 1.630414006598080334e+01 8.466114660749497034e+00 0.000000000000000000e+00 1.433972052098991057e+01
7.000000000000000000e+00 1.340085065406015374e+01 1.380280963896440838e+01 1.307852020273476867e+01 1.249902446493349117e+01 1.450974499459345068e+01 1.433972052098991057e+01 0.000000000000000000e+00
