0.000000000000000000e+00 1.000000000000000000e+00 2.000000000000000000e+00 3.000000000000000000e+00 4.000000000000000000e+00 5.000000000000000000e+00 6.000000000000000000e+00 7.000000000000000000e+00
1.000000000000000000e+00 0.000000000000000000e+00 6.046485699408907344e+00 1.143607372829061042e+01 1.193992810966516949e+01 1.173235927241947962e+01 1.208970415047727087e+01 1.268340696865467265e+01
2.000000000000000000e+00 6.046485699408907344e+00 0.000000000000000000e+00 1.148879586360004446e+01 1.198692518367392346e+01 1.166672324348833456e+01 1.202744921156835645e+01 1.271831983925416409e+01
3.000000000000000000e+00 1.143607372829061042e+01 1.148879586360004446e+01 0.000000000000000000e+00 8.493931581161971778e+00 1.247518257354261806e+01 1.274127399864675070e+01 1.011227307129835395e+01
4.000000000000000000e+00 1.193992810966516949e+01 1.198692518367392346e+01 8.493931581161971778e+00 0.000000000000000000e+00 1.280474181965711367e+01 1.305823885869854806e+01 9.326795691208630501e+00
5.000000000000000000e+00 1.173235927241947962e+01 1.166672324348833456e+01 1.247518257354261806e+01 1.280474181965711367e+01 0.000000000000000000e+00 7.783147939145031557e+00 1.322836556739405722e+01
6.000000000000000000e+00 1.208970415047727087e+01 1.202744921156835645e+01 1.274127399864675070e+01 1.305823885869854806e+01 7.783147939145031557e+00 0.000000000000000000e+00 1.346034253692577209e+01
7.000000000000000000e+00 1.268340696865467265e+01 1.271831983925416409e+01 1.011227307129835395e+01 9.326795691208630501e+00 1.322836556739405722e+01 1.346034253692577209e+01 0.000000000000000000e+00
