0.000000000000000000e+00 1.000000000000000000e+00 2.000000000000000000e+00 3.000000000000000000e+00 4.000000000000000000e+00 5.000000000000000000e+00 6.000000000000000000e+00 7.000000000000000000e+00
1.000000000000000000e+00 0.000000000000000000e+00 5.498939709674588623e-03 2.047683745534349509e+00 1.552829031626132110e-02 1.188814818165627278e-02 1.248671234058180111e-02 1.438734476603021999e-02
2.000000000000000000e+00 5.498939709674588623e-03 0.000000000000000000e+00 2.047761636366157934e+00 1.547679659558261027e-02 1.176667581918011511e-02 1.236606781169390275e-02 1.434760119103519783e-02
3.000000000000000000e+00 2.047683745534349509e+00 2.047761636366157934e+00 0.000000000000000000e+00 2.050076375722823752e+00 2.050356948201993212e+00 2.050922558252350036e+00 2.049000446835263833e+00
4.000000000000000000e+00 1.552829031626132110e-02 1.547679659558261027e-02 2.050076375722823752e+00 0.000000000000000000e+00 1.609696533830037163e-02 1.662918833864041740e-02 1.099304936687172350e-02
5.000000000000000000e+00 1.188814818165627278e-02 1.176667581918011511e-02 2.050356948201993212e+00 1.609696533830037163e-02 0.000000000000000000e+00 7.098887240215146291e-03 1.509292585029038854e-02
6.000000000000000000e+00 1.248671234058180111e-02 1.236606781169390275e-02 2.050922558252350036e+00 1.662918833864041740e-02 7.098887240215146291e-03 0.000000000000000000e+00 1.562243442427114527e-02
7.000000000000000000e+00 1.438734476603021999e-02 1.434760119103519783e-02 2.049000446835263833e+00 1.099304936687172350e-02 1.509292585029038854e-02 1.562243442427114527e-02 0.000000000000000000e+00
