0.000000000000000000e+00 1.000000000000000000e+00 2.000000000000000000e+00 3.000000000000000000e+00 4.000000000000000000e+00 5.000000000000000000e+00 6.000000000000000000e+00 7.000000000000000000e+00
1.000000000000000000e+00 0.000000000000000000e+00 5.502395896317583635e+00 1.282479311293808522e+01 1.111796466671990125e+01 1.069264344140594858e+01 1.102671648623114820e+01 1.167062568839997994e+01
2.000000000000000000e+00 5.502395896317583635e+00 0.000000000000000000e+00 1.287225022025455701e+01 1.115946149403635879e+01 1.063072531222021055e+01 1.096787867259856952e+01 1.170100302547425031e+01
3.000000000000000000e+00 1.282479311293808522e+01 1.287225022025455701e+01 0.000000000000000000e+00 1.026281881465209800e+01 1.377586037684007891e+01 1.402506697390112222e+01 1.164896939909627349e+01
4.000000000000000000e+00 1.111796466671990125e+01 1.115946149403635879e+01 1.026281881465209800e+01 0.000000000000000000e+00 1.189952379056385467e+01 1.213687305287828622e+01 8.757506534646466889e+00
5.000000000000000000e+00 1.069264344140594858e+01 1.063072531222021055e+01 1.377586037684007891e+01 1.189952379056385467e+01 0.000000000000000000e+00 7.084324841908188120e+00 1.216084132711920773e+01
6.000000000000000000e+00 1.102671648623114820e+01 1.096787867259856952e+01 1.402506697390112222e+01 1.213687305287828622e+01 7.084324841908188120e+00 0.000000000000000000e+00 1.237827603197710147e+01
7.000000000000000000e+00 1.167062568839997994e+01 1.170100302547425031e+01 1.164896939909627349e+01 8.757506534646466889e+00 1.216084132711920773e+01 1.237827603197710147e+01 0.000000000000000000e+00
