0.000000000000000000e+00 1.000000000000000000e+00 2.000000000000000000e+00 3.000000000000000000e+00 4.000000000000000000e+00 5.000000000000000000e+00 6.000000000000000000e+00 7.000000000000000000e+00
1.000000000000000000e+00 0.000000000000000000e+00 8.549057319710494721e-03 2.941072733575170739e-01 3.771606959446958118e-01 1.837955449483215931e-01 2.241715868978591819e-01 8.719232931508161255e-02
2.000000000000000000e+00 8.549057319710494721e-03 0.000000000000000000e+00 2.936248542811389362e-01 3.766555246809065727e-01 1.829538599107863039e-01 2.233417251558197092e-01 8.667428354768991206e-02
3.000000000000000000e+00 2.941072733575170739e-01 2.936248542811389362e-01 0.000000000000000000e+00 5.225388765554045412e-01 4.060178499545571418e-01 4.426548016479562309e-01 2.370192672386532140e-01
4.000000000000000000e+00 3.771606959446958118e-01 3.766555246809065727e-01 5.225388765554045412e-01 0.000000000000000000e+00 4.866031240656214507e-01 5.230399385406391266e-01 3.149718761697682945e-01
5.000000000000000000e+00 1.837955449483215931e-01 1.829538599107863039e-01 4.060178499545571418e-01 4.866031240656214507e-01 0.000000000000000000e+00 1.367660452722904429e-01 1.942065018486879013e-01
6.000000000000000000e+00 2.241715868978591819e-01 2.233417251558197092e-01 4.426548016479562309e-01 5.230399385406391266e-01 1.367660452722904429e-01 0.000000000000000000e+00 2.304009972865730116e-01
7.000000000000000000e+00 8.719232931508161255e-02 8.667428354768991206e-02 2.370192672386532140e-01 3.149718761697682945e-01 1.942065018486879013e-01 2.304009972865730116e-01 0.000000000000000000e+00
