0.000000000000000000e+00 1.000000000000000000e+00 2.000000000000000000e+00 3.000000000000000000e+00 4.000000000000000000e+00 5.000000000000000000e+00 6.000000000000000000e+00 7.000000000000000000e+00
1.000000000000000000e+00 0.000000000000000000e+00 5.421398045253683629e-01 7.698553878650615800e-01 8.067948021150732618e-01 6.772358793150023981e-01 6.733746449653492672e-01 8.593204704599169963e-01
2.000000000000000000e+00 5.421398045253683629e-01 0.000000000000000000e+00 8.050564004980169663e-01 8.418863919807189067e-01 7.103252042351717588e-01 7.064684809470060944e-01 8.941015716585410944e-01
3.000000000000000000e+00 7.698553878650615800e-01 8.050564004980169663e-01 0.000000000000000000e+00 7.620265762137952148e-01 7.688756797414926236e-01 7.649778624190639587e-01 8.821736466295867496e-01
4.000000000000000000e+00 8.067948021150732618e-01 8.418863919807189067e-01 7.620265762137952148e-01 0.000000000000000000e+00 8.016031085684394153e-01 7.976780889695394006e-01 8.340992592323640542e-01
5.000000000000000000e+00 6.772358793150023981e-01 7.103252042351717588e-01 7.688756797414926236e-01 8.016031085684394153e-01 0.000000000000000000e+00 5.931668095383579864e-01 8.440954046649656872e-01
6.000000000000000000e+00 6.733746449653492672e-01 7.064684809470060944e-01 7.649778624190639587e-01 7.976780889695394006e-01 5.931668095383579864e-01 0.000000000000000000e+00 8.401080782434490191e-01
7.000000000000000000e+00 8.593204704599169963e-01 8.941015716585410944e-01 8.821736466295867496e-01 8.340992592323640542e-01 8.440954046649656872e-01 8.401080782434490191e-01 0.000000000000000000e+00
