0.000000000000000000e+00 1.000000000000000000e+00 2.000000000000000000e+00 3.000000000000000000e+00 4.000000000000000000e+00 5.000000000000000000e+00 6.000000000000000000e+00 7.000000000000000000e+00
1.000000000000000000e+00 0.000000000000000000e+00 5.497160200638702143e-01 2.999992580595938207e+00 1.194739894738852781e+00 1.089698029897308018e+00 1.125843409087635694e+00 1.204039249060580241e+00
2.000000000000000000e+00 5.497160200638702143e-01 0.000000000000000000e+00 3.004884732135401748e+00 1.198367978913621679e+00 1.083172623665062950e+00 1.119615002986513508e+00 1.206650783029233009e+00
3.000000000000000000e+00 2.999992580595938207e+00 3.004884732135401748e+00 0.000000000000000000e+00 2.799249241203472849e+00 3.105854937478738975e+00 3.133337707889822354e+00 2.895509556020493314e+00
4.000000000000000000e+00 1.194739894738852781e+00 1.198367978913621679e+00 2.799249241203472849e+00 0.000000000000000000e+00 1.270688554165397832e+00 1.296548001550384521e+00 9.536136412105740146e-01
5.000000000000000000e+00 1.089698029897308018e+00 1.083172623665062950e+00 3.105854937478738975e+00 1.270688554165397832e+00 0.000000000000000000e+00 7.080213901047016645e-01 1.251553089695200738e+00
6.000000000000000000e+00 1.125843409087635694e+00 1.119615002986513508e+00 3.133337707889822354e+00 1.296548001550384521e+00 7.080213901047016645e-01 0.000000000000000000e+00 1.275367165785733503e+00
7.000000000000000000e+00 1.204039249060580241e+00 1.206650783029233009e+00 2.895509556020493314e+00 9.536136412105740146e-01 1.251553089695200738e+00 1.275367165785733503e+00 0.000000000000000000e+00
