0.000000000000000000e+00 1.000000000000000000e+00 2.000000000000000000e+00 3.000000000000000000e+00 4.000000000000000000e+00 5.000000000000000000e+00 6.000000000000000000e+00 7.000000000000000000e+00
1.000000000000000000e+00 0.000000000000000000e+00 5.496855656157390024e-01 1.040697541574523655e+00 1.086434308887942457e+00 1.074303040541636944e+00 1.106921829676458691e+00 1.153760913359196838e+00
2.000000000000000000e+00 5.496855656157390024e-01 0.000000000000000000e+00 1.045538698204993011e+00 1.090760951773299237e+00 1.068533830292200948e+00 1.101464066731962399e+00 1.156997666555410920e+00
3.000000000000000000e+00 1.040697541574523655e+00 1.045538698204993011e+00 0.000000000000000000e+00 7.721343086342093986e-01 1.137122204180526674e+00 1.161357899919756465e+00 9.189430929485595811e-01
4.000000000000000000e+00 1.086434308887942457e+00 1.090760951773299237e+00 7.721343086342093986e-01 0.000000000000000000e+00 1.166669640410656461e+00 1.189747583575379908e+00 8.476946435204326669e-01
5.000000000000000000e+00 1.074303040541636944e+00 1.068533830292200948e+00 1.137122204180526674e+00 1.166669640410656461e+00 0.000000000000000000e+00 7.076347447633526411e-01 1.204228516210783528e+00
6.000000000000000000e+00 1.106921829676458691e+00 1.101464066731962399e+00 1.161357899919756465e+00 1.189747583575379908e+00 7.076347447633526411e-01 0.000000000000000000e+00 1.225325145221918266e+00
7.000000000000000000e+00 1.153760913359196838e+00 1.156997666555410920e+00 9.189430929485595811e-01 8.476946435204326669e-01 1.204228516210783528e+00 1.225325145221918266e+00 0.000000000000000000e+00
