0.000000000000000000e+00 1.000000000000000000e+00 2.000000000000000000e+00 3.000000000000000000e+00 4.000000000000000000e+00 5.000000000000000000e+00 6.000000000000000000e+00 7.000000000000000000e+00
1.000000000000000000e+00 0.000000000000000000e+00 6.089483107140311047e-01 3.447470905680670938e+00 1.650367657298791979e+00 2.201265061435148329e+00 2.339361636742665507e+00 1.690533411239683481e+00
2.000000000000000000e+00 6.089483107140311047e-01 0.000000000000000000e+00 3.375110771649053376e+00 1.577352276502019812e+00 2.115487998615103837e+00 2.253862846421448740e+00 1.616575822356507430e+00
3.000000000000000000e+00 3.447470905680670938e+00 3.375110771649053376e+00 0.000000000000000000e+00 2.754155032636405043e+00 4.047990014438479278e+00 4.170819209256316995e+00 2.898568053716345183e+00
4.000000000000000000e+00 1.650367657298791979e+00 1.577352276502019812e+00 2.754155032636405043e+00 0.000000000000000000e+00 2.216437727344970465e+00 2.337706696679351825e+00 9.604952159557127445e-01
5.000000000000000000e+00 2.201265061435148329e+00 2.115487998615103837e+00 4.047990014438479278e+00 2.216437727344970465e+00 0.000000000000000000e+00 9.632456142224685713e-01 2.204055760364139971e+00
6.000000000000000000e+00 2.339361636742665507e+00 2.253862846421448740e+00 4.170819209256316995e+00 2.337706696679351825e+00 9.632456142224685713e-01 0.000000000000000000e+00 2.322726636372069109e+00
7.000000000000000000e+00 1.690533411239683481e+00 1.616575822356507430e+00 2.898568053716345183e+00 9.604952159557127445e-01 2.204055760364139971e+00 2.322726636372069109e+00 0.000000000000000000e+00
