0.000000000000000000e+00 1.000000000000000000e+00 2.000000000000000000e+00 3.000000000000000000e+00 4.000000000000000000e+00 5.000000000000000000e+00 6.000000000000000000e+00 7.000000000000000000e+00
1.000000000000000000e+00 0.000000000000000000e+00 5.232829780740451131e-01 9.299115464833159761e-01 9.732859704789361688e-01 9.984450265038063987e-01 1.029532572326198991e+00 1.042250324902799452e+00
2.000000000000000000e+00 5.232829780740451131e-01 0.000000000000000000e+00 9.640288456343867329e-01 1.007122580847424231e+00 1.023484523981017524e+00 1.054863463357169184e+00 1.075385560764010595e+00
3.000000000000000000e+00 9.299115464833159761e-01 9.640288456343867329e-01 0.000000000000000000e+00 7.251770039720580874e-01 1.087155607251093503e+00 1.109750157118211789e+00 8.535088535160650913e-01
4.000000000000000000e+00 9.732859704789361688e-01 1.007122580847424231e+00 7.251770039720580874e-01 0.000000000000000000e+00 1.119750191968337028e+00 1.141461343190528055e+00 8.113705316924391120e-01
5.000000000000000000e+00 9.984450265038063987e-01 1.023484523981017524e+00 1.087155607251093503e+00 1.119750191968337028e+00 0.000000000000000000e+00 7.074313468902027058e-01 1.164947615526815472e+00
6.000000000000000000e+00 1.029532572326198991e+00 1.054863463357169184e+00 1.109750157118211789e+00 1.141461343190528055e+00 7.074313468902027058e-01 0.000000000000000000e+00 1.184905046225272596e+00
7.000000000000000000e+00 1.042250324902799452e+00 1.075385560764010595e+00 8.535088535160650913e-01 8.113705316924391120e-01 1.164947615526815472e+00 1.184905046225272596e+00 0.000000000000000000e+00
