0.000000000000000000e+00 1.000000000000000000e+00 2.000000000000000000e+00 3.000000000000000000e+00 4.000000000000000000e+00 5.000000000000000000e+00 6.000000000000000000e+00 7.000000000000000000e+00
1.000000000000000000e+00 0.000000000000000000e+00 5.436460954567553516e-01 8.486371132437069420e-01 8.948033675801470022e-01 8.081022720883223043e-01 8.130846581904225268e-01 9.597737212616066493e-01
2.000000000000000000e+00 5.436460954567553516e-01 0.000000000000000000e+00 8.760062158735246740e-01 9.218113634089564190e-01 8.298362838437555178e-01 8.348764931034575731e-01 9.860731660704851187e-01
3.000000000000000000e+00 8.486371132437069420e-01 8.760062158735246740e-01 0.000000000000000000e+00 7.668404049541217571e-01 8.808021245695268897e-01 8.849906061119239276e-01 9.016752952502797847e-01
4.000000000000000000e+00 8.948033675801470022e-01 9.218113634089564190e-01 7.668404049541217571e-01 0.000000000000000000e+00 9.146365770891545788e-01 9.186105953139922509e-01 8.422743717858540702e-01
5.000000000000000000e+00 8.081022720883223043e-01 8.298362838437555178e-01 8.808021245695268897e-01 9.146365770891545788e-01 0.000000000000000000e+00 6.148882212257771318e-01 9.573291892540503056e-01
6.000000000000000000e+00 8.130846581904225268e-01 8.348764931034575731e-01 8.849906061119239276e-01 9.186105953139922509e-01 6.148882212257771318e-01 0.000000000000000000e+00 9.609231097474559835e-01
7.000000000000000000e+00 9.597737212616066493e-01 9.860731660704851187e-01 9.016752952502797847e-01 8.422743717858540702e-01 9.573291892540503056e-01 9.609231097474559835e-01 0.000000000000000000e+00
