0.000000000000000000e+00 1.000000000000000000e+00 2.000000000000000000e+00 3.000000000000000000e+00 4.000000000000000000e+00 5.000000000000000000e+00 6.000000000000000000e+00 7.000000000000000000e+00
1.000000000000000000e+00 0.000000000000000000e+00 5.568641085728127937e-02 3.524863130975950942e-01 1.704478087145072374e-01 2.173788442203877791e-01 2.306883383778013941e-01 1.713790232741954078e-01
2.000000000000000000e+00 5.568641085728127937e-02 0.000000000000000000e+00 3.503290266455817981e-01 1.681929004236764891e-01 2.139334969865280822e-01 2.272707502747811636e-01 1.690532142019535167e-01
3.000000000000000000e+00 3.524863130975950942e-01 3.503290266455817981e-01 0.000000000000000000e+00 2.806981299631592375e-01 4.270804900654506797e-01 4.383054754676025122e-01 2.922378801879016996e-01
4.000000000000000000e+00 1.704478087145072374e-01 1.681929004236764891e-01 2.806981299631592375e-01 0.000000000000000000e+00 2.414710729649089949e-01 2.525244662343436031e-01 9.614409044278932059e-02
5.000000000000000000e+00 2.173788442203877791e-01 2.139334969865280822e-01 4.270804900654506797e-01 2.414710729649089949e-01 0.000000000000000000e+00 9.766444718222805355e-02 2.384596739670130083e-01
6.000000000000000000e+00 2.306883383778013941e-01 2.272707502747811636e-01 4.383054754676025122e-01 2.525244662343436031e-01 9.766444718222805355e-02 0.000000000000000000e+00 2.492756539546011618e-01
7.000000000000000000e+00 1.713790232741954078e-01 1.690532142019535167e-01 2.922378801879016996e-01 9.614409044278932059e-02 2.384596739670130083e-01 2.492756539546011618e-01 0.000000000000000000e+00
