0.000000000000000000e+00 1.000000000000000000e+00 2.000000000000000000e+00 3.000000000000000000e+00 4.000000000000000000e+00 5.000000000000000000e+00 6.000000000000000000e+00 7.000000000000000000e+00
1.000000000000000000e+00 0.000000000000000000e+00 7.766534297846940105e-02 4.461512258105964635e-01 5.147627765910419706e-01 3.570464408965406400e-01 3.803188640408010079e-01 2.828498630574519113e-01
2.000000000000000000e+00 7.766534297846940105e-02 0.000000000000000000e+00 4.448209964598251465e-01 5.132780593979661132e-01 3.530499960533671211e-01 3.764125603518627128e-01 2.811517608402763213e-01
3.000000000000000000e+00 4.461512258105964635e-01 4.448209964598251465e-01 0.000000000000000000e+00 5.761771691046188026e-01 5.568428099147173516e-01 5.752447529447415331e-01 3.634060280022161638e-01
4.000000000000000000e+00 5.147627765910419706e-01 5.132780593979661132e-01 5.761771691046188026e-01 0.000000000000000000e+00 6.191574400842918546e-01 6.370646539412341269e-01 4.070881207810401192e-01
5.000000000000000000e+00 3.570464408965406400e-01 3.530499960533671211e-01 5.568428099147173516e-01 6.191574400842918546e-01 0.000000000000000000e+00 2.129152098185823072e-01 3.770310512062641783e-01
6.000000000000000000e+00 3.803188640408010079e-01 3.764125603518627128e-01 5.752447529447415331e-01 6.370646539412341269e-01 2.129152098185823072e-01 0.000000000000000000e+00 3.939986511045218687e-01
7.000000000000000000e+00 2.828498630574519113e-01 2.811517608402763213e-01 3.634060280022161638e-01 4.070881207810401192e-01 3.770310512062641783e-01 3.939986511045218687e-01 0.000000000000000000e+00
