0.000000000000000000e+00 1.000000000000000000e+00 2.000000000000000000e+00 3.000000000000000000e+00 4.000000000000000000e+00 5.000000000000000000e+00 6.000000000000000000e+00 7.000000000000000000e+00
1.000000000000000000e+00 0.000000000000000000e+00 5.497767700422571124e-01 1.049345187559851400e+00 1.094670799922669246e+00 1.082572093270051328e+00 1.113353659759711789e+00 1.161333947082709317e+00
2.000000000000000000e+00 5.497767700422571124e-01 0.000000000000000000e+00 1.053122014968001618e+00 1.097948821931153063e+00 1.076005713257819130e+00 1.107086017574670400e+00 1.163543079242497003e+00
3.000000000000000000e+00 1.049345187559851400e+00 1.053122014968001618e+00 0.000000000000000000e+00 7.721405499240860948e-01 1.142780644289196568e+00 1.165075435705761997e+00 9.189910949777322369e-01
4.000000000000000000e+00 1.094670799922669246e+00 1.097948821931153063e+00 7.721405499240860948e-01 0.000000000000000000e+00 1.172109307339432638e+00 1.193244640614519625e+00 8.477151096146868792e-01
5.000000000000000000e+00 1.082572093270051328e+00 1.076005713257819130e+00 1.142780644289196568e+00 1.172109307339432638e+00 0.000000000000000000e+00 7.114079071877006388e-01 1.209303509087802153e+00
6.000000000000000000e+00 1.113353659759711789e+00 1.107086017574670400e+00 1.165075435705761997e+00 1.193244640614519625e+00 7.114079071877006388e-01 0.000000000000000000e+00 1.228456251420626755e+00
7.000000000000000000e+00 1.161333947082709317e+00 1.163543079242497003e+00 9.189910949777322369e-01 8.477151096146868792e-01 1.209303509087802153e+00 1.228456251420626755e+00 0.000000000000000000e+00
