0.000000000000000000e+00 1.000000000000000000e+00 2.000000000000000000e+00 3.000000000000000000e+00 4.000000000000000000e+00 5.000000000000000000e+00 6.000000000000000000e+00 7.000000000000000000e+00
1.000000000000000000e+00 0.000000000000000000e+00 5.496561912759853064e-01 1.036455769674135441e+00 1.081489299318992625e+00 1.071729311175785293e+00 1.103773505618959039e+00 1.147008825315074976e+00
2.000000000000000000e+00 5.496561912759853064e-01 0.000000000000000000e+00 1.041864148374423538e+00 1.086372655804181520e+00 1.066356659401989093e+00 1.098724089597677978e+00 1.150780163087044450e+00
3.000000000000000000e+00 1.036455769674135441e+00 1.041864148374423538e+00 0.000000000000000000e+00 7.719248167724881426e-01 1.133970806765147055e+00 1.157545513922534575e+00 9.171379020564791595e-01
4.000000000000000000e+00 1.081489299318992625e+00 1.086372655804181520e+00 7.719248167724881426e-01 0.000000000000000000e+00 1.162660392256741781e+00 1.185043635931340322e+00 8.465906290388875988e-01
5.000000000000000000e+00 1.071729311175785293e+00 1.066356659401989093e+00 1.133970806765147055e+00 1.162660392256741781e+00 0.000000000000000000e+00 7.075620704425302776e-01 1.198129916788432947e+00
6.000000000000000000e+00 1.103773505618959039e+00 1.098724089597677978e+00 1.157545513922534575e+00 1.185043635931340322e+00 7.075620704425302776e-01 0.000000000000000000e+00 1.218473682172046324e+00
7.000000000000000000e+00 1.147008825315074976e+00 1.150780163087044450e+00 9.171379020564791595e-01 8.465906290388875988e-01 1.198129916788432947e+00 1.218473682172046324e+00 0.000000000000000000e+00
