0.000000000000000000e+00 1.000000000000000000e+00 2.000000000000000000e+00 3.000000000000000000e+00 4.000000000000000000e+00 5.000000000000000000e+00 6.000000000000000000e+00 7.000000000000000000e+00
1.000000000000000000e+00 0.000000000000000000e+00 4.320535545472248828e-01 8.249257260445451712e-01 6.196170416138190307e-01 7.433558856872931608e-01 8.652309531780574270e-01 8.486164348302388527e-01
2.000000000000000000e+00 4.320535545472248828e-01 0.000000000000000000e+00 7.414879961048729262e-01 5.358106319851717592e-01 6.541629260824081138e-01 7.761437989448073393e-01 7.643654127058961967e-01
3.000000000000000000e+00 8.249257260445451712e-01 7.414879961048729262e-01 0.000000000000000000e+00 4.014377450752660836e-01 7.675929576849361835e-01 8.864027335149414766e-01 6.767331935131618570e-01
4.000000000000000000e+00 6.196170416138190307e-01 5.358106319851717592e-01 4.014377450752660836e-01 0.000000000000000000e+00 5.509797128750778539e-01 6.693429495772990068e-01 3.914481024630366290e-01
5.000000000000000000e+00 7.433558856872931608e-01 6.541629260824081138e-01 7.675929576849361835e-01 5.509797128750778539e-01 0.000000000000000000e+00 4.640709656260667559e-01 7.667273140479721194e-01
6.000000000000000000e+00 8.652309531780574270e-01 7.761437989448073393e-01 8.864027335149414766e-01 6.693429495772990068e-01 4.640709656260667559e-01 0.000000000000000000e+00 8.845980810224046698e-01
7.000000000000000000e+00 8.486164348302388527e-01 7.643654127058961967e-01 6.767331935131618570e-01 3.914481024630366290e-01 7.667273140479721194e-01 8.845980810224046698e-01 0.000000000000000000e+00
