0.000000000000000000e+00 1.000000000000000000e+00 2.000000000000000000e+00 3.000000000000000000e+00 4.000000000000000000e+00 5.000000000000000000e+00 6.000000000000000000e+00 7.000000000000000000e+00
1.000000000000000000e+00 0.000000000000000000e+00 4.062838368187329241e-01 7.216526787300996393e-01 4.867274890301193646e-01 6.384433420003226001e-01 7.785506005008634434e-01 7.276155890589175446e-01
2.000000000000000000e+00 4.062838368187329241e-01 0.000000000000000000e+00 6.196400996231912206e-01 3.843822343305807743e-01 5.322687660304703527e-01 6.724051903140771946e-01 6.251015661172014681e-01
3.000000000000000000e+00 7.216526787300996393e-01 6.196400996231912206e-01 0.000000000000000000e+00 3.241332525198661885e-01 6.298365219952029026e-01 7.692157483081120128e-01 5.811331407798980830e-01
4.000000000000000000e+00 4.867274890301193646e-01 3.843822343305807743e-01 3.241332525198661885e-01 0.000000000000000000e+00 3.858932092454741003e-01 5.251500891260169057e-01 2.785832799487586442e-01
5.000000000000000000e+00 6.384433420003226001e-01 5.322687660304703527e-01 6.298365219952029026e-01 3.858932092454741003e-01 0.000000000000000000e+00 4.017022715726060733e-01 6.221109113215315123e-01
6.000000000000000000e+00 7.785506005008634434e-01 6.724051903140771946e-01 7.692157483081120128e-01 5.251500891260169057e-01 4.017022715726060733e-01 0.000000000000000000e+00 7.613030675367038480e-01
7.000000000000000000e+00 7.276155890589175446e-01 6.251015661172014681e-01 5.811331407798980830e-01 2.785832799487586442e-01 6.221109113215315123e-01 7.613030675367038480e-01 0.000000000000000000e+00
