0.000000000000000000e+00 1.000000000000000000e+00 2.000000000000000000e+00 3.000000000000000000e+00 4.000000000000000000e+00 5.000000000000000000e+00 6.000000000000000000e+00 7.000000000000000000e+00
1.000000000000000000e+00 0.000000000000000000e+00 5.496839362766627879e-01 1.040043241011104014e+00 1.085857945328420504e+00 1.067167526178393722e+00 1.099614617907705538e+00 1.153444353017248680e+00
2.000000000000000000e+00 5.496839362766627879e-01 0.000000000000000000e+00 1.044811240612836700e+00 1.090105449238431001e+00 1.061168757082676883e+00 1.093921674837537550e+00 1.156593552073049924e+00
3.000000000000000000e+00 1.040043241011104014e+00 1.044811240612836700e+00 0.000000000000000000e+00 7.721790558076084832e-01 1.134431172124251930e+00 1.158613560051492408e+00 9.193025626481574619e-01
4.000000000000000000e+00 1.085857945328420504e+00 1.090105449238431001e+00 7.721790558076084832e-01 0.000000000000000000e+00 1.164388056063900834e+00 1.187427521982618694e+00 8.478885767362989156e-01
5.000000000000000000e+00 1.067167526178393722e+00 1.061168757082676883e+00 1.134431172124251930e+00 1.164388056063900834e+00 0.000000000000000000e+00 7.076127269389147489e-01 1.202866872604472448e+00
6.000000000000000000e+00 1.099614617907705538e+00 1.093921674837537550e+00 1.158613560051492408e+00 1.187427521982618694e+00 7.076127269389147489e-01 0.000000000000000000e+00 1.223953877469089235e+00
7.000000000000000000e+00 1.153444353017248680e+00 1.156593552073049924e+00 9.193025626481574619e-01 8.478885767362989156e-01 1.202866872604472448e+00 1.223953877469089235e+00 0.000000000000000000e+00
