0.000000000000000000e+00 1.000000000000000000e+00 2.000000000000000000e+00 3.000000000000000000e+00 4.000000000000000000e+00 5.000000000000000000e+00 6.000000000000000000e+00 7.000000000000000000e+00
1.000000000000000000e+00 0.000000000000000000e+00 2.761251663193300399e-01 6.915912544344710033e-01 6.057722274447228106e-01 6.235235593989685299e-01 6.494378387307649936e-01 6.339885632146393668e-01
2.000000000000000000e+00 2.761251663193300399e-01 0.000000000000000000e+00 6.896142473106027238e-01 6.035025380783765048e-01 6.154757841393143636e-01 6.415711788819667971e-01 6.311716672173801612e-01
3.000000000000000000e+00 6.915912544344710033e-01 6.896142473106027238e-01 0.000000000000000000e+00 5.136832884559725532e-01 7.786640182461979087e-01 7.984537124400646890e-01 5.853192409443352950e-01
4.000000000000000000e+00 6.057722274447228106e-01 6.035025380783765048e-01 5.136832884559725532e-01 0.000000000000000000e+00 6.836381478997557437e-01 7.027188499411919365e-01 4.385308374259895281e-01
5.000000000000000000e+00 6.235235593989685299e-01 6.154757841393143636e-01 7.786640182461979087e-01 6.836381478997557437e-01 0.000000000000000000e+00 3.838821530361716805e-01 6.960544606433729520e-01
6.000000000000000000e+00 6.494378387307649936e-01 6.415711788819667971e-01 7.984537124400646890e-01 7.027188499411919365e-01 3.838821530361716805e-01 0.000000000000000000e+00 7.139415981250505361e-01
7.000000000000000000e+00 6.339885632146393668e-01 6.311716672173801612e-01 5.853192409443352950e-01 4.385308374259895281e-01 6.960544606433729520e-01 7.139415981250505361e-01 0.000000000000000000e+00
