0.000000000000000000e+00 1.000000000000000000e+00 2.000000000000000000e+00 3.000000000000000000e+00 4.000000000000000000e+00 5.000000000000000000e+00 6.000000000000000000e+00 7.000000000000000000e+00
1.000000000000000000e+00 0.000000000000000000e+00 5.496839461775547830e-01 1.038533996507743584e+00 1.082700856269945389e+00 1.072426146944982284e+00 1.104205595123775918e+00 1.148006731123445867e+00
2.000000000000000000e+00 5.496839461775547830e-01 0.000000000000000000e+00 1.043392799520455050e+00 1.087052247141448769e+00 1.066731546198359970e+00 1.098833517648955205e+00 1.151270172861268204e+00
3.000000000000000000e+00 1.038533996507743584e+00 1.043392799520455050e+00 0.000000000000000000e+00 7.718242475127836677e-01 1.132862738362499622e+00 1.156012720401257798e+00 9.169355547153896779e-01
4.000000000000000000e+00 1.082700856269945389e+00 1.087052247141448769e+00 7.718242475127836677e-01 0.000000000000000000e+00 1.160803073668436047e+00 1.182745557154480931e+00 8.464071788641867045e-01
5.000000000000000000e+00 1.072426146944982284e+00 1.066731546198359970e+00 1.132862738362499622e+00 1.160803073668436047e+00 0.000000000000000000e+00 7.075228564440063650e-01 1.196168250635677222e+00
6.000000000000000000e+00 1.104205595123775918e+00 1.098833517648955205e+00 1.156012720401257798e+00 1.182745557154480931e+00 7.075228564440063650e-01 0.000000000000000000e+00 1.216046593319286551e+00
7.000000000000000000e+00 1.148006731123445867e+00 1.151270172861268204e+00 9.169355547153896779e-01 8.464071788641867045e-01 1.196168250635677222e+00 1.216046593319286551e+00 0.000000000000000000e+00
