0.000000000000000000e+00 1.000000000000000000e+00 2.000000000000000000e+00 3.000000000000000000e+00 4.000000000000000000e+00 5.000000000000000000e+00 6.000000000000000000e+00 7.000000000000000000e+00
1.000000000000000000e+00 0.000000000000000000e+00 5.496859205182259567e-01 1.041261399321262271e+00 1.087258226214217194e+00 1.077078737848542689e+00 1.109632271516428847e+00 1.155167361195272191e+00
2.000000000000000000e+00 5.496859205182259567e-01 0.000000000000000000e+00 1.046124544509934751e+00 1.091607482725927225e+00 1.071350978787189101e+00 1.104211433353215810e+00 1.158428797238822971e+00
3.000000000000000000e+00 1.041261399321262271e+00 1.046124544509934751e+00 0.000000000000000000e+00 7.721901958354508988e-01 1.138774148397432517e+00 1.163062033079221624e+00 9.193687288490803855e-01
4.000000000000000000e+00 1.087258226214217194e+00 1.091607482725927225e+00 7.721901958354508988e-01 0.000000000000000000e+00 1.168495721341071159e+00 1.191639975919918548e+00 8.479331466002972828e-01
5.000000000000000000e+00 1.077078737848542689e+00 1.071350978787189101e+00 1.138774148397432517e+00 1.168495721341071159e+00 0.000000000000000000e+00 7.076240844700023569e-01 1.206480769489679306e+00
6.000000000000000000e+00 1.109632271516428847e+00 1.104211433353215810e+00 1.163062033079221624e+00 1.191639975919918548e+00 7.076240844700023569e-01 0.000000000000000000e+00 1.227669142229177668e+00
7.000000000000000000e+00 1.155167361195272191e+00 1.158428797238822971e+00 9.193687288490803855e-01 8.479331466002972828e-01 1.206480769489679306e+00 1.227669142229177668e+00 0.000000000000000000e+00
