0.000000000000000000e+00 1.000000000000000000e+00 2.000000000000000000e+00 3.000000000000000000e+00 4.000000000000000000e+00 5.000000000000000000e+00 6.000000000000000000e+00 7.000000000000000000e+00
1.000000000000000000e+00 0.000000000000000000e+00 5.330744581497810497e-01 8.145764173685304810e-01 9.616245457110431660e-01 9.274233987157119996e-01 9.503986767072281072e-01 1.039949345982301931e+00
2.000000000000000000e+00 5.330744581497810497e-01 0.000000000000000000e+00 8.457040059938730758e-01 9.922974327044536969e-01 9.494843892832732779e-01 9.726875514220956198e-01 1.069588049425547194e+00
3.000000000000000000e+00 8.145764173685304810e-01 8.457040059938730758e-01 0.000000000000000000e+00 6.214765900563866685e-01 8.980782445533793679e-01 9.156898870253169509e-01 7.728718611735234667e-01
4.000000000000000000e+00 9.616245457110431660e-01 9.922974327044536969e-01 6.214765900563866685e-01 0.000000000000000000e+00 1.031352624449327404e+00 1.048126257525584970e+00 8.084855202458145484e-01
5.000000000000000000e+00 9.274233987157119996e-01 9.494843892832732779e-01 8.980782445533793679e-01 1.031352624449327404e+00 0.000000000000000000e+00 6.720435153108519355e-01 1.083680146747294515e+00
6.000000000000000000e+00 9.503986767072281072e-01 9.726875514220956198e-01 9.156898870253169509e-01 1.048126257525584970e+00 6.720435153108519355e-01 0.000000000000000000e+00 1.099036867917829507e+00
7.000000000000000000e+00 1.039949345982301931e+00 1.069588049425547194e+00 7.728718611735234667e-01 8.084855202458145484e-01 1.083680146747294515e+00 1.099036867917829507e+00 0.000000000000000000e+00
