0.000000000000000000e+00 1.000000000000000000e+00 2.000000000000000000e+00 3.000000000000000000e+00 4.000000000000000000e+00 5.000000000000000000e+00 6.000000000000000000e+00 7.000000000000000000e+00
1.000000000000000000e+00 0.000000000000000000e+00 5.496872274828751986e-02 1.041934359122063392e-01 1.088058748670768378e-01 1.082871475187432708e-01 1.115565245279446366e-01 1.156090541243800507e-01
2.000000000000000000e+00 5.496872274828751986e-02 0.000000000000000000e+00 1.046857358214951794e-01 1.092472651112389032e-01 1.077313490598293400e-01 1.110315871942946925e-01 1.159420844480261448e-01
3.000000000000000000e+00 1.041934359122063392e-01 1.046857358214951794e-01 0.000000000000000000e+00 7.722025719610113581e-02 1.141484799824936947e-01 1.165889160349750514e-01 9.194282675132475768e-02
4.000000000000000000e+00 1.088058748670768378e-01 1.092472651112389032e-01 7.722025719610113581e-02 0.000000000000000000e+00 1.171111031266906244e-01 1.194370978845545189e-01 8.480208600926900098e-02
5.000000000000000000e+00 1.082871475187432708e-01 1.077313490598293400e-01 1.141484799824936947e-01 1.171111031266906244e-01 0.000000000000000000e+00 7.076298246862060271e-02 1.208686847732057257e-01
6.000000000000000000e+00 1.115565245279446366e-01 1.110315871942946925e-01 1.165889160349750514e-01 1.194370978845545189e-01 7.076298246862060271e-02 0.000000000000000000e+00 1.229982018396216237e-01
7.000000000000000000e+00 1.156090541243800507e-01 1.159420844480261448e-01 9.194282675132475768e-02 8.480208600926900098e-02 1.208686847732057257e-01 1.229982018396216237e-01 0.000000000000000000e+00
