0.000000000000000000e+00 1.000000000000000000e+00 2.000000000000000000e+00 3.000000000000000000e+00 4.000000000000000000e+00 5.000000000000000000e+00 6.000000000000000000e+00 7.000000000000000000e+00
1.000000000000000000e+00 0.000000000000000000e+00 5.804163618765799670e-01 1.688418866185159128e+00 1.323700871504374321e+00 1.431448312030891623e+00 1.496232891755090666e+00 1.376800321816071815e+00
2.000000000000000000e+00 5.804163618765799670e-01 0.000000000000000000e+00 1.651683217993878294e+00 1.286356530899401607e+00 1.381987275875262489e+00 1.447137675173996829e+00 1.338363339008681763e+00
3.000000000000000000e+00 1.688418866185159128e+00 1.651683217993878294e+00 0.000000000000000000e+00 1.259457893146379126e+00 1.884813589779586573e+00 1.936829448387719754e+00 1.402292309187862962e+00
4.000000000000000000e+00 1.323700871504374321e+00 1.286356530899401607e+00 1.259457893146379126e+00 0.000000000000000000e+00 1.497494003566641974e+00 1.547977610459069453e+00 9.091565176575362450e-01
5.000000000000000000e+00 1.431448312030891623e+00 1.381987275875262489e+00 1.884813589779586573e+00 1.497494003566641974e+00 0.000000000000000000e+00 7.996900260671373495e-01 1.512388394136134906e+00
6.000000000000000000e+00 1.496232891755090666e+00 1.447137675173996829e+00 1.936829448387719754e+00 1.547977610459069453e+00 7.996900260671373495e-01 0.000000000000000000e+00 1.560270991680202890e+00
7.000000000000000000e+00 1.376800321816071815e+00 1.338363339008681763e+00 1.402292309187862962e+00 9.091565176575362450e-01 1.512388394136134906e+00 1.560270991680202890e+00 0.000000000000000000e+00
