0.000000000000000000e+00 1.000000000000000000e+00 2.000000000000000000e+00 3.000000000000000000e+00 4.000000000000000000e+00 5.000000000000000000e+00 6.000000000000000000e+00 7.000000000000000000e+00
1.000000000000000000e+00 0.000000000000000000e+00 5.492197298307274211e-01 1.004479893112108613e+00 1.048848830421775347e+00 1.021267831570832341e+00 1.039404947850514294e+00 1.119061611124864353e+00
2.000000000000000000e+00 5.492197298307274211e-01 0.000000000000000000e+00 1.012313780729018564e+00 1.056306196285913934e+00 1.020146199885500815e+00 1.038600289658512033e+00 1.125614733320343230e+00
3.000000000000000000e+00 1.004479893112108613e+00 1.012313780729018564e+00 0.000000000000000000e+00 7.716910222446358159e-01 1.086731727794608693e+00 1.097666195904462239e+00 9.176328901079950917e-01
4.000000000000000000e+00 1.048848830421775347e+00 1.056306196285913934e+00 7.716910222446358159e-01 0.000000000000000000e+00 1.118303231037508505e+00 1.128306362514036376e+00 8.471517290091010732e-01
5.000000000000000000e+00 1.021267831570832341e+00 1.020146199885500815e+00 1.086731727794608693e+00 1.118303231037508505e+00 0.000000000000000000e+00 7.004168452195180805e-01 1.162973760522942435e+00
6.000000000000000000e+00 1.039404947850514294e+00 1.038600289658512033e+00 1.097666195904462239e+00 1.128306362514036376e+00 7.004168452195180805e-01 0.000000000000000000e+00 1.171297740206982851e+00
7.000000000000000000e+00 1.119061611124864353e+00 1.125614733320343230e+00 9.176328901079950917e-01 8.471517290091010732e-01 1.162973760522942435e+00 1.171297740206982851e+00 0.000000000000000000e+00
