0.000000000000000000e+00 1.000000000000000000e+00 2.000000000000000000e+00 3.000000000000000000e+00 4.000000000000000000e+00 5.000000000000000000e+00 6.000000000000000000e+00 7.000000000000000000e+00
1.000000000000000000e+00 0.000000000000000000e+00 5.497569963929188619e-01 1.046188889356055363e+00 1.091677501652356996e+00 1.080319625802817374e+00 1.111518519024409457e+00 1.158621131242399960e+00
2.000000000000000000e+00 5.497569963929188619e-01 0.000000000000000000e+00 1.050236301825868690e+00 1.095221472955208109e+00 1.073938859412531421e+00 1.105439792939005628e+00 1.161087894863057857e+00
3.000000000000000000e+00 1.046188889356055363e+00 1.050236301825868690e+00 0.000000000000000000e+00 7.721379703379491755e-01 1.141178108970720029e+00 1.163944378953321923e+00 9.189708715082132162e-01
4.000000000000000000e+00 1.091677501652356996e+00 1.095221472955208109e+00 7.721379703379491755e-01 0.000000000000000000e+00 1.170593524954199882e+00 1.192199181677749742e+00 8.477065357240201049e-01
5.000000000000000000e+00 1.080319625802817374e+00 1.073938859412531421e+00 1.141178108970720029e+00 1.170593524954199882e+00 0.000000000000000000e+00 7.106665436471697461e-01 1.207933128956891311e+00
6.000000000000000000e+00 1.111518519024409457e+00 1.105439792939005628e+00 1.163944378953321923e+00 1.192199181677749742e+00 7.106665436471697461e-01 0.000000000000000000e+00 1.227553756999072876e+00
7.000000000000000000e+00 1.158621131242399960e+00 1.161087894863057857e+00 9.189708715082132162e-01 8.477065357240201049e-01 1.207933128956891311e+00 1.227553756999072876e+00 0.000000000000000000e+00
