0.000000000000000000e+00 1.000000000000000000e+00 2.000000000000000000e+00 3.000000000000000000e+00 4.000000000000000000e+00 5.000000000000000000e+00 6.000000000000000000e+00 7.000000000000000000e+00
1.000000000000000000e+00 0.000000000000000000e+00 5.497382444529788081e-01 1.044188411508176095e+00 1.089773352484055602e+00 1.078423097240821305e+00 1.110021818043731123e+00 1.156876267737631858e+00
2.000000000000000000e+00 5.497382444529788081e-01 0.000000000000000000e+00 1.048456903180743360e+00 1.093535030264142227e+00 1.072203013049002118e+00 1.104106282104717174e+00 1.159555602307976718e+00
3.000000000000000000e+00 1.044188411508176095e+00 1.048456903180743360e+00 0.000000000000000000e+00 7.721364100996306323e-01 1.139860441420967652e+00 1.163057101655176950e+00 9.189588250154054894e-01
4.000000000000000000e+00 1.089773352484055602e+00 1.093535030264142227e+00 7.721364100996306323e-01 0.000000000000000000e+00 1.169330645917957101e+00 1.191367110941470742e+00 8.477014148988508691e-01
5.000000000000000000e+00 1.078423097240821305e+00 1.072203013049002118e+00 1.139860441420967652e+00 1.169330645917957101e+00 0.000000000000000000e+00 7.098850470174191685e-01 1.206761880968469702e+00
6.000000000000000000e+00 1.110021818043731123e+00 1.104106282104717174e+00 1.163057101655176950e+00 1.191367110941470742e+00 7.098850470174191685e-01 0.000000000000000000e+00 1.226813692447170423e+00
7.000000000000000000e+00 1.156876267737631858e+00 1.159555602307976718e+00 9.189588250154054894e-01 8.477014148988508691e-01 1.206761880968469702e+00 1.226813692447170423e+00 0.000000000000000000e+00
