0.000000000000000000e+00 1.000000000000000000e+00 2.000000000000000000e+00 3.000000000000000000e+00 4.000000000000000000e+00 5.000000000000000000e+00 6.000000000000000000e+00 7.000000000000000000e+00
1.000000000000000000e+00 0.000000000000000000e+00 5.087273002810943634e-01 5.204895748600103511e-01 7.434450872480348194e-01 7.128389832826786954e-01 7.274901365642546525e-01 8.414019027842106757e-01
2.000000000000000000e+00 5.087273002810943634e-01 0.000000000000000000e+00 5.996228696227702271e-01 8.222229911663946345e-01 7.859997750469394084e-01 8.007168886664662866e-01 9.193169314425505556e-01
3.000000000000000000e+00 5.204895748600103511e-01 5.996228696227702271e-01 0.000000000000000000e+00 4.505259862964673401e-01 6.182210108263441750e-01 6.318756261469221647e-01 6.088826976625504317e-01
4.000000000000000000e+00 7.434450872480348194e-01 8.222229911663946345e-01 4.505259862964673401e-01 0.000000000000000000e+00 8.303238152466649868e-01 8.437385737111243733e-01 7.335921874879202109e-01
5.000000000000000000e+00 7.128389832826786954e-01 7.859997750469394084e-01 6.182210108263441750e-01 8.303238152466649868e-01 0.000000000000000000e+00 6.292831382096019111e-01 9.073112812916716008e-01
6.000000000000000000e+00 7.274901365642546525e-01 8.007168886664662866e-01 6.318756261469221647e-01 8.437385737111243733e-01 6.292831382096019111e-01 0.000000000000000000e+00 9.203373511097147075e-01
7.000000000000000000e+00 8.414019027842106757e-01 9.193169314425505556e-01 6.088826976625504317e-01 7.335921874879202109e-01 9.073112812916716008e-01 9.203373511097147075e-01 0.000000000000000000e+00
