0.000000000000000000e+00 1.000000000000000000e+00 2.000000000000000000e+00 3.000000000000000000e+00 4.000000000000000000e+00 5.000000000000000000e+00 6.000000000000000000e+00 7.000000000000000000e+00
1.000000000000000000e+00 0.000000000000000000e+00 5.496842817131279979e-01 1.040217970359707422e+00 1.086059335336434950e+00 1.068706416439131557e+00 1.101192956087637231e+00 1.153697631687708558e+00
2.000000000000000000e+00 5.496842817131279979e-01 0.000000000000000000e+00 1.045001650165036988e+00 1.090323638382800331e+00 1.062753605593530937e+00 1.095546489171475901e+00 1.156865447710833106e+00
3.000000000000000000e+00 1.040217970359707422e+00 1.045001650165036988e+00 0.000000000000000000e+00 7.721803532081004118e-01 1.135124803719001152e+00 1.159337996640786628e+00 9.193144682223017838e-01
4.000000000000000000e+00 1.086059335336434950e+00 1.090323638382800331e+00 7.721803532081004118e-01 0.000000000000000000e+00 1.165042787310833328e+00 1.188112392937869632e+00 8.478962897973389978e-01
5.000000000000000000e+00 1.068706416439131557e+00 1.062753605593530937e+00 1.135124803719001152e+00 1.165042787310833328e+00 0.000000000000000000e+00 7.076145034959258062e-01 1.203449383192762845e+00
6.000000000000000000e+00 1.101192956087637231e+00 1.095546489171475901e+00 1.159337996640786628e+00 1.188112392937869632e+00 7.076145034959258062e-01 0.000000000000000000e+00 1.224565126031996964e+00
7.000000000000000000e+00 1.153697631687708558e+00 1.156865447710833106e+00 9.193144682223017838e-01 8.478962897973389978e-01 1.203449383192762845e+00 1.224565126031996964e+00 0.000000000000000000e+00
