0.000000000000000000e+00 1.000000000000000000e+00 2.000000000000000000e+00 3.000000000000000000e+00 4.000000000000000000e+00 5.000000000000000000e+00 6.000000000000000000e+00 7.000000000000000000e+00
1.000000000000000000e+00 0.000000000000000000e+00 5.496918546946347739e-01 1.041392400784081351e+00 1.087095208996440299e+00 1.074283039991961841e+00 1.106784486825821201e+00 1.154377109037517224e+00
2.000000000000000000e+00 5.496918546946347739e-01 0.000000000000000000e+00 1.046102585557074471e+00 1.091293593310007637e+00 1.068424691584729969e+00 1.101234392438400267e+00 1.157489332292182871e+00
3.000000000000000000e+00 1.041392400784081351e+00 1.046102585557074471e+00 0.000000000000000000e+00 7.721352826531191482e-01 1.137098423891690802e+00 1.161247348923798217e+00 9.189961151720067445e-01
4.000000000000000000e+00 1.087095208996440299e+00 1.091293593310007637e+00 7.721352826531191482e-01 0.000000000000000000e+00 1.166651369000237581e+00 1.189647019890697432e+00 8.477567856958743153e-01
5.000000000000000000e+00 1.074283039991961841e+00 1.068424691584729969e+00 1.137098423891690802e+00 1.166651369000237581e+00 0.000000000000000000e+00 7.076092305960488549e-01 1.204202911961607780e+00
6.000000000000000000e+00 1.106784486825821201e+00 1.101234392438400267e+00 1.161247348923798217e+00 1.189647019890697432e+00 7.076092305960488549e-01 0.000000000000000000e+00 1.225223286083194418e+00
7.000000000000000000e+00 1.154377109037517224e+00 1.157489332292182871e+00 9.189961151720067445e-01 8.477567856958743153e-01 1.204202911961607780e+00 1.225223286083194418e+00 0.000000000000000000e+00
