0.000000000000000000e+00 1.000000000000000000e+00 2.000000000000000000e+00 3.000000000000000000e+00 4.000000000000000000e+00 5.000000000000000000e+00 6.000000000000000000e+00 7.000000000000000000e+00
1.000000000000000000e+00 0.000000000000000000e+00 4.985642562627736196e-01 3.670879604299480681e-01 6.013993719387398240e-01 5.850217175955544358e-01 5.988754881930791196e-01 7.076631185152393311e-01
2.000000000000000000e+00 4.985642562627736196e-01 0.000000000000000000e+00 4.728756868274286429e-01 7.068395345559039811e-01 6.868647445813002017e-01 7.007199998397979357e-01 8.123596386619333920e-01
3.000000000000000000e+00 3.670879604299480681e-01 4.728756868274286429e-01 0.000000000000000000e+00 3.794994022872874018e-01 4.818657612828615155e-01 4.957293037235082078e-01 5.343952945118182196e-01
4.000000000000000000e+00 6.013993719387398240e-01 7.068395345559039811e-01 3.794994022872874018e-01 0.000000000000000000e+00 7.071513072334697503e-01 7.210115861532264692e-01 6.833002463201378607e-01
5.000000000000000000e+00 5.850217175955544358e-01 6.868647445813002017e-01 4.818657612828615155e-01 7.071513072334697503e-01 0.000000000000000000e+00 6.133445076335035662e-01 7.962833949449428239e-01
6.000000000000000000e+00 5.988754881930791196e-01 7.007199998397979357e-01 4.957293037235082078e-01 7.210115861532264692e-01 6.133445076335035662e-01 0.000000000000000000e+00 8.101401689282632379e-01
7.000000000000000000e+00 7.076631185152393311e-01 8.123596386619333920e-01 5.343952945118182196e-01 6.833002463201378607e-01 7.962833949449428239e-01 8.101401689282632379e-01 0.000000000000000000e+00
