0.000000000000000000e+00 1.000000000000000000e+00 2.000000000000000000e+00 3.000000000000000000e+00 4.000000000000000000e+00 5.000000000000000000e+00 6.000000000000000000e+00 7.000000000000000000e+00
1.000000000000000000e+00 0.000000000000000000e+00 5.590104560116813427e-03 2.478434886895214406e-01 4.483876459747657139e-02 9.965204242930240930e-02 1.018516611540925820e-01 4.420033304720748235e-02
2.000000000000000000e+00 5.590104560116813427e-03 0.000000000000000000e+00 2.474991543028849383e-01 4.448096877875074018e-02 9.921102330725255214e-02 1.014113674018289057e-01 4.384187467769326552e-02
3.000000000000000000e+00 2.478434886895214406e-01 2.474991543028849383e-01 0.000000000000000000e+00 2.165376634866290895e-01 3.115122607969416646e-01 3.133706511331749711e-01 2.167447298606730577e-01
4.000000000000000000e+00 4.483876459747657139e-02 4.448096877875074018e-02 2.165376634866290895e-01 0.000000000000000000e+00 1.072637919855574801e-01 1.091065603467466782e-01 1.080234512478200903e-02
5.000000000000000000e+00 9.965204242930240930e-02 9.921102330725255214e-02 3.115122607969416646e-01 1.072637919855574801e-01 0.000000000000000000e+00 1.247732812732739449e-02 1.059793960116002659e-01
6.000000000000000000e+00 1.018516611540925820e-01 1.014113674018289057e-01 3.133706511331749711e-01 1.091065603467466782e-01 1.247732812732739449e-02 0.000000000000000000e+00 1.078124536804225958e-01
7.000000000000000000e+00 4.420033304720748235e-02 4.384187467769326552e-02 2.167447298606730577e-01 1.080234512478200903e-02 1.059793960116002659e-01 1.078124536804225958e-01 0.000000000000000000e+00
