0.000000000000000000e+00 1.000000000000000000e+00 2.000000000000000000e+00 3.000000000000000000e+00 4.000000000000000000e+00 5.000000000000000000e+00 6.000000000000000000e+00 7.000000000000000000e+00
1.000000000000000000e+00 0.000000000000000000e+00 5.497247872612911479e-01 1.053152292071236173e+00 1.102697362423443517e+00 1.116977784763761194e+00 1.152695161819794478e+00 1.177375858144547927e+00
2.000000000000000000e+00 5.497247872612911479e-01 0.000000000000000000e+00 1.057984582469930546e+00 1.107063586950325584e+00 1.110239261041975345e+00 1.146238113219073540e+00 1.180774006085814065e+00
3.000000000000000000e+00 1.053152292071236173e+00 1.057984582469930546e+00 0.000000000000000000e+00 7.725981202617180355e-01 1.195585191110134060e+00 1.223981201196218560e+00 9.226261563581612535e-01
4.000000000000000000e+00 1.102697362423443517e+00 1.107063586950325584e+00 7.725981202617180355e-01 0.000000000000000000e+00 1.230846858694617074e+00 1.258335723304259801e+00 8.493649079631619969e-01
5.000000000000000000e+00 1.116977784763761194e+00 1.110239261041975345e+00 1.195585191110134060e+00 1.230846858694617074e+00 0.000000000000000000e+00 7.132284711189391668e-01 1.279895373029125150e+00
6.000000000000000000e+00 1.152695161819794478e+00 1.146238113219073540e+00 1.223981201196218560e+00 1.258335723304259801e+00 7.132284711189391668e-01 0.000000000000000000e+00 1.305859722381849775e+00
7.000000000000000000e+00 1.177375858144547927e+00 1.180774006085814065e+00 9.226261563581612535e-01 8.493649079631619969e-01 1.279895373029125150e+00 1.305859722381849775e+00 0.000000000000000000e+00
