0.000000000000000000e+00 1.000000000000000000e+00 2.000000000000000000e+00 3.000000000000000000e+00 4.000000000000000000e+00 5.000000000000000000e+00 6.000000000000000000e+00 7.000000000000000000e+00
1.000000000000000000e+00 0.000000000000000000e+00 6.533870690912065848e-01 3.864454286250852189e+00 1.833131529529308246e+00 2.412952668168781400e+00 2.560144034363546872e+00 1.861213823286014035e+00
2.000000000000000000e+00 6.533870690912065848e-01 0.000000000000000000e+00 3.745264695058139193e+00 1.712959259870414197e+00 2.276919085566514234e+00 2.424433248158422316e+00 1.739584825732553464e+00
3.000000000000000000e+00 3.864454286250852189e+00 3.745264695058139193e+00 0.000000000000000000e+00 3.044685693586145270e+00 4.439504171948837730e+00 4.571557287726720098e+00 3.210010182727493167e+00
4.000000000000000000e+00 1.833131529529308246e+00 1.712959259870414197e+00 3.044685693586145270e+00 0.000000000000000000e+00 2.367107282696697013e+00 2.497403926414636821e+00 1.009270925591265522e+00
5.000000000000000000e+00 2.412952668168781400e+00 2.276919085566514234e+00 4.439504171948837730e+00 2.367107282696697013e+00 0.000000000000000000e+00 9.864630454415248551e-01 2.334264268925746677e+00
6.000000000000000000e+00 2.560144034363546872e+00 2.424433248158422316e+00 4.571557287726720098e+00 2.497403926414636821e+00 9.864630454415248551e-01 0.000000000000000000e+00 2.461783994310888346e+00
7.000000000000000000e+00 1.861213823286014035e+00 1.739584825732553464e+00 3.210010182727493167e+00 1.009270925591265522e+00 2.334264268925746677e+00 2.461783994310888346e+00 0.000000000000000000e+00
