0.000000000000000000e+00 1.000000000000000000e+00 2.000000000000000000e+00 3.000000000000000000e+00 4.000000000000000000e+00 5.000000000000000000e+00 6.000000000000000000e+00 7.000000000000000000e+00
1.000000000000000000e+00 0.000000000000000000e+00 5.604566794609352476e-01 3.209129947366023305e+00 1.206508695215726679e+00 1.097844837458021638e+00 1.127020166452147532e+00 1.215539824176028683e+00
2.000000000000000000e+00 5.604566794609352476e-01 0.000000000000000000e+00 3.216042169181625443e+00 1.212090384549678657e+00 1.093509947917682856e+00 1.122982155496425438e+00 1.220115978738416596e+00
3.000000000000000000e+00 3.209129947366023305e+00 3.216042169181625443e+00 0.000000000000000000e+00 3.028447778664860035e+00 3.319986184766651860e+00 3.341150158352811150e+00 3.124085491010534454e+00
4.000000000000000000e+00 1.206508695215726679e+00 1.212090384549678657e+00 3.028447778664860035e+00 0.000000000000000000e+00 1.285731021031662591e+00 1.305299849754050001e+00 9.776246228630804946e-01
5.000000000000000000e+00 1.097844837458021638e+00 1.093509947917682856e+00 3.319986184766651860e+00 1.285731021031662591e+00 0.000000000000000000e+00 7.176007338182461837e-01 1.266318799793586747e+00
6.000000000000000000e+00 1.127020166452147532e+00 1.122982155496425438e+00 3.341150158352811150e+00 1.305299849754050001e+00 7.176007338182461837e-01 0.000000000000000000e+00 1.283975665545713296e+00
7.000000000000000000e+00 1.215539824176028683e+00 1.220115978738416596e+00 3.124085491010534454e+00 9.776246228630804946e-01 1.266318799793586747e+00 1.283975665545713296e+00 0.000000000000000000e+00
