0.000000000000000000e+00 1.000000000000000000e+00 2.000000000000000000e+00 3.000000000000000000e+00 4.000000000000000000e+00 5.000000000000000000e+00 6.000000000000000000e+00 7.000000000000000000e+00
1.000000000000000000e+00 0.000000000000000000e+00 1.099805295898246583e-02 2.061494758997922450e+00 3.145025578581975984e-02 2.407308175515578477e-02 2.522902993727112186e-02 3.032246842015143273e-02
2.000000000000000000e+00 1.099805295898246583e-02 0.000000000000000000e+00 2.061673340098882701e+00 3.132480391440963657e-02 2.382648593136070178e-02 2.498416712280895208e-02 3.019723523632725226e-02
3.000000000000000000e+00 2.061494758997922450e+00 2.061673340098882701e+00 0.000000000000000000e+00 2.067696476590970889e+00 2.067319744191626008e+00 2.068405874073383277e+00 2.067445933023283278e+00
4.000000000000000000e+00 3.145025578581975984e-02 3.132480391440963657e-02 2.067696476590970889e+00 0.000000000000000000e+00 3.198173075970137114e-02 3.296582257818683748e-02 2.206024960150554381e-02
5.000000000000000000e+00 2.407308175515578477e-02 2.382648593136070178e-02 2.067319744191626008e+00 3.198173075970137114e-02 0.000000000000000000e+00 1.419411525705249061e-02 3.070892292895013864e-02
6.000000000000000000e+00 2.522902993727112186e-02 2.498416712280895208e-02 2.068405874073383277e+00 3.296582257818683748e-02 1.419411525705249061e-02 0.000000000000000000e+00 3.167511440261305822e-02
7.000000000000000000e+00 3.032246842015143273e-02 3.019723523632725226e-02 2.067445933023283278e+00 2.206024960150554381e-02 3.070892292895013864e-02 3.167511440261305822e-02 0.000000000000000000e+00
