0.000000000000000000e+00 1.000000000000000000e+00 2.000000000000000000e+00 3.000000000000000000e+00 4.000000000000000000e+00 5.000000000000000000e+00 6.000000000000000000e+00 7.000000000000000000e+00
1.000000000000000000e+00 0.000000000000000000e+00 5.548407356029411153e-01 1.028093966171277129e+00 1.073897793578785675e+00 1.059179683345401912e+00 1.082359934305898719e+00 1.144427658493097022e+00
2.000000000000000000e+00 5.548407356029411153e-01 0.000000000000000000e+00 1.035294232991430752e+00 1.080664472795587416e+00 1.056741030483963950e+00 1.080227056256855889e+00 1.150201993887680851e+00
3.000000000000000000e+00 1.028093966171277129e+00 1.035294232991430752e+00 0.000000000000000000e+00 7.796396939585927832e-01 1.121160811542956104e+00 1.136845184134323450e+00 9.278127291370272811e-01
4.000000000000000000e+00 1.073897793578785675e+00 1.080664472795587416e+00 7.796396939585927832e-01 0.000000000000000000e+00 1.152280287896529032e+00 1.166946090395862168e+00 8.561776342044995491e-01
5.000000000000000000e+00 1.059179683345401912e+00 1.056741030483963950e+00 1.121160811542956104e+00 1.152280287896529032e+00 0.000000000000000000e+00 7.090956587947385703e-01 1.194409114518083959e+00
6.000000000000000000e+00 1.082359934305898719e+00 1.080227056256855889e+00 1.136845184134323450e+00 1.166946090395862168e+00 7.090956587947385703e-01 0.000000000000000000e+00 1.207274915846585417e+00
7.000000000000000000e+00 1.144427658493097022e+00 1.150201993887680851e+00 9.278127291370272811e-01 8.561776342044995491e-01 1.194409114518083959e+00 1.207274915846585417e+00 0.000000000000000000e+00
