0.000000000000000000e+00 1.000000000000000000e+00 2.000000000000000000e+00 3.000000000000000000e+00 4.000000000000000000e+00 5.000000000000000000e+00 6.000000000000000000e+00 7.000000000000000000e+00
1.000000000000000000e+00 0.000000000000000000e+00 5.548927087314411422e-01 3.190625491996742280e+00 1.188374674784065110e+00 1.071558564586276630e+00 1.098086975760557360e+00 1.196908414117777930e+00
2.000000000000000000e+00 5.548927087314411422e-01 0.000000000000000000e+00 3.197876816817912360e+00 1.194304121380108885e+00 1.067680053800364126e+00 1.094504154490258285e+00 1.201857619165837221e+00
3.000000000000000000e+00 3.190625491996742280e+00 3.197876816817912360e+00 0.000000000000000000e+00 3.019572757449585421e+00 3.296824526976458003e+00 3.315552230743994855e+00 3.113141894706109802e+00
4.000000000000000000e+00 1.188374674784065110e+00 1.194304121380108885e+00 3.019572757449585421e+00 0.000000000000000000e+00 1.264162710488155428e+00 1.281332381394501896e+00 9.680415864915898894e-01
5.000000000000000000e+00 1.071558564586276630e+00 1.067680053800364126e+00 3.296824526976458003e+00 1.264162710488155428e+00 0.000000000000000000e+00 7.094195584001554700e-01 1.245906988444268393e+00
6.000000000000000000e+00 1.098086975760557360e+00 1.094504154490258285e+00 3.315552230743994855e+00 1.281332381394501896e+00 7.094195584001554700e-01 0.000000000000000000e+00 1.261253465675142849e+00
7.000000000000000000e+00 1.196908414117777930e+00 1.201857619165837221e+00 3.113141894706109802e+00 9.680415864915898894e-01 1.245906988444268393e+00 1.261253465675142849e+00 0.000000000000000000e+00
