0.000000000000000000e+00 1.000000000000000000e+00 2.000000000000000000e+00 3.000000000000000000e+00 4.000000000000000000e+00 5.000000000000000000e+00 6.000000000000000000e+00 7.000000000000000000e+00
1.000000000000000000e+00 0.000000000000000000e+00 1.387823635031818284e-02 2.098750195397319107e+00 7.898481038375815277e-02 6.406911666456428511e-01 6.468349045773715833e-01 7.665637058688420935e-02
2.000000000000000000e+00 1.387823635031818284e-02 0.000000000000000000e+00 2.094795144945357901e+00 7.502381663519613886e-02 6.366178257341000846e-01 6.427618273058395282e-01 7.268918982660185768e-02
3.000000000000000000e+00 2.098750195397319107e+00 2.094795144945357901e+00 0.000000000000000000e+00 2.039306952282493590e+00 2.643152027678633775e+00 2.649190632509894172e+00 2.043238529957996708e+00
4.000000000000000000e+00 7.898481038375815277e-02 7.502381663519613886e-02 2.039306952282493590e+00 0.000000000000000000e+00 6.223891197277758858e-01 6.284257612768453516e-01 2.138395083722305356e-02
5.000000000000000000e+00 6.406911666456428511e-01 6.366178257341000846e-01 2.643152027678633775e+00 6.223891197277758858e-01 0.000000000000000000e+00 2.681203722269220879e-02 6.179735093683618175e-01
6.000000000000000000e+00 6.468349045773715833e-01 6.427618273058395282e-01 2.649190632509894172e+00 6.284257612768453516e-01 2.681203722269220879e-02 0.000000000000000000e+00 6.240057016608523410e-01
7.000000000000000000e+00 7.665637058688420935e-02 7.268918982660185768e-02 2.043238529957996708e+00 2.138395083722305356e-02 6.179735093683618175e-01 6.240057016608523410e-01 0.000000000000000000e+00
