0.000000000000000000e+00 1.000000000000000000e+00 2.000000000000000000e+00 3.000000000000000000e+00 4.000000000000000000e+00 5.000000000000000000e+00 6.000000000000000000e+00 7.000000000000000000e+00
1.000000000000000000e+00 0.000000000000000000e+00 6.595586014638863404e-01 3.881235345729933339e+00 1.850311256220007694e+00 2.439099319003065425e+00 2.587024153664375881e+00 1.878902506842258235e+00
2.000000000000000000e+00 6.595586014638863404e-01 0.000000000000000000e+00 3.761264069968659474e+00 1.729358117643212678e+00 2.302371755773986450e+00 2.450620407832094116e+00 1.756483056228676398e+00
3.000000000000000000e+00 3.881235345729933339e+00 3.761264069968659474e+00 0.000000000000000000e+00 3.053987920407169376e+00 4.460179932512264855e+00 4.592851895507553017e+00 3.221088113218264048e+00
4.000000000000000000e+00 1.850311256220007694e+00 1.729358117643212678e+00 3.053987920407169376e+00 0.000000000000000000e+00 2.387590358515099709e+00 2.518491182743921364e+00 1.019135792952622799e+00
5.000000000000000000e+00 2.439099319003065425e+00 2.302371755773986450e+00 4.460179932512264855e+00 2.387590358515099709e+00 0.000000000000000000e+00 9.947832445927433653e-01 2.353981319209450973e+00
6.000000000000000000e+00 2.587024153664375881e+00 2.450620407832094116e+00 4.592851895507553017e+00 2.518491182743921364e+00 9.947832445927433653e-01 0.000000000000000000e+00 2.482063870995115273e+00
7.000000000000000000e+00 1.878902506842258235e+00 1.756483056228676398e+00 3.221088113218264048e+00 1.019135792952622799e+00 2.353981319209450973e+00 2.482063870995115273e+00 0.000000000000000000e+00
