0.000000000000000000e+00 1.000000000000000000e+00 2.000000000000000000e+00 3.000000000000000000e+00 4.000000000000000000e+00 5.000000000000000000e+00 6.000000000000000000e+00 7.000000000000000000e+00
1.000000000000000000e+00 0.000000000000000000e+00 6.947020840083137534e-03 2.060605153548219270e+00 4.272275295263008865e-02 5.980886654370258793e-01 6.011594226565664112e-01 4.134571142375906283e-02
2.000000000000000000e+00 6.947020840083137534e-03 0.000000000000000000e+00 2.058591974121716461e+00 4.070783950245464300e-02 5.960292815316077242e-01 5.991000956463010674e-01 3.932907539957010423e-02
3.000000000000000000e+00 2.060605153548219270e+00 2.058591974121716461e+00 0.000000000000000000e+00 2.027411092244009172e+00 2.605060132512757143e+00 2.608099178189691614e+00 2.029383016145546392e+00
4.000000000000000000e+00 4.272275295263008865e-02 4.070783950245464300e-02 2.027411092244009172e+00 0.000000000000000000e+00 5.868043253853802987e-01 5.898429918698526730e-01 1.069235362585477245e-02
5.000000000000000000e+00 5.980886654370258793e-01 5.960292815316077242e-01 2.605060132512757143e+00 5.868043253853802987e-01 0.000000000000000000e+00 1.350999342509728862e-02 5.844943984012174187e-01
6.000000000000000000e+00 6.011594226565664112e-01 5.991000956463010674e-01 2.608099178189691614e+00 5.898429918698526730e-01 1.350999342509728862e-02 0.000000000000000000e+00 5.875320472977696440e-01
7.000000000000000000e+00 4.134571142375906283e-02 3.932907539957010423e-02 2.029383016145546392e+00 1.069235362585477245e-02 5.844943984012174187e-01 5.875320472977696440e-01 0.000000000000000000e+00
