0.000000000000000000e+00 1.000000000000000000e+00 2.000000000000000000e+00 3.000000000000000000e+00 4.000000000000000000e+00 5.000000000000000000e+00 6.000000000000000000e+00 7.000000000000000000e+00 8.000000000000000000e+00 9.000000000000000000e+00 1.000000000000000000e+01
1.000000000000000000e+00 0.000000000000000000e+00 6.761355844039794505e+00 1.530622094148767864e+01 1.584289950850707740e+01 1.694777213360197621e+01 1.428108460955821535e+01 1.436096467132291821e+01 1.890854235786034110e+01 1.942077575271320455e+01 1.918929701876204419e+01
2.000000000000000000e+00 6.761355844039794505e+00 0.000000000000000000e+00 1.559601486068222620e+01 1.612741568131569636e+01 1.722217025191678985e+01 1.456056042456154920e+01 1.462891400088315308e+01 1.919504608120058009e+01 1.970721262929247786e+01 1.947574580614782391e+01
3.000000000000000000e+00 1.530622094148767864e+01 1.559601486068222620e+01 0.000000000000000000e+00 1.231272322758247739e+01 1.599820739646894552e+01 1.358789689738260087e+01 1.391626308228806153e+01 1.848178797844154531e+01 1.899431911974659215e+01 1.876284222761362841e+01
4.000000000000000000e+00 1.584289950850707740e+01 1.612741568131569636e+01 1.231272322758247739e+01 0.000000000000000000e+00 1.582421673693312769e+01 1.360846294397248180e+01 1.393123914735755520e+01 1.865379961112596163e+01 1.916597482171427913e+01 1.893457396799842840e+01
5.000000000000000000e+00 1.694777213360197621e+01 1.722217025191678985e+01 1.599820739646894552e+01 1.582421673693312769e+01 0.000000000000000000e+00 1.207964230332664535e+01 1.211032178269383053e+01 1.815447950943570277e+01 1.866462485975508656e+01 1.843362918895291003e+01
6.000000000000000000e+00 1.428108460955821535e+01 1.456056042456154920e+01 1.358789689738260087e+01 1.360846294397248180e+01 1.207964230332664535e+01 0.000000000000000000e+00 9.447962367720130317e+00 1.428748319700461877e+01 1.479713900779113800e+01 1.456630918782133577e+01
7.000000000000000000e+00 1.436096467132291821e+01 1.462891400088315308e+01 1.391626308228806153e+01 1.393123914735755520e+01 1.211032178269383053e+01 9.447962367720130317e+00 0.000000000000000000e+00 1.519027786122483548e+01 1.569855316230542286e+01 1.546785329546938570e+01
8.000000000000000000e+00 1.890854235786034110e+01 1.919504608120058009e+01 1.848178797844154531e+01 1.865379961112596163e+01 1.815447950943570277e+01 1.428748319700461877e+01 1.519027786122483548e+01 0.000000000000000000e+00 7.112603160050561257e+00 7.454109826815081163e+00
9.000000000000000000e+00 1.942077575271320455e+01 1.970721262929247786e+01 1.899431911974659215e+01 1.916597482171427913e+01 1.866462485975508656e+01 1.479713900779113800e+01 1.569855316230542286e+01 7.112603160050561257e+00 0.000000000000000000e+00 6.583522230787107077e+00
1.000000000000000000e+01 1.918929701876204419e+01 1.947574580614782391e+01 1.876284222761362841e+01 1.893457396799842840e+01 1.843362918895291003e+01 1.456630918782133577e+01 1.546785329546938570e+01 7.454109826815081163e+00 6.583522230787107077e+00 0.000000000000000000e+00
