0.000000000000000000e+00 1.000000000000000000e+00 2.000000000000000000e+00 3.000000000000000000e+00 4.000000000000000000e+00 5.000000000000000000e+00 6.000000000000000000e+00 7.000000000000000000e+00 8.000000000000000000e+00 9.000000000000000000e+00 1.000000000000000000e+01
1.000000000000000000e+00 0.000000000000000000e+00 6.688181674391857179e+00 1.349758892961767920e+01 1.454959283581486496e+01 1.536114531739391964e+01 8.656558454399712943e+00 8.889836923667839841e+00 1.515542138734576127e+01 1.566962271189574096e+01 1.537980004115640753e+01
2.000000000000000000e+00 6.688181674391857179e+00 0.000000000000000000e+00 1.381989299563110229e+01 1.487182208775577585e+01 1.568438659977254090e+01 8.982909694924680721e+00 9.213469430888416412e+00 1.548284024407469772e+01 1.599701928619186120e+01 1.570719687623119043e+01
3.000000000000000000e+00 1.349758892961767920e+01 1.381989299563110229e+01 0.000000000000000000e+00 1.164891704122496030e+01 1.441921368819964755e+01 7.970409707552553513e+00 8.250429959264447888e+00 1.450752551913281962e+01 1.502190555682810214e+01 1.473209212990529693e+01
4.000000000000000000e+00 1.454959283581486496e+01 1.487182208775577585e+01 1.164891704122496030e+01 0.000000000000000000e+00 1.505866369817272954e+01 8.701037726741306599e+00 8.993863003127540168e+00 1.525531732667162288e+01 1.576962931006618618e+01 1.547981976521126768e+01
5.000000000000000000e+00 1.536114531739391964e+01 1.568438659977254090e+01 1.441921368819964755e+01 1.505866369817272954e+01 0.000000000000000000e+00 8.101634666472856239e+00 8.206929652150332544e+00 1.482313875420060612e+01 1.533651003201715213e+01 1.504672401277231586e+01
6.000000000000000000e+00 8.656558454399712943e+00 8.982909694924680721e+00 7.970409707552553513e+00 8.701037726741306599e+00 8.101634666472856239e+00 0.000000000000000000e+00 1.273470996132372690e+00 7.541997277973493397e+00 8.055191833112083089e+00 7.765418050339064848e+00
7.000000000000000000e+00 8.889836923667839841e+00 9.213469430888416412e+00 8.250429959264447888e+00 8.993863003127540168e+00 8.206929652150332544e+00 1.273470996132372690e+00 0.000000000000000000e+00 8.017098034423177921e+00 8.529628675191105458e+00 8.239851949359788819e+00
8.000000000000000000e+00 1.515542138734576127e+01 1.548284024407469772e+01 1.450752551913281962e+01 1.525531732667162288e+01 1.482313875420060612e+01 7.541997277973493397e+00 8.017098034423177921e+00 0.000000000000000000e+00 7.090730709343077365e+00 7.385190296213885119e+00
9.000000000000000000e+00 1.566962271189574096e+01 1.599701928619186120e+01 1.502190555682810214e+01 1.576962931006618618e+01 1.533651003201715213e+01 8.055191833112083089e+00 8.529628675191105458e+00 7.090730709343077365e+00 0.000000000000000000e+00 6.568384074781565829e+00
1.000000000000000000e+01 1.537980004115640753e+01 1.570719687623119043e+01 1.473209212990529693e+01 1.547981976521126768e+01 1.504672401277231586e+01 7.765418050339064848e+00 8.239851949359788819e+00 7.385190296213885119e+00 6.568384074781565829e+00 0.000000000000000000e+00
