0.000000000000000000e+00 1.000000000000000000e+00 2.000000000000000000e+00 3.000000000000000000e+00 4.000000000000000000e+00 5.000000000000000000e+00 6.000000000000000000e+00 7.000000000000000000e+00 8.000000000000000000e+00 9.000000000000000000e+00 1.000000000000000000e+01
1.000000000000000000e+00 0.000000000000000000e+00 5.898818968194260437e-01 1.024480563011239242e+00 1.035420636587293997e+00 1.078207786941826507e+00 1.103922093843446417e+00 1.099143216857762839e+00 1.525661529623029145e+00 1.536547839348758160e+00 1.550219155289360273e+00
2.000000000000000000e+00 5.898818968194260437e-01 0.000000000000000000e+00 1.024650109387349017e+00 1.035084072810535050e+00 1.076770565857708695e+00 1.102983047462607002e+00 1.096956275218097465e+00 1.525687464877802269e+00 1.536562754900285377e+00 1.550236137832676331e+00
3.000000000000000000e+00 1.024480563011239242e+00 1.024650109387349017e+00 0.000000000000000000e+00 6.262820976941296802e-01 8.345282769389261723e-01 8.749361077089290450e-01 8.914486638868834856e-01 1.320975258148475051e+00 1.331887264324117304e+00 1.345559426627808364e+00
4.000000000000000000e+00 1.035420636587293997e+00 1.035084072810535050e+00 6.262820976941296802e-01 0.000000000000000000e+00 8.036767428322841855e-01 8.553249371679421120e-01 8.713462447246385079e-01 1.313832711988996538e+00 1.324704340394029067e+00 1.338385103093652884e+00
5.000000000000000000e+00 1.078207786941826507e+00 1.076770565857708695e+00 8.345282769389261723e-01 8.036767428322841855e-01 0.000000000000000000e+00 7.502217292364912193e-01 7.552096195316313487e-01 1.286140750229488150e+00 1.296817940523276924e+00 1.310538278187394212e+00
6.000000000000000000e+00 1.103922093843446417e+00 1.102983047462607002e+00 8.749361077089290450e-01 8.553249371679421120e-01 7.502217292364912193e-01 0.000000000000000000e+00 7.797602887235501878e-01 1.244806100605855947e+00 1.255438036231130372e+00 1.269174352886015100e+00
7.000000000000000000e+00 1.099143216857762839e+00 1.096956275218097465e+00 8.914486638868834856e-01 8.713462447246385079e-01 7.552096195316313487e-01 7.797602887235501878e-01 0.000000000000000000e+00 1.286654389705885082e+00 1.297147909602004656e+00 1.310898889787901922e+00
8.000000000000000000e+00 1.525661529623029145e+00 1.525687464877802269e+00 1.320975258148475051e+00 1.313832711988996538e+00 1.286140750229488150e+00 1.244806100605855947e+00 1.286654389705885082e+00 0.000000000000000000e+00 6.115691631143880258e-01 6.693398992152048699e-01
9.000000000000000000e+00 1.536547839348758160e+00 1.536562754900285377e+00 1.331887264324117304e+00 1.324704340394029067e+00 1.296817940523276924e+00 1.255438036231130372e+00 1.297147909602004656e+00 6.115691631143880258e-01 0.000000000000000000e+00 5.732282231367435976e-01
1.000000000000000000e+01 1.550219155289360273e+00 1.550236137832676331e+00 1.345559426627808364e+00 1.338385103093652884e+00 1.310538278187394212e+00 1.269174352886015100e+00 1.310898889787901922e+00 6.693398992152048699e-01 5.732282231367435976e-01 0.000000000000000000e+00
