0.000000000000000000e+00 1.000000000000000000e+00 2.000000000000000000e+00 3.000000000000000000e+00 4.000000000000000000e+00 5.000000000000000000e+00 6.000000000000000000e+00 7.000000000000000000e+00 8.000000000000000000e+00 9.000000000000000000e+00 1.000000000000000000e+01
1.000000000000000000e+00 0.000000000000000000e+00 6.404769177048164508e+00 9.689404279948870879e+00 1.020567448400796806e+01 1.045109792938239401e+01 6.987001695148670422e+00 7.042184969928682037e+00 1.275271835941034304e+01 1.286561630649389798e+01 1.290983823038906486e+01
2.000000000000000000e+00 6.404769177048164508e+00 0.000000000000000000e+00 9.698140267033739548e+00 1.021414766363777460e+01 1.045904586048363250e+01 6.997098268337122562e+00 7.049230923074501831e+00 1.276423620229021516e+01 1.287710315484030588e+01 1.292132832875688386e+01
3.000000000000000000e+00 9.689404279948870879e+00 9.698140267033739548e+00 0.000000000000000000e+00 6.480818638384246100e+00 8.010522815229533578e+00 4.704109085892957509e+00 4.835247102769455907e+00 1.050090614968398306e+01 1.061410131042860172e+01 1.065830502084359743e+01
4.000000000000000000e+00 1.020567448400796806e+01 1.021414766363777460e+01 6.480818638384246100e+00 0.000000000000000000e+00 8.274311073406929395e+00 5.023258669586681435e+00 5.170162433481690911e+00 1.083658256508348394e+01 1.094970069451406403e+01 1.099391553259114396e+01
5.000000000000000000e+00 1.045109792938239401e+01 1.045904586048363250e+01 8.010522815229533578e+00 8.274311073406929395e+00 0.000000000000000000e+00 4.552114303769579706e+00 4.611377859822885839e+00 1.050468601392195644e+01 1.061685360825850921e+01 1.066117600702023971e+01
6.000000000000000000e+00 6.987001695148670422e+00 6.997098268337122562e+00 4.704109085892957509e+00 5.023258669586681435e+00 4.552114303769579706e+00 0.000000000000000000e+00 1.027359991981386500e+00 6.703243660373127355e+00 6.815247026424440691e+00 6.859596528727520237e+00
7.000000000000000000e+00 7.042184969928682037e+00 7.049230923074501831e+00 4.835247102769455907e+00 5.170162433481690911e+00 4.611377859822885839e+00 1.027359991981386500e+00 0.000000000000000000e+00 6.975509579375396285e+00 7.086800222199279631e+00 7.131209434465160868e+00
8.000000000000000000e+00 1.275271835941034304e+01 1.276423620229021516e+01 1.050090614968398306e+01 1.083658256508348394e+01 1.050468601392195644e+01 6.703243660373127355e+00 6.975509579375396285e+00 0.000000000000000000e+00 6.702585154972673820e+00 7.286361154100708504e+00
9.000000000000000000e+00 1.286561630649389798e+01 1.287710315484030588e+01 1.061410131042860172e+01 1.094970069451406403e+01 1.061685360825850921e+01 6.815247026424440691e+00 7.086800222199279631e+00 6.702585154972673820e+00 0.000000000000000000e+00 6.286199826587063555e+00
1.000000000000000000e+01 1.290983823038906486e+01 1.292132832875688386e+01 1.065830502084359743e+01 1.099391553259114396e+01 1.066117600702023971e+01 6.859596528727520237e+00 7.131209434465160868e+00 7.286361154100708504e+00 6.286199826587063555e+00 0.000000000000000000e+00
