0.000000000000000000e+00 1.000000000000000000e+00 2.000000000000000000e+00 3.000000000000000000e+00 4.000000000000000000e+00 5.000000000000000000e+00 6.000000000000000000e+00 7.000000000000000000e+00 8.000000000000000000e+00 9.000000000000000000e+00 1.000000000000000000e+01
1.000000000000000000e+00 0.000000000000000000e+00 5.885730518909767284e+00 1.024615347402862575e+01 1.035833217477687107e+01 1.077023553111427212e+01 1.100143193567712352e+01 1.092290196827422655e+01 1.339897539489927425e+01 1.351578190859778417e+01 1.357195631602233910e+01
2.000000000000000000e+00 5.885730518909767284e+00 0.000000000000000000e+00 1.024425456450432925e+01 1.035285736507967691e+01 1.075775448776980348e+01 1.099223455250572279e+01 1.090656718813546711e+01 1.339213998171927145e+01 1.350894417601351094e+01 1.356511998297053800e+01
3.000000000000000000e+00 1.024615347402862575e+01 1.024425456450432925e+01 0.000000000000000000e+00 6.262919226629277247e+00 8.327386438513189049e+00 8.711346394122481129e+00 8.839173239554829919e+00 1.131044942776408035e+01 1.142725893591579478e+01 1.148343656272672142e+01
4.000000000000000000e+00 1.035833217477687107e+01 1.035285736507967691e+01 6.262919226629277247e+00 0.000000000000000000e+00 8.022408542450451208e+00 8.519972164116760283e+00 8.648701583079057897e+00 1.120538422554998803e+01 1.132217872964618977e+01 1.137836545948475298e+01
5.000000000000000000e+00 1.077023553111427212e+01 1.075775448776980348e+01 8.327386438513189049e+00 8.022408542450451208e+00 0.000000000000000000e+00 7.494319340716055322e+00 7.535794027592524813e+00 1.074152408635656286e+01 1.085824641373610078e+01 1.091447560436074404e+01
6.000000000000000000e+00 1.100143193567712352e+01 1.099223455250572279e+01 8.711346394122481129e+00 8.519972164116760283e+00 7.494319340716055322e+00 0.000000000000000000e+00 7.778564510721986736e+00 1.015621342528552873e+01 1.027290242658175501e+01 1.032915293111811472e+01
7.000000000000000000e+00 1.092290196827422655e+01 1.090656718813546711e+01 8.839173239554829919e+00 8.648701583079057897e+00 7.535794027592524813e+00 7.778564510721986736e+00 0.000000000000000000e+00 1.060890796981643902e+01 1.072557549920388098e+01 1.078183464946890346e+01
8.000000000000000000e+00 1.339897539489927425e+01 1.339213998171927145e+01 1.131044942776408035e+01 1.120538422554998803e+01 1.074152408635656286e+01 1.015621342528552873e+01 1.060890796981643902e+01 0.000000000000000000e+00 6.106115054857202296e+00 6.669647295786505836e+00
9.000000000000000000e+00 1.351578190859778417e+01 1.350894417601351094e+01 1.142725893591579478e+01 1.132217872964618977e+01 1.085824641373610078e+01 1.027290242658175501e+01 1.072557549920388098e+01 6.106115054857202296e+00 0.000000000000000000e+00 5.726799889152511369e+00
1.000000000000000000e+01 1.357195631602233910e+01 1.356511998297053800e+01 1.148343656272672142e+01 1.137836545948475298e+01 1.091447560436074404e+01 1.032915293111811472e+01 1.078183464946890346e+01 6.669647295786505836e+00 5.726799889152511369e+00 0.000000000000000000e+00
