0.000000000000000000e+00 1.000000000000000000e+00 2.000000000000000000e+00 3.000000000000000000e+00 4.000000000000000000e+00 5.000000000000000000e+00 6.000000000000000000e+00 7.000000000000000000e+00 8.000000000000000000e+00 9.000000000000000000e+00 1.000000000000000000e+01
1.000000000000000000e+00 0.000000000000000000e+00 6.079191192758285567e+00 1.182961037942362381e+01 1.298647404730483146e+01 1.371063639077760499e+01 6.915272992067468927e+00 6.922746859175734180e+00 1.216429685251186754e+01 1.266699779026880535e+01 1.233921475718112859e+01
2.000000000000000000e+00 6.079191192758285567e+00 0.000000000000000000e+00 1.218159442347910826e+01 1.333922765963579593e+01 1.406615279096201832e+01 7.272287944898361722e+00 7.279718859200371206e+00 1.252133357642365041e+01 1.302403408190248868e+01 1.269625100803776618e+01
3.000000000000000000e+00 1.182961037942362381e+01 1.218159442347910826e+01 0.000000000000000000e+00 1.087649681819475944e+01 1.331409569428079465e+01 6.763641054670139319e+00 6.772762194952664849e+00 1.201333739334735640e+01 1.251605138047114352e+01 1.218826747676356348e+01
4.000000000000000000e+00 1.298647404730483146e+01 1.333922765963579593e+01 1.087649681819475944e+01 0.000000000000000000e+00 1.413031909329437497e+01 7.628953615171973901e+00 7.638769690212400043e+00 1.287898308829431571e+01 1.338169619137918787e+01 1.305391249836087653e+01
5.000000000000000000e+00 1.371063639077760499e+01 1.406615279096201832e+01 1.331409569428079465e+01 1.413031909329437497e+01 0.000000000000000000e+00 7.221736352716463081e+00 7.225600521791100128e+00 1.247629044476484594e+01 1.297896462772816406e+01 1.265118161288397403e+01
6.000000000000000000e+00 6.915272992067468927e+00 7.272287944898361722e+00 6.763641054670139319e+00 7.628953615171973901e+00 7.221736352716463081e+00 0.000000000000000000e+00 3.025481438261046208e-02 5.271041217700151549e+00 5.773706946579149957e+00 5.445924488287975151e+00
7.000000000000000000e+00 6.922746859175734180e+00 7.279718859200371206e+00 6.772762194952664849e+00 7.638769690212400043e+00 7.225600521791100128e+00 3.025481438261046208e-02 0.000000000000000000e+00 5.286518787338124525e+00 5.789158217925240990e+00 5.461375505931542307e+00
8.000000000000000000e+00 1.216429685251186754e+01 1.252133357642365041e+01 1.201333739334735640e+01 1.287898308829431571e+01 1.247629044476484594e+01 5.271041217700151549e+00 5.286518787338124525e+00 0.000000000000000000e+00 6.457428049677776727e+00 6.686589855623083167e+00
9.000000000000000000e+00 1.266699779026880535e+01 1.302403408190248868e+01 1.251605138047114352e+01 1.338169619137918787e+01 1.297896462772816406e+01 5.773706946579149957e+00 5.789158217925240990e+00 6.457428049677776727e+00 0.000000000000000000e+00 5.982939712267498322e+00
1.000000000000000000e+01 1.233921475718112859e+01 1.269625100803776618e+01 1.218826747676356348e+01 1.305391249836087653e+01 1.265118161288397403e+01 5.445924488287975151e+00 5.461375505931542307e+00 6.686589855623083167e+00 5.982939712267498322e+00 0.000000000000000000e+00
