0.000000000000000000e+00 1.000000000000000000e+00 2.000000000000000000e+00 3.000000000000000000e+00 4.000000000000000000e+00 5.000000000000000000e+00 6.000000000000000000e+00 7.000000000000000000e+00 8.000000000000000000e+00 9.000000000000000000e+00 1.000000000000000000e+01
1.000000000000000000e+00 0.000000000000000000e+00 6.478515011165528747e+00 1.129265039906105628e+01 1.141874222717449250e+01 1.191759904575727091e+01 1.226966005882549027e+01 1.213962481759446632e+01 1.606023049497673583e+01 1.617470453484290971e+01 1.626630898557806759e+01
2.000000000000000000e+00 6.478515011165528747e+00 0.000000000000000000e+00 1.128926044278727048e+01 1.141060047094469176e+01 1.189905824290939762e+01 1.225464658456203537e+01 1.211473150708790314e+01 1.605230034070555689e+01 1.616669402842641290e+01 1.625833122931380004e+01
3.000000000000000000e+00 1.129265039906105628e+01 1.128926044278727048e+01 0.000000000000000000e+00 6.890312931391170181e+00 9.201502464051515062e+00 9.702788964717861120e+00 9.828534812163574941e+00 1.374222586286416004e+01 1.385714930368510878e+01 1.394863732177206828e+01
4.000000000000000000e+00 1.141874222717449250e+01 1.141060047094469176e+01 6.890312931391170181e+00 0.000000000000000000e+00 8.853860974752592483e+00 9.472209091865828157e+00 9.600128139033969887e+00 1.364196059137355377e+01 1.375651747187542639e+01 1.384816742296436232e+01
5.000000000000000000e+00 1.191759904575727091e+01 1.189905824290939762e+01 9.201502464051515062e+00 8.853860974752592483e+00 0.000000000000000000e+00 8.272297543851731660e+00 8.309386610152110109e+00 1.325867068614506294e+01 1.337137112166902853e+01 1.346381887959228507e+01
6.000000000000000000e+00 1.226966005882549027e+01 1.225464658456203537e+01 9.702788964717861120e+00 9.472209091865828157e+00 8.272297543851731660e+00 0.000000000000000000e+00 8.597131274104615528e+00 1.277764001940874294e+01 1.288992656740864717e+01 1.298263746748632386e+01
7.000000000000000000e+00 1.213962481759446632e+01 1.211473150708790314e+01 9.828534812163574941e+00 9.600128139033969887e+00 8.309386610152110109e+00 8.597131274104615528e+00 0.000000000000000000e+00 1.322315635905912146e+01 1.333402373037291255e+01 1.342717541135086279e+01
8.000000000000000000e+00 1.606023049497673583e+01 1.605230034070555689e+01 1.374222586286416004e+01 1.364196059137355377e+01 1.325867068614506294e+01 1.277764001940874294e+01 1.322315635905912146e+01 0.000000000000000000e+00 6.719624372486610042e+00 7.342898379593016500e+00
9.000000000000000000e+00 1.617470453484290971e+01 1.616669402842641290e+01 1.385714930368510878e+01 1.375651747187542639e+01 1.337137112166902853e+01 1.288992656740864717e+01 1.333402373037291255e+01 6.719624372486610042e+00 0.000000000000000000e+00 6.300809821528105203e+00
1.000000000000000000e+01 1.626630898557806759e+01 1.625833122931380004e+01 1.394863732177206828e+01 1.384816742296436232e+01 1.346381887959228507e+01 1.298263746748632386e+01 1.342717541135086279e+01 7.342898379593016500e+00 6.300809821528105203e+00 0.000000000000000000e+00
