0.000000000000000000e+00 1.000000000000000000e+00 2.000000000000000000e+00 3.000000000000000000e+00 4.000000000000000000e+00 5.000000000000000000e+00 6.000000000000000000e+00 7.000000000000000000e+00 8.000000000000000000e+00 9.000000000000000000e+00 1.000000000000000000e+01
1.000000000000000000e+00 0.000000000000000000e+00 1.263349602088492141e+01 2.462404465861894920e+01 2.555325173272524708e+01 2.690391410973156994e+01 2.077623197070044725e+01 2.111596176651206491e+01 3.127217291385793629e+01 3.195302223148500431e+01 3.174274119332946853e+01
2.000000000000000000e+00 1.263349602088492141e+01 0.000000000000000000e+00 2.494121006631182524e+01 2.586475394068098765e+01 2.720509220222968949e+01 2.108526731385712694e+01 2.141010391822241132e+01 3.158951929720299034e+01 3.227025893326404571e+01 3.205999203249190543e+01
3.000000000000000000e+00 2.462404465861894920e+01 2.494121006631182524e+01 0.000000000000000000e+00 1.829775221838920274e+01 2.350160580865395232e+01 1.776120057522089368e+01 1.842673400543642259e+01 2.856153602020424387e+01 2.924297468121023869e+01 2.903268735302284043e+01
4.000000000000000000e+00 2.555325173272524708e+01 2.586475394068098765e+01 1.829775221838920274e+01 0.000000000000000000e+00 2.347164491350998006e+01 1.799583745598504336e+01 1.866576937990781460e+01 2.896275822838483549e+01 2.964364416052153572e+01 2.943344448168326366e+01
5.000000000000000000e+00 2.690391410973156994e+01 2.720509220222968949e+01 2.350160580865395232e+01 2.347164491350998006e+01 0.000000000000000000e+00 1.597729774735845254e+01 1.617476348549978837e+01 2.810263906022223779e+01 2.878003825327838072e+01 2.857034333765285439e+01
6.000000000000000000e+00 2.077623197070044725e+01 2.108526731385712694e+01 1.776120057522089368e+01 1.799583745598504336e+01 1.597729774735845254e+01 0.000000000000000000e+00 9.985226524300436779e+00 2.041750494098818791e+01 2.109407458254779399e+01 2.088457243376408812e+01
7.000000000000000000e+00 2.111596176651206491e+01 2.141010391822241132e+01 1.842673400543642259e+01 1.866576937990781460e+01 1.617476348549978837e+01 9.985226524300436779e+00 0.000000000000000000e+00 2.181229179298845366e+01 2.248657594598652665e+01 2.227724426531666424e+01
8.000000000000000000e+00 3.127217291385793629e+01 3.158951929720299034e+01 2.856153602020424387e+01 2.896275822838483549e+01 2.810263906022223779e+01 2.041750494098818791e+01 2.181229179298845366e+01 0.000000000000000000e+00 1.327214828027596738e+01 1.411682754271692275e+01
9.000000000000000000e+00 3.195302223148500431e+01 3.227025893326404571e+01 2.924297468121023869e+01 2.964364416052153572e+01 2.878003825327838072e+01 2.109407458254779399e+01 2.248657594598652665e+01 1.327214828027596738e+01 0.000000000000000000e+00 1.234938924633755519e+01
1.000000000000000000e+01 3.174274119332946853e+01 3.205999203249190543e+01 2.903268735302284043e+01 2.943344448168326366e+01 2.857034333765285439e+01 2.088457243376408812e+01 2.227724426531666424e+01 1.411682754271692275e+01 1.234938924633755519e+01 0.000000000000000000e+00
