0.000000000000000000e+00 1.000000000000000000e+00 2.000000000000000000e+00 3.000000000000000000e+00 4.000000000000000000e+00 5.000000000000000000e+00 6.000000000000000000e+00 7.000000000000000000e+00 8.000000000000000000e+00 9.000000000000000000e+00 1.000000000000000000e+01
1.000000000000000000e+00 0.000000000000000000e+00 6.161364122901781037e+00 1.422620000914900729e+01 1.474698043813805093e+01 1.574077288786824980e+01 1.292116940718544882e+01 1.305104833497219019e+01 1.649587922310740851e+01 1.698111419557657698e+01 1.672925450085796584e+01
2.000000000000000000e+00 6.161364122901781037e+00 0.000000000000000000e+00 1.451436800450193942e+01 1.503115710270868099e+01 1.601853231381766207e+01 1.320367266365699876e+01 1.332496947961349676e+01 1.678117377858815473e+01 1.726640470460372612e+01 1.701454636884635718e+01
3.000000000000000000e+00 1.422620000914900729e+01 1.451436800450193942e+01 0.000000000000000000e+00 1.167032872041792935e+01 1.508181936352767138e+01 1.252264185328249013e+01 1.285347483121792678e+01 1.629917748298701952e+01 1.678441022754030953e+01 1.653255700623135382e+01
4.000000000000000000e+00 1.474698043813805093e+01 1.503115710270868099e+01 1.167032872041792935e+01 0.000000000000000000e+00 1.495855551817234996e+01 1.259214708368790170e+01 1.291557964790332136e+01 1.647000456880802233e+01 1.695520780143761996e+01 1.670336530999082569e+01
5.000000000000000000e+00 1.574077288786824980e+01 1.601853231381766207e+01 1.508181936352767138e+01 1.495855551817234996e+01 0.000000000000000000e+00 1.128548241625077253e+01 1.131954831896813118e+01 1.587816036766167116e+01 1.636320436322835192e+01 1.611141627310398050e+01
6.000000000000000000e+00 1.292116940718544882e+01 1.320367266365699876e+01 1.252264185328249013e+01 1.259214708368790170e+01 1.128548241625077253e+01 0.000000000000000000e+00 8.613972887545681800e+00 1.187848630589852661e+01 1.236346329261235155e+01 1.211170197959519257e+01
7.000000000000000000e+00 1.305104833497219019e+01 1.332496947961349676e+01 1.285347483121792678e+01 1.291557964790332136e+01 1.131954831896813118e+01 8.613972887545681800e+00 0.000000000000000000e+00 1.279663566336326852e+01 1.328156491975627418e+01 1.302981001587347265e+01
8.000000000000000000e+00 1.649587922310740851e+01 1.678117377858815473e+01 1.629917748298701952e+01 1.647000456880802233e+01 1.587816036766167116e+01 1.187848630589852661e+01 1.279663566336326852e+01 0.000000000000000000e+00 6.488812604586399857e+00 6.776655841531201929e+00
9.000000000000000000e+00 1.698111419557657698e+01 1.726640470460372612e+01 1.678441022754030953e+01 1.695520780143761996e+01 1.636320436322835192e+01 1.236346329261235155e+01 1.328156491975627418e+01 6.488812604586399857e+00 0.000000000000000000e+00 6.001520584952878323e+00
1.000000000000000000e+01 1.672925450085796584e+01 1.701454636884635718e+01 1.653255700623135382e+01 1.670336530999082569e+01 1.611141627310398050e+01 1.211170197959519257e+01 1.302981001587347265e+01 6.776655841531201929e+00 6.001520584952878323e+00 0.000000000000000000e+00
