0.000000000000000000e+00 1.000000000000000000e+00 2.000000000000000000e+00 3.000000000000000000e+00 4.000000000000000000e+00 5.000000000000000000e+00 6.000000000000000000e+00 7.000000000000000000e+00 8.000000000000000000e+00 9.000000000000000000e+00 1.000000000000000000e+01
1.000000000000000000e+00 0.000000000000000000e+00 6.495711334976238087e-03 5.149132358537654719e-01 4.231853619537362388e-01 5.895646730706758376e-01 6.338738448904436273e-01 5.972553914311498069e-01 5.231052900052951538e-01 5.237645107491998298e-01 5.249727624433380146e-01
2.000000000000000000e+00 6.495711334976238087e-03 0.000000000000000000e+00 5.142188958022523293e-01 4.224938951840327972e-01 5.888332693373545812e-01 6.331545616024182310e-01 5.965062434817898218e-01 5.224056475664796695e-01 5.230648750929965951e-01 5.242731412968615334e-01
3.000000000000000000e+00 5.149132358537654719e-01 5.142188958022523293e-01 0.000000000000000000e+00 4.710210153552174539e-01 7.571974409076176471e-01 8.038044845826980422e-01 8.008917089263329903e-01 7.107590921546839136e-01 7.114160642759045361e-01 7.126191374516772647e-01
4.000000000000000000e+00 4.231853619537362388e-01 4.224938951840327972e-01 4.710210153552174539e-01 0.000000000000000000e+00 6.472993435843923393e-01 6.947596340048282082e-01 6.965137805618160094e-01 6.050327769079361095e-01 6.056896200219851201e-01 6.068923772708472164e-01
5.000000000000000000e+00 5.895646730706758376e-01 5.888332693373545812e-01 7.571974409076176471e-01 6.472993435843923393e-01 0.000000000000000000e+00 7.490888814707087340e-01 7.440438884398257180e-01 7.360241478522669967e-01 7.366856004075136299e-01 7.378982565839622421e-01
6.000000000000000000e+00 6.338738448904436273e-01 6.331545616024182310e-01 8.038044845826980422e-01 6.947596340048282082e-01 7.490888814707087340e-01 0.000000000000000000e+00 7.760722135457864823e-01 7.118844624131578369e-01 7.125471866644633723e-01 7.137621412187229453e-01
7.000000000000000000e+00 5.972553914311498069e-01 5.965062434817898218e-01 8.008917089263329903e-01 6.965137805618160094e-01 7.440438884398257180e-01 7.760722135457864823e-01 0.000000000000000000e+00 7.314413025116645040e-01 7.321059695198547379e-01 7.333257548820328875e-01
8.000000000000000000e+00 5.231052900052951538e-01 5.224056475664796695e-01 7.107590921546839136e-01 6.050327769079361095e-01 7.360241478522669967e-01 7.118844624131578369e-01 7.314413025116645040e-01 0.000000000000000000e+00 6.632719437840162158e-03 8.214490051822731509e-03
9.000000000000000000e+00 5.237645107491998298e-01 5.230648750929965951e-01 7.114160642759045361e-01 6.056896200219851201e-01 7.366856004075136299e-01 7.125471866644633723e-01 7.321059695198547379e-01 6.632719437840162158e-03 0.000000000000000000e+00 6.267711696165911839e-03
1.000000000000000000e+01 5.249727624433380146e-01 5.242731412968615334e-01 7.126191374516772647e-01 6.068923772708472164e-01 7.378982565839622421e-01 7.137621412187229453e-01 7.333257548820328875e-01 8.214490051822731509e-03 6.267711696165911839e-03 0.000000000000000000e+00
