0.000000000000000000e+00 1.000000000000000000e+00 2.000000000000000000e+00 3.000000000000000000e+00 4.000000000000000000e+00 5.000000000000000000e+00 6.000000000000000000e+00 7.000000000000000000e+00 8.000000000000000000e+00 9.000000000000000000e+00 1.000000000000000000e+01
1.000000000000000000e+00 0.000000000000000000e+00 1.650387735663464195e+00 1.914304599956420549e+00 1.888681348177951191e+00 1.919274000423946358e+00 2.448721996756693109e+00 2.004627256343225916e+00 2.824760813466175691e+00 2.980054757075592420e+00 3.180981536056939785e+00
2.000000000000000000e+00 1.650387735663464195e+00 0.000000000000000000e+00 1.842206394599620989e+00 1.815881493136719760e+00 1.844726847604035491e+00 2.374802021527098184e+00 1.928946960792450760e+00 2.751844708422412467e+00 2.907124806863251365e+00 3.108058097381940943e+00
3.000000000000000000e+00 1.914304599956420549e+00 1.842206394599620989e+00 0.000000000000000000e+00 6.817829284991117067e-01 9.542375560365239373e-01 1.498134907854582920e+00 1.098020846259997185e+00 1.906931010754128408e+00 2.062329997329988451e+00 2.263220917971134671e+00
4.000000000000000000e+00 1.888681348177951191e+00 1.815881493136719760e+00 6.817829284991117067e-01 0.000000000000000000e+00 8.808216642636845783e-01 1.438410657076281129e+00 1.036741727257882051e+00 1.861926209542265731e+00 2.017276303348372934e+00 2.218192002077769676e+00
5.000000000000000000e+00 1.919274000423946358e+00 1.844726847604035491e+00 9.542375560365239373e-01 8.808216642636845783e-01 0.000000000000000000e+00 1.306367043174317288e+00 8.907320593736138825e-01 1.822212953197219321e+00 1.977331106841441866e+00 2.178361828351698559e+00
6.000000000000000000e+00 2.448721996756693109e+00 2.374802021527098184e+00 1.498134907854582920e+00 1.438410657076281129e+00 1.306367043174317288e+00 0.000000000000000000e+00 1.408660630536488600e+00 2.254123809807188294e+00 2.409198353139570870e+00 2.610266951147766523e+00
7.000000000000000000e+00 2.004627256343225916e+00 1.928946960792450760e+00 1.098020846259997185e+00 1.036741727257882051e+00 8.907320593736138825e-01 1.408660630536488600e+00 0.000000000000000000e+00 1.881183741393960496e+00 2.036044864984960512e+00 2.237188203640949613e+00
8.000000000000000000e+00 2.824760813466175691e+00 2.751844708422412467e+00 1.906931010754128408e+00 1.861926209542265731e+00 1.822212953197219321e+00 2.254123809807188294e+00 1.881183741393960496e+00 0.000000000000000000e+00 1.067805787226588699e+00 1.357222440077664682e+00
9.000000000000000000e+00 2.980054757075592420e+00 2.907124806863251365e+00 2.062329997329988451e+00 2.017276303348372934e+00 1.977331106841441866e+00 2.409198353139570870e+00 2.036044864984960512e+00 1.067805787226588699e+00 0.000000000000000000e+00 1.398870127515942752e+00
1.000000000000000000e+01 3.180981536056939785e+00 3.108058097381940943e+00 2.263220917971134671e+00 2.218192002077769676e+00 2.178361828351698559e+00 2.610266951147766523e+00 2.237188203640949613e+00 1.357222440077664682e+00 1.398870127515942752e+00 0.000000000000000000e+00
