0.000000000000000000e+00 1.000000000000000000e+00 2.000000000000000000e+00 3.000000000000000000e+00 4.000000000000000000e+00 5.000000000000000000e+00 6.000000000000000000e+00 7.000000000000000000e+00 8.000000000000000000e+00 9.000000000000000000e+00 1.000000000000000000e+01
1.000000000000000000e+00 0.000000000000000000e+00 6.209046339824063621e-01 2.903210085706479759e+00 2.767743236216519076e+00 3.188755591508573239e+00 1.959388840184257186e+00 1.981467660895208649e+00 2.890100507619101311e+00 2.899436911752757862e+00 2.931145233418704255e+00
2.000000000000000000e+00 6.209046339824063621e-01 0.000000000000000000e+00 2.872183055368424220e+00 2.736729453482589225e+00 3.157094395421722766e+00 1.928473664418519862e+00 1.949594710457044577e+00 2.859742485903233433e+00 2.869077006282659159e+00 2.900787924846344179e+00
3.000000000000000000e+00 2.903210085706479759e+00 2.872183055368424220e+00 0.000000000000000000e+00 2.540534398597698473e+00 3.500830987514201631e+00 2.311009539763549725e+00 2.385264074197258832e+00 3.271920514737650887e+00 3.281304376689938795e+00 3.312970376788065163e+00
4.000000000000000000e+00 2.767743236216519076e+00 2.736729453482589225e+00 2.540534398597698473e+00 0.000000000000000000e+00 3.259006801057604541e+00 2.080550678824210742e+00 2.168594079178023382e+00 3.053447567956177888e+00 3.062831077196908058e+00 3.094502938745573584e+00
5.000000000000000000e+00 3.188755591508573239e+00 3.157094395421722766e+00 3.500830987514201631e+00 3.259006801057604541e+00 0.000000000000000000e+00 2.213785011612206866e+00 2.237817213839607522e+00 3.303852285405263434e+00 3.313130156204616039e+00 3.344961892024658656e+00
6.000000000000000000e+00 1.959388840184257186e+00 1.928473664418519862e+00 2.311009539763549725e+00 2.080550678824210742e+00 2.213785011612206866e+00 0.000000000000000000e+00 9.354587669587233201e-01 1.854990266035502433e+00 1.864261415088878326e+00 1.896131524950581682e+00
7.000000000000000000e+00 1.981467660895208649e+00 1.949594710457044577e+00 2.385264074197258832e+00 2.168594079178023382e+00 2.237817213839607522e+00 9.354587669587233201e-01 0.000000000000000000e+00 2.018184373843673551e+00 2.027368212660503932e+00 2.059324822462830884e+00
8.000000000000000000e+00 2.890100507619101311e+00 2.859742485903233433e+00 3.271920514737650887e+00 3.053447567956177888e+00 3.303852285405263434e+00 1.854990266035502433e+00 2.018184373843673551e+00 0.000000000000000000e+00 6.369336721061076290e-01 7.335936528983806326e-01
9.000000000000000000e+00 2.899436911752757862e+00 2.869077006282659159e+00 3.281304376689938795e+00 3.062831077196908058e+00 3.313130156204616039e+00 1.864261415088878326e+00 2.027368212660503932e+00 6.369336721061076290e-01 0.000000000000000000e+00 5.978101439057663669e-01
1.000000000000000000e+01 2.931145233418704255e+00 2.900787924846344179e+00 3.312970376788065163e+00 3.094502938745573584e+00 3.344961892024658656e+00 1.896131524950581682e+00 2.059324822462830884e+00 7.335936528983806326e-01 5.978101439057663669e-01 0.000000000000000000e+00
