0.000000000000000000e+00 1.000000000000000000e+00 2.000000000000000000e+00 3.000000000000000000e+00 4.000000000000000000e+00 5.000000000000000000e+00 6.000000000000000000e+00 7.000000000000000000e+00 8.000000000000000000e+00 9.000000000000000000e+00 1.000000000000000000e+01
1.000000000000000000e+00 0.000000000000000000e+00 5.907916120335993115e-01 1.036674713470825404e+00 1.048471489629200670e+00 1.096961556548395444e+00 1.136527733130056728e+00 1.120700344289436101e+00 1.597991378818781616e+00 1.608482079482323357e+00 1.622391363544017251e+00
2.000000000000000000e+00 5.907916120335993115e-01 0.000000000000000000e+00 1.036329066059758608e+00 1.047476268038155078e+00 1.094440692891418321e+00 1.134433434307400734e+00 1.117182537831204359e+00 1.596594724476506411e+00 1.607072638785448593e+00 1.620984813206276298e+00
3.000000000000000000e+00 1.036674713470825404e+00 1.036329066059758608e+00 0.000000000000000000e+00 6.264676349484847862e-01 8.390314805598733106e-01 8.903882565504681601e-01 9.006382854423577999e-01 1.379287982154945968e+00 1.389841331943745040e+00 1.403743148595333556e+00
4.000000000000000000e+00 1.048471489629200670e+00 1.047476268038155078e+00 6.264676349484847862e-01 0.000000000000000000e+00 8.066635100225607591e-01 8.681424938080213316e-01 8.787578402859061999e-01 1.369513087266176043e+00 1.380027942948588660e+00 1.393939912174583684e+00
5.000000000000000000e+00 1.096961556548395444e+00 1.094440692891418321e+00 8.390314805598733106e-01 8.066635100225607591e-01 0.000000000000000000e+00 7.547836479469851589e-01 7.573925582303939752e-01 1.333902420287714996e+00 1.344217065896271990e+00 1.358179684143687505e+00
6.000000000000000000e+00 1.136527733130056728e+00 1.134433434307400734e+00 8.903882565504681601e-01 8.681424938080213316e-01 7.547836479469851589e-01 0.000000000000000000e+00 7.876176784606772063e-01 1.302018193157749248e+00 1.312312471413604520e+00 1.326290850500782215e+00
7.000000000000000000e+00 1.120700344289436101e+00 1.117182537831204359e+00 9.006382854423577999e-01 8.787578402859061999e-01 7.573925582303939752e-01 7.876176784606772063e-01 0.000000000000000000e+00 1.327034815627043063e+00 1.337129969344161395e+00 1.351138259295018296e+00
8.000000000000000000e+00 1.597991378818781616e+00 1.596594724476506411e+00 1.379287982154945968e+00 1.369513087266176043e+00 1.333902420287714996e+00 1.302018193157749248e+00 1.327034815627043063e+00 0.000000000000000000e+00 6.115858756511807215e-01 6.693807416111854369e-01
9.000000000000000000e+00 1.608482079482323357e+00 1.607072638785448593e+00 1.389841331943745040e+00 1.380027942948588660e+00 1.344217065896271990e+00 1.312312471413604520e+00 1.337129969344161395e+00 6.115858756511807215e-01 0.000000000000000000e+00 5.732421430704441878e-01
1.000000000000000000e+01 1.622391363544017251e+00 1.620984813206276298e+00 1.403743148595333556e+00 1.393939912174583684e+00 1.358179684143687505e+00 1.326290850500782215e+00 1.351138259295018296e+00 6.693807416111854369e-01 5.732421430704441878e-01 0.000000000000000000e+00
