0.000000000000000000e+00 1.000000000000000000e+00 2.000000000000000000e+00 3.000000000000000000e+00 4.000000000000000000e+00 5.000000000000000000e+00 6.000000000000000000e+00 7.000000000000000000e+00 8.000000000000000000e+00 9.000000000000000000e+00 1.000000000000000000e+01
1.000000000000000000e+00 0.000000000000000000e+00 5.899010503670668593e-01 1.031279864438857885e+00 1.042938431176357206e+00 1.089790095797905423e+00 1.123363707687880630e+00 1.111353965570145652e+00 1.514281782420674016e+00 1.523706781826766221e+00 1.535611530037788608e+00
2.000000000000000000e+00 5.899010503670668593e-01 0.000000000000000000e+00 1.030704320924118012e+00 1.041822392879549586e+00 1.087459537833245005e+00 1.121360513943880033e+00 1.108309282161344500e+00 1.513032415598581704e+00 1.522449135286324751e+00 1.534356388656222148e+00
3.000000000000000000e+00 1.031279864438857885e+00 1.030704320924118012e+00 0.000000000000000000e+00 6.264223415602323541e-01 8.374614700376659115e-01 8.848163998569336108e-01 8.952352548699769041e-01 1.299559886108676565e+00 1.308997599132447398e+00 1.320900662766919087e+00
4.000000000000000000e+00 1.042938431176357206e+00 1.041822392879549586e+00 6.264223415602323541e-01 0.000000000000000000e+00 8.055638518358785305e-01 8.633332374090598726e-01 8.740767660740378364e-01 1.290221294857986756e+00 1.299622510650155771e+00 1.311536921855648519e+00
5.000000000000000000e+00 1.089790095797905423e+00 1.087459537833245005e+00 8.374614700376659115e-01 8.055638518358785305e-01 0.000000000000000000e+00 7.523773453588444848e-01 7.554522080758336866e-01 1.255535648883727706e+00 1.264758311398786361e+00 1.276727145899978932e+00
6.000000000000000000e+00 1.123363707687880630e+00 1.121360513943880033e+00 8.848163998569336108e-01 8.633332374090598726e-01 7.523773453588444848e-01 0.000000000000000000e+00 7.810603719350599494e-01 1.215615222154902142e+00 1.224755808854007366e+00 1.236751293662545326e+00
7.000000000000000000e+00 1.111353965570145652e+00 1.108309282161344500e+00 8.952352548699769041e-01 8.740767660740378364e-01 7.554522080758336866e-01 7.810603719350599494e-01 0.000000000000000000e+00 1.250881844937999698e+00 1.259966792455853746e+00 1.271975407646314782e+00
8.000000000000000000e+00 1.514281782420674016e+00 1.513032415598581704e+00 1.299559886108676565e+00 1.290221294857986756e+00 1.255535648883727706e+00 1.215615222154902142e+00 1.250881844937999698e+00 0.000000000000000000e+00 6.114902297582367474e-01 6.690505282585244018e-01
9.000000000000000000e+00 1.523706781826766221e+00 1.522449135286324751e+00 1.308997599132447398e+00 1.299622510650155771e+00 1.264758311398786361e+00 1.224755808854007366e+00 1.259966792455853746e+00 6.114902297582367474e-01 0.000000000000000000e+00 5.731309793700898325e-01
1.000000000000000000e+01 1.535611530037788608e+00 1.534356388656222148e+00 1.320900662766919087e+00 1.311536921855648519e+00 1.276727145899978932e+00 1.236751293662545326e+00 1.271975407646314782e+00 6.690505282585244018e-01 5.731309793700898325e-01 0.000000000000000000e+00
