0.000000000000000000e+00 1.000000000000000000e+00 2.000000000000000000e+00 3.000000000000000000e+00 4.000000000000000000e+00 5.000000000000000000e+00 6.000000000000000000e+00 7.000000000000000000e+00 8.000000000000000000e+00 9.000000000000000000e+00 1.000000000000000000e+01
1.000000000000000000e+00 0.000000000000000000e+00 5.899031684139799392e-01 1.031740099964877810e+00 1.043405658062073194e+00 1.090807584102902794e+00 1.127051407619797274e+00 1.113452410357467004e+00 1.581860556965176912e+00 1.592754231814640598e+00 1.610205026330302047e+00
2.000000000000000000e+00 5.899031684139799392e-01 0.000000000000000000e+00 1.031214785296860281e+00 1.042331400210656511e+00 1.088472134360452870e+00 1.125086005712790715e+00 1.110313186244382022e+00 1.580687970444699886e+00 1.591570891419099354e+00 1.609022636225252434e+00
3.000000000000000000e+00 1.031740099964877810e+00 1.031214785296860281e+00 0.000000000000000000e+00 6.264410053505735654e-01 8.381957284131398289e-01 8.870383070365810418e-01 8.982176768759069230e-01 1.366370261676021602e+00 1.377318978327237708e+00 1.394769569977798440e+00
4.000000000000000000e+00 1.043405658062073194e+00 1.042331400210656511e+00 6.264410053505735654e-01 0.000000000000000000e+00 8.060869510395431980e-01 8.652528989423964312e-01 8.766892942580561954e-01 1.357176247078953679e+00 1.368086421024656829e+00 1.385541310195520293e+00
5.000000000000000000e+00 1.090807584102902794e+00 1.088472134360452870e+00 8.381957284131398289e-01 8.060869510395431980e-01 0.000000000000000000e+00 7.533859040457051570e-01 7.565440905444698050e-01 1.324126892571089176e+00 1.334840049123725336e+00 1.352315313378389838e+00
6.000000000000000000e+00 1.127051407619797274e+00 1.125086005712790715e+00 8.870383070365810418e-01 8.652528989423964312e-01 7.533859040457051570e-01 0.000000000000000000e+00 7.842839643070125266e-01 1.286777588523404958e+00 1.297458820676550495e+00 1.314943793314301779e+00
7.000000000000000000e+00 1.113452410357467004e+00 1.110313186244382022e+00 8.982176768759069230e-01 8.766892942580561954e-01 7.565440905444698050e-01 7.842839643070125266e-01 0.000000000000000000e+00 1.322169836453658931e+00 1.332678242178962247e+00 1.350168474021645970e+00
8.000000000000000000e+00 1.581860556965176912e+00 1.580687970444699886e+00 1.366370261676021602e+00 1.357176247078953679e+00 1.324126892571089176e+00 1.286777588523404958e+00 1.322169836453658931e+00 0.000000000000000000e+00 6.119288322829730120e-01 6.704620368850413570e-01
9.000000000000000000e+00 1.592754231814640598e+00 1.591570891419099354e+00 1.377318978327237708e+00 1.368086421024656829e+00 1.334840049123725336e+00 1.297458820676550495e+00 1.332678242178962247e+00 6.119288322829730120e-01 0.000000000000000000e+00 5.735940138431585567e-01
1.000000000000000000e+01 1.610205026330302047e+00 1.609022636225252434e+00 1.394769569977798440e+00 1.385541310195520293e+00 1.352315313378389838e+00 1.314943793314301779e+00 1.350168474021645970e+00 6.704620368850413570e-01 5.735940138431585567e-01 0.000000000000000000e+00
