0.000000000000000000e+00 1.000000000000000000e+00 2.000000000000000000e+00 3.000000000000000000e+00 4.000000000000000000e+00 5.000000000000000000e+00 6.000000000000000000e+00 7.000000000000000000e+00 8.000000000000000000e+00 9.000000000000000000e+00 1.000000000000000000e+01
1.000000000000000000e+00 0.000000000000000000e+00 5.656866169891542340e-01 7.957287310600836827e-01 7.985879730135319043e-01 8.013935914492225088e-01 9.779055724928451543e-01 9.587913203185606248e-01 1.366920294654709878e+00 1.338387732661797225e+00 1.385319906254269817e+00
2.000000000000000000e+00 5.656866169891542340e-01 0.000000000000000000e+00 7.764294493610569559e-01 7.787405554783641826e-01 7.804908812140887164e-01 9.572389596680348500e-01 9.372065268661354809e-01 1.346956497738508229e+00 1.318413429856146513e+00 1.365348980512417487e+00
3.000000000000000000e+00 7.957287310600836827e-01 7.764294493610569559e-01 0.000000000000000000e+00 3.602647521832551547e-01 4.839444344967469558e-01 6.665053785073900006e-01 6.702542419654081707e-01 1.075759698466649095e+00 1.047292400624830533e+00 1.094209214999517510e+00
4.000000000000000000e+00 7.985879730135319043e-01 7.787405554783641826e-01 3.602647521832551547e-01 0.000000000000000000e+00 4.547695064826426936e-01 6.443165041289178330e-01 6.483061175802357079e-01 1.065518725272036171e+00 1.037006984952106192e+00 1.083939087144958791e+00
5.000000000000000000e+00 8.013935914492225088e-01 7.804908812140887164e-01 4.839444344967469558e-01 4.547695064826426936e-01 0.000000000000000000e+00 5.450574925855338204e-01 5.505966256294606564e-01 1.024264057142018736e+00 9.955959739575381828e-01 1.042581302215868977e+00
6.000000000000000000e+00 9.779055724928451543e-01 9.572389596680348500e-01 6.665053785073900006e-01 6.443165041289178330e-01 5.450574925855338204e-01 0.000000000000000000e+00 7.187700190201194994e-01 1.151210883513035910e+00 1.122520896781331379e+00 1.169521756177703153e+00
7.000000000000000000e+00 9.587913203185606248e-01 9.372065268661354809e-01 6.702542419654081707e-01 6.483061175802357079e-01 5.505966256294606564e-01 7.187700190201194994e-01 0.000000000000000000e+00 1.165962795426374043e+00 1.137120765881630247e+00 1.184158194844651568e+00
8.000000000000000000e+00 1.366920294654709878e+00 1.346956497738508229e+00 1.075759698466649095e+00 1.065518725272036171e+00 1.024264057142018736e+00 1.151210883513035910e+00 1.165962795426374043e+00 0.000000000000000000e+00 5.765046938665336906e-01 6.607562841345231419e-01
9.000000000000000000e+00 1.338387732661797225e+00 1.318413429856146513e+00 1.047292400624830533e+00 1.037006984952106192e+00 9.955959739575381828e-01 1.122520896781331379e+00 1.137120765881630247e+00 5.765046938665336906e-01 0.000000000000000000e+00 5.463090114329447466e-01
1.000000000000000000e+01 1.385319906254269817e+00 1.365348980512417487e+00 1.094209214999517510e+00 1.083939087144958791e+00 1.042581302215868977e+00 1.169521756177703153e+00 1.184158194844651568e+00 6.607562841345231419e-01 5.463090114329447466e-01 0.000000000000000000e+00
