0.000000000000000000e+00 1.000000000000000000e+00 2.000000000000000000e+00 3.000000000000000000e+00 4.000000000000000000e+00 5.000000000000000000e+00 6.000000000000000000e+00 7.000000000000000000e+00 8.000000000000000000e+00 9.000000000000000000e+00 1.000000000000000000e+01
1.000000000000000000e+00 0.000000000000000000e+00 5.927226709572641639e-01 1.134555403167047061e+00 1.124386329718244815e+00 1.182689281223344935e+00 2.567986203255925304e+00 2.333460437304124113e+00 2.095258098266633340e+00 2.107256482748592674e+00 2.129300284041033109e+00
2.000000000000000000e+00 5.927226709572641639e-01 0.000000000000000000e+00 1.137453223621751608e+00 1.126380651686316403e+00 1.182468196595188203e+00 2.567993761881188775e+00 2.331753637549379476e+00 2.096409190811861833e+00 2.108399584857289177e+00 2.130446159515948068e+00
3.000000000000000000e+00 1.134555403167047061e+00 1.137453223621751608e+00 0.000000000000000000e+00 6.525912441975738609e-01 9.285536909688074658e-01 2.333682964318773756e+00 2.152117441795013519e+00 1.924688529925598246e+00 1.936708826130926653e+00 1.958749915862530777e+00
4.000000000000000000e+00 1.124386329718244815e+00 1.126380651686316403e+00 6.525912441975738609e-01 0.000000000000000000e+00 8.553349292082135236e-01 2.272311938903936124e+00 2.094552397079677775e+00 1.889095226995755716e+00 1.901080823240747009e+00 1.923134712071709274e+00
5.000000000000000000e+00 1.182689281223344935e+00 1.182468196595188203e+00 9.285536909688074658e-01 8.553349292082135236e-01 0.000000000000000000e+00 2.091849761579396727e+00 1.947388647898588232e+00 1.857635824821604054e+00 1.869483724036645089e+00 1.891588098663325113e+00
6.000000000000000000e+00 2.567986203255925304e+00 2.567993761881188775e+00 2.333682964318773756e+00 2.272311938903936124e+00 2.091849761579396727e+00 0.000000000000000000e+00 3.310317199804465815e+00 3.104638117856456603e+00 3.116440827804042968e+00 3.138575094440065882e+00
7.000000000000000000e+00 2.333460437304124113e+00 2.331753637549379476e+00 2.152117441795013519e+00 2.094552397079677775e+00 1.947388647898588232e+00 3.310317199804465815e+00 0.000000000000000000e+00 2.938451295283377007e+00 2.950129430877736603e+00 2.972288495502001027e+00
8.000000000000000000e+00 2.095258098266633340e+00 2.096409190811861833e+00 1.924688529925598246e+00 1.889095226995755716e+00 1.857635824821604054e+00 3.104638117856456603e+00 2.938451295283377007e+00 0.000000000000000000e+00 6.128433216390134497e-01 6.743182561424578836e-01
9.000000000000000000e+00 2.107256482748592674e+00 2.108399584857289177e+00 1.936708826130926653e+00 1.901080823240747009e+00 1.869483724036645089e+00 3.116440827804042968e+00 2.950129430877736603e+00 6.128433216390134497e-01 0.000000000000000000e+00 5.747546224882542631e-01
1.000000000000000000e+01 2.129300284041033109e+00 2.130446159515948068e+00 1.958749915862530777e+00 1.923134712071709274e+00 1.891588098663325113e+00 3.138575094440065882e+00 2.972288495502001027e+00 6.743182561424578836e-01 5.747546224882542631e-01 0.000000000000000000e+00
