0.000000000000000000e+00 1.000000000000000000e+00 2.000000000000000000e+00 3.000000000000000000e+00 4.000000000000000000e+00 5.000000000000000000e+00 6.000000000000000000e+00 7.000000000000000000e+00 8.000000000000000000e+00 9.000000000000000000e+00 1.000000000000000000e+01
1.000000000000000000e+00 0.000000000000000000e+00 5.889816381292435343e-01 1.026984965864113253e+00 1.038473824110270227e+00 1.084333117961571169e+00 1.118029304409248637e+00 1.105226059849454767e+00 1.515573035809082869e+00 1.527040399958263794e+00 1.540267386577235387e+00
2.000000000000000000e+00 5.889816381292435343e-01 0.000000000000000000e+00 1.026679747340875970e+00 1.037728867232862617e+00 1.082611608814021853e+00 1.116641373154072303e+00 1.102886107779230240e+00 1.514830618405404783e+00 1.526289553139553501e+00 1.539518210115447649e+00
3.000000000000000000e+00 1.026984965864113253e+00 1.026679747340875970e+00 0.000000000000000000e+00 6.264068158625739624e-01 8.370278352221163232e-01 8.836804407286644736e-01 8.952542489053065822e-01 1.304373685115294945e+00 1.315902908200365040e+00 1.329123706720880760e+00
4.000000000000000000e+00 1.038473824110270227e+00 1.037728867232862617e+00 6.264068158625739624e-01 0.000000000000000000e+00 8.052665080552974253e-01 8.624759297423405524e-01 8.742361247479595310e-01 1.295198582306274160e+00 1.306692952838691912e+00 1.319921817157710953e+00
5.000000000000000000e+00 1.084333117961571169e+00 1.082611608814021853e+00 8.370278352221163232e-01 8.052665080552974253e-01 0.000000000000000000e+00 7.526235344525391557e-01 7.559513259147396802e-01 1.260801210274374862e+00 1.272116521431923442e+00 1.285384946965134167e+00
6.000000000000000000e+00 1.118029304409248637e+00 1.116641373154072303e+00 8.836804407286644736e-01 8.624759297423405524e-01 7.526235344525391557e-01 0.000000000000000000e+00 7.831752053299894101e-01 1.218649518529564935e+00 1.229953473753778947e+00 1.243233289058426339e+00
7.000000000000000000e+00 1.105226059849454767e+00 1.102886107779230240e+00 8.952542489053065822e-01 8.742361247479595310e-01 7.559513259147396802e-01 7.831752053299894101e-01 0.000000000000000000e+00 1.258595115086545091e+00 1.269709461660736505e+00 1.283013960117353802e+00
8.000000000000000000e+00 1.515573035809082869e+00 1.514830618405404783e+00 1.304373685115294945e+00 1.295198582306274160e+00 1.260801210274374862e+00 1.218649518529564935e+00 1.258595115086545091e+00 0.000000000000000000e+00 6.115613962749635313e-01 6.693128219052704164e-01
9.000000000000000000e+00 1.527040399958263794e+00 1.526289553139553501e+00 1.315902908200365040e+00 1.306692952838691912e+00 1.272116521431923442e+00 1.229953473753778947e+00 1.269709461660736505e+00 6.115613962749635313e-01 0.000000000000000000e+00 5.732144715931759560e-01
1.000000000000000000e+01 1.540267386577235387e+00 1.539518210115447649e+00 1.329123706720880760e+00 1.319921817157710953e+00 1.285384946965134167e+00 1.243233289058426339e+00 1.283013960117353802e+00 6.693128219052704164e-01 5.732144715931759560e-01 0.000000000000000000e+00
