0.000000000000000000e+00 1.000000000000000000e+00 2.000000000000000000e+00 3.000000000000000000e+00 4.000000000000000000e+00 5.000000000000000000e+00 6.000000000000000000e+00 7.000000000000000000e+00 8.000000000000000000e+00 9.000000000000000000e+00 1.000000000000000000e+01
1.000000000000000000e+00 0.000000000000000000e+00 7.470446027749869621e-03 2.729380205004341420e-01 3.054101330555424876e-01 4.162453063836870637e-01 1.746311683801442804e-01 3.885641560707064346e-01 4.282261426903213875e-01 2.858026022424019486e-01 2.831903180887203608e-01
2.000000000000000000e+00 7.470446027749869621e-03 0.000000000000000000e+00 2.754893379639890005e-01 3.079363294932735973e-01 4.185579403337311710e-01 1.769459438622191516e-01 3.907878932588281784e-01 4.305516811355574736e-01 2.881278045404424004e-01 2.855155125777343872e-01
3.000000000000000000e+00 2.729380205004341420e-01 2.754893379639890005e-01 0.000000000000000000e+00 4.761748244899954297e-01 6.119052378883502730e-01 3.712608461503287272e-01 5.903511763827220538e-01 6.297541673284441366e-01 4.873356890645315076e-01 4.847235288810862186e-01
4.000000000000000000e+00 3.054101330555424876e-01 3.079363294932735973e-01 4.761748244899954297e-01 0.000000000000000000e+00 6.285164863182599593e-01 3.891676638386198928e-01 6.110191469337333814e-01 6.525873057785223086e-01 5.101658166985992837e-01 5.075535940759090536e-01
5.000000000000000000e+00 4.162453063836870637e-01 4.185579403337311710e-01 6.119052378883502730e-01 6.285164863182599593e-01 0.000000000000000000e+00 3.768010621570816454e-01 5.926964822975169245e-01 6.812033281313318867e-01 5.387246621562823412e-01 5.361111778367091407e-01
6.000000000000000000e+00 1.746311683801442804e-01 1.769459438622191516e-01 3.712608461503287272e-01 3.891676638386198928e-01 3.768010621570816454e-01 0.000000000000000000e+00 3.503102651319457972e-01 4.140810873911018875e-01 2.716158152965011396e-01 2.690026836459829540e-01
7.000000000000000000e+00 3.885641560707064346e-01 3.907878932588281784e-01 5.903511763827220538e-01 6.110191469337333814e-01 5.926964822975169245e-01 3.503102651319457972e-01 0.000000000000000000e+00 6.317350688402336711e-01 4.892083372286973875e-01 4.865937455793553634e-01
8.000000000000000000e+00 4.282261426903213875e-01 4.305516811355574736e-01 6.297541673284441366e-01 6.525873057785223086e-01 6.812033281313318867e-01 4.140810873911018875e-01 6.317350688402336711e-01 0.000000000000000000e+00 1.775807266184760702e-01 1.752275491040244937e-01
9.000000000000000000e+00 2.858026022424019486e-01 2.881278045404424004e-01 4.873356890645315076e-01 5.101658166985992837e-01 5.387246621562823412e-01 2.716158152965011396e-01 4.892083372286973875e-01 1.775807266184760702e-01 0.000000000000000000e+00 9.322169633546650847e-03
1.000000000000000000e+01 2.831903180887203608e-01 2.855155125777343872e-01 4.847235288810862186e-01 5.075535940759090536e-01 5.361111778367091407e-01 2.690026836459829540e-01 4.865937455793553634e-01 1.752275491040244937e-01 9.322169633546650847e-03 0.000000000000000000e+00
