0.000000000000000000e+00 1.000000000000000000e+00 2.000000000000000000e+00 3.000000000000000000e+00 4.000000000000000000e+00 5.000000000000000000e+00 6.000000000000000000e+00 7.000000000000000000e+00 8.000000000000000000e+00 9.000000000000000000e+00 1.000000000000000000e+01
1.000000000000000000e+00 0.000000000000000000e+00 5.899031314336151688e-01 1.031739712770613382e+00 1.043405481958827208e+00 1.090792378814401165e+00 1.127026414060595449e+00 1.113399217668257668e+00 1.525399798237789151e+00 1.535745266865909731e+00 1.545224358790002528e+00
2.000000000000000000e+00 5.899031314336151688e-01 0.000000000000000000e+00 1.031214127632937183e+00 1.042331233491611941e+00 1.088458388701495139e+00 1.125062891144551269e+00 1.110262760955089467e+00 1.524309173428593178e+00 1.534644071393019171e+00 1.544127001172060032e+00
3.000000000000000000e+00 1.031739712770613382e+00 1.031214127632937183e+00 0.000000000000000000e+00 6.264402990483455280e-01 8.381754611964922219e-01 8.870069779050910874e-01 8.981552694757966027e-01 1.309638087048162758e+00 1.320036134939878369e+00 1.329504428283109219e+00
4.000000000000000000e+00 1.043405481958827208e+00 1.042331233491611941e+00 6.264402990483455280e-01 0.000000000000000000e+00 8.060728226017186415e-01 8.652293721356820733e-01 8.766381844945869695e-01 1.300766336843527826e+00 1.311126171834841703e+00 1.320609934849990230e+00
5.000000000000000000e+00 1.090792378814401165e+00 1.088458388701495139e+00 8.381754611964922219e-01 8.060728226017186415e-01 0.000000000000000000e+00 7.533846863433875107e-01 7.565325244216429823e-01 1.269292249037485165e+00 1.279457366580889932e+00 1.289017062131923685e+00
6.000000000000000000e+00 1.127026414060595449e+00 1.125062891144551269e+00 8.870069779050910874e-01 8.652293721356820733e-01 7.533846863433875107e-01 0.000000000000000000e+00 7.842785633039963678e-01 1.232383896119552569e+00 1.242515437170060633e+00 1.252099393775932823e+00
7.000000000000000000e+00 1.113399217668257668e+00 1.110262760955089467e+00 8.981552694757966027e-01 8.766381844945869695e-01 7.565325244216429823e-01 7.842785633039963678e-01 0.000000000000000000e+00 1.268756296708342779e+00 1.278721106510649630e+00 1.288347985391944617e+00
8.000000000000000000e+00 1.525399798237789151e+00 1.524309173428593178e+00 1.309638087048162758e+00 1.300766336843527826e+00 1.269292249037485165e+00 1.232383896119552569e+00 1.268756296708342779e+00 0.000000000000000000e+00 6.109924672739466267e-01 6.677912290108583004e-01
9.000000000000000000e+00 1.535745266865909731e+00 1.534644071393019171e+00 1.320036134939878369e+00 1.311126171834841703e+00 1.279457366580889932e+00 1.242515437170060633e+00 1.278721106510649630e+00 6.109924672739466267e-01 0.000000000000000000e+00 5.728554508428504999e-01
1.000000000000000000e+01 1.545224358790002528e+00 1.544127001172060032e+00 1.329504428283109219e+00 1.320609934849990230e+00 1.289017062131923685e+00 1.252099393775932823e+00 1.288347985391944617e+00 6.677912290108583004e-01 5.728554508428504999e-01 0.000000000000000000e+00
