0.000000000000000000e+00 1.000000000000000000e+00 2.000000000000000000e+00 3.000000000000000000e+00 4.000000000000000000e+00 5.000000000000000000e+00 6.000000000000000000e+00 7.000000000000000000e+00 8.000000000000000000e+00 9.000000000000000000e+00 1.000000000000000000e+01
1.000000000000000000e+00 0.000000000000000000e+00 5.903648171132293010e-01 1.034341873312903060e+00 1.046068749382480512e+00 1.093975184913434040e+00 1.131528495299220616e+00 1.117095404584810048e+00 1.573907842253142286e+00 1.584586103311236283e+00 1.598468659934752178e+00
2.000000000000000000e+00 5.903648171132293010e-01 0.000000000000000000e+00 1.033892987040234024e+00 1.045022915492073157e+00 1.091544599016786909e+00 1.129491753262363840e+00 1.113776019582581434e+00 1.572694393037509242e+00 1.583360980769411341e+00 1.597245824449400331e+00
3.000000000000000000e+00 1.034341873312903060e+00 1.033892987040234024e+00 0.000000000000000000e+00 6.264530117429374378e-01 8.385632999679553112e-01 8.884191568409409712e-01 8.991959797570285851e-01 1.356043652608836636e+00 1.366778550788920299e+00 1.380656443940320166e+00
4.000000000000000000e+00 1.046068749382480512e+00 1.045022915492073157e+00 6.264530117429374378e-01 0.000000000000000000e+00 8.063397419986515491e-01 8.664321381862993832e-01 8.775116166507199722e-01 1.346747850484198983e+00 1.357444016879127968e+00 1.371330804829675287e+00
5.000000000000000000e+00 1.093975184913434040e+00 1.091544599016786909e+00 8.385632999679553112e-01 8.063397419986515491e-01 0.000000000000000000e+00 7.539031049952269470e-01 7.568422877807596816e-01 1.313526439275931379e+00 1.324023775450496654e+00 1.337953983421128701e+00
6.000000000000000000e+00 1.131528495299220616e+00 1.129491753262363840e+00 8.884191568409409712e-01 8.664321381862993832e-01 7.539031049952269470e-01 0.000000000000000000e+00 7.854115228590679010e-01 1.278202760354919532e+00 1.288669821664376602e+00 1.302615808177122414e+00
7.000000000000000000e+00 1.117095404584810048e+00 1.113776019582581434e+00 8.991959797570285851e-01 8.775116166507199722e-01 7.568422877807596816e-01 7.854115228590679010e-01 0.000000000000000000e+00 1.310778939111125974e+00 1.321067744709621294e+00 1.335034637065654284e+00
8.000000000000000000e+00 1.573907842253142286e+00 1.572694393037509242e+00 1.356043652608836636e+00 1.346747850484198983e+00 1.313526439275931379e+00 1.278202760354919532e+00 1.310778939111125974e+00 0.000000000000000000e+00 6.115791264816619055e-01 6.693673214164488350e-01
9.000000000000000000e+00 1.584586103311236283e+00 1.583360980769411341e+00 1.366778550788920299e+00 1.357444016879127968e+00 1.324023775450496654e+00 1.288669821664376602e+00 1.321067744709621294e+00 6.115791264816619055e-01 0.000000000000000000e+00 5.732379267791434252e-01
1.000000000000000000e+01 1.598468659934752178e+00 1.597245824449400331e+00 1.380656443940320166e+00 1.371330804829675287e+00 1.337953983421128701e+00 1.302615808177122414e+00 1.335034637065654284e+00 6.693673214164488350e-01 5.732379267791434252e-01 0.000000000000000000e+00
