0.000000000000000000e+00 1.000000000000000000e+00 2.000000000000000000e+00 3.000000000000000000e+00 4.000000000000000000e+00 5.000000000000000000e+00 6.000000000000000000e+00 7.000000000000000000e+00 8.000000000000000000e+00 9.000000000000000000e+00 1.000000000000000000e+01
1.000000000000000000e+00 0.000000000000000000e+00 5.238818234055257150e+00 4.381628837631784457e+00 4.307302992362800786e+00 4.317446656043844477e+00 6.558139411912616623e+00 4.569968167641988543e+00 6.174086480228972995e+00 6.845714766850730548e+00 7.819459459977345261e+00
2.000000000000000000e+00 5.238818234055257150e+00 0.000000000000000000e+00 4.035438444583772544e+00 3.960289189940948695e+00 3.968265592563381183e+00 6.209855119335575324e+00 4.219334392813653523e+00 5.826708708049248564e+00 6.498322835538588471e+00 7.472076839955775540e+00
3.000000000000000000e+00 4.381628837631784457e+00 4.035438444583772544e+00 0.000000000000000000e+00 7.313810841120620410e-01 1.080322643549097350e+00 3.329713034536677441e+00 1.424080063428730725e+00 2.987983377276377972e+00 3.659812444185805980e+00 4.633442305974753594e+00
4.000000000000000000e+00 4.307302992362800786e+00 3.960289189940948695e+00 7.313810841120620410e-01 0.000000000000000000e+00 9.584798539556613761e-01 3.226623508320379585e+00 1.315911440076252603e+00 2.901891715090637369e+00 3.573661611128273741e+00 4.547331905279996533e+00
5.000000000000000000e+00 4.317446656043844477e+00 3.968265592563381183e+00 1.080322643549097350e+00 9.584798539556613761e-01 0.000000000000000000e+00 3.086155312997680866e+00 1.151333569832702963e+00 2.866222275449129775e+00 3.537735488029849940e+00 4.511580357089989946e+00
6.000000000000000000e+00 6.558139411912616623e+00 6.209855119335575324e+00 3.329713034536677441e+00 3.226623508320379585e+00 3.086155312997680866e+00 0.000000000000000000e+00 3.373842651266574677e+00 4.971104416124686232e+00 5.642581015740536721e+00 6.616471603765759824e+00
7.000000000000000000e+00 4.569968167641988543e+00 4.219334392813653523e+00 1.424080063428730725e+00 1.315911440076252603e+00 1.151333569832702963e+00 3.373842651266574677e+00 0.000000000000000000e+00 3.092112489063468139e+00 3.763320147327070764e+00 4.737356088068457538e+00
8.000000000000000000e+00 6.174086480228972995e+00 5.826708708049248564e+00 2.987983377276377972e+00 2.901891715090637369e+00 2.866222275449129775e+00 4.971104416124686232e+00 3.092112489063468139e+00 0.000000000000000000e+00 2.335535572350985412e+00 3.471080411092186679e+00
9.000000000000000000e+00 6.845714766850730548e+00 6.498322835538588471e+00 3.659812444185805980e+00 3.573661611128273741e+00 3.537735488029849940e+00 5.642581015740536721e+00 3.763320147327070764e+00 2.335535572350985412e+00 0.000000000000000000e+00 4.004702793357974855e+00
1.000000000000000000e+01 7.819459459977345261e+00 7.472076839955775540e+00 4.633442305974753594e+00 4.547331905279996533e+00 4.511580357089989946e+00 6.616471603765759824e+00 4.737356088068457538e+00 3.471080411092186679e+00 4.004702793357974855e+00 0.000000000000000000e+00
