0.000000000000000000e+00 1.000000000000000000e+00 2.000000000000000000e+00 3.000000000000000000e+00 4.000000000000000000e+00 5.000000000000000000e+00 6.000000000000000000e+00 7.000000000000000000e+00 8.000000000000000000e+00 9.000000000000000000e+00 1.000000000000000000e+01
1.000000000000000000e+00 0.000000000000000000e+00 5.899033783178621038e-01 1.031739929363125308e+00 1.043405631402595901e+00 1.090800191281518838e+00 1.127039069481652556e+00 1.113426728119057740e+00 1.557218620477765159e+00 1.568076499104699817e+00 1.581846137413717601e+00
2.000000000000000000e+00 5.899033783178621038e-01 0.000000000000000000e+00 1.031214714736300442e+00 1.042331612746698610e+00 1.088465679042425638e+00 1.125074808850426544e+00 1.110289060497951619e+00 1.556082920833420813e+00 1.566929992686886930e+00 1.580701664632910175e+00
3.000000000000000000e+00 1.031739929363125308e+00 1.031214714736300442e+00 0.000000000000000000e+00 6.264407223227888011e-01 8.381859886356619604e-01 8.870230025213359237e-01 8.981877352304341589e-01 1.341612536913408205e+00 1.352524820436603381e+00 1.366290540179648572e+00
4.000000000000000000e+00 1.043405631402595901e+00 1.042331612746698610e+00 6.264407223227888011e-01 0.000000000000000000e+00 8.060802426965090195e-01 8.652414586548489162e-01 8.766648687181890498e-01 1.332563736024619638e+00 1.343437092572482783e+00 1.357211370654135996e+00
5.000000000000000000e+00 1.090800191281518838e+00 1.088465679042425638e+00 8.381859886356619604e-01 8.060802426965090195e-01 0.000000000000000000e+00 7.533853351238042340e-01 7.565386575513344258e-01 1.300221164860924317e+00 1.310895905606197509e+00 1.324711647805789427e+00
6.000000000000000000e+00 1.127039069481652556e+00 1.125074808850426544e+00 8.870230025213359237e-01 8.652414586548489162e-01 7.533853351238042340e-01 0.000000000000000000e+00 7.842814875819164033e-01 1.263075740506268696e+00 1.273717088613273152e+00 1.287548386956851809e+00
7.000000000000000000e+00 1.113426728119057740e+00 1.110289060497951619e+00 8.981877352304341589e-01 8.766648687181890498e-01 7.565386575513344258e-01 7.842814875819164033e-01 0.000000000000000000e+00 1.298894279246781691e+00 1.309363833196579563e+00 1.323214031875922236e+00
8.000000000000000000e+00 1.557218620477765159e+00 1.556082920833420813e+00 1.341612536913408205e+00 1.332563736024619638e+00 1.300221164860924317e+00 1.263075740506268696e+00 1.298894279246781691e+00 0.000000000000000000e+00 6.115734084042658836e-01 6.693525438136125327e-01
9.000000000000000000e+00 1.568076499104699817e+00 1.566929992686886930e+00 1.352524820436603381e+00 1.343437092572482783e+00 1.310895905606197509e+00 1.273717088613273152e+00 1.309363833196579563e+00 6.115734084042658836e-01 0.000000000000000000e+00 5.732322929754347651e-01
1.000000000000000000e+01 1.581846137413717601e+00 1.580701664632910175e+00 1.366290540179648572e+00 1.357211370654135996e+00 1.324711647805789427e+00 1.287548386956851809e+00 1.323214031875922236e+00 6.693525438136125327e-01 5.732322929754347651e-01 0.000000000000000000e+00
