0.000000000000000000e+00 1.000000000000000000e+00 2.000000000000000000e+00 3.000000000000000000e+00 4.000000000000000000e+00 5.000000000000000000e+00 6.000000000000000000e+00 7.000000000000000000e+00 8.000000000000000000e+00 9.000000000000000000e+00 1.000000000000000000e+01
1.000000000000000000e+00 0.000000000000000000e+00 5.898913877064435596e-01 1.031597169205820785e+00 1.043248532320933064e+00 1.090554543864477477e+00 1.126700712666615756e+00 1.113100876567934217e+00 1.554806761854911290e+00 1.565529607983243254e+00 1.579188339344443914e+00
2.000000000000000000e+00 5.898913877064435596e-01 0.000000000000000000e+00 1.031069762683195945e+00 1.042173013245451640e+00 1.088218558937219971e+00 1.124731382426654713e+00 1.109962181487443855e+00 1.553651927898854090e+00 1.564363756434856922e+00 1.578024444826378048e+00
3.000000000000000000e+00 1.031597169205820785e+00 1.031069762683195945e+00 0.000000000000000000e+00 6.264404181441707298e-01 8.381657092049819013e-01 8.869679151456766331e-01 8.981274294626035992e-01 1.339664669170474998e+00 1.350444507205277977e+00 1.364099544620319016e+00
4.000000000000000000e+00 1.043248532320933064e+00 1.042173013245451640e+00 6.264404181441707298e-01 0.000000000000000000e+00 8.060661339487449339e-01 8.651951407180600295e-01 8.766152424070876581e-01 1.330613619319746643e+00 1.341354019202450010e+00 1.355017326630671537e+00
5.000000000000000000e+00 1.090554543864477477e+00 1.088218558937219971e+00 8.381657092049819013e-01 8.060661339487449339e-01 0.000000000000000000e+00 7.533697962113385937e-01 7.565260042921735373e-01 1.298251901056897584e+00 1.308791080401272344e+00 1.322494373982655791e+00
6.000000000000000000e+00 1.126700712666615756e+00 1.124731382426654713e+00 8.869679151456766331e-01 8.651951407180600295e-01 7.533697962113385937e-01 0.000000000000000000e+00 7.842558933296222001e-01 1.261244697739923648e+00 1.271751435518905682e+00 1.285469970178692467e+00
7.000000000000000000e+00 1.113100876567934217e+00 1.109962181487443855e+00 8.981274294626035992e-01 8.766152424070876581e-01 7.565260042921735373e-01 7.842558933296222001e-01 0.000000000000000000e+00 1.296780894877084922e+00 1.307111241652383571e+00 1.320847498017748034e+00
8.000000000000000000e+00 1.554806761854911290e+00 1.553651927898854090e+00 1.339664669170474998e+00 1.330613619319746643e+00 1.298251901056897584e+00 1.261244697739923648e+00 1.296780894877084922e+00 0.000000000000000000e+00 6.115675011076164846e-01 6.693324585649098601e-01
9.000000000000000000e+00 1.565529607983243254e+00 1.564363756434856922e+00 1.350444507205277977e+00 1.341354019202450010e+00 1.308791080401272344e+00 1.271751435518905682e+00 1.307111241652383571e+00 6.115675011076164846e-01 0.000000000000000000e+00 5.732255054621706591e-01
1.000000000000000000e+01 1.579188339344443914e+00 1.578024444826378048e+00 1.364099544620319016e+00 1.355017326630671537e+00 1.322494373982655791e+00 1.285469970178692467e+00 1.320847498017748034e+00 6.693324585649098601e-01 5.732255054621706591e-01 0.000000000000000000e+00
