0.000000000000000000e+00 1.000000000000000000e+00 2.000000000000000000e+00 3.000000000000000000e+00 4.000000000000000000e+00 5.000000000000000000e+00 6.000000000000000000e+00 7.000000000000000000e+00 8.000000000000000000e+00 9.000000000000000000e+00 1.000000000000000000e+01
1.000000000000000000e+00 0.000000000000000000e+00 5.899042615484576535e-01 1.031909422055580672e+00 1.043561936946259872e+00 1.091318241224384034e+00 1.128600462807745064e+00 1.115030929365505186e+00 1.612245935696311250e+00 1.623633184748640712e+00 1.638173250378737622e+00
2.000000000000000000e+00 5.899042615484576535e-01 0.000000000000000000e+00 1.031407021181747430e+00 1.042504910876272950e+00 1.088966824818593748e+00 1.126629115759886890e+00 1.111825955996183835e+00 1.611432781805459680e+00 1.622810532233031289e+00 1.637352002720514621e+00
3.000000000000000000e+00 1.031909422055580672e+00 1.031407021181747430e+00 0.000000000000000000e+00 6.264529085961871857e-01 8.387338270438338128e-01 8.882457241771892775e-01 9.003391563494942407e-01 1.394450819773390471e+00 1.405880898131691925e+00 1.420419865041866236e+00
4.000000000000000000e+00 1.043561936946259872e+00 1.042504910876272950e+00 6.264529085961871857e-01 0.000000000000000000e+00 8.064785384869506135e-01 8.662636463198993830e-01 8.785329935649730526e-01 1.386441610890293497e+00 1.397836636730600546e+00 1.412381704174330066e+00
5.000000000000000000e+00 1.091318241224384034e+00 1.088966824818593748e+00 8.387338270438338128e-01 8.064785384869506135e-01 0.000000000000000000e+00 7.537515527245024494e-01 7.571821771647733179e-01 1.360449469444075632e+00 1.371667685032997408e+00 1.386241488661274390e+00
6.000000000000000000e+00 1.128600462807745064e+00 1.126629115759886890e+00 8.882457241771892775e-01 8.662636463198993830e-01 7.537515527245024494e-01 0.000000000000000000e+00 7.855420043726777379e-01 1.324885950983521354e+00 1.336069930830229513e+00 1.350655698627596157e+00
7.000000000000000000e+00 1.115030929365505186e+00 1.111825955996183835e+00 9.003391563494942407e-01 8.785329935649730526e-01 7.571821771647733179e-01 7.855420043726777379e-01 0.000000000000000000e+00 1.367340899852338865e+00 1.378381409773903332e+00 1.392977482196105177e+00
8.000000000000000000e+00 1.612245935696311250e+00 1.611432781805459680e+00 1.394450819773390471e+00 1.386441610890293497e+00 1.360449469444075632e+00 1.324885950983521354e+00 1.367340899852338865e+00 0.000000000000000000e+00 6.116751145358252373e-01 6.695234639946401334e-01
9.000000000000000000e+00 1.623633184748640712e+00 1.622810532233031289e+00 1.405880898131691925e+00 1.397836636730600546e+00 1.371667685032997408e+00 1.336069930830229513e+00 1.378381409773903332e+00 6.116751145358252373e-01 0.000000000000000000e+00 5.732723530272456625e-01
1.000000000000000000e+01 1.638173250378737622e+00 1.637352002720514621e+00 1.420419865041866236e+00 1.412381704174330066e+00 1.386241488661274390e+00 1.350655698627596157e+00 1.392977482196105177e+00 6.695234639946401334e-01 5.732723530272456625e-01 0.000000000000000000e+00
