0.000000000000000000e+00 1.000000000000000000e+00 2.000000000000000000e+00 3.000000000000000000e+00 4.000000000000000000e+00 5.000000000000000000e+00 6.000000000000000000e+00 7.000000000000000000e+00 8.000000000000000000e+00 9.000000000000000000e+00 1.000000000000000000e+01
1.000000000000000000e+00 0.000000000000000000e+00 5.899031631574886969e-01 1.031740051818031301e+00 1.043405649501929711e+00 1.090805350241705440e+00 1.127047692794641787e+00 1.113444770310003662e+00 1.575023358789984673e+00 1.585938463674526178e+00 1.602329724146546841e+00
2.000000000000000000e+00 5.899031631574886969e-01 0.000000000000000000e+00 1.031214699732238671e+00 1.042331395336753230e+00 1.088470110054407414e+00 1.125082563754657983e+00 1.110305940396947300e+00 1.573861115855466952e+00 1.584765434191224953e+00 1.601157896505491340e+00
3.000000000000000000e+00 1.031740051818031301e+00 1.031214699732238671e+00 0.000000000000000000e+00 6.264409205699716932e-01 8.381928127982740673e-01 8.870337262026484204e-01 8.982088016077391934e-01 1.359501486648089230e+00 1.370471525683797820e+00 1.386861797388339479e+00
4.000000000000000000e+00 1.043405649501929711e+00 1.042331395336753230e+00 6.264409205699716932e-01 0.000000000000000000e+00 8.060849381303736294e-01 8.652494732804907329e-01 8.766820596883486694e-01 1.350348647227556764e+00 1.361279954345664622e+00 1.377675538440731540e+00
5.000000000000000000e+00 1.090805350241705440e+00 1.088470110054407414e+00 8.381928127982740673e-01 8.060849381303736294e-01 0.000000000000000000e+00 7.533857121504428100e-01 7.565424730715917256e-01 1.317499152061765155e+00 1.328232591652534600e+00 1.344653544417369506e+00
6.000000000000000000e+00 1.127047692794641787e+00 1.125082563754657983e+00 8.870337262026484204e-01 8.652494732804907329e-01 7.533857121504428100e-01 0.000000000000000000e+00 7.842832487762017024e-01 1.280208707097967746e+00 1.290909698124612204e+00 1.307341843867024789e+00
7.000000000000000000e+00 1.113444770310003662e+00 1.110305940396947300e+00 8.982088016077391934e-01 8.766820596883486694e-01 7.565424730715917256e-01 7.842832487762017024e-01 0.000000000000000000e+00 1.315718875442001501e+00 1.326247072575241548e+00 1.342687506620909854e+00
8.000000000000000000e+00 1.575023358789984673e+00 1.573861115855466952e+00 1.359501486648089230e+00 1.350348647227556764e+00 1.317499152061765155e+00 1.280208707097967746e+00 1.315718875442001501e+00 0.000000000000000000e+00 6.118406926055552919e-01 6.701693128620180850e-01
9.000000000000000000e+00 1.585938463674526178e+00 1.584765434191224953e+00 1.370471525683797820e+00 1.361279954345664622e+00 1.328232591652534600e+00 1.290909698124612204e+00 1.326247072575241548e+00 6.118406926055552919e-01 0.000000000000000000e+00 5.734854078921367559e-01
1.000000000000000000e+01 1.602329724146546841e+00 1.601157896505491340e+00 1.386861797388339479e+00 1.377675538440731540e+00 1.344653544417369506e+00 1.307341843867024789e+00 1.342687506620909854e+00 6.701693128620180850e-01 5.734854078921367559e-01 0.000000000000000000e+00
