0.000000000000000000e+00 1.000000000000000000e+00 2.000000000000000000e+00 3.000000000000000000e+00 4.000000000000000000e+00 5.000000000000000000e+00 6.000000000000000000e+00 7.000000000000000000e+00 8.000000000000000000e+00 9.000000000000000000e+00 1.000000000000000000e+01
1.000000000000000000e+00 0.000000000000000000e+00 5.907930659299610865e-02 1.036834112638816974e-01 1.048613137211164559e-01 1.097414248042719032e-01 1.137790619128472430e-01 1.122300645763451843e-01 1.701245807032554791e-01 1.712402815181413573e-01 1.732024161731543499e-01
2.000000000000000000e+00 5.907930659299610865e-02 0.000000000000000000e+00 1.036514986312635500e-01 1.047637967423535876e-01 1.094875390171535789e-01 1.135691574014098953e-01 1.118706314259400314e-01 1.700194699657719410e-01 1.711340614137107363e-01 1.730962518300542818e-01
3.000000000000000000e+00 1.036834112638816974e-01 1.036514986312635500e-01 0.000000000000000000e+00 6.264786975473346509e-02 8.395456021471392472e-02 8.913832818651822032e-02 9.028071776404009152e-02 1.480385600604686158e-01 1.491591746945852281e-01 1.511214048590515668e-01
4.000000000000000000e+00 1.048613137211164559e-01 1.047637967423535876e-01 6.264786975473346509e-02 0.000000000000000000e+00 8.070394139073860940e-02 8.689673360038856209e-02 8.806515278136725633e-02 1.471524123052312949e-01 1.482696030642544627e-01 1.502320723322713714e-01
5.000000000000000000e+00 1.097414248042719032e-01 1.094875390171535789e-01 8.395456021471392472e-02 8.070394139073860940e-02 0.000000000000000000e+00 7.550757644678966762e-02 7.580574169509859961e-02 1.441647804741675309e-01 1.452643776632888128e-01 1.472279478526481444e-01
6.000000000000000000e+00 1.137790619128472430e-01 1.135691574014098953e-01 8.913832818651822032e-02 8.689673360038856209e-02 7.550757644678966762e-02 0.000000000000000000e+00 7.888337288547933590e-02 1.410456391013877875e-01 1.421429015438633314e-01 1.441071081038156065e-01
7.000000000000000000e+00 1.122300645763451843e-01 1.118706314259400314e-01 9.028071776404009152e-02 8.806515278136725633e-02 7.580574169509859961e-02 7.888337288547933590e-02 0.000000000000000000e+00 1.442946676533087280e-01 1.453755485723352003e-01 1.473398081959505501e-01
8.000000000000000000e+00 1.701245807032554791e-01 1.700194699657719410e-01 1.480385600604686158e-01 1.471524123052312949e-01 1.441647804741675309e-01 1.410456391013877875e-01 1.442946676533087280e-01 0.000000000000000000e+00 6.120718503737593297e-02 6.709209725659576184e-02
9.000000000000000000e+00 1.712402815181413573e-01 1.711340614137107363e-01 1.491591746945852281e-01 1.482696030642544627e-01 1.452643776632888128e-01 1.421429015438633314e-01 1.453755485723352003e-01 6.120718503737593297e-02 0.000000000000000000e+00 5.737794507861315729e-02
1.000000000000000000e+01 1.732024161731543499e-01 1.730962518300542818e-01 1.511214048590515668e-01 1.502320723322713714e-01 1.472279478526481444e-01 1.441071081038156065e-01 1.473398081959505501e-01 6.709209725659576184e-02 5.737794507861315729e-02 0.000000000000000000e+00
