0.000000000000000000e+00 1.000000000000000000e+00 2.000000000000000000e+00 3.000000000000000000e+00 4.000000000000000000e+00 5.000000000000000000e+00 6.000000000000000000e+00 7.000000000000000000e+00 8.000000000000000000e+00 9.000000000000000000e+00 1.000000000000000000e+01
1.000000000000000000e+00 0.000000000000000000e+00 5.898951075021297008e-01 1.026702839530410527e+00 1.036447202995368855e+00 1.035409735363976402e+00 1.108320837313255147e+00 1.093674000096015009e+00 1.486061749110548558e+00 1.493833273443943455e+00 1.505242886196241914e+00
2.000000000000000000e+00 5.898951075021297008e-01 0.000000000000000000e+00 1.025829626689328089e+00 1.034989571621854676e+00 1.032615685471876432e+00 1.105819709417779073e+00 1.090113273233167979e+00 1.483989615775554771e+00 1.491743424422912412e+00 1.503152842722777160e+00
3.000000000000000000e+00 1.026702839530410527e+00 1.025829626689328089e+00 0.000000000000000000e+00 6.261695628027912353e-01 7.824267625037184537e-01 8.727145285072206438e-01 8.788280193179305311e-01 1.283019617986855376e+00 1.290933519436730403e+00 1.302356377339376925e+00
4.000000000000000000e+00 1.036447202995368855e+00 1.034989571621854676e+00 6.261695628027912353e-01 0.000000000000000000e+00 7.464474507817837612e-01 8.485625408167534189e-01 8.538563749834089389e-01 1.272069615478008675e+00 1.279933429288278468e+00 1.291358326056834871e+00
5.000000000000000000e+00 1.035409735363976402e+00 1.032615685471876432e+00 7.824267625037184537e-01 7.464474507817837612e-01 0.000000000000000000e+00 7.328801530539412745e-01 7.299294031926359949e-01 1.217128028886736324e+00 1.224783866775898566e+00 1.236213942745484351e+00
6.000000000000000000e+00 1.108320837313255147e+00 1.105819709417779073e+00 8.727145285072206438e-01 8.485625408167534189e-01 7.328801530539412745e-01 0.000000000000000000e+00 7.812977720442058072e-01 1.215388400222696230e+00 1.223059378718434509e+00 1.234508336985525423e+00
7.000000000000000000e+00 1.093674000096015009e+00 1.090113273233167979e+00 8.788280193179305311e-01 8.538563749834089389e-01 7.299294031926359949e-01 7.812977720442058072e-01 0.000000000000000000e+00 1.241787376744030613e+00 1.249178112661720963e+00 1.260604389454474505e+00
8.000000000000000000e+00 1.486061749110548558e+00 1.483989615775554771e+00 1.283019617986855376e+00 1.272069615478008675e+00 1.217128028886736324e+00 1.215388400222696230e+00 1.241787376744030613e+00 0.000000000000000000e+00 6.114601188946742205e-01 6.689531698778694579e-01
9.000000000000000000e+00 1.493833273443943455e+00 1.491743424422912412e+00 1.290933519436730403e+00 1.279933429288278468e+00 1.224783866775898566e+00 1.223059378718434509e+00 1.249178112661720963e+00 6.114601188946742205e-01 0.000000000000000000e+00 5.731005970821303475e-01
1.000000000000000000e+01 1.505242886196241914e+00 1.503152842722777160e+00 1.302356377339376925e+00 1.291358326056834871e+00 1.236213942745484351e+00 1.234508336985525423e+00 1.260604389454474505e+00 6.689531698778694579e-01 5.731005970821303475e-01 0.000000000000000000e+00
