0.000000000000000000e+00 1.000000000000000000e+00 2.000000000000000000e+00 3.000000000000000000e+00 4.000000000000000000e+00 5.000000000000000000e+00 6.000000000000000000e+00 7.000000000000000000e+00 8.000000000000000000e+00 9.000000000000000000e+00
1.000000000000000000e+00 0.000000000000000000e+00 6.608004826744039439e-01 2.758413999578758879e+00 2.012364731253465155e+00 2.055962953838619267e+00 2.135104356177262908e+00 4.019339420056266654e+00 3.052084456798947354e+00 2.024831001494553195e+00
2.000000000000000000e+00 6.608004826744039439e-01 0.000000000000000000e+00 2.521531559208184614e+00 1.985644886430347977e+00 2.029190256152417771e+00 2.108165255269497607e+00 3.987613519047108035e+00 3.021052200423519185e+00 1.998484775128611890e+00
3.000000000000000000e+00 2.758413999578758879e+00 2.521531559208184614e+00 0.000000000000000000e+00 3.868686874857770075e+00 3.912310658679738484e+00 3.991458633714842996e+00 5.875173746761428895e+00 4.907980147168391483e+00 3.881168996843964880e+00
4.000000000000000000e+00 2.012364731253465155e+00 1.985644886430347977e+00 3.868686874857770075e+00 0.000000000000000000e+00 5.128674766643914751e-01 6.850606614878840261e-01 2.981365190845839841e+00 1.988486664231157608e+00 5.930927557881569001e-01
5.000000000000000000e+00 2.055962953838619267e+00 2.029190256152417771e+00 3.912310658679738484e+00 5.128674766643914751e-01 0.000000000000000000e+00 5.998985266317555798e-01 3.007460739793740068e+00 2.012295476725583843e+00 6.875340777977578810e-01
6.000000000000000000e+00 2.135104356177262908e+00 2.108165255269497607e+00 3.991458633714842996e+00 6.850606614878840261e-01 5.998985266317555798e-01 0.000000000000000000e+00 3.055229498652775710e+00 2.056327096827376355e+00 8.249732853717817171e-01
7.000000000000000000e+00 4.019339420056266654e+00 3.987613519047108035e+00 5.875173746761428895e+00 2.981365190845839841e+00 3.007460739793740068e+00 3.055229498652775710e+00 0.000000000000000000e+00 2.563831293921434717e+00 3.037290104415047320e+00
8.000000000000000000e+00 3.052084456798947354e+00 3.021052200423519185e+00 4.907980147168391483e+00 1.988486664231157608e+00 2.012295476725583843e+00 2.056327096827376355e+00 2.563831293921434717e+00 0.000000000000000000e+00 2.046959791055901423e+00
9.000000000000000000e+00 2.024831001494553195e+00 1.998484775128611890e+00 3.881168996843964880e+00 5.930927557881569001e-01 6.875340777977578810e-01 8.249732853717817171e-01 3.037290104415047320e+00 2.046959791055901423e+00 0.000000000000000000e+00
