0.000000000000000000e+00 1.000000000000000000e+00 2.000000000000000000e+00 3.000000000000000000e+00 4.000000000000000000e+00 5.000000000000000000e+00 6.000000000000000000e+00 7.000000000000000000e+00 8.000000000000000000e+00 9.000000000000000000e+00
1.000000000000000000e+00 0.000000000000000000e+00 6.022861178033216412e+00 6.592846698538926908e+00 8.752492847406871945e+00 8.915354714329046359e+00 9.190822485900651984e+00 1.003652461067809476e+01 1.052233596694468432e+01 8.273654559990074375e+00
2.000000000000000000e+00 6.022861178033216412e+00 0.000000000000000000e+00 5.496105138365375176e+00 8.701449660829053911e+00 8.864385076249563511e+00 9.139791217713353788e+00 9.984265286524459881e+00 1.047012859572067711e+01 8.222684836698576305e+00
3.000000000000000000e+00 6.592846698538926908e+00 5.496105138365375176e+00 0.000000000000000000e+00 8.350839897371299614e+00 8.513793828755138904e+00 8.789242094271246586e+00 9.633926226445227670e+00 1.011977523092999220e+01 7.872024695926665316e+00
4.000000000000000000e+00 8.752492847406871945e+00 8.701449660829053911e+00 8.350839897371299614e+00 0.000000000000000000e+00 5.454605259354275759e+00 6.685013944601280400e+00 8.604347485688988328e+00 9.082433527788946748e+00 5.817473827348583981e+00
5.000000000000000000e+00 8.915354714329046359e+00 8.864385076249563511e+00 8.513793828755138904e+00 5.454605259354275759e+00 0.000000000000000000e+00 6.132137711115277057e+00 8.726007096473088254e+00 9.201008324819419215e+00 6.338423734358421768e+00
6.000000000000000000e+00 9.190822485900651984e+00 9.139791217713353788e+00 8.789242094271246586e+00 6.685013944601280400e+00 6.132137711115277057e+00 0.000000000000000000e+00 8.893251507641002362e+00 9.362712064556117042e+00 6.902377775077663813e+00
7.000000000000000000e+00 1.003652461067809476e+01 9.984265286524459881e+00 9.633926226445227670e+00 8.604347485688988328e+00 8.726007096473088254e+00 8.893251507641002362e+00 0.000000000000000000e+00 7.788125242642099266e+00 8.233329247443140986e+00
8.000000000000000000e+00 1.052233596694468432e+01 1.047012859572067711e+01 1.011977523092999220e+01 9.082433527788946748e+00 9.201008324819419215e+00 9.362712064556117042e+00 7.788125242642099266e+00 0.000000000000000000e+00 8.714298610236053122e+00
9.000000000000000000e+00 8.273654559990074375e+00 8.222684836698576305e+00 7.872024695926665316e+00 5.817473827348583981e+00 6.338423734358421768e+00 6.902377775077663813e+00 8.233329247443140986e+00 8.714298610236053122e+00 0.000000000000000000e+00
