0.000000000000000000e+00 1.000000000000000000e+00 2.000000000000000000e+00 3.000000000000000000e+00 4.000000000000000000e+00 5.000000000000000000e+00 6.000000000000000000e+00 7.000000000000000000e+00 8.000000000000000000e+00 9.000000000000000000e+00
1.000000000000000000e+00 0.000000000000000000e+00 5.463276900057268293e+00 5.965147469999389607e+00 7.037566382526636133e+00 7.134896161331210074e+00 7.392268641507289573e+00 7.819339140697810997e+00 8.215625138828315244e+00 6.575283596893108928e+00
2.000000000000000000e+00 5.463276900057268293e+00 0.000000000000000000e+00 4.992186932522998610e+00 7.052588299966542351e+00 7.149919982720494893e+00 7.407294901320382152e+00 7.834295265965240951e+00 8.230597439856396136e+00 6.590307500558030718e+00
3.000000000000000000e+00 5.965147469999389607e+00 4.992186932522998610e+00 0.000000000000000000e+00 6.735328844566065953e+00 6.832661068423475648e+00 7.090037798552355497e+00 7.517058855719620958e+00 7.913354939541775934e+00 6.273046107634846713e+00
4.000000000000000000e+00 7.037566382526636133e+00 7.052588299966542351e+00 6.735328844566065953e+00 0.000000000000000000e+00 4.946378262782068269e+00 6.021883720827837294e+00 7.186398294603564274e+00 7.582573576147655814e+00 5.241681671769824469e+00
5.000000000000000000e+00 7.134896161331210074e+00 7.149919982720494893e+00 6.832661068423475648e+00 4.946378262782068269e+00 0.000000000000000000e+00 5.540776692189613328e+00 7.282819354557843461e+00 7.678949787923944115e+00 5.667016673323193920e+00
6.000000000000000000e+00 7.392268641507289573e+00 7.407294901320382152e+00 7.090037798552355497e+00 6.021883720827837294e+00 5.540776692189613328e+00 0.000000000000000000e+00 7.537004146074628430e+00 7.933034753728804844e+00 6.109898463966719540e+00
7.000000000000000000e+00 7.819339140697810997e+00 7.834295265965240951e+00 7.517058855719620958e+00 7.186398294603564274e+00 7.282819354557843461e+00 7.537004146074628430e+00 0.000000000000000000e+00 7.024610778984911263e+00 6.727869471101764809e+00
8.000000000000000000e+00 8.215625138828315244e+00 8.230597439856396136e+00 7.913354939541775934e+00 7.582573576147655814e+00 7.678949787923944115e+00 7.933034753728804844e+00 7.024610778984911263e+00 0.000000000000000000e+00 7.124094632838269270e+00
9.000000000000000000e+00 6.575283596893108928e+00 6.590307500558030718e+00 6.273046107634846713e+00 5.241681671769824469e+00 5.667016673323193920e+00 6.109898463966719540e+00 6.727869471101764809e+00 7.124094632838269270e+00 0.000000000000000000e+00
