0.000000000000000000e+00 1.000000000000000000e+00 2.000000000000000000e+00 3.000000000000000000e+00 4.000000000000000000e+00 5.000000000000000000e+00 6.000000000000000000e+00 7.000000000000000000e+00 8.000000000000000000e+00 9.000000000000000000e+00
1.000000000000000000e+00 0.000000000000000000e+00 2.111850458247215734e+00 5.106709231730106602e+00 3.748427973794275503e-01 3.774259021461120467e-01 3.811056776100151811e-01 4.872836738040396298e+00 4.920840343343523493e+00 3.711220767668055309e-01
2.000000000000000000e+00 2.111850458247215734e+00 0.000000000000000000e+00 6.631268998341643517e+00 2.421469344812474223e+00 2.424054958882663868e+00 2.427737569532574469e+00 6.934901152139586245e+00 6.975421441523004695e+00 2.417742043200454827e+00
3.000000000000000000e+00 5.106709231730106602e+00 6.631268998341643517e+00 0.000000000000000000e+00 5.257312775637950963e+00 5.259912807205176399e+00 5.263611847031749669e+00 9.860790602918823922e+00 9.857650510637611774e+00 5.253547465953653628e+00
4.000000000000000000e+00 3.748427973794275503e-01 2.421469344812474223e+00 5.257312775637950963e+00 0.000000000000000000e+00 1.037364098179921479e-02 1.477757348111163882e-02 4.937587963883199649e+00 4.803681857277728007e+00 1.311715456780071509e-02
5.000000000000000000e+00 3.774259021461120467e-01 2.424054958882663868e+00 5.259912807205176399e+00 1.037364098179921479e-02 0.000000000000000000e+00 1.251289676876499168e-02 4.940117366743223215e+00 4.806151939812564500e+00 1.591480103804027157e-02
6.000000000000000000e+00 3.811056776100151811e-01 2.427737569532574469e+00 5.263611847031749669e+00 1.477757348111163882e-02 1.251289676876499168e-02 0.000000000000000000e+00 4.943734344684132864e+00 4.809698219523139251e+00 1.997639488377905836e-02
7.000000000000000000e+00 4.872836738040396298e+00 6.934901152139586245e+00 9.860790602918823922e+00 4.937587963883199649e+00 4.940117366743223215e+00 4.943734344684132864e+00 0.000000000000000000e+00 8.737639639376165945e+00 4.933998934547098258e+00
8.000000000000000000e+00 4.920840343343523493e+00 6.975421441523004695e+00 9.857650510637611774e+00 4.803681857277728007e+00 4.806151939812564500e+00 4.809698219523139251e+00 8.737639639376165945e+00 0.000000000000000000e+00 4.800230685328873648e+00
9.000000000000000000e+00 3.711220767668055309e-01 2.417742043200454827e+00 5.253547465953653628e+00 1.311715456780071509e-02 1.591480103804027157e-02 1.997639488377905836e-02 4.933998934547098258e+00 4.800230685328873648e+00 0.000000000000000000e+00
