0.000000000000000000e+00 1.000000000000000000e+00 2.000000000000000000e+00 3.000000000000000000e+00 4.000000000000000000e+00 5.000000000000000000e+00 6.000000000000000000e+00 7.000000000000000000e+00 8.000000000000000000e+00 9.000000000000000000e+00
1.000000000000000000e+00 0.000000000000000000e+00 2.930665830898429913e+00 3.834634011059346204e+00 2.209921430381653007e+00 2.244529543805993121e+00 2.277914087900219986e+00 5.797631945260572017e+00 6.186176976166761321e+00 2.196047552639825096e+00
2.000000000000000000e+00 2.930665830898429913e+00 0.000000000000000000e+00 5.098618076191431925e+00 4.027580489389217533e+00 4.062230832305178119e+00 4.095524092928808813e+00 7.612356440144780301e+00 8.001540488837193266e+00 4.013746506669431113e+00
3.000000000000000000e+00 3.834634011059346204e+00 5.098618076191431925e+00 0.000000000000000000e+00 4.469447715957413081e+00 4.504225364626418759e+00 4.537879165925314595e+00 8.061346550789206589e+00 8.448966372562940919e+00 4.455197804773078474e+00
4.000000000000000000e+00 2.209921430381653007e+00 4.027580489389217533e+00 4.469447715957413081e+00 0.000000000000000000e+00 5.143274683761767108e-01 6.727118391136932551e-01 4.587801491515569374e+00 4.944644437807118820e+00 5.971361667544674567e-01
5.000000000000000000e+00 2.244529543805993121e+00 4.062230832305178119e+00 4.504225364626418759e+00 5.143274683761767108e-01 0.000000000000000000e+00 5.941930739829306418e-01 4.602070450192404572e+00 4.955021958363348134e+00 6.985708002708168607e-01
6.000000000000000000e+00 2.277914087900219986e+00 4.095524092928808813e+00 4.537879165925314595e+00 6.727118391136932551e-01 5.941930739829306418e-01 0.000000000000000000e+00 4.594330053829085436e+00 4.940857307087014760e+00 8.104758691049953612e-01
7.000000000000000000e+00 5.797631945260572017e+00 7.612356440144780301e+00 8.061346550789206589e+00 4.587801491515569374e+00 4.602070450192404572e+00 4.594330053829085436e+00 0.000000000000000000e+00 7.060846029601409057e+00 4.617634687778481961e+00
8.000000000000000000e+00 6.186176976166761321e+00 8.001540488837193266e+00 8.448966372562940919e+00 4.944644437807118820e+00 4.955021958363348134e+00 4.940857307087014760e+00 7.060846029601409057e+00 0.000000000000000000e+00 4.980002632195754231e+00
9.000000000000000000e+00 2.196047552639825096e+00 4.013746506669431113e+00 4.455197804773078474e+00 5.971361667544674567e-01 6.985708002708168607e-01 8.104758691049953612e-01 4.617634687778481961e+00 4.980002632195754231e+00 0.000000000000000000e+00
