0.000000000000000000e+00 1.000000000000000000e+00 2.000000000000000000e+00 3.000000000000000000e+00 4.000000000000000000e+00 5.000000000000000000e+00 6.000000000000000000e+00 7.000000000000000000e+00 8.000000000000000000e+00 9.000000000000000000e+00
1.000000000000000000e+00 0.000000000000000000e+00 7.041978966282088151e-03 1.968627889294145783e+00 4.620023474310905320e-02 4.692969343489491324e-02 4.835718813786876041e-02 1.271019649956694364e+00 7.311779441694180037e-02 4.635429861646403471e-02
2.000000000000000000e+00 7.041978966282088151e-03 0.000000000000000000e+00 1.965991963543928245e+00 4.691280139810251326e-02 4.763802985679346097e-02 4.906014435772789589e-02 1.270606005862133125e+00 7.271179870520647071e-02 4.708678742526542504e-02
3.000000000000000000e+00 1.968627889294145783e+00 1.965991963543928245e+00 0.000000000000000000e+00 1.998096119299038298e+00 1.998835846451976206e+00 2.000276398548339163e+00 3.225637063316590947e+00 2.027716784589983945e+00 1.998201920007980803e+00
4.000000000000000000e+00 4.620023474310905320e-02 4.691280139810251326e-02 1.998096119299038298e+00 0.000000000000000000e+00 5.127436919657828163e-03 7.161821154675486467e-03 1.262507690134826221e+00 6.440395085590122637e-02 6.031173459683659976e-03
5.000000000000000000e+00 4.692969343489491324e-02 4.763802985679346097e-02 1.998835846451976206e+00 5.127436919657828163e-03 0.000000000000000000e+00 6.122601150311990370e-03 1.263141719722750578e+00 6.503653772810399913e-02 7.126540510211720747e-03
6.000000000000000000e+00 4.835718813786876041e-02 4.906014435772789589e-02 2.000276398548339163e+00 7.161821154675486467e-03 6.122601150311990370e-03 0.000000000000000000e+00 1.264448752353122929e+00 6.634186852262888290e-02 8.946343311662711961e-03
7.000000000000000000e+00 1.271019649956694364e+00 1.270606005862133125e+00 3.225637063316590947e+00 1.262507690134826221e+00 1.263141719722750578e+00 1.264448752353122929e+00 0.000000000000000000e+00 1.225547656220717707e+00 1.263086301658527866e+00
8.000000000000000000e+00 7.311779441694180037e-02 7.271179870520647071e-02 2.027716784589983945e+00 6.440395085590122637e-02 6.503653772810399913e-02 6.634186852262888290e-02 1.225547656220717707e+00 0.000000000000000000e+00 6.498552864651314931e-02
9.000000000000000000e+00 4.635429861646403471e-02 4.708678742526542504e-02 1.998201920007980803e+00 6.031173459683659976e-03 7.126540510211720747e-03 8.946343311662711961e-03 1.263086301658527866e+00 6.498552864651314931e-02 0.000000000000000000e+00
