0.000000000000000000e+00 1.000000000000000000e+00 2.000000000000000000e+00 3.000000000000000000e+00 4.000000000000000000e+00 5.000000000000000000e+00 6.000000000000000000e+00 7.000000000000000000e+00 8.000000000000000000e+00
1.000000000000000000e+00 0.000000000000000000e+00 5.545408140331892222e-01 6.144689015189581660e-01 1.238814263529991910e+00 1.256719570767959260e+00 1.291066505007039789e+00 1.582360800717148575e+00 1.656873136978417316e+00
2.000000000000000000e+00 5.545408140331892222e-01 0.000000000000000000e+00 5.016810510670399736e-01 1.207066930227892909e+00 1.224992182065989477e+00 1.259138260505647589e+00 1.549055828140315949e+00 1.623676575460049731e+00
3.000000000000000000e+00 6.144689015189581660e-01 5.016810510670399736e-01 0.000000000000000000e+00 1.177941574851136819e+00 1.195872317704007370e+00 1.230007636644078195e+00 1.519841467860304718e+00 1.594468637672513234e+00
4.000000000000000000e+00 1.238814263529991910e+00 1.207066930227892909e+00 1.177941574851136819e+00 0.000000000000000000e+00 5.001895309236721321e-01 6.272249970694607768e-01 1.074048081111907305e+00 1.138985873451792363e+00
5.000000000000000000e+00 1.256719570767959260e+00 1.224992182065989477e+00 1.195872317704007370e+00 5.001895309236721321e-01 0.000000000000000000e+00 5.665318737112663428e-01 1.070427843327704576e+00 1.133571917363423998e+00
6.000000000000000000e+00 1.291066505007039789e+00 1.259138260505647589e+00 1.230007636644078195e+00 6.272249970694607768e-01 5.665318737112663428e-01 0.000000000000000000e+00 1.052342828970620037e+00 1.112438714784618865e+00
7.000000000000000000e+00 1.582360800717148575e+00 1.549055828140315949e+00 1.519841467860304718e+00 1.074048081111907305e+00 1.070427843327704576e+00 1.052342828970620037e+00 0.000000000000000000e+00 7.343270130415995300e-01
8.000000000000000000e+00 1.656873136978417316e+00 1.623676575460049731e+00 1.594468637672513234e+00 1.138985873451792363e+00 1.133571917363423998e+00 1.112438714784618865e+00 7.343270130415995300e-01 0.000000000000000000e+00
