0.000000000000000000e+00 1.000000000000000000e+00 2.000000000000000000e+00 3.000000000000000000e+00 4.000000000000000000e+00 5.000000000000000000e+00 6.000000000000000000e+00 7.000000000000000000e+00 8.000000000000000000e+00
1.000000000000000000e+00 0.000000000000000000e+00 5.534730464137113115e-01 6.131253470893025526e-01 1.242932079492282682e+00 1.261003013607281842e+00 1.290952681987267425e+00 1.596169429105940951e+00 1.668692289474575263e+00
2.000000000000000000e+00 5.534730464137113115e-01 0.000000000000000000e+00 5.015386627563749311e-01 1.211557209749682951e+00 1.229671102775429903e+00 1.259492774870139886e+00 1.563653083639690466e+00 1.636260534455414861e+00
3.000000000000000000e+00 6.131253470893025526e-01 5.015386627563749311e-01 0.000000000000000000e+00 1.182370061183589005e+00 1.200490725356995414e+00 1.230313278963898860e+00 1.534457931363300665e+00 1.607066468974523543e+00
4.000000000000000000e+00 1.242932079492282682e+00 1.211557209749682951e+00 1.182370061183589005e+00 0.000000000000000000e+00 5.013600032493112924e-01 6.302159628831482951e-01 1.085230518551241863e+00 1.149055691583542815e+00
5.000000000000000000e+00 1.261003013607281842e+00 1.229671102775429903e+00 1.200490725356995414e+00 5.013600032493112924e-01 0.000000000000000000e+00 5.675257413373437920e-01 1.081142442500491851e+00 1.143146143923514435e+00
6.000000000000000000e+00 1.290952681987267425e+00 1.259492774870139886e+00 1.230313278963898860e+00 6.302159628831482951e-01 5.675257413373437920e-01 0.000000000000000000e+00 1.060719794263353277e+00 1.119863086544535369e+00
7.000000000000000000e+00 1.596169429105940951e+00 1.563653083639690466e+00 1.534457931363300665e+00 1.085230518551241863e+00 1.081142442500491851e+00 1.060719794263353277e+00 0.000000000000000000e+00 7.339881448041720713e-01
8.000000000000000000e+00 1.668692289474575263e+00 1.636260534455414861e+00 1.607066468974523543e+00 1.149055691583542815e+00 1.143146143923514435e+00 1.119863086544535369e+00 7.339881448041720713e-01 0.000000000000000000e+00
