0.000000000000000000e+00 1.000000000000000000e+00 2.000000000000000000e+00 3.000000000000000000e+00 4.000000000000000000e+00 5.000000000000000000e+00 6.000000000000000000e+00 7.000000000000000000e+00 8.000000000000000000e+00
1.000000000000000000e+00 0.000000000000000000e+00 2.712330502848152580e-01 3.539433935900616057e-01 5.465786529270163507e-01 5.534364623808419870e-01 5.519973958923702906e-01 6.272998159872269497e-01 6.826905268687497585e-01
2.000000000000000000e+00 2.712330502848152580e-01 0.000000000000000000e+00 4.646885511937525748e-01 7.069876642508988729e-01 7.138650998620225119e-01 7.123678880041439676e-01 7.871903270540376862e-01 8.426825181641948159e-01
3.000000000000000000e+00 3.539433935900616057e-01 4.646885511937525748e-01 0.000000000000000000e+00 7.461379201220340596e-01 7.530574817253342657e-01 7.517178872917236188e-01 8.275157468266325367e-01 8.828032654822195457e-01
4.000000000000000000e+00 5.465786529270163507e-01 7.069876642508988729e-01 7.461379201220340596e-01 0.000000000000000000e+00 4.955506049577468319e-01 5.946132592873765166e-01 7.539578254348797692e-01 8.021466534258732128e-01
5.000000000000000000e+00 5.534364623808419870e-01 7.138650998620225119e-01 7.530574817253342657e-01 4.955506049577468319e-01 0.000000000000000000e+00 5.508193717051550475e-01 7.533573272094902240e-01 7.999873749673354073e-01
6.000000000000000000e+00 5.519973958923702906e-01 7.123678880041439676e-01 7.517178872917236188e-01 5.946132592873765166e-01 5.508193717051550475e-01 0.000000000000000000e+00 7.344470046067295144e-01 7.787999028589234207e-01
7.000000000000000000e+00 6.272998159872269497e-01 7.871903270540376862e-01 8.275157468266325367e-01 7.539578254348797692e-01 7.533573272094902240e-01 7.344470046067295144e-01 0.000000000000000000e+00 6.589769948560253443e-01
8.000000000000000000e+00 6.826905268687497585e-01 8.426825181641948159e-01 8.828032654822195457e-01 8.021466534258732128e-01 7.999873749673354073e-01 7.787999028589234207e-01 6.589769948560253443e-01 0.000000000000000000e+00
