0.000000000000000000e+00 1.000000000000000000e+00 2.000000000000000000e+00 3.000000000000000000e+00 4.000000000000000000e+00 5.000000000000000000e+00 6.000000000000000000e+00 7.000000000000000000e+00 8.000000000000000000e+00
1.000000000000000000e+00 0.000000000000000000e+00 5.529140071029133852e-01 6.123964875551243248e-01 1.210281573202607319e+00 1.227597725958876396e+00 1.258304792200701794e+00 1.545784051546104321e+00 1.617326941886487512e+00
2.000000000000000000e+00 5.529140071029133852e-01 0.000000000000000000e+00 5.014391951566751215e-01 1.179821164381698484e+00 1.197179146424247609e+00 1.227761002356448916e+00 1.514220927035418773e+00 1.585842536359409971e+00
3.000000000000000000e+00 6.123964875551243248e-01 5.014391951566751215e-01 0.000000000000000000e+00 1.151249628778580281e+00 1.168613711756798956e+00 1.199195992660659904e+00 1.485638380322071628e+00 1.557261221026989828e+00
4.000000000000000000e+00 1.210281573202607319e+00 1.179821164381698484e+00 1.151249628778580281e+00 0.000000000000000000e+00 4.998711516821412459e-01 6.249398084669264275e-01 1.051425921824949539e+00 1.115464051705942206e+00
5.000000000000000000e+00 1.227597725958876396e+00 1.197179146424247609e+00 1.168613711756798956e+00 4.998711516821412459e-01 0.000000000000000000e+00 5.655983809254536698e-01 1.049351497098472530e+00 1.111778059752624115e+00
6.000000000000000000e+00 1.258304792200701794e+00 1.227761002356448916e+00 1.199195992660659904e+00 6.249398084669264275e-01 5.655983809254536698e-01 0.000000000000000000e+00 1.031965348516886261e+00 1.091712950898640289e+00
7.000000000000000000e+00 1.545784051546104321e+00 1.514220927035418773e+00 1.485638380322071628e+00 1.051425921824949539e+00 1.049351497098472530e+00 1.031965348516886261e+00 0.000000000000000000e+00 7.319122899144259176e-01
8.000000000000000000e+00 1.617326941886487512e+00 1.585842536359409971e+00 1.557261221026989828e+00 1.115464051705942206e+00 1.111778059752624115e+00 1.091712950898640289e+00 7.319122899144259176e-01 0.000000000000000000e+00
