0.000000000000000000e+00 1.000000000000000000e+00 2.000000000000000000e+00 3.000000000000000000e+00 4.000000000000000000e+00 5.000000000000000000e+00 6.000000000000000000e+00 7.000000000000000000e+00 8.000000000000000000e+00
1.000000000000000000e+00 0.000000000000000000e+00 5.533732550948343709e-01 6.129062179730712101e-01 1.210739737966366025e+00 1.228334652234512880e+00 1.260129459184142542e+00 1.546274864243444958e+00 1.617640057505812967e+00
2.000000000000000000e+00 5.533732550948343709e-01 0.000000000000000000e+00 5.015148620237689370e-01 1.180073416233513139e+00 1.197708145431044535e+00 1.229375448135842541e+00 1.514516813584073196e+00 1.585962762142137050e+00
3.000000000000000000e+00 6.129062179730712101e-01 5.015148620237689370e-01 0.000000000000000000e+00 1.151095040908304057e+00 1.168735988804956438e+00 1.200402856241317151e+00 1.485521542688391650e+00 1.556969248397720884e+00
4.000000000000000000e+00 1.210739737966366025e+00 1.180073416233513139e+00 1.151095040908304057e+00 0.000000000000000000e+00 4.999196430541452685e-01 6.251186665035330936e-01 1.048665735813689492e+00 1.112502781859465495e+00
5.000000000000000000e+00 1.228334652234512880e+00 1.197708145431044535e+00 1.168735988804956438e+00 4.999196430541452685e-01 0.000000000000000000e+00 5.654821848248736682e-01 1.046005822448968337e+00 1.108178854934591451e+00
6.000000000000000000e+00 1.260129459184142542e+00 1.229375448135842541e+00 1.200402856241317151e+00 6.251186665035330936e-01 5.654821848248736682e-01 0.000000000000000000e+00 1.029866254394143477e+00 1.089420911775961232e+00
7.000000000000000000e+00 1.546274864243444958e+00 1.514516813584073196e+00 1.485521542688391650e+00 1.048665735813689492e+00 1.046005822448968337e+00 1.029866254394143477e+00 0.000000000000000000e+00 7.324556715746386448e-01
8.000000000000000000e+00 1.617640057505812967e+00 1.585962762142137050e+00 1.556969248397720884e+00 1.112502781859465495e+00 1.108178854934591451e+00 1.089420911775961232e+00 7.324556715746386448e-01 0.000000000000000000e+00
