0.000000000000000000e+00 1.000000000000000000e+00 2.000000000000000000e+00 3.000000000000000000e+00 4.000000000000000000e+00 5.000000000000000000e+00 6.000000000000000000e+00 7.000000000000000000e+00 8.000000000000000000e+00
1.000000000000000000e+00 0.000000000000000000e+00 5.533692166368684440e-01 6.129016158544826620e-01 1.183767987776086716e+00 1.192631067688764812e+00 1.208325983481923771e+00 1.492358995848113601e+00 1.558012085801742996e+00
2.000000000000000000e+00 5.533692166368684440e-01 0.000000000000000000e+00 5.015148012019596813e-01 1.153732966928698200e+00 1.162726373277823022e+00 1.178452740106334939e+00 1.461471809327819393e+00 1.527242420296090808e+00
3.000000000000000000e+00 6.129016158544826620e-01 5.015148012019596813e-01 0.000000000000000000e+00 1.124797865841041133e+00 1.133803456249650399e+00 1.149538540096088468e+00 1.432531260267936091e+00 1.498305759456862285e+00
4.000000000000000000e+00 1.183767987776086716e+00 1.153732966928698200e+00 1.124797865841041133e+00 0.000000000000000000e+00 4.992147335840777522e-01 6.193938645568088930e-01 1.031223206673638870e+00 1.091591076006956706e+00
5.000000000000000000e+00 1.192631067688764812e+00 1.162726373277823022e+00 1.133803456249650399e+00 4.992147335840777522e-01 0.000000000000000000e+00 5.625303946129904809e-01 1.029244901700941739e+00 1.088269120215777042e+00
6.000000000000000000e+00 1.208325983481923771e+00 1.178452740106334939e+00 1.149538540096088468e+00 6.193938645568088930e-01 5.625303946129904809e-01 0.000000000000000000e+00 1.018790763849985570e+00 1.076287999716430521e+00
7.000000000000000000e+00 1.492358995848113601e+00 1.461471809327819393e+00 1.432531260267936091e+00 1.031223206673638870e+00 1.029244901700941739e+00 1.018790763849985570e+00 0.000000000000000000e+00 7.322111365300052466e-01
8.000000000000000000e+00 1.558012085801742996e+00 1.527242420296090808e+00 1.498305759456862285e+00 1.091591076006956706e+00 1.088269120215777042e+00 1.076287999716430521e+00 7.322111365300052466e-01 0.000000000000000000e+00
