0.000000000000000000e+00 1.000000000000000000e+00 2.000000000000000000e+00 3.000000000000000000e+00 4.000000000000000000e+00 5.000000000000000000e+00 6.000000000000000000e+00 7.000000000000000000e+00 8.000000000000000000e+00
1.000000000000000000e+00 0.000000000000000000e+00 5.529144752974602950e-01 6.123969965005503502e-01 1.214402405657332373e+00 1.233971832630914145e+00 1.269706049907262546e+00 1.554058900179482228e+00 1.626314602740649651e+00
2.000000000000000000e+00 5.529144752974602950e-01 0.000000000000000000e+00 5.014391320698784460e-01 1.183855335159916589e+00 1.203445059926112615e+00 1.239016973876982064e+00 1.522373012130733949e+00 1.594702355472377597e+00
3.000000000000000000e+00 6.123969965005503502e-01 5.014391320698784460e-01 0.000000000000000000e+00 1.155279353140927334e+00 1.174874114289728100e+00 1.210444669298274434e+00 1.493784416051471053e+00 1.566114743453948854e+00
4.000000000000000000e+00 1.214402405657332373e+00 1.183855335159916589e+00 1.155279353140927334e+00 0.000000000000000000e+00 5.001250587076817578e-01 6.269591927627122807e-01 1.052570120952660337e+00 1.116866274140883686e+00
5.000000000000000000e+00 1.233971832630914145e+00 1.203445059926112615e+00 1.174874114289728100e+00 5.001250587076817578e-01 0.000000000000000000e+00 5.664805473370395639e-01 1.049882101423333269e+00 1.112447458977576797e+00
6.000000000000000000e+00 1.269706049907262546e+00 1.239016973876982064e+00 1.210444669298274434e+00 6.269591927627122807e-01 5.664805473370395639e-01 0.000000000000000000e+00 1.032324547354266597e+00 1.091982703056640247e+00
7.000000000000000000e+00 1.554058900179482228e+00 1.522373012130733949e+00 1.493784416051471053e+00 1.052570120952660337e+00 1.049882101423333269e+00 1.032324547354266597e+00 0.000000000000000000e+00 7.319274071348842448e-01
8.000000000000000000e+00 1.626314602740649651e+00 1.594702355472377597e+00 1.566114743453948854e+00 1.116866274140883686e+00 1.112447458977576797e+00 1.091982703056640247e+00 7.319274071348842448e-01 0.000000000000000000e+00
