0.000000000000000000e+00 1.000000000000000000e+00 2.000000000000000000e+00 3.000000000000000000e+00 4.000000000000000000e+00 5.000000000000000000e+00 6.000000000000000000e+00 7.000000000000000000e+00 8.000000000000000000e+00
1.000000000000000000e+00 0.000000000000000000e+00 5.525136258173467541e-01 6.114685378381428116e-01 1.202799951443799920e+00 1.221872459457268079e+00 1.256630863632541395e+00 1.539292645687331929e+00 1.611070084822014303e+00
2.000000000000000000e+00 5.525136258173467541e-01 0.000000000000000000e+00 5.011709322878710182e-01 1.174326155538885530e+00 1.193424474275077696e+00 1.228018363383331923e+00 1.509617954084326419e+00 1.581475271555916828e+00
3.000000000000000000e+00 6.114685378381428116e-01 5.011709322878710182e-01 0.000000000000000000e+00 1.147696637856767232e+00 1.166800825657874352e+00 1.201393540597809118e+00 1.482974313234627362e+00 1.554832836286479614e+00
4.000000000000000000e+00 1.202799951443799920e+00 1.174326155538885530e+00 1.147696637856767232e+00 0.000000000000000000e+00 5.000758000365257416e-01 6.265706570895976935e-01 1.050482968629355751e+00 1.114279757551501104e+00
5.000000000000000000e+00 1.221872459457268079e+00 1.193424474275077696e+00 1.166800825657874352e+00 5.000758000365257416e-01 0.000000000000000000e+00 5.663056193763686963e-01 1.047933451128226112e+00 1.110005420388263220e+00
6.000000000000000000e+00 1.256630863632541395e+00 1.228018363383331923e+00 1.201393540597809118e+00 6.265706570895976935e-01 5.663056193763686963e-01 0.000000000000000000e+00 1.030522150444081797e+00 1.089701835143192410e+00
7.000000000000000000e+00 1.539292645687331929e+00 1.509617954084326419e+00 1.482974313234627362e+00 1.050482968629355751e+00 1.047933451128226112e+00 1.030522150444081797e+00 0.000000000000000000e+00 7.315682816277078171e-01
8.000000000000000000e+00 1.611070084822014303e+00 1.581475271555916828e+00 1.554832836286479614e+00 1.114279757551501104e+00 1.110005420388263220e+00 1.089701835143192410e+00 7.315682816277078171e-01 0.000000000000000000e+00
