0.000000000000000000e+00 1.000000000000000000e+00 2.000000000000000000e+00 3.000000000000000000e+00 4.000000000000000000e+00 5.000000000000000000e+00 6.000000000000000000e+00 7.000000000000000000e+00 8.000000000000000000e+00 9.000000000000000000e+00
1.000000000000000000e+00 0.000000000000000000e+00 6.035807013263603249e-01 1.095580281098060604e+00 1.634893205325486321e+00 1.663387226768124449e+00 1.716604469584224191e+00 2.446506730106762451e+00 2.354715503257399867e+00 1.623678004892867843e+00
2.000000000000000000e+00 6.035807013263603249e-01 0.000000000000000000e+00 9.186253028058100067e-01 1.587675508335217422e+00 1.616177654863364843e+00 1.669247077363421816e+00 2.397525675921658550e+00 2.305884140598496224e+00 1.576679377914071534e+00
3.000000000000000000e+00 1.095580281098060604e+00 9.186253028058100067e-01 0.000000000000000000e+00 1.952652240673822703e+00 1.981167697755271462e+00 2.034296050877930639e+00 2.763124129780399674e+00 2.671431052559367636e+00 1.941562937699611080e+00
4.000000000000000000e+00 1.634893205325486321e+00 1.587675508335217422e+00 1.952652240673822703e+00 0.000000000000000000e+00 5.040586307862180426e-01 6.517278529927796882e-01 1.607440112566061341e+00 1.500990323640475577e+00 5.699174117494409941e-01
5.000000000000000000e+00 1.663387226768124449e+00 1.616177654863364843e+00 1.981167697755271462e+00 5.040586307862180426e-01 0.000000000000000000e+00 5.797273948189731740e-01 1.610328050679262102e+00 1.501389912463553244e+00 6.500679393735242506e-01
6.000000000000000000e+00 1.716604469584224191e+00 1.669247077363421816e+00 2.034296050877930639e+00 6.517278529927796882e-01 5.797273948189731740e-01 0.000000000000000000e+00 1.609395227516925875e+00 1.496292157388527500e+00 7.561636410389285246e-01
7.000000000000000000e+00 2.446506730106762451e+00 2.397525675921658550e+00 2.763124129780399674e+00 1.607440112566061341e+00 1.610328050679262102e+00 1.609395227516925875e+00 0.000000000000000000e+00 1.271620630271089070e+00 1.656183386620674991e+00
8.000000000000000000e+00 2.354715503257399867e+00 2.305884140598496224e+00 2.671431052559367636e+00 1.500990323640475577e+00 1.501389912463553244e+00 1.496292157388527500e+00 1.271620630271089070e+00 0.000000000000000000e+00 1.552208753997377677e+00
9.000000000000000000e+00 1.623678004892867843e+00 1.576679377914071534e+00 1.941562937699611080e+00 5.699174117494409941e-01 6.500679393735242506e-01 7.561636410389285246e-01 1.656183386620674991e+00 1.552208753997377677e+00 0.000000000000000000e+00
