0.000000000000000000e+00 1.000000000000000000e+00 2.000000000000000000e+00 3.000000000000000000e+00 4.000000000000000000e+00 5.000000000000000000e+00 6.000000000000000000e+00 7.000000000000000000e+00 8.000000000000000000e+00
1.000000000000000000e+00 0.000000000000000000e+00 5.493148070172583219e-01 6.029037153572801566e-01 1.167708209946218822e+00 1.188259987436151022e+00 1.230032878031051657e+00 1.516588682251026166e+00 1.589471009375037269e+00
2.000000000000000000e+00 5.493148070172583219e-01 0.000000000000000000e+00 4.990426180482655516e-01 1.139902493576709031e+00 1.160465182841705634e+00 1.202076346744473723e+00 1.487646792780276117e+00 1.560602342711972845e+00
3.000000000000000000e+00 6.029037153572801566e-01 4.990426180482655516e-01 0.000000000000000000e+00 1.111873900088692135e+00 1.132440250435198692e+00 1.174060254914895962e+00 1.459675002959666790e+00 1.532627048784227064e+00
4.000000000000000000e+00 1.167708209946218822e+00 1.139902493576709031e+00 1.111873900088692135e+00 0.000000000000000000e+00 4.916310460676469596e-01 6.165121024159723184e-01 1.034743962117104621e+00 1.100141996136998479e+00
5.000000000000000000e+00 1.188259987436151022e+00 1.160465182841705634e+00 1.132440250435198692e+00 4.916310460676469596e-01 0.000000000000000000e+00 5.627781331273002952e-01 1.035426122226254408e+00 1.099281361224884179e+00
6.000000000000000000e+00 1.230032878031051657e+00 1.202076346744473723e+00 1.174060254914895962e+00 6.165121024159723184e-01 5.627781331273002952e-01 0.000000000000000000e+00 1.024058883970383915e+00 1.085043799914842122e+00
7.000000000000000000e+00 1.516588682251026166e+00 1.487646792780276117e+00 1.459675002959666790e+00 1.034743962117104621e+00 1.035426122226254408e+00 1.024058883970383915e+00 0.000000000000000000e+00 7.291597030595786677e-01
8.000000000000000000e+00 1.589471009375037269e+00 1.560602342711972845e+00 1.532627048784227064e+00 1.100141996136998479e+00 1.099281361224884179e+00 1.085043799914842122e+00 7.291597030595786677e-01 0.000000000000000000e+00
