0.000000000000000000e+00 1.000000000000000000e+00 2.000000000000000000e+00 3.000000000000000000e+00 4.000000000000000000e+00 5.000000000000000000e+00 6.000000000000000000e+00 7.000000000000000000e+00 8.000000000000000000e+00
1.000000000000000000e+00 0.000000000000000000e+00 5.520620499517805424e-01 6.107605858233332574e-01 8.075531258307917515e-01 8.122691942518840413e-01 8.216137932816569567e-01 1.313578548491672660e+00 1.354968122642279171e+00
2.000000000000000000e+00 5.520620499517805424e-01 0.000000000000000000e+00 5.013034104808856695e-01 7.863086192545136743e-01 7.910294207109365150e-01 8.003420198118347262e-01 1.291670415646840819e+00 1.333104287442656632e+00
3.000000000000000000e+00 6.107605858233332574e-01 5.013034104808856695e-01 0.000000000000000000e+00 7.600776321204347763e-01 7.647996725769368176e-01 7.741115008174506151e-01 1.265421154367068812e+00 1.306856033480854995e+00
4.000000000000000000e+00 8.075531258307917515e-01 7.863086192545136743e-01 7.600776321204347763e-01 0.000000000000000000e+00 5.150443422069539423e-02 7.187135826661017468e-02 6.409018607118743827e-01 6.780715623438522410e-01
5.000000000000000000e+00 8.122691942518840413e-01 7.910294207109365150e-01 7.647996725769368176e-01 5.150443422069539423e-02 0.000000000000000000e+00 6.145110492702143823e-02 6.408223953839413678e-01 6.776329733379407028e-01
6.000000000000000000e+00 8.216137932816569567e-01 8.003420198118347262e-01 7.741115008174506151e-01 7.187135826661017468e-02 6.145110492702143823e-02 0.000000000000000000e+00 6.395092177732397687e-01 6.756720181739115372e-01
7.000000000000000000e+00 1.313578548491672660e+00 1.291670415646840819e+00 1.265421154367068812e+00 6.409018607118743827e-01 6.408223953839413678e-01 6.395092177732397687e-01 0.000000000000000000e+00 7.084471414482076401e-01
8.000000000000000000e+00 1.354968122642279171e+00 1.333104287442656632e+00 1.306856033480854995e+00 6.780715623438522410e-01 6.776329733379407028e-01 6.756720181739115372e-01 7.084471414482076401e-01 0.000000000000000000e+00
