0.000000000000000000e+00 1.000000000000000000e+00 2.000000000000000000e+00 3.000000000000000000e+00 4.000000000000000000e+00 5.000000000000000000e+00 6.000000000000000000e+00 7.000000000000000000e+00 8.000000000000000000e+00
1.000000000000000000e+00 0.000000000000000000e+00 5.282373830011716231e-01 5.912216259415197239e-01 9.961759540838556193e-01 1.110902502077216747e+00 1.104698014583084698e+00 1.357439462663517782e+00 1.424952700502143399e+00
2.000000000000000000e+00 5.282373830011716231e-01 0.000000000000000000e+00 4.959037795264422677e-01 9.760067732092746473e-01 1.090742038828164562e+00 1.084405191325527928e+00 1.336362978692173575e+00 1.403942321600628818e+00
3.000000000000000000e+00 5.912216259415197239e-01 4.959037795264422677e-01 0.000000000000000000e+00 9.600466220369378023e-01 1.074787422520025126e+00 1.068472674174202774e+00 1.320542483427216807e+00 1.388112003268091366e+00
4.000000000000000000e+00 9.961759540838556193e-01 9.760067732092746473e-01 9.600466220369378023e-01 0.000000000000000000e+00 3.879933045198076247e-01 4.705204072825941441e-01 8.446965010532305751e-01 9.052229236310227467e-01
5.000000000000000000e+00 1.110902502077216747e+00 1.090742038828164562e+00 1.074787422520025126e+00 3.879933045198076247e-01 0.000000000000000000e+00 5.169069757824666933e-01 9.406585011037511546e-01 9.996229511581369298e-01
6.000000000000000000e+00 1.104698014583084698e+00 1.084405191325527928e+00 1.068472674174202774e+00 4.705204072825941441e-01 5.169069757824666933e-01 0.000000000000000000e+00 8.887119232237725708e-01 9.448799284822075872e-01
7.000000000000000000e+00 1.357439462663517782e+00 1.336362978692173575e+00 1.320542483427216807e+00 8.446965010532305751e-01 9.406585011037511546e-01 8.887119232237725708e-01 0.000000000000000000e+00 7.008069490196453533e-01
8.000000000000000000e+00 1.424952700502143399e+00 1.403942321600628818e+00 1.388112003268091366e+00 9.052229236310227467e-01 9.996229511581369298e-01 9.448799284822075872e-01 7.008069490196453533e-01 0.000000000000000000e+00
