0.000000000000000000e+00 1.000000000000000000e+00 2.000000000000000000e+00 3.000000000000000000e+00 4.000000000000000000e+00 5.000000000000000000e+00 6.000000000000000000e+00 7.000000000000000000e+00 8.000000000000000000e+00
1.000000000000000000e+00 0.000000000000000000e+00 5.535081574305295016e-01 6.135523748018200108e-01 3.983487133535843938e+00 4.005504863777270330e+00 3.994764732105862137e+00 1.778301574435675381e+00 1.876587098623806238e+00
2.000000000000000000e+00 5.535081574305295016e-01 0.000000000000000000e+00 5.015434532897239395e-01 3.948265284525456664e+00 3.970279049915195202e+00 3.959024823000550697e+00 1.740321324444606521e+00 1.838796748809087056e+00
3.000000000000000000e+00 6.135523748018200108e-01 5.015434532897239395e-01 0.000000000000000000e+00 3.918911042324693561e+00 3.940934629363866293e+00 3.929657769738215123e+00 1.710845400901832569e+00 1.809329979907968067e+00
4.000000000000000000e+00 3.983487133535843938e+00 3.948265284525456664e+00 3.918911042324693561e+00 0.000000000000000000e+00 4.884424862821541424e+00 5.689577838380381891e+00 3.894705685203491807e+00 3.975017033381648357e+00
5.000000000000000000e+00 4.005504863777270330e+00 3.970279049915195202e+00 3.940934629363866293e+00 4.884424862821541424e+00 0.000000000000000000e+00 5.371476166251488493e+00 3.879836402167368359e+00 3.956619520726032402e+00
6.000000000000000000e+00 3.994764732105862137e+00 3.959024823000550697e+00 3.929657769738215123e+00 5.689577838380381891e+00 5.371476166251488493e+00 0.000000000000000000e+00 3.765308027961787207e+00 3.836437769394269726e+00
7.000000000000000000e+00 1.778301574435675381e+00 1.740321324444606521e+00 1.710845400901832569e+00 3.894705685203491807e+00 3.879836402167368359e+00 3.765308027961787207e+00 0.000000000000000000e+00 7.582460019061052492e-01
8.000000000000000000e+00 1.876587098623806238e+00 1.838796748809087056e+00 1.809329979907968067e+00 3.975017033381648357e+00 3.956619520726032402e+00 3.836437769394269726e+00 7.582460019061052492e-01 0.000000000000000000e+00
