0.000000000000000000e+00 1.000000000000000000e+00 2.000000000000000000e+00 3.000000000000000000e+00 4.000000000000000000e+00 5.000000000000000000e+00 6.000000000000000000e+00 7.000000000000000000e+00 8.000000000000000000e+00 9.000000000000000000e+00
1.000000000000000000e+00 0.000000000000000000e+00 1.114398519340545346e-01 1.117154745187855930e-01 4.647122582746696651e-01 4.697205577685495959e-01 4.735756412533108084e-01 1.705288369383895497e-01 1.738717195089816703e-01 4.253772016183344218e-01
2.000000000000000000e+00 1.114398519340545346e-01 0.000000000000000000e+00 5.486706653166348313e-03 3.592672768901632452e-01 3.642893015318727779e-01 3.681303377892754525e-01 6.486111273992814508e-02 6.820537232072093614e-02 3.199688160003728021e-01
3.000000000000000000e+00 1.117154745187855930e-01 5.486706653166348313e-03 0.000000000000000000e+00 3.578955378050738823e-01 3.629219985626637168e-01 3.667584243411999290e-01 6.341424254073182998e-02 6.675899302633286903e-02 3.186089888888415378e-01
4.000000000000000000e+00 4.647122582746696651e-01 3.592672768901632452e-01 3.578955378050738823e-01 0.000000000000000000e+00 4.871803043804343591e-01 5.692651323564041910e-01 3.693910901298411154e-01 3.719442153527948158e-01 5.104823981821879908e-01
5.000000000000000000e+00 4.697205577685495959e-01 3.642893015318727779e-01 3.629219985626637168e-01 4.871803043804343591e-01 0.000000000000000000e+00 5.386159851758034467e-01 3.752345707743916514e-01 3.778033935725969017e-01 5.360848906043729212e-01
6.000000000000000000e+00 4.735756412533108084e-01 3.681303377892754525e-01 3.667584243411999290e-01 5.692651323564041910e-01 5.386159851758034467e-01 0.000000000000000000e+00 3.771745558016656452e-01 3.796838894316436064e-01 5.537660139780311574e-01
7.000000000000000000e+00 1.705288369383895497e-01 6.486111273992814508e-02 6.341424254073182998e-02 3.693910901298411154e-01 3.752345707743916514e-01 3.771745558016656452e-01 0.000000000000000000e+00 9.369098749526655334e-03 3.335403871305783752e-01
8.000000000000000000e+00 1.738717195089816703e-01 6.820537232072093614e-02 6.675899302633286903e-02 3.719442153527948158e-01 3.778033935725969017e-01 3.796838894316436064e-01 9.369098749526655334e-03 0.000000000000000000e+00 3.361856201119030607e-01
9.000000000000000000e+00 4.253772016183344218e-01 3.199688160003728021e-01 3.186089888888415378e-01 5.104823981821879908e-01 5.360848906043729212e-01 5.537660139780311574e-01 3.335403871305783752e-01 3.361856201119030607e-01 0.000000000000000000e+00
