0.000000000000000000e+00 1.000000000000000000e+00 2.000000000000000000e+00 3.000000000000000000e+00 4.000000000000000000e+00 5.000000000000000000e+00 6.000000000000000000e+00 7.000000000000000000e+00 8.000000000000000000e+00 9.000000000000000000e+00
1.000000000000000000e+00 0.000000000000000000e+00 5.566919059530932579e-01 6.210038215622346591e-01 1.382617052005755465e+00 1.397053092892841075e+00 1.433466111953022093e+00 1.799051409910762622e+00 1.891474530234223073e+00 1.361401077564623252e+00
2.000000000000000000e+00 5.566919059530932579e-01 0.000000000000000000e+00 5.027164056187811703e-01 1.347397508099704488e+00 1.361868418497024891e+00 1.397943814887935954e+00 1.760426393850377913e+00 1.853108466919619390e+00 1.326591511500151865e+00
3.000000000000000000e+00 6.210038215622346591e-01 5.027164056187811703e-01 0.000000000000000000e+00 1.323510523674899630e+00 1.337988655666945803e+00 1.374013979284033571e+00 1.736030175225449224e+00 1.828751094759353490e+00 1.302764238682174058e+00
4.000000000000000000e+00 1.382617052005755465e+00 1.347397508099704488e+00 1.323510523674899630e+00 0.000000000000000000e+00 5.008870555242186384e-01 6.310373470989447675e-01 1.212715336814579992e+00 1.289525636228509908e+00 5.520826403238718871e-01
5.000000000000000000e+00 1.397053092892841075e+00 1.361868418497024891e+00 1.337988655666945803e+00 5.008870555242186384e-01 0.000000000000000000e+00 5.680273797634951549e-01 1.207194561914551212e+00 1.282065087543698967e+00 6.198134579131366895e-01
6.000000000000000000e+00 1.433466111953022093e+00 1.397943814887935954e+00 1.374013979284033571e+00 6.310373470989447675e-01 5.680273797634951549e-01 0.000000000000000000e+00 1.190037689284616285e+00 1.261490844606681039e+00 7.039431012065675564e-01
7.000000000000000000e+00 1.799051409910762622e+00 1.760426393850377913e+00 1.736030175225449224e+00 1.212715336814579992e+00 1.207194561914551212e+00 1.190037689284616285e+00 0.000000000000000000e+00 7.448627785698145320e-01 1.241850643266456222e+00
8.000000000000000000e+00 1.891474530234223073e+00 1.853108466919619390e+00 1.828751094759353490e+00 1.289525636228509908e+00 1.282065087543698967e+00 1.261490844606681039e+00 7.448627785698145320e-01 0.000000000000000000e+00 1.320889309118781219e+00
9.000000000000000000e+00 1.361401077564623252e+00 1.326591511500151865e+00 1.302764238682174058e+00 5.520826403238718871e-01 6.198134579131366895e-01 7.039431012065675564e-01 1.241850643266456222e+00 1.320889309118781219e+00 0.000000000000000000e+00
