0.000000000000000000e+00 1.000000000000000000e+00 2.000000000000000000e+00 3.000000000000000000e+00 4.000000000000000000e+00 5.000000000000000000e+00 6.000000000000000000e+00 7.000000000000000000e+00 8.000000000000000000e+00
1.000000000000000000e+00 0.000000000000000000e+00 9.439313092973758423e-03 2.101050074191946615e-01 3.868009371629801962e-01 1.981739611615191965e-01 2.023056333318588029e-01 4.186282591044136470e-01 3.050898870968785648e-01
2.000000000000000000e+00 9.439313092973758423e-03 0.000000000000000000e+00 2.043252007704846884e-01 3.830430072935478436e-01 1.944135037093250307e-01 1.985436962398019478e-01 4.145901872330384763e-01 3.010584635224914374e-01
3.000000000000000000e+00 2.101050074191946615e-01 2.043252007704846884e-01 0.000000000000000000e+00 5.724955745774289451e-01 3.838752455341195580e-01 3.880099455926415697e-01 6.047778238046992438e-01 4.912287680501284948e-01
4.000000000000000000e+00 3.868009371629801962e-01 3.830430072935478436e-01 5.724955745774289451e-01 0.000000000000000000e+00 1.988030883591573872e-01 2.046470501015446031e-01 5.075619931823975861e-01 3.922399883257061681e-01
5.000000000000000000e+00 1.981739611615191965e-01 1.944135037093250307e-01 3.838752455341195580e-01 1.988030883591573872e-01 0.000000000000000000e+00 1.015047411905076191e-02 3.174154104219357175e-01 2.020530676707770201e-01
6.000000000000000000e+00 2.023056333318588029e-01 1.985436962398019478e-01 3.880099455926415697e-01 2.046470501015446031e-01 1.015047411905076191e-02 0.000000000000000000e+00 3.205835286721406274e-01 2.051919902439315324e-01
7.000000000000000000e+00 4.186282591044136470e-01 4.145901872330384763e-01 6.047778238046992438e-01 5.075619931823975861e-01 3.174154104219357175e-01 3.205835286721406274e-01 0.000000000000000000e+00 1.559564856435229907e-01
8.000000000000000000e+00 3.050898870968785648e-01 3.010584635224914374e-01 4.912287680501284948e-01 3.922399883257061681e-01 2.020530676707770201e-01 2.051919902439315324e-01 1.559564856435229907e-01 0.000000000000000000e+00
