0.000000000000000000e+00 1.000000000000000000e+00 2.000000000000000000e+00 3.000000000000000000e+00 4.000000000000000000e+00 5.000000000000000000e+00 6.000000000000000000e+00 7.000000000000000000e+00 8.000000000000000000e+00
1.000000000000000000e+00 0.000000000000000000e+00 2.711252916042660832e+00 3.534830954478103138e+00 2.330363464635023085e+00 2.362086853546961684e+00 2.398418452638970244e+00 5.728758017520543255e+00 6.112561369173251435e+00
2.000000000000000000e+00 2.711252916042660832e+00 0.000000000000000000e+00 4.645259242143266576e+00 3.944642210656581049e+00 3.976421818411638220e+00 4.012636493273121552e+00 7.339882297067277683e+00 7.724313213254914601e+00
3.000000000000000000e+00 3.534830954478103138e+00 4.645259242143266576e+00 0.000000000000000000e+00 4.336189919464273679e+00 4.368099904354713736e+00 4.404759614936151202e+00 7.738881439585310495e+00 8.121944241087156513e+00
4.000000000000000000e+00 2.330363464635023085e+00 3.944642210656581049e+00 4.336189919464273679e+00 0.000000000000000000e+00 5.094193618849223171e-01 6.675426686097551965e-01 4.350843700797464741e+00 4.701006033618588376e+00
5.000000000000000000e+00 2.362086853546961684e+00 3.976421818411638220e+00 4.368099904354713736e+00 5.094193618849223171e-01 0.000000000000000000e+00 5.886301861160996296e-01 4.353839961886003529e+00 4.699355330200203795e+00
6.000000000000000000e+00 2.398418452638970244e+00 4.012636493273121552e+00 4.404759614936151202e+00 6.675426686097551965e-01 5.886301861160996296e-01 0.000000000000000000e+00 4.331478677538210142e+00 4.669299290499830946e+00
7.000000000000000000e+00 5.728758017520543255e+00 7.339882297067277683e+00 7.738881439585310495e+00 4.350843700797464741e+00 4.353839961886003529e+00 4.331478677538210142e+00 0.000000000000000000e+00 6.453172055915528560e+00
8.000000000000000000e+00 6.112561369173251435e+00 7.724313213254914601e+00 8.121944241087156513e+00 4.701006033618588376e+00 4.699355330200203795e+00 4.669299290499830946e+00 6.453172055915528560e+00 0.000000000000000000e+00
