0.000000000000000000e+00 1.000000000000000000e+00 2.000000000000000000e+00 3.000000000000000000e+00 4.000000000000000000e+00 5.000000000000000000e+00 6.000000000000000000e+00 7.000000000000000000e+00 8.000000000000000000e+00
1.000000000000000000e+00 0.000000000000000000e+00 5.596289340147847513e-01 6.279866029075611422e-01 1.611249425412952130e+00 1.621154596392629266e+00 1.657922349985513577e+00 2.082957917165577211e+00 2.214864950770994767e+00
2.000000000000000000e+00 5.596289340147847513e-01 0.000000000000000000e+00 5.036957381244913101e-01 1.579030726707103094e+00 1.588959767896340303e+00 1.625097377982383406e+00 2.038858615482807668e+00 2.171518343435933751e+00
3.000000000000000000e+00 6.279866029075611422e-01 5.036957381244913101e-01 0.000000000000000000e+00 1.562004367038389185e+00 1.571940024078379405e+00 1.607921007647750145e+00 2.018877541618868232e+00 2.151724500940636275e+00
4.000000000000000000e+00 1.611249425412952130e+00 1.579030726707103094e+00 1.562004367038389185e+00 0.000000000000000000e+00 5.015837197090249333e-01 6.348337317765797572e-01 1.527599555412658017e+00 1.629676470034735480e+00
5.000000000000000000e+00 1.621154596392629266e+00 1.588959767896340303e+00 1.571940024078379405e+00 5.015837197090249333e-01 0.000000000000000000e+00 5.695284206259478843e-01 1.523058341685294970e+00 1.623523400632946423e+00
6.000000000000000000e+00 1.657922349985513577e+00 1.625097377982383406e+00 1.607921007647750145e+00 6.348337317765797572e-01 5.695284206259478843e-01 0.000000000000000000e+00 1.514813109116445400e+00 1.612146274584613792e+00
7.000000000000000000e+00 2.082957917165577211e+00 2.038858615482807668e+00 2.018877541618868232e+00 1.527599555412658017e+00 1.523058341685294970e+00 1.514813109116445400e+00 0.000000000000000000e+00 7.574551829924711654e-01
8.000000000000000000e+00 2.214864950770994767e+00 2.171518343435933751e+00 2.151724500940636275e+00 1.629676470034735480e+00 1.623523400632946423e+00 1.612146274584613792e+00 7.574551829924711654e-01 0.000000000000000000e+00
