0.000000000000000000e+00 1.000000000000000000e+00 2.000000000000000000e+00 3.000000000000000000e+00 4.000000000000000000e+00 5.000000000000000000e+00 6.000000000000000000e+00 7.000000000000000000e+00 8.000000000000000000e+00 9.000000000000000000e+00
1.000000000000000000e+00 0.000000000000000000e+00 5.529143826622165969e-01 6.123969028086690969e-01 1.213566353534070386e+00 1.232706962065901024e+00 1.267543598377994130e+00 1.552500606194582966e+00 1.624623092779503120e+00 1.183634370245315148e+00
2.000000000000000000e+00 5.529143826622165969e-01 0.000000000000000000e+00 5.014391428683391272e-01 1.183036561283691279e+00 1.202201534361873492e+00 1.236882538962535971e+00 1.520838171771172531e+00 1.593035244982885290e+00 1.153264192242804631e+00
3.000000000000000000e+00 6.123969028086690969e-01 5.014391428683391272e-01 0.000000000000000000e+00 1.154461485908859553e+00 1.173631697388374029e+00 1.208311659220761669e+00 1.492250749022502765e+00 1.564448852308852222e+00 1.124686587866333687e+00
4.000000000000000000e+00 1.213566353534070386e+00 1.183036561283691279e+00 1.154461485908859553e+00 0.000000000000000000e+00 5.000777109973064682e-01 6.265842873123534940e-01 1.052321923657968616e+00 1.116568139019036066e+00 5.479485211528858368e-01
5.000000000000000000e+00 1.232706962065901024e+00 1.202201534361873492e+00 1.173631697388374029e+00 5.000777109973064682e-01 0.000000000000000000e+00 5.663116458619885663e-01 1.049736603441833394e+00 1.112273758607271956e+00 6.129987113890182915e-01
6.000000000000000000e+00 1.267543598377994130e+00 1.236882538962535971e+00 1.208311659220761669e+00 6.265842873123534940e-01 5.663116458619885663e-01 0.000000000000000000e+00 1.032238947427728482e+00 1.091911949774115209e+00 6.901257030504239776e-01
7.000000000000000000e+00 1.552500606194582966e+00 1.520838171771172531e+00 1.492250749022502765e+00 1.052321923657968616e+00 1.049736603441833394e+00 1.032238947427728482e+00 0.000000000000000000e+00 7.319245666636662317e-01 1.072078058514709609e+00
8.000000000000000000e+00 1.624623092779503120e+00 1.593035244982885290e+00 1.564448852308852222e+00 1.116568139019036066e+00 1.112273758607271956e+00 1.091911949774115209e+00 7.319245666636662317e-01 0.000000000000000000e+00 1.138055129201979154e+00
9.000000000000000000e+00 1.183634370245315148e+00 1.153264192242804631e+00 1.124686587866333687e+00 5.479485211528858368e-01 6.129987113890182915e-01 6.901257030504239776e-01 1.072078058514709609e+00 1.138055129201979154e+00 0.000000000000000000e+00
