0.000000000000000000e+00 1.000000000000000000e+00 2.000000000000000000e+00 3.000000000000000000e+00 4.000000000000000000e+00 5.000000000000000000e+00 6.000000000000000000e+00 7.000000000000000000e+00 8.000000000000000000e+00
1.000000000000000000e+00 0.000000000000000000e+00 5.529143826733894374e-01 6.123969028083104948e-01 1.213566353532430142e+00 1.232706962066017153e+00 1.267543598375742597e+00 1.552500606194488375e+00 1.624623092647822675e+00
2.000000000000000000e+00 5.529143826733894374e-01 0.000000000000000000e+00 5.014391429653992649e-01 1.183036561029738643e+00 1.202201534095144853e+00 1.236882538762414274e+00 1.520838171676187178e+00 1.593035244722711630e+00
3.000000000000000000e+00 6.123969028083104948e-01 5.014391429653992649e-01 0.000000000000000000e+00 1.154461485695988721e+00 1.173631697160214538e+00 1.208311659088527446e+00 1.492250748975697983e+00 1.564448852100978504e+00
4.000000000000000000e+00 1.213566353532430142e+00 1.183036561029738643e+00 1.154461485695988721e+00 0.000000000000000000e+00 5.000777111161729405e-01 6.265842874404412566e-01 1.052321924736796310e+00 1.116568139523612002e+00
5.000000000000000000e+00 1.232706962066017153e+00 1.202201534095144853e+00 1.173631697160214538e+00 5.000777111161729405e-01 0.000000000000000000e+00 5.663116459653994017e-01 1.049736604565202791e+00 1.112273759122913264e+00
6.000000000000000000e+00 1.267543598375742597e+00 1.236882538762414274e+00 1.208311659088527446e+00 6.265842874404412566e-01 5.663116459653994017e-01 0.000000000000000000e+00 1.032238948609238038e+00 1.091911950343134263e+00
7.000000000000000000e+00 1.552500606194488375e+00 1.520838171676187178e+00 1.492250748975697983e+00 1.052321924736796310e+00 1.049736604565202791e+00 1.032238948609238038e+00 0.000000000000000000e+00 7.319245666424836205e-01
8.000000000000000000e+00 1.624623092647822675e+00 1.593035244722711630e+00 1.564448852100978504e+00 1.116568139523612002e+00 1.112273759122913264e+00 1.091911950343134263e+00 7.319245666424836205e-01 0.000000000000000000e+00
