0.000000000000000000e+00 1.000000000000000000e+00 2.000000000000000000e+00 3.000000000000000000e+00 4.000000000000000000e+00 5.000000000000000000e+00 6.000000000000000000e+00 7.000000000000000000e+00 8.000000000000000000e+00
1.000000000000000000e+00 0.000000000000000000e+00 5.528528487444177575e-01 6.123761286294608919e-01 1.213103821018620465e+00 1.232211114806541330e+00 1.267010169861588986e+00 1.551930804488736104e+00 1.624003765506592645e+00
2.000000000000000000e+00 5.528528487444177575e-01 0.000000000000000000e+00 5.014264444747811300e-01 1.182523194265853395e+00 1.201655136821106362e+00 1.236298856738699437e+00 1.520217564864621007e+00 1.592365228160133261e+00
3.000000000000000000e+00 6.123761286294608919e-01 5.014264444747811300e-01 0.000000000000000000e+00 1.153999982673018732e+00 1.173137235742175433e+00 1.207779751467426221e+00 1.491680542203773552e+00 1.563829338644985745e+00
4.000000000000000000e+00 1.213103821018620465e+00 1.182523194265853395e+00 1.153999982673018732e+00 0.000000000000000000e+00 5.000756970728528206e-01 6.265708704610906121e-01 1.052233294810426045e+00 1.116430761503317326e+00
5.000000000000000000e+00 1.232211114806541330e+00 1.201655136821106362e+00 1.173137235742175433e+00 5.000756970728528206e-01 0.000000000000000000e+00 5.663055189958916547e-01 1.049647884143273924e+00 1.112136425213862578e+00
6.000000000000000000e+00 1.267010169861588986e+00 1.236298856738699437e+00 1.207779751467426221e+00 6.265708704610906121e-01 5.663055189958916547e-01 0.000000000000000000e+00 1.032155006590034230e+00 1.091779602543567540e+00
7.000000000000000000e+00 1.551930804488736104e+00 1.520217564864621007e+00 1.491680542203773552e+00 1.052233294810426045e+00 1.049647884143273924e+00 1.032155006590034230e+00 0.000000000000000000e+00 7.319044187077998753e-01
8.000000000000000000e+00 1.624003765506592645e+00 1.592365228160133261e+00 1.563829338644985745e+00 1.116430761503317326e+00 1.112136425213862578e+00 1.091779602543567540e+00 7.319044187077998753e-01 0.000000000000000000e+00
