0.000000000000000000e+00 1.000000000000000000e+00 2.000000000000000000e+00 3.000000000000000000e+00 4.000000000000000000e+00 5.000000000000000000e+00 6.000000000000000000e+00 7.000000000000000000e+00 8.000000000000000000e+00 9.000000000000000000e+00
1.000000000000000000e+00 0.000000000000000000e+00 5.525851258260279231e-01 6.118393593487392312e-01 1.124949218957562280e+00 1.142793037214296925e+00 1.179183290032967513e+00 1.476307143843560432e+00 1.547383628971702896e+00 1.094362765338451338e+00
2.000000000000000000e+00 5.525851258260279231e-01 0.000000000000000000e+00 5.014070768128999767e-01 1.102906717540212966e+00 1.120811754561303664e+00 1.156971079118544576e+00 1.452562873364673379e+00 1.523752179630136760e+00 1.072537863987531148e+00
3.000000000000000000e+00 6.118393593487392312e-01 5.014070768128999767e-01 0.000000000000000000e+00 1.076262167964696648e+00 1.094178578978258320e+00 1.130321834758834409e+00 1.425792266451862744e+00 1.496990276658791474e+00 1.045903125862441607e+00
4.000000000000000000e+00 1.124949218957562280e+00 1.102906717540212966e+00 1.076262167964696648e+00 0.000000000000000000e+00 5.000632114899730141e-01 6.265487456370362196e-01 1.050893989114451088e+00 1.115125877079871985e+00 5.479103010623707082e-01
5.000000000000000000e+00 1.142793037214296925e+00 1.120811754561303664e+00 1.094178578978258320e+00 5.000632114899730141e-01 0.000000000000000000e+00 5.662869116571533912e-01 1.048214591970781928e+00 1.110744161274217268e+00 6.129288418426093177e-01
6.000000000000000000e+00 1.179183290032967513e+00 1.156971079118544576e+00 1.130321834758834409e+00 6.265487456370362196e-01 5.662869116571533912e-01 0.000000000000000000e+00 1.031016414684355897e+00 1.090662082707612557e+00 6.899843559565339568e-01
7.000000000000000000e+00 1.476307143843560432e+00 1.452562873364673379e+00 1.425792266451862744e+00 1.050893989114451088e+00 1.048214591970781928e+00 1.031016414684355897e+00 0.000000000000000000e+00 7.318577022253329734e-01 1.070369299049510614e+00
8.000000000000000000e+00 1.547383628971702896e+00 1.523752179630136760e+00 1.496990276658791474e+00 1.115125877079871985e+00 1.110744161274217268e+00 1.090662082707612557e+00 7.318577022253329734e-01 0.000000000000000000e+00 1.136341565702256640e+00
9.000000000000000000e+00 1.094362765338451338e+00 1.072537863987531148e+00 1.045903125862441607e+00 5.479103010623707082e-01 6.129288418426093177e-01 6.899843559565339568e-01 1.070369299049510614e+00 1.136341565702256640e+00 0.000000000000000000e+00
