0.000000000000000000e+00 1.000000000000000000e+00 2.000000000000000000e+00 3.000000000000000000e+00 4.000000000000000000e+00 5.000000000000000000e+00 6.000000000000000000e+00 7.000000000000000000e+00 8.000000000000000000e+00 9.000000000000000000e+00
1.000000000000000000e+00 0.000000000000000000e+00 5.514947439193821355e-01 6.096826332477751631e-01 6.898192290132904025e-01 6.903429914704130033e-01 6.914127114409600594e-01 1.155931978740363242e+00 1.182796279768228098e+00 6.899531791160787852e-01
2.000000000000000000e+00 5.514947439193821355e-01 0.000000000000000000e+00 5.012182724940987821e-01 6.749622268997520491e-01 6.754865031251747753e-01 6.765518478812388992e-01 1.140490283134171001e+00 1.167388928213469734e+00 6.750988135749435015e-01
3.000000000000000000e+00 6.096826332477751631e-01 5.012182724940987821e-01 0.000000000000000000e+00 6.505538802094085193e-01 6.510782846884189956e-01 6.521433219805916615e-01 1.116047340444029423e+00 1.142947554998441140e+00 6.506906032164391229e-01
4.000000000000000000e+00 6.898192290132904025e-01 6.749622268997520491e-01 6.505538802094085193e-01 0.000000000000000000e+00 5.216004263831175436e-03 7.654140914434059972e-03 5.443117724954338321e-01 5.679808127886836200e-01 6.263537493081616780e-03
5.000000000000000000e+00 6.903429914704130033e-01 6.754865031251747753e-01 6.510782846884189956e-01 5.216004263831175436e-03 0.000000000000000000e+00 6.380427484563688800e-03 5.444267553112420721e-01 5.680553946836843782e-01 7.679801790945184337e-03
6.000000000000000000e+00 6.914127114409600594e-01 6.765518478812388992e-01 6.521433219805916615e-01 7.654140914434059972e-03 6.380427484563688800e-03 0.000000000000000000e+00 5.445935090041638116e-01 5.681483244962979295e-01 9.941032285519457723e-03
7.000000000000000000e+00 1.155931978740363242e+00 1.140490283134171001e+00 1.116047340444029423e+00 5.443117724954338321e-01 5.444267553112420721e-01 5.445935090041638116e-01 0.000000000000000000e+00 6.946405988075914362e-01 5.451194295616731411e-01
8.000000000000000000e+00 1.182796279768228098e+00 1.167388928213469734e+00 1.142947554998441140e+00 5.679808127886836200e-01 5.680553946836843782e-01 5.681483244962979295e-01 6.946405988075914362e-01 0.000000000000000000e+00 5.688378459577215773e-01
9.000000000000000000e+00 6.899531791160787852e-01 6.750988135749435015e-01 6.506906032164391229e-01 6.263537493081616780e-03 7.679801790945184337e-03 9.941032285519457723e-03 5.451194295616731411e-01 5.688378459577215773e-01 0.000000000000000000e+00
