0.000000000000000000e+00 1.000000000000000000e+00 2.000000000000000000e+00 3.000000000000000000e+00 4.000000000000000000e+00 5.000000000000000000e+00 6.000000000000000000e+00 7.000000000000000000e+00 8.000000000000000000e+00 9.000000000000000000e+00
1.000000000000000000e+00 0.000000000000000000e+00 4.295251390383893475e-01 4.993807485400194035e-01 9.333448686087474355e-01 9.481293958166261415e-01 9.710881789617588078e-01 1.170773843835671624e+00 1.234932164301573376e+00 9.052932551861492261e-01
2.000000000000000000e+00 4.295251390383893475e-01 0.000000000000000000e+00 4.878333730125024581e-01 9.907227760649500725e-01 1.005529007750768811e+00 1.028367335282565964e+00 1.227315466160741497e+00 1.291548506807015162e+00 9.627822945043327252e-01
3.000000000000000000e+00 4.993807485400194035e-01 4.878333730125024581e-01 0.000000000000000000e+00 9.864444756847917661e-01 1.001257851266940779e+00 1.024128758523351834e+00 1.223249785779290999e+00 1.287465053456358977e+00 9.584629979193257654e-01
4.000000000000000000e+00 9.333448686087474355e-01 9.907227760649500725e-01 9.864444756847917661e-01 0.000000000000000000e+00 4.985367813074959020e-01 6.152722837716789739e-01 9.283713783287281807e-01 9.852050600250237267e-01 5.446846621912622144e-01
5.000000000000000000e+00 9.481293958166261415e-01 1.005529007750768811e+00 1.001257851266940779e+00 4.985367813074959020e-01 0.000000000000000000e+00 5.607525844099717771e-01 9.258287723529456947e-01 9.809246156923321358e-01 6.055992116284720783e-01
6.000000000000000000e+00 9.710881789617588078e-01 1.028367335282565964e+00 1.024128758523351834e+00 6.152722837716789739e-01 5.607525844099717771e-01 0.000000000000000000e+00 9.072971964835092606e-01 9.596015259346946102e-01 6.697177628590929022e-01
7.000000000000000000e+00 1.170773843835671624e+00 1.227315466160741497e+00 1.223249785779290999e+00 9.283713783287281807e-01 9.258287723529456947e-01 9.072971964835092606e-01 0.000000000000000000e+00 7.066815762840110704e-01 9.420390161682832275e-01
8.000000000000000000e+00 1.234932164301573376e+00 1.291548506807015162e+00 1.287465053456358977e+00 9.852050600250237267e-01 9.809246156923321358e-01 9.596015259346946102e-01 7.066815762840110704e-01 0.000000000000000000e+00 1.000649297000458793e+00
9.000000000000000000e+00 9.052932551861492261e-01 9.627822945043327252e-01 9.584629979193257654e-01 5.446846621912622144e-01 6.055992116284720783e-01 6.697177628590929022e-01 9.420390161682832275e-01 1.000649297000458793e+00 0.000000000000000000e+00
