0.000000000000000000e+00 1.000000000000000000e+00 2.000000000000000000e+00 3.000000000000000000e+00 4.000000000000000000e+00 5.000000000000000000e+00 6.000000000000000000e+00 7.000000000000000000e+00 8.000000000000000000e+00
1.000000000000000000e+00 0.000000000000000000e+00 5.533737887157577084e-01 6.129068242938165989e-01 1.214275069491113745e+00 1.233223352388652438e+00 1.267883188294751218e+00 1.554902072296292292e+00 1.627371552255654885e+00
2.000000000000000000e+00 5.533737887157577084e-01 0.000000000000000000e+00 5.015148652054240985e-01 1.183529367708094471e+00 1.202505021266995433e+00 1.237010937960137280e+00 1.523023005940623342e+00 1.595567820287840499e+00
3.000000000000000000e+00 6.129068242938165989e-01 5.015148652054240985e-01 0.000000000000000000e+00 1.154545560580594321e+00 1.173526665799161650e+00 1.208030856503781614e+00 1.494020742754014641e+00 1.566567044769890282e+00
4.000000000000000000e+00 1.214275069491113745e+00 1.183529367708094471e+00 1.154545560580594321e+00 0.000000000000000000e+00 5.000612115945546332e-01 6.264776731653105557e-01 1.053037166600506058e+00 1.117740822745272089e+00
5.000000000000000000e+00 1.233223352388652438e+00 1.202505021266995433e+00 1.173526665799161650e+00 5.000612115945546332e-01 0.000000000000000000e+00 5.662629590208227981e-01 1.050383675417718266e+00 1.113385595022470698e+00
6.000000000000000000e+00 1.267883188294751218e+00 1.237010937960137280e+00 1.208030856503781614e+00 6.264776731653105557e-01 5.662629590208227981e-01 0.000000000000000000e+00 1.032848716694675595e+00 1.093008902078313804e+00
7.000000000000000000e+00 1.554902072296292292e+00 1.523023005940623342e+00 1.494020742754014641e+00 1.053037166600506058e+00 1.050383675417718266e+00 1.032848716694675595e+00 0.000000000000000000e+00 7.325278216932769038e-01
8.000000000000000000e+00 1.627371552255654885e+00 1.595567820287840499e+00 1.566567044769890282e+00 1.117740822745272089e+00 1.113385595022470698e+00 1.093008902078313804e+00 7.325278216932769038e-01 0.000000000000000000e+00
