0.000000000000000000e+00 1.000000000000000000e+00 2.000000000000000000e+00 3.000000000000000000e+00 4.000000000000000000e+00 5.000000000000000000e+00 6.000000000000000000e+00 7.000000000000000000e+00 8.000000000000000000e+00
1.000000000000000000e+00 0.000000000000000000e+00 5.532306501213822836e-01 6.125988262586673505e-01 1.159815250346550641e+00 1.173731098519361415e+00 1.214464475960068013e+00 1.466093423559203357e+00 1.539125533317144523e+00
2.000000000000000000e+00 5.532306501213822836e-01 0.000000000000000000e+00 5.014831335394279721e-01 1.129903157671993785e+00 1.143837428005558321e+00 1.184378239970978575e+00 1.434968118624589506e+00 1.508071061291980985e+00
3.000000000000000000e+00 6.125988262586673505e-01 5.014831335394279721e-01 0.000000000000000000e+00 1.101219594852216321e+00 1.115157800604937188e+00 1.155692842522531238e+00 1.406249607656027800e+00 1.479354591109350192e+00
4.000000000000000000e+00 1.159815250346550641e+00 1.129903157671993785e+00 1.101219594852216321e+00 0.000000000000000000e+00 4.976586903089768033e-01 6.217131783230860353e-01 9.977023548167245348e-01 1.064142137562847257e+00
5.000000000000000000e+00 1.173731098519361415e+00 1.143837428005558321e+00 1.115157800604937188e+00 4.976586903089768033e-01 0.000000000000000000e+00 5.646714113473179086e-01 9.949927247624013038e-01 1.059977266104237259e+00
6.000000000000000000e+00 1.214464475960068013e+00 1.184378239970978575e+00 1.155692842522531238e+00 6.217131783230860353e-01 5.646714113473179086e-01 0.000000000000000000e+00 9.835925433548629027e-01 1.045598936288632430e+00
7.000000000000000000e+00 1.466093423559203357e+00 1.434968118624589506e+00 1.406249607656027800e+00 9.977023548167245348e-01 9.949927247624013038e-01 9.835925433548629027e-01 0.000000000000000000e+00 7.295861425420726576e-01
8.000000000000000000e+00 1.539125533317144523e+00 1.508071061291980985e+00 1.479354591109350192e+00 1.064142137562847257e+00 1.059977266104237259e+00 1.045598936288632430e+00 7.295861425420726576e-01 0.000000000000000000e+00
