0.000000000000000000e+00 1.000000000000000000e+00 2.000000000000000000e+00 3.000000000000000000e+00 4.000000000000000000e+00 5.000000000000000000e+00 6.000000000000000000e+00 7.000000000000000000e+00 8.000000000000000000e+00 9.000000000000000000e+00
1.000000000000000000e+00 0.000000000000000000e+00 2.296861991939965542e+00 1.569144317377747955e+00 2.458224462830616908e+00 3.345713826800575053e+00 3.061768873333394758e+00 2.992808833824273318e+00 3.544646996993086052e+00 2.328444301014464202e+00
2.000000000000000000e+00 2.296861991939965542e+00 0.000000000000000000e+00 1.498766355010913598e+00 2.499341432875969993e+00 3.386716219292011498e+00 3.102001721146661062e+00 3.030997304686206650e+00 3.582970971848044694e+00 2.369787728992455378e+00
3.000000000000000000e+00 1.569144317377747955e+00 1.498766355010913598e+00 0.000000000000000000e+00 1.595177715633039561e+00 2.482577359261636918e+00 2.197981351920619275e+00 2.127292020891674351e+00 2.679243942047151439e+00 1.465581747006329039e+00
4.000000000000000000e+00 2.458224462830616908e+00 2.499341432875969993e+00 1.595177715633039561e+00 0.000000000000000000e+00 1.492091214422798462e+00 1.511467468366608280e+00 1.658127539789114646e+00 2.200135449532353515e+00 6.773741401379416160e-01
5.000000000000000000e+00 3.345713826800575053e+00 3.386716219292011498e+00 2.482577359261636918e+00 1.492091214422798462e+00 0.000000000000000000e+00 2.223177030926927422e+00 2.497178479763768610e+00 3.036759382815220842e+00 1.650959601317464998e+00
6.000000000000000000e+00 3.061768873333394758e+00 3.102001721146661062e+00 2.197981351920619275e+00 1.511467468366608280e+00 2.223177030926927422e+00 0.000000000000000000e+00 2.056441967801569515e+00 2.590070001662029053e+00 1.509708341800594322e+00
7.000000000000000000e+00 2.992808833824273318e+00 3.030997304686206650e+00 2.127292020891674351e+00 1.658127539789114646e+00 2.497178479763768610e+00 2.056441967801569515e+00 0.000000000000000000e+00 1.509069090417683778e+00 1.586487443889747606e+00
8.000000000000000000e+00 3.544646996993086052e+00 3.582970971848044694e+00 2.679243942047151439e+00 2.200135449532353515e+00 3.036759382815220842e+00 2.590070001662029053e+00 1.509069090417683778e+00 0.000000000000000000e+00 2.130335041030512855e+00
9.000000000000000000e+00 2.328444301014464202e+00 2.369787728992455378e+00 1.465581747006329039e+00 6.773741401379416160e-01 1.650959601317464998e+00 1.509708341800594322e+00 1.586487443889747606e+00 2.130335041030512855e+00 0.000000000000000000e+00
