0.000000000000000000e+00 1.000000000000000000e+00 2.000000000000000000e+00 3.000000000000000000e+00 4.000000000000000000e+00 5.000000000000000000e+00 6.000000000000000000e+00 7.000000000000000000e+00 8.000000000000000000e+00
1.000000000000000000e+00 0.000000000000000000e+00 3.650406240162099580e-01 3.894034617885563931e-01 9.770594249744336546e-01 9.924837789512017672e-01 1.021844522252921772e+00 1.085615043247627032e+00 1.133607200789322311e+00
2.000000000000000000e+00 3.650406240162099580e-01 0.000000000000000000e+00 2.576580455108825052e-01 8.886617314943520141e-01 9.041027139617390240e-01 9.333140022607329112e-01 9.961946617455565978e-01 1.044237725567674913e+00
3.000000000000000000e+00 3.894034617885563931e-01 2.576580455108825052e-01 0.000000000000000000e+00 8.610370664545278219e-01 8.764818040163468993e-01 9.056715625681115434e-01 9.684218309010410586e-01 1.016472290596703631e+00
4.000000000000000000e+00 9.770594249744336546e-01 8.886617314943520141e-01 8.610370664545278219e-01 0.000000000000000000e+00 4.968800195682350207e-01 6.127729167437572233e-01 7.976951976287862678e-01 8.400742709580033551e-01
5.000000000000000000e+00 9.924837789512017672e-01 9.041027139617390240e-01 8.764818040163468993e-01 4.968800195682350207e-01 0.000000000000000000e+00 5.590579212067410264e-01 7.963655968491032411e-01 8.376025198253971293e-01
6.000000000000000000e+00 1.021844522252921772e+00 9.333140022607329112e-01 9.056715625681115434e-01 6.127729167437572233e-01 5.590579212067410264e-01 0.000000000000000000e+00 7.835759149840573201e-01 8.228711656976741562e-01
7.000000000000000000e+00 1.085615043247627032e+00 9.961946617455565978e-01 9.684218309010410586e-01 7.976951976287862678e-01 7.963655968491032411e-01 7.835759149840573201e-01 0.000000000000000000e+00 3.847352613306365132e-01
8.000000000000000000e+00 1.133607200789322311e+00 1.044237725567674913e+00 1.016472290596703631e+00 8.400742709580033551e-01 8.376025198253971293e-01 8.228711656976741562e-01 3.847352613306365132e-01 0.000000000000000000e+00
