0.000000000000000000e+00 1.000000000000000000e+00 2.000000000000000000e+00 3.000000000000000000e+00 4.000000000000000000e+00 5.000000000000000000e+00 6.000000000000000000e+00 7.000000000000000000e+00 8.000000000000000000e+00
1.000000000000000000e+00 0.000000000000000000e+00 5.533257795971272541e-01 6.128025229770158733e-01 1.196234480054677141e+00 1.214289596906680702e+00 1.251424151596031820e+00 1.526762196467925214e+00 1.599414128340290953e+00
2.000000000000000000e+00 5.533257795971272541e-01 0.000000000000000000e+00 5.015038470901144185e-01 1.165780824046994679e+00 1.183858100743937714e+00 1.220824812760669786e+00 1.495161885438637039e+00 1.567885874041992755e+00
3.000000000000000000e+00 6.128025229770158733e-01 5.015038470901144185e-01 0.000000000000000000e+00 1.136895656850105185e+00 1.154977762540444042e+00 1.191941372300653335e+00 1.466252965002911246e+00 1.538978609598518288e+00
4.000000000000000000e+00 1.196234480054677141e+00 1.165780824046994679e+00 1.136895656850105185e+00 0.000000000000000000e+00 4.992100736009750239e-01 6.245134726124330626e-01 1.033600013191996680e+00 1.098974973786797760e+00
5.000000000000000000e+00 1.214289596906680702e+00 1.183858100743937714e+00 1.154977762540444042e+00 4.992100736009750239e-01 0.000000000000000000e+00 5.656050025105736623e-01 1.031308610752391441e+00 1.095065940588424214e+00
6.000000000000000000e+00 1.251424151596031820e+00 1.220824812760669786e+00 1.191941372300653335e+00 6.245134726124330626e-01 5.656050025105736623e-01 0.000000000000000000e+00 1.015762014737297214e+00 1.076660935532543162e+00
7.000000000000000000e+00 1.526762196467925214e+00 1.495161885438637039e+00 1.466252965002911246e+00 1.033600013191996680e+00 1.031308610752391441e+00 1.015762014737297214e+00 0.000000000000000000e+00 7.315482880407924160e-01
8.000000000000000000e+00 1.599414128340290953e+00 1.567885874041992755e+00 1.538978609598518288e+00 1.098974973786797760e+00 1.095065940588424214e+00 1.076660935532543162e+00 7.315482880407924160e-01 0.000000000000000000e+00
