0.000000000000000000e+00 1.000000000000000000e+00 2.000000000000000000e+00 3.000000000000000000e+00 4.000000000000000000e+00 5.000000000000000000e+00 6.000000000000000000e+00 7.000000000000000000e+00 8.000000000000000000e+00
1.000000000000000000e+00 0.000000000000000000e+00 8.027024564929924333e-02 2.764298821471721235e-01 5.981754925187656724e-01 4.351823270847506864e-01 4.600282529186011660e-01 7.333906936574332569e-01 6.505473105746052420e-01
2.000000000000000000e+00 8.027024564929924333e-02 0.000000000000000000e+00 2.364742720575113699e-01 5.812214449296631003e-01 4.182405583908096469e-01 4.430667433893836771e-01 7.158201844509142209e-01 6.330149239176060538e-01
3.000000000000000000e+00 2.764298821471721235e-01 2.364742720575113699e-01 0.000000000000000000e+00 7.460681586583497449e-01 5.830907136507194055e-01 6.079229947846899185e-01 8.808260661588995788e-01 7.980112990064903711e-01
4.000000000000000000e+00 5.981754925187656724e-01 5.812214449296631003e-01 7.460681586583497449e-01 0.000000000000000000e+00 2.377347766655855121e-01 2.762539102574442795e-01 6.378171898959958952e-01 5.503759034459699828e-01
5.000000000000000000e+00 4.351823270847506864e-01 4.182405583908096469e-01 5.830907136507194055e-01 2.377347766655855121e-01 0.000000000000000000e+00 8.475858100741062717e-02 4.674634622559297181e-01 3.794724143395330485e-01
6.000000000000000000e+00 4.600282529186011660e-01 4.430667433893836771e-01 6.079229947846899185e-01 2.762539102574442795e-01 8.475858100741062717e-02 0.000000000000000000e+00 4.838909598789182809e-01 3.953699836874656759e-01
7.000000000000000000e+00 7.333906936574332569e-01 7.158201844509142209e-01 8.808260661588995788e-01 6.378171898959958952e-01 4.674634622559297181e-01 4.838909598789182809e-01 0.000000000000000000e+00 2.932340515548398363e-01
8.000000000000000000e+00 6.505473105746052420e-01 6.330149239176060538e-01 7.980112990064903711e-01 5.503759034459699828e-01 3.794724143395330485e-01 3.953699836874656759e-01 2.932340515548398363e-01 0.000000000000000000e+00
