0.000000000000000000e+00 1.000000000000000000e+00 2.000000000000000000e+00 3.000000000000000000e+00 4.000000000000000000e+00 5.000000000000000000e+00 6.000000000000000000e+00 7.000000000000000000e+00 8.000000000000000000e+00
1.000000000000000000e+00 0.000000000000000000e+00 5.533737883116047751e-01 6.129068242120202514e-01 1.214275069490852177e+00 1.233223352382322169e+00 1.267883188287624918e+00 1.554902072294411131e+00 1.627371552255086895e+00
2.000000000000000000e+00 5.533737883116047751e-01 0.000000000000000000e+00 5.015148647357091649e-01 1.183529367285734102e+00 1.202505020835445748e+00 1.237010937520849119e+00 1.523023005510267591e+00 1.595567819852448332e+00
3.000000000000000000e+00 6.129068242120202514e-01 5.015148647357091649e-01 0.000000000000000000e+00 1.154545560466903931e+00 1.173526665682320669e+00 1.208030856387257490e+00 1.494020742644771360e+00 1.566567044662984243e+00
4.000000000000000000e+00 1.214275069490852177e+00 1.183529367285734102e+00 1.154545560466903931e+00 0.000000000000000000e+00 5.000612116020326514e-01 6.264776731952415023e-01 1.053037166610752084e+00 1.117740822790537658e+00
5.000000000000000000e+00 1.233223352382322169e+00 1.202505020835445748e+00 1.173526665682320669e+00 5.000612116020326514e-01 0.000000000000000000e+00 5.662629590261119006e-01 1.050383675418058882e+00 1.113385595056574529e+00
6.000000000000000000e+00 1.267883188287624918e+00 1.237010937520849119e+00 1.208030856387257490e+00 6.264776731952415023e-01 5.662629590261119006e-01 0.000000000000000000e+00 1.032848716677142065e+00 1.093008902098127288e+00
7.000000000000000000e+00 1.554902072294411131e+00 1.523023005510267591e+00 1.494020742644771360e+00 1.053037166610752084e+00 1.050383675418058882e+00 1.032848716677142065e+00 0.000000000000000000e+00 7.325278217201558473e-01
8.000000000000000000e+00 1.627371552255086895e+00 1.595567819852448332e+00 1.566567044662984243e+00 1.117740822790537658e+00 1.113385595056574529e+00 1.093008902098127288e+00 7.325278217201558473e-01 0.000000000000000000e+00
