0.000000000000000000e+00 1.000000000000000000e+00 2.000000000000000000e+00 3.000000000000000000e+00 4.000000000000000000e+00 5.000000000000000000e+00 6.000000000000000000e+00 7.000000000000000000e+00 8.000000000000000000e+00
1.000000000000000000e+00 0.000000000000000000e+00 5.378878723683520047e-01 5.724916591628810281e-01 9.935210477879815594e-01 1.013719673816842803e+00 1.089003651284302432e+00 1.390956701262270334e+00 1.465761637604083623e+00
2.000000000000000000e+00 5.378878723683520047e-01 0.000000000000000000e+00 4.915832697506401505e-01 9.737541836231023984e-01 9.939524473120218140e-01 1.069018191562218334e+00 1.369928686918137517e+00 1.444809716190629922e+00
3.000000000000000000e+00 5.724916591628810281e-01 4.915832697506401505e-01 0.000000000000000000e+00 9.460438383275752150e-01 9.662454334609513751e-01 1.041394546276607880e+00 1.342691015587981207e+00 1.417543607406435813e+00
4.000000000000000000e+00 9.935210477879815594e-01 9.737541836231023984e-01 9.460438383275752150e-01 0.000000000000000000e+00 4.774066506535783461e-01 5.914684022924583395e-01 9.801259225829663801e-01 1.049440238154827787e+00
5.000000000000000000e+00 1.013719673816842803e+00 9.939524473120218140e-01 9.662454334609513751e-01 4.774066506535783461e-01 0.000000000000000000e+00 5.500467026886441957e-01 9.866320334019771376e-01 1.054782114977802943e+00
6.000000000000000000e+00 1.089003651284302432e+00 1.069018191562218334e+00 1.041394546276607880e+00 5.914684022924583395e-01 5.500467026886441957e-01 0.000000000000000000e+00 1.000166130839782452e+00 1.065209834628382035e+00
7.000000000000000000e+00 1.390956701262270334e+00 1.369928686918137517e+00 1.342691015587981207e+00 9.801259225829663801e-01 9.866320334019771376e-01 1.000166130839782452e+00 0.000000000000000000e+00 7.221109484623184915e-01
8.000000000000000000e+00 1.465761637604083623e+00 1.444809716190629922e+00 1.417543607406435813e+00 1.049440238154827787e+00 1.054782114977802943e+00 1.065209834628382035e+00 7.221109484623184915e-01 0.000000000000000000e+00
