0.000000000000000000e+00 1.000000000000000000e+00 2.000000000000000000e+00 3.000000000000000000e+00 4.000000000000000000e+00 5.000000000000000000e+00 6.000000000000000000e+00 7.000000000000000000e+00 8.000000000000000000e+00 9.000000000000000000e+00
1.000000000000000000e+00 0.000000000000000000e+00 5.532306501267126864e-01 6.125988262582566790e-01 1.159815250311355017e+00 1.173731098514694704e+00 1.214464475937140797e+00 1.466093423564017284e+00 1.539125533310248928e+00 1.124238498375816686e+00
2.000000000000000000e+00 5.532306501267126864e-01 0.000000000000000000e+00 5.014831337821381574e-01 1.129903158015868270e+00 1.143837428500895648e+00 1.184378240461593457e+00 1.434968119350339189e+00 1.508071062109940241e+00 1.094515065102922069e+00
3.000000000000000000e+00 6.125988262582566790e-01 5.014831337821381574e-01 0.000000000000000000e+00 1.101219594836307047e+00 1.115157800698240109e+00 1.155692842646287577e+00 1.406249607876493224e+00 1.479354591390793727e+00 1.065836376254615026e+00
4.000000000000000000e+00 1.159815250311355017e+00 1.129903158015868270e+00 1.101219594836307047e+00 0.000000000000000000e+00 4.976586905646764869e-01 6.217131782740445978e-01 9.977023557511517371e-01 1.064142138301424678e+00 5.371361911197700678e-01
5.000000000000000000e+00 1.173731098514694704e+00 1.143837428500895648e+00 1.115157800698240109e+00 4.976586905646764869e-01 0.000000000000000000e+00 5.646714115200652806e-01 9.949927256666628583e-01 1.059977266765111947e+00 5.906923760843683091e-01
6.000000000000000000e+00 1.214464475937140797e+00 1.184378240461593457e+00 1.155692842646287577e+00 6.217131782740445978e-01 5.646714115200652806e-01 0.000000000000000000e+00 9.835925443532007595e-01 1.045598936982335969e+00 6.648063281727014662e-01
7.000000000000000000e+00 1.466093423564017284e+00 1.434968119350339189e+00 1.406249607876493224e+00 9.977023557511517371e-01 9.949927256666628583e-01 9.835925443532007595e-01 0.000000000000000000e+00 7.295861423451135419e-01 1.003288242945799436e+00
8.000000000000000000e+00 1.539125533310248928e+00 1.508071062109940241e+00 1.479354591390793727e+00 1.064142138301424678e+00 1.059977266765111947e+00 1.045598936982335969e+00 7.295861423451135419e-01 0.000000000000000000e+00 1.071026605200095183e+00
9.000000000000000000e+00 1.124238498375816686e+00 1.094515065102922069e+00 1.065836376254615026e+00 5.371361911197700678e-01 5.906923760843683091e-01 6.648063281727014662e-01 1.003288242945799436e+00 1.071026605200095183e+00 0.000000000000000000e+00
