0.000000000000000000e+00 1.000000000000000000e+00 2.000000000000000000e+00 3.000000000000000000e+00 4.000000000000000000e+00 5.000000000000000000e+00 6.000000000000000000e+00 7.000000000000000000e+00 8.000000000000000000e+00
1.000000000000000000e+00 0.000000000000000000e+00 5.535332771912883087e-01 6.132590803777356880e-01 1.255543042607351278e+00 1.272439381044767837e+00 1.300093180740130805e+00 1.612966392435313701e+00 1.685478136161979723e+00
2.000000000000000000e+00 5.535332771912883087e-01 0.000000000000000000e+00 5.015534378205114274e-01 1.223785357619804781e+00 1.240733802433849009e+00 1.268272259696265447e+00 1.580051903860969276e+00 1.652653840215316361e+00
3.000000000000000000e+00 6.132590803777356880e-01 5.015534378205114274e-01 0.000000000000000000e+00 1.194474324211880933e+00 1.211430176724105801e+00 1.238970824693198303e+00 1.550738846810283622e+00 1.623341574522239927e+00
4.000000000000000000e+00 1.255543042607351278e+00 1.223785357619804781e+00 1.194474324211880933e+00 0.000000000000000000e+00 5.018645503568237576e-01 6.319271669362129806e-01 1.099551876061925171e+00 1.162897220917894270e+00
5.000000000000000000e+00 1.272439381044767837e+00 1.240733802433849009e+00 1.211430176724105801e+00 5.018645503568237576e-01 0.000000000000000000e+00 5.681061825187876391e-01 1.094614124178266756e+00 1.156095657742659100e+00
6.000000000000000000e+00 1.300093180740130805e+00 1.268272259696265447e+00 1.238970824693198303e+00 6.319271669362129806e-01 5.681061825187876391e-01 0.000000000000000000e+00 1.073085711474879300e+00 1.131689508965207924e+00
7.000000000000000000e+00 1.612966392435313701e+00 1.580051903860969276e+00 1.550738846810283622e+00 1.099551876061925171e+00 1.094614124178266756e+00 1.073085711474879300e+00 0.000000000000000000e+00 7.345659291097210719e-01
8.000000000000000000e+00 1.685478136161979723e+00 1.652653840215316361e+00 1.623341574522239927e+00 1.162897220917894270e+00 1.156095657742659100e+00 1.131689508965207924e+00 7.345659291097210719e-01 0.000000000000000000e+00
