0.000000000000000000e+00 1.000000000000000000e+00 2.000000000000000000e+00 3.000000000000000000e+00 4.000000000000000000e+00 5.000000000000000000e+00 6.000000000000000000e+00 7.000000000000000000e+00 8.000000000000000000e+00 9.000000000000000000e+00
1.000000000000000000e+00 0.000000000000000000e+00 5.533744215028996161e-01 6.129075444129419292e-01 1.218522635702531387e+00 1.239274193802821333e+00 1.277906366958552642e+00 1.565799321866885530e+00 1.639800212766574949e+00 1.187054894742169298e+00
2.000000000000000000e+00 5.533744215028996161e-01 0.000000000000000000e+00 5.015148667710971342e-01 1.187684554675729531e+00 1.208448241963022696e+00 1.246892408976863820e+00 1.533775205923893603e+00 1.607844848327604437e+00 1.156398381684162979e+00
3.000000000000000000e+00 6.129075444129419292e-01 5.015148667710971342e-01 0.000000000000000000e+00 1.158694386237964169e+00 1.179462622364993329e+00 1.217903500675363571e+00 1.504764818157672712e+00 1.578835639339180696e+00 1.127407718787404312e+00
4.000000000000000000e+00 1.218522635702531387e+00 1.187684554675729531e+00 1.158694386237964169e+00 0.000000000000000000e+00 5.002759189600722856e-01 6.285569056608815153e-01 1.059380658932717489e+00 1.125387740372262302e+00 5.483280049354424257e-01
5.000000000000000000e+00 1.239274193802821333e+00 1.208448241963022696e+00 1.179462622364993329e+00 5.002759189600722856e-01 0.000000000000000000e+00 5.674650279776489725e-01 1.056882491884382658e+00 1.121151872997891763e+00 6.140820294482920438e-01
6.000000000000000000e+00 1.277906366958552642e+00 1.246892408976863820e+00 1.217903500675363571e+00 6.285569056608815153e-01 5.674650279776489725e-01 0.000000000000000000e+00 1.037606425144344646e+00 1.098744090977429311e+00 6.941166474042603785e-01
7.000000000000000000e+00 1.565799321866885530e+00 1.533775205923893603e+00 1.504764818157672712e+00 1.059380658932717489e+00 1.056882491884382658e+00 1.037606425144344646e+00 0.000000000000000000e+00 7.326499422236667503e-01 1.080797731805192230e+00
8.000000000000000000e+00 1.639800212766574949e+00 1.607844848327604437e+00 1.578835639339180696e+00 1.125387740372262302e+00 1.121151872997891763e+00 1.098744090977429311e+00 7.326499422236667503e-01 0.000000000000000000e+00 1.148655007108971171e+00
9.000000000000000000e+00 1.187054894742169298e+00 1.156398381684162979e+00 1.127407718787404312e+00 5.483280049354424257e-01 6.140820294482920438e-01 6.941166474042603785e-01 1.080797731805192230e+00 1.148655007108971171e+00 0.000000000000000000e+00
