0.000000000000000000e+00 1.000000000000000000e+00 2.000000000000000000e+00 3.000000000000000000e+00 4.000000000000000000e+00 5.000000000000000000e+00 6.000000000000000000e+00 7.000000000000000000e+00 8.000000000000000000e+00 9.000000000000000000e+00
1.000000000000000000e+00 0.000000000000000000e+00 5.378878723685743823e-01 5.724916591624524820e-01 9.935210478119017585e-01 1.013719673825140610e+00 1.089003651265103123e+00 1.390956700864220297e+00 1.465761641919600233e+00 9.973153560769576487e-01
2.000000000000000000e+00 5.378878723685743823e-01 0.000000000000000000e+00 4.915832695007158470e-01 9.737541842093141442e-01 9.939524477137133829e-01 1.069018191824038677e+00 1.369928686290733166e+00 1.444809725261399169e+00 9.776090103076153781e-01
3.000000000000000000e+00 5.724916591624524820e-01 4.915832695007158470e-01 0.000000000000000000e+00 9.460438384927808420e-01 9.662454334506260789e-01 1.041394546067486715e+00 1.342691014838342189e+00 1.417543616303341469e+00 9.498748731063784145e-01
4.000000000000000000e+00 9.935210478119017585e-01 9.737541842093141442e-01 9.460438384927808420e-01 0.000000000000000000e+00 4.774066507038872142e-01 5.914684023499834353e-01 9.801259219017637303e-01 1.049440247455813768e+00 4.864148119393851832e-01
5.000000000000000000e+00 1.013719673825140610e+00 9.939524477137133829e-01 9.662454334506260789e-01 4.774066507038872142e-01 0.000000000000000000e+00 5.500467027484001736e-01 9.866320327121351763e-01 1.054782124275400523e+00 5.287645483468883523e-01
6.000000000000000000e+00 1.089003651265103123e+00 1.069018191824038677e+00 1.041394546067486715e+00 5.914684023499834353e-01 5.500467027484001736e-01 0.000000000000000000e+00 1.000166130062130732e+00 1.065209843814014068e+00 6.268688268086661797e-01
7.000000000000000000e+00 1.390956700864220297e+00 1.369928686290733166e+00 1.342691014838342189e+00 9.801259219017637303e-01 9.866320327121351763e-01 1.000166130062130732e+00 0.000000000000000000e+00 7.221109572102091256e-01 9.999435492048149854e-01
8.000000000000000000e+00 1.465761641919600233e+00 1.444809725261399169e+00 1.417543616303341469e+00 1.049440247455813768e+00 1.054782124275400523e+00 1.065209843814014068e+00 7.221109572102091256e-01 0.000000000000000000e+00 1.069769842890111011e+00
9.000000000000000000e+00 9.973153560769576487e-01 9.776090103076153781e-01 9.498748731063784145e-01 4.864148119393851832e-01 5.287645483468883523e-01 6.268688268086661797e-01 9.999435492048149854e-01 1.069769842890111011e+00 0.000000000000000000e+00
