0.000000000000000000e+00 1.000000000000000000e+00 2.000000000000000000e+00 3.000000000000000000e+00 4.000000000000000000e+00 5.000000000000000000e+00 6.000000000000000000e+00 7.000000000000000000e+00 8.000000000000000000e+00
1.000000000000000000e+00 0.000000000000000000e+00 5.533737885448072324e-01 6.129068243090167734e-01 1.214275069498993220e+00 1.233223352385796945e+00 1.267883188293019492e+00 1.554902072291130866e+00 1.627371552254085030e+00
2.000000000000000000e+00 5.533737885448072324e-01 0.000000000000000000e+00 5.015148653524339473e-01 1.183529367340586669e+00 1.202505020844877537e+00 1.237010937536198396e+00 1.523023005450996559e+00 1.595567819750259853e+00
3.000000000000000000e+00 6.129068243090167734e-01 5.015148653524339473e-01 0.000000000000000000e+00 1.154545560496244461e+00 1.173526665682940395e+00 1.208030856411200782e+00 1.494020742624486475e+00 1.566567044630164274e+00
4.000000000000000000e+00 1.214275069498993220e+00 1.183529367340586669e+00 1.154545560496244461e+00 0.000000000000000000e+00 5.000612115727427476e-01 6.264776732838361895e-01 1.053037166534376068e+00 1.117740822788092503e+00
5.000000000000000000e+00 1.233223352385796945e+00 1.202505020844877537e+00 1.173526665682940395e+00 5.000612115727427476e-01 0.000000000000000000e+00 5.662629590075864972e-01 1.050383675338466771e+00 1.113385595046316956e+00
6.000000000000000000e+00 1.267883188293019492e+00 1.237010937536198396e+00 1.208030856411200782e+00 6.264776732838361895e-01 5.662629590075864972e-01 0.000000000000000000e+00 1.032848716590671900e+00 1.093008902085490286e+00
7.000000000000000000e+00 1.554902072291130866e+00 1.523023005450996559e+00 1.494020742624486475e+00 1.053037166534376068e+00 1.050383675338466771e+00 1.032848716590671900e+00 0.000000000000000000e+00 7.325278218587103485e-01
8.000000000000000000e+00 1.627371552254085030e+00 1.595567819750259853e+00 1.566567044630164274e+00 1.117740822788092503e+00 1.113385595046316956e+00 1.093008902085490286e+00 7.325278218587103485e-01 0.000000000000000000e+00
