0.000000000000000000e+00 1.000000000000000000e+00 2.000000000000000000e+00 3.000000000000000000e+00 4.000000000000000000e+00 5.000000000000000000e+00 6.000000000000000000e+00 7.000000000000000000e+00 8.000000000000000000e+00
1.000000000000000000e+00 0.000000000000000000e+00 1.122993345188980419e+00 1.159134375903116743e+00 2.276231725141111273e+00 2.305155559712539048e+00 2.367132907890460825e+00 2.939767272862294334e+00 3.047942905032819283e+00
2.000000000000000000e+00 1.122993345188980419e+00 0.000000000000000000e+00 5.304525066221692509e-01 1.750630169741206554e+00 1.779599983205848890e+00 1.841252620119834926e+00 2.410494149534069486e+00 2.518817885236780185e+00
3.000000000000000000e+00 1.159134375903116743e+00 5.304525066221692509e-01 0.000000000000000000e+00 1.668271094132468324e+00 1.697252907412956535e+00 1.758827545848077545e+00 2.327252918607527477e+00 2.435612138973458407e+00
4.000000000000000000e+00 2.276231725141111273e+00 1.750630169741206554e+00 1.668271094132468324e+00 0.000000000000000000e+00 5.034458860938659797e-01 6.546753428527583019e-01 1.521661056873982787e+00 1.617869061581156842e+00
5.000000000000000000e+00 2.305155559712539048e+00 1.779599983205848890e+00 1.697252907412956535e+00 5.034458860938659797e-01 0.000000000000000000e+00 5.806981025949156106e-01 1.524640581478092116e+00 1.619347137265082281e+00
6.000000000000000000e+00 2.367132907890460825e+00 1.841252620119834926e+00 1.758827545848077545e+00 6.546753428527583019e-01 5.806981025949156106e-01 0.000000000000000000e+00 1.520364214840330241e+00 1.612262092485201137e+00
7.000000000000000000e+00 2.939767272862294334e+00 2.410494149534069486e+00 2.327252918607527477e+00 1.521661056873982787e+00 1.524640581478092116e+00 1.520364214840330241e+00 0.000000000000000000e+00 7.980250037952121289e-01
8.000000000000000000e+00 3.047942905032819283e+00 2.518817885236780185e+00 2.435612138973458407e+00 1.617869061581156842e+00 1.619347137265082281e+00 1.612262092485201137e+00 7.980250037952121289e-01 0.000000000000000000e+00
