0.000000000000000000e+00 1.000000000000000000e+00 2.000000000000000000e+00 3.000000000000000000e+00 4.000000000000000000e+00 5.000000000000000000e+00 6.000000000000000000e+00 7.000000000000000000e+00 8.000000000000000000e+00
1.000000000000000000e+00 0.000000000000000000e+00 5.480812719583944004e-01 6.004362826744712445e-01 8.855062740518652165e-01 9.099069584566326085e-01 9.359320469148786348e-01 1.049845417083649979e+00 1.101462482355183736e+00
2.000000000000000000e+00 5.480812719583944004e-01 0.000000000000000000e+00 4.997261772311797356e-01 8.761414477483410179e-01 9.005477923833593579e-01 9.265368578789858756e-01 1.040258782241319180e+00 1.091883893578133202e+00
3.000000000000000000e+00 6.004362826744712445e-01 4.997261772311797356e-01 0.000000000000000000e+00 8.439573837832575753e-01 8.683687775502537676e-01 8.943675316029910949e-01 1.008128581472342189e+00 1.059751449345547547e+00
4.000000000000000000e+00 8.855062740518652165e-01 8.761414477483410179e-01 8.439573837832575753e-01 0.000000000000000000e+00 4.984169877400121962e-01 6.167320258405650790e-01 8.447603266841812175e-01 8.946283673494999089e-01
5.000000000000000000e+00 9.099069584566326085e-01 9.005477923833593579e-01 8.683687775502537676e-01 4.984169877400121962e-01 0.000000000000000000e+00 5.624925011856656276e-01 8.566255181253330520e-01 9.058366013112959525e-01
6.000000000000000000e+00 9.359320469148786348e-01 9.265368578789858756e-01 8.943675316029910949e-01 6.167320258405650790e-01 5.624925011856656276e-01 0.000000000000000000e+00 8.564697552816933346e-01 9.045908848186308138e-01
7.000000000000000000e+00 1.049845417083649979e+00 1.040258782241319180e+00 1.008128581472342189e+00 8.447603266841812175e-01 8.566255181253330520e-01 8.564697552816933346e-01 0.000000000000000000e+00 7.120530845506904960e-01
8.000000000000000000e+00 1.101462482355183736e+00 1.091883893578133202e+00 1.059751449345547547e+00 8.946283673494999089e-01 9.058366013112959525e-01 9.045908848186308138e-01 7.120530845506904960e-01 0.000000000000000000e+00
