0.000000000000000000e+00 1.000000000000000000e+00 2.000000000000000000e+00 3.000000000000000000e+00 4.000000000000000000e+00 5.000000000000000000e+00 6.000000000000000000e+00 7.000000000000000000e+00 8.000000000000000000e+00
1.000000000000000000e+00 0.000000000000000000e+00 8.724609686536557440e-01 9.147968697358976886e-01 1.853595113041663023e+00 1.879582957308170377e+00 1.933162336968427431e+00 2.402018901539587858e+00 2.495648642879461754e+00
2.000000000000000000e+00 8.724609686536557440e-01 0.000000000000000000e+00 5.225559028279633811e-01 1.558500835684917263e+00 1.584524648059398855e+00 1.637847969018151106e+00 2.104541748570163406e+00 2.198280041532706619e+00
3.000000000000000000e+00 9.147968697358976886e-01 5.225559028279633811e-01 0.000000000000000000e+00 1.491255183081182434e+00 1.517287556792481285e+00 1.570559768197436812e+00 2.036819213007684759e+00 2.130579193655016468e+00
4.000000000000000000e+00 1.853595113041663023e+00 1.558500835684917263e+00 1.491255183081182434e+00 0.000000000000000000e+00 5.024515715506872038e-01 6.458825144318851574e-01 1.339299594729932430e+00 1.422912423271858184e+00
5.000000000000000000e+00 1.879582957308170377e+00 1.584524648059398855e+00 1.517287556792481285e+00 5.024515715506872038e-01 0.000000000000000000e+00 5.761366962027019145e-01 1.339342695981528664e+00 1.421367270071574929e+00
6.000000000000000000e+00 1.933162336968427431e+00 1.637847969018151106e+00 1.570559768197436812e+00 6.458825144318851574e-01 5.761366962027019145e-01 0.000000000000000000e+00 1.328457432501668922e+00 1.407621185774719841e+00
7.000000000000000000e+00 2.402018901539587858e+00 2.104541748570163406e+00 2.036819213007684759e+00 1.339299594729932430e+00 1.339342695981528664e+00 1.328457432501668922e+00 0.000000000000000000e+00 7.767518393404824195e-01
8.000000000000000000e+00 2.495648642879461754e+00 2.198280041532706619e+00 2.130579193655016468e+00 1.422912423271858184e+00 1.421367270071574929e+00 1.407621185774719841e+00 7.767518393404824195e-01 0.000000000000000000e+00
