0.000000000000000000e+00 1.000000000000000000e+00 2.000000000000000000e+00 3.000000000000000000e+00 4.000000000000000000e+00 5.000000000000000000e+00 6.000000000000000000e+00 7.000000000000000000e+00 8.000000000000000000e+00
1.000000000000000000e+00 0.000000000000000000e+00 5.526508104216972805e-01 6.118370874354126521e-01 1.208356251135449311e+00 1.227452728376229096e+00 1.262217578406705787e+00 1.545492148614508565e+00 1.617484352834955841e+00
2.000000000000000000e+00 5.526508104216972805e-01 0.000000000000000000e+00 5.012722060184042761e-01 1.178702119506219281e+00 1.197823309070841002e+00 1.232429017257800297e+00 1.514677265074772183e+00 1.586746332667162251e+00
3.000000000000000000e+00 6.118370874354126521e-01 5.012722060184042761e-01 0.000000000000000000e+00 1.151191626755220243e+00 1.170318276677395630e+00 1.204923490237052253e+00 1.487157957783883599e+00 1.559227839887017408e+00
4.000000000000000000e+00 1.208356251135449311e+00 1.178702119506219281e+00 1.151191626755220243e+00 0.000000000000000000e+00 5.000764280286151831e-01 6.265752749958952705e-01 1.051100759183077216e+00 1.115143504094018079e+00
5.000000000000000000e+00 1.227452728376229096e+00 1.197823309070841002e+00 1.170318276677395630e+00 5.000764280286151831e-01 0.000000000000000000e+00 5.663077030603957951e-01 1.048546688213439992e+00 1.110871600487274735e+00
6.000000000000000000e+00 1.262217578406705787e+00 1.232429017257800297e+00 1.204923490237052253e+00 6.265752749958952705e-01 5.663077030603957951e-01 0.000000000000000000e+00 1.031119187151637639e+00 1.090563811942998784e+00
7.000000000000000000e+00 1.545492148614508565e+00 1.514677265074772183e+00 1.487157957783883599e+00 1.051100759183077216e+00 1.048546688213439992e+00 1.031119187151637639e+00 0.000000000000000000e+00 7.316769168138261836e-01
8.000000000000000000e+00 1.617484352834955841e+00 1.586746332667162251e+00 1.559227839887017408e+00 1.115143504094018079e+00 1.110871600487274735e+00 1.090563811942998784e+00 7.316769168138261836e-01 0.000000000000000000e+00
