0.000000000000000000e+00 1.000000000000000000e+00 2.000000000000000000e+00 3.000000000000000000e+00 4.000000000000000000e+00 5.000000000000000000e+00 6.000000000000000000e+00 7.000000000000000000e+00 8.000000000000000000e+00
1.000000000000000000e+00 0.000000000000000000e+00 2.141637937859859619e-01 2.974495604398721960e-01 3.728928413917144691e-01 3.749268103982178468e-01 3.546279965664385636e-01 3.623029101149085052e-01 4.147503410387584077e-01
2.000000000000000000e+00 2.141637937859859619e-01 0.000000000000000000e+00 4.527239249864047355e-01 5.707134566903848683e-01 5.727694346138836323e-01 5.525003034648190425e-01 5.605612325644258043e-01 6.128630058048388785e-01
3.000000000000000000e+00 2.974495604398721960e-01 4.527239249864047355e-01 0.000000000000000000e+00 6.369295906417229425e-01 6.390922102120907278e-01 6.190140902479859264e-01 6.301040742321299959e-01 6.812746246409205897e-01
4.000000000000000000e+00 3.728928413917144691e-01 5.707134566903848683e-01 6.369295906417229425e-01 0.000000000000000000e+00 4.936041329800262556e-01 5.806706658357188022e-01 6.565026168115504213e-01 7.007175426592661127e-01
5.000000000000000000e+00 3.749268103982178468e-01 5.727694346138836323e-01 6.390922102120907278e-01 4.936041329800262556e-01 0.000000000000000000e+00 5.439494182294006830e-01 6.570348179247542664e-01 7.004359654162198856e-01
6.000000000000000000e+00 3.546279965664385636e-01 5.525003034648190425e-01 6.190140902479859264e-01 5.806706658357188022e-01 5.439494182294006830e-01 0.000000000000000000e+00 6.343115261622069845e-01 6.767368657274802635e-01
7.000000000000000000e+00 3.623029101149085052e-01 5.605612325644258043e-01 6.301040742321299959e-01 6.565026168115504213e-01 6.570348179247542664e-01 6.343115261622069845e-01 0.000000000000000000e+00 6.117154969012038590e-01
8.000000000000000000e+00 4.147503410387584077e-01 6.128630058048388785e-01 6.812746246409205897e-01 7.007175426592661127e-01 7.004359654162198856e-01 6.767368657274802635e-01 6.117154969012038590e-01 0.000000000000000000e+00
