0.000000000000000000e+00 1.000000000000000000e+00 2.000000000000000000e+00 3.000000000000000000e+00 4.000000000000000000e+00 5.000000000000000000e+00 6.000000000000000000e+00 7.000000000000000000e+00 8.000000000000000000e+00
1.000000000000000000e+00 0.000000000000000000e+00 4.406488351159021377e+00 2.632239675729716399e+00 3.646950735833718760e+00 5.668822378492840208e+00 4.854373727404741601e+00 4.259264350421398504e+00 5.408596923592100758e+00
2.000000000000000000e+00 4.406488351159021377e+00 0.000000000000000000e+00 2.670654913782442019e+00 3.804013663494850483e+00 5.825608888862057633e+00 5.009736976060672475e+00 4.411878687328590232e+00 5.561381423299057936e+00
3.000000000000000000e+00 2.632239675729716399e+00 2.670654913782442019e+00 0.000000000000000000e+00 1.786063105339454005e+00 3.807755055555923640e+00 2.992325453308939842e+00 2.395350609273423359e+00 3.544796560610694591e+00
4.000000000000000000e+00 3.646950735833718760e+00 3.804013663494850483e+00 1.786063105339454005e+00 0.000000000000000000e+00 2.685857525185633143e+00 2.326497512832917280e+00 1.969035732626075230e+00 3.108132659992960178e+00
5.000000000000000000e+00 5.668822378492840208e+00 5.825608888862057633e+00 3.807755055555923640e+00 2.685857525185633143e+00 0.000000000000000000e+00 4.102127062823463177e+00 3.924110950764804429e+00 5.060540563164004801e+00
6.000000000000000000e+00 4.854373727404741601e+00 5.009736976060672475e+00 2.992325453308939842e+00 2.326497512832917280e+00 4.102127062823463177e+00 0.000000000000000000e+00 2.879189714592268245e+00 4.008352381540054132e+00
7.000000000000000000e+00 4.259264350421398504e+00 4.411878687328590232e+00 2.395350609273423359e+00 1.969035732626075230e+00 3.924110950764804429e+00 2.879189714592268245e+00 0.000000000000000000e+00 2.209981345009356168e+00
8.000000000000000000e+00 5.408596923592100758e+00 5.561381423299057936e+00 3.544796560610694591e+00 3.108132659992960178e+00 5.060540563164004801e+00 4.008352381540054132e+00 2.209981345009356168e+00 0.000000000000000000e+00
