0.000000000000000000e+00 1.000000000000000000e+00 2.000000000000000000e+00 3.000000000000000000e+00 4.000000000000000000e+00 5.000000000000000000e+00 6.000000000000000000e+00 7.000000000000000000e+00 8.000000000000000000e+00 9.000000000000000000e+00
1.000000000000000000e+00 0.000000000000000000e+00 5.529714178226339261e-01 6.124961966217344900e-01 1.228127309586734217e+00 1.247557247527953939e+00 1.282214035777283989e+00 1.565784609779268699e+00 1.638056096963846464e+00 1.198182255547985076e+00
2.000000000000000000e+00 5.529714178226339261e-01 0.000000000000000000e+00 5.014454503241961847e-01 1.196342368204030837e+00 1.215793009345779163e+00 1.250303958529823678e+00 1.532938071247802903e+00 1.605279488280389799e+00 1.166548296948816787e+00
3.000000000000000000e+00 6.124961966217344900e-01 5.014454503241961847e-01 0.000000000000000000e+00 1.167495841059987161e+00 1.186951567669247476e+00 1.221463098303380068e+00 1.504090450233631859e+00 1.576432158607068867e+00 1.137697552925862166e+00
4.000000000000000000e+00 1.228127309586734217e+00 1.196342368204030837e+00 1.167495841059987161e+00 0.000000000000000000e+00 5.000851589186796620e-01 6.266096426561826860e-01 1.053029216960933212e+00 1.117266444937609737e+00 5.479656689300189676e-01
5.000000000000000000e+00 1.247557247527953939e+00 1.215793009345779163e+00 1.186951567669247476e+00 5.000851589186796620e-01 0.000000000000000000e+00 5.663229925653454622e-01 1.050425231508697710e+00 1.112953942822842990e+00 6.130392941225824011e-01
6.000000000000000000e+00 1.282214035777283989e+00 1.250303958529823678e+00 1.221463098303380068e+00 6.266096426561826860e-01 5.663229925653454622e-01 0.000000000000000000e+00 1.032787117000501631e+00 1.092461319276625709e+00 6.902075965349503406e-01
7.000000000000000000e+00 1.565784609779268699e+00 1.532938071247802903e+00 1.504090450233631859e+00 1.053029216960933212e+00 1.050425231508697710e+00 1.032787117000501631e+00 0.000000000000000000e+00 7.319587274670564803e-01 1.072939326232338786e+00
8.000000000000000000e+00 1.638056096963846464e+00 1.605279488280389799e+00 1.576432158607068867e+00 1.117266444937609737e+00 1.112953942822842990e+00 1.092461319276625709e+00 7.319587274670564803e-01 0.000000000000000000e+00 1.138900579224814802e+00
9.000000000000000000e+00 1.198182255547985076e+00 1.166548296948816787e+00 1.137697552925862166e+00 5.479656689300189676e-01 6.130392941225824011e-01 6.902075965349503406e-01 1.072939326232338786e+00 1.138900579224814802e+00 0.000000000000000000e+00
