0.000000000000000000e+00 1.000000000000000000e+00 2.000000000000000000e+00 3.000000000000000000e+00 4.000000000000000000e+00 5.000000000000000000e+00 6.000000000000000000e+00 7.000000000000000000e+00 8.000000000000000000e+00 9.000000000000000000e+00
1.000000000000000000e+00 0.000000000000000000e+00 5.529144606886745583e-01 6.123969890651557169e-01 1.214269003662054924e+00 1.233771880053478487e+00 1.269370124917408527e+00 1.553816983259023621e+00 1.626052060074627992e+00 1.183964934645176603e+00
2.000000000000000000e+00 5.529144606886745583e-01 0.000000000000000000e+00 5.014391427231068565e-01 1.183724675058801523e+00 1.203248478882460670e+00 1.238685432270932862e+00 1.522134758826404921e+00 1.594443622634615032e+00 1.153585157991207089e+00
3.000000000000000000e+00 6.123969890651557169e-01 5.014391427231068565e-01 0.000000000000000000e+00 1.155148846192122658e+00 1.174677717929877740e+00 1.210113361821839151e+00 1.493546354642828478e+00 1.565856209631133478e+00 1.125007044422664970e+00
4.000000000000000000e+00 1.214269003662054924e+00 1.183724675058801523e+00 1.155148846192122658e+00 0.000000000000000000e+00 5.001177784081303201e-01 6.269015060585167998e-01 1.052529443616686544e+00 1.116817742912354472e+00 5.480321099532479145e-01
5.000000000000000000e+00 1.233771880053478487e+00 1.203248478882460670e+00 1.174677717929877740e+00 5.001177784081303201e-01 0.000000000000000000e+00 5.664541963808924496e-01 1.049856552194754267e+00 1.112417373305214952e+00 6.132375835444359158e-01
6.000000000000000000e+00 1.269370124917408527e+00 1.238685432270932862e+00 1.210113361821839151e+00 6.269015060585167998e-01 5.664541963808924496e-01 0.000000000000000000e+00 1.032310144544470676e+00 1.091970445868578832e+00 6.908444024492232938e-01
7.000000000000000000e+00 1.553816983259023621e+00 1.522134758826404921e+00 1.493546354642828478e+00 1.052529443616686544e+00 1.049856552194754267e+00 1.032310144544470676e+00 0.000000000000000000e+00 7.319269654020885696e-01 1.072570176865746516e+00
8.000000000000000000e+00 1.626052060074627992e+00 1.594443622634615032e+00 1.565856209631133478e+00 1.116817742912354472e+00 1.112417373305214952e+00 1.091970445868578832e+00 7.319269654020885696e-01 0.000000000000000000e+00 1.138616720486338663e+00
9.000000000000000000e+00 1.183964934645176603e+00 1.153585157991207089e+00 1.125007044422664970e+00 5.480321099532479145e-01 6.132375835444359158e-01 6.908444024492232938e-01 1.072570176865746516e+00 1.138616720486338663e+00 0.000000000000000000e+00
