0.000000000000000000e+00 1.000000000000000000e+00 2.000000000000000000e+00 3.000000000000000000e+00 4.000000000000000000e+00 5.000000000000000000e+00 6.000000000000000000e+00 7.000000000000000000e+00 8.000000000000000000e+00 9.000000000000000000e+00
1.000000000000000000e+00 0.000000000000000000e+00 5.542187608880322358e-01 6.137838004513336276e-01 1.215767588888921669e+00 1.234653287166302515e+00 1.269378905901558996e+00 1.559038774085409917e+00 1.631258706777095169e+00 1.185896094219044627e+00
2.000000000000000000e+00 5.542187608880322358e-01 0.000000000000000000e+00 5.016033655166862726e-01 1.184559434978857517e+00 1.203475147393914479e+00 1.238046097102306620e+00 1.526688028615271753e+00 1.598984516543588308e+00 1.154844816840117971e+00
3.000000000000000000e+00 6.137838004513336276e-01 5.016033655166862726e-01 0.000000000000000000e+00 1.155092606936419131e+00 1.174013914562042071e+00 1.208582487595551980e+00 1.497197602459025001e+00 1.569495944404383225e+00 1.125376792144888505e+00
4.000000000000000000e+00 1.215767588888921669e+00 1.184559434978857517e+00 1.155092606936419131e+00 0.000000000000000000e+00 5.000572350582044301e-01 6.264556625175228266e-01 1.054265572322518496e+00 1.118795358479861557e+00 5.479150524694520463e-01
5.000000000000000000e+00 1.234653287166302515e+00 1.203475147393914479e+00 1.174013914562042071e+00 5.000572350582044301e-01 0.000000000000000000e+00 5.662517962958453221e-01 1.051536098256400598e+00 1.114361268812552597e+00 6.128940878698827532e-01
6.000000000000000000e+00 1.269378905901558996e+00 1.238046097102306620e+00 1.208582487595551980e+00 6.264556625175228266e-01 5.662517962958453221e-01 0.000000000000000000e+00 1.033887496781993987e+00 1.093869227403739375e+00 6.898370970963063620e-01
7.000000000000000000e+00 1.559038774085409917e+00 1.526688028615271753e+00 1.497197602459025001e+00 1.054265572322518496e+00 1.051536098256400598e+00 1.033887496781993987e+00 0.000000000000000000e+00 7.329325550511180953e-01 1.074113868208433686e+00
8.000000000000000000e+00 1.631258706777095169e+00 1.598984516543588308e+00 1.569495944404383225e+00 1.118795358479861557e+00 1.114361268812552597e+00 1.093869227403739375e+00 7.329325550511180953e-01 0.000000000000000000e+00 1.140353147904657583e+00
9.000000000000000000e+00 1.185896094219044627e+00 1.154844816840117971e+00 1.125376792144888505e+00 5.479150524694520463e-01 6.128940878698827532e-01 6.898370970963063620e-01 1.074113868208433686e+00 1.140353147904657583e+00 0.000000000000000000e+00
