0.000000000000000000e+00 1.000000000000000000e+00 2.000000000000000000e+00 3.000000000000000000e+00 4.000000000000000000e+00 5.000000000000000000e+00 6.000000000000000000e+00 7.000000000000000000e+00 8.000000000000000000e+00
1.000000000000000000e+00 0.000000000000000000e+00 6.525958338595166941e-01 2.554451006603056129e+00 2.209324016070048913e+00 2.250590380587029760e+00 2.328650378382657760e+00 4.159460258227623441e+00 3.329703588109723000e+00
2.000000000000000000e+00 6.525958338595166941e-01 0.000000000000000000e+00 2.320468898969886951e+00 2.163616074747959139e+00 2.204836871569168633e+00 2.282703422402361237e+00 4.108829380089446204e+00 3.279615756407651794e+00
3.000000000000000000e+00 2.554451006603056129e+00 2.320468898969886951e+00 0.000000000000000000e+00 3.864016106913977566e+00 3.905325867567137177e+00 3.983406084632323374e+00 5.813692517036249896e+00 4.983995648908774001e+00
4.000000000000000000e+00 2.209324016070048913e+00 2.163616074747959139e+00 3.864016106913977566e+00 0.000000000000000000e+00 5.077644233393265871e-01 6.779298856444269106e-01 2.907579755907610419e+00 2.048338904608160149e+00
5.000000000000000000e+00 2.250590380587029760e+00 2.204836871569168633e+00 3.905325867567137177e+00 5.077644233393265871e-01 0.000000000000000000e+00 5.935894143000179923e-01 2.924078877829174417e+00 2.061904330147223519e+00
6.000000000000000000e+00 2.328650378382657760e+00 2.282703422402361237e+00 3.983406084632323374e+00 6.779298856444269106e-01 5.935894143000179923e-01 0.000000000000000000e+00 2.956880551969000237e+00 2.089898514755212489e+00
7.000000000000000000e+00 4.159460258227623441e+00 4.108829380089446204e+00 5.813692517036249896e+00 2.907579755907610419e+00 2.924078877829174417e+00 2.956880551969000237e+00 0.000000000000000000e+00 2.417892419211990607e+00
8.000000000000000000e+00 3.329703588109723000e+00 3.279615756407651794e+00 4.983995648908774001e+00 2.048338904608160149e+00 2.061904330147223519e+00 2.089898514755212489e+00 2.417892419211990607e+00 0.000000000000000000e+00
