0.000000000000000000e+00 1.000000000000000000e+00 2.000000000000000000e+00 3.000000000000000000e+00 4.000000000000000000e+00 5.000000000000000000e+00 6.000000000000000000e+00 7.000000000000000000e+00 8.000000000000000000e+00
1.000000000000000000e+00 0.000000000000000000e+00 4.295251325264296538e-01 4.993807485402864677e-01 9.333448686077538969e-01 9.481293958119239029e-01 9.710881789600435132e-01 1.170773843835829942e+00 1.234932164301594026e+00
2.000000000000000000e+00 4.295251325264296538e-01 0.000000000000000000e+00 4.878333666364231824e-01 9.907227696268494643e-01 1.005529001330609518e+00 1.028367328871018671e+00 1.227315459779153572e+00 1.291548500445982350e+00
3.000000000000000000e+00 4.993807485402864677e-01 4.878333666364231824e-01 0.000000000000000000e+00 9.864444758052821616e-01 1.001257851343779759e+00 1.024128758615708623e+00 1.223249785818408819e+00 1.287465053571067441e+00
4.000000000000000000e+00 9.333448686077538969e-01 9.907227696268494643e-01 9.864444758052821616e-01 0.000000000000000000e+00 4.985367811637864133e-01 6.152722838619296697e-01 9.283713787903267178e-01 9.852050605511692982e-01
5.000000000000000000e+00 9.481293958119239029e-01 1.005529001330609518e+00 1.001257851343779759e+00 4.985367811637864133e-01 0.000000000000000000e+00 5.607525845799671282e-01 9.258287728091298963e-01 9.809246162106044498e-01
6.000000000000000000e+00 9.710881789600435132e-01 1.028367328871018671e+00 1.024128758615708623e+00 6.152722838619296697e-01 5.607525845799671282e-01 0.000000000000000000e+00 9.072971969692400496e-01 9.596015264984247839e-01
7.000000000000000000e+00 1.170773843835829942e+00 1.227315459779153572e+00 1.223249785818408819e+00 9.283713787903267178e-01 9.258287728091298963e-01 9.072971969692400496e-01 0.000000000000000000e+00 7.066815768483531990e-01
8.000000000000000000e+00 1.234932164301594026e+00 1.291548500445982350e+00 1.287465053571067441e+00 9.852050605511692982e-01 9.809246162106044498e-01 9.596015264984247839e-01 7.066815768483531990e-01 0.000000000000000000e+00
