0.000000000000000000e+00 1.000000000000000000e+00 2.000000000000000000e+00 3.000000000000000000e+00 4.000000000000000000e+00 5.000000000000000000e+00 6.000000000000000000e+00 7.000000000000000000e+00 8.000000000000000000e+00
1.000000000000000000e+00 0.000000000000000000e+00 5.525851258270734201e-01 6.118393590647525082e-01 1.124949345187112426e+00 1.142793028182539361e+00 1.179183291596999750e+00 1.476307134059548165e+00 1.547383629983008824e+00
2.000000000000000000e+00 5.525851258270734201e-01 0.000000000000000000e+00 5.014070764130552638e-01 1.102906888135042118e+00 1.120811742408020395e+00 1.156971081223932662e+00 1.452562858715869432e+00 1.523752182397181354e+00
3.000000000000000000e+00 6.118393590647525082e-01 5.014070764130552638e-01 0.000000000000000000e+00 1.076262324319039676e+00 1.094178567568814264e+00 1.130321836401511737e+00 1.425792252184329367e+00 1.496990279412480085e+00
4.000000000000000000e+00 1.124949345187112426e+00 1.102906888135042118e+00 1.076262324319039676e+00 0.000000000000000000e+00 5.000633274599943778e-01 6.265488736865172381e-01 1.050894106307588505e+00 1.115126001767604347e+00
5.000000000000000000e+00 1.142793028182539361e+00 1.120811742408020395e+00 1.094178567568814264e+00 5.000633274599943778e-01 0.000000000000000000e+00 5.662869044302913935e-01 1.048214574386616249e+00 1.110744150306316236e+00
6.000000000000000000e+00 1.179183291596999750e+00 1.156971081223932662e+00 1.130321836401511737e+00 6.265488736865172381e-01 5.662869044302913935e-01 0.000000000000000000e+00 1.031016407992709549e+00 1.090662081982199716e+00
7.000000000000000000e+00 1.476307134059548165e+00 1.452562858715869432e+00 1.425792252184329367e+00 1.050894106307588505e+00 1.048214574386616249e+00 1.031016407992709549e+00 0.000000000000000000e+00 7.318576927300237678e-01
8.000000000000000000e+00 1.547383629983008824e+00 1.523752182397181354e+00 1.496990279412480085e+00 1.115126001767604347e+00 1.110744150306316236e+00 1.090662081982199716e+00 7.318576927300237678e-01 0.000000000000000000e+00
