0.000000000000000000e+00 1.000000000000000000e+00 2.000000000000000000e+00 3.000000000000000000e+00 4.000000000000000000e+00 5.000000000000000000e+00 6.000000000000000000e+00 7.000000000000000000e+00 8.000000000000000000e+00 9.000000000000000000e+00
1.000000000000000000e+00 0.000000000000000000e+00 5.632278532945368503e-03 6.355944942889131880e-03 3.779812610775096920e-02 3.742940187787641843e-02 3.752766878936994455e-02 2.988216721713024548e-02 3.216375380063563744e-02 3.875896815157423014e-02
2.000000000000000000e+00 5.632278532945368503e-03 0.000000000000000000e+00 5.045291287862322879e-03 3.763568386157176843e-02 3.727112942403452284e-02 3.736775848829922142e-02 2.907182453009304890e-02 3.136105675280529553e-02 3.859562558349313721e-02
3.000000000000000000e+00 6.355944942889131880e-03 5.045291287862322879e-03 0.000000000000000000e+00 3.757177412610502448e-02 3.720852518147841487e-02 3.730464191163626597e-02 2.880515819267594202e-02 3.109678287817947001e-02 3.853143357406232927e-02
4.000000000000000000e+00 3.779812610775096920e-02 3.763568386157176843e-02 3.757177412610502448e-02 0.000000000000000000e+00 5.077767424612009139e-03 6.571876526043581024e-03 4.393287332847455040e-02 4.567746212528187716e-02 5.794604562632692246e-03
5.000000000000000000e+00 3.742940187787641843e-02 3.727112942403452284e-02 3.720852518147841487e-02 5.077767424612009139e-03 0.000000000000000000e+00 5.765407820823624518e-03 4.362939251546073260e-02 4.537424697920804800e-02 6.760792155421739558e-03
6.000000000000000000e+00 3.752766878936994455e-02 3.736775848829922142e-02 3.730464191163626597e-02 6.571876526043581024e-03 5.765407820823624518e-03 0.000000000000000000e+00 4.364140410427584660e-02 4.537951560183444560e-02 7.958414052105095005e-03
7.000000000000000000e+00 2.988216721713024548e-02 2.907182453009304890e-02 2.880515819267594202e-02 4.393287332847455040e-02 4.362939251546073260e-02 4.364140410427584660e-02 0.000000000000000000e+00 7.708363040943244648e-03 4.490990277064602076e-02
8.000000000000000000e+00 3.216375380063563744e-02 3.136105675280529553e-02 3.109678287817947001e-02 4.567746212528187716e-02 4.537424697920804800e-02 4.537951560183444560e-02 7.708363040943244648e-03 0.000000000000000000e+00 4.665760179684963482e-02
9.000000000000000000e+00 3.875896815157423014e-02 3.859562558349313721e-02 3.853143357406232927e-02 5.794604562632692246e-03 6.760792155421739558e-03 7.958414052105095005e-03 4.490990277064602076e-02 4.665760179684963482e-02 0.000000000000000000e+00
