0.000000000000000000e+00 1.000000000000000000e+00 2.000000000000000000e+00 3.000000000000000000e+00 4.000000000000000000e+00 5.000000000000000000e+00 6.000000000000000000e+00 7.000000000000000000e+00 8.000000000000000000e+00 9.000000000000000000e+00
1.000000000000000000e+00 0.000000000000000000e+00 5.479435756622316411e+00 6.001211156416278669e+00 8.526701264394535684e+00 8.680160927206179267e+00 8.961915294236046492e+00 1.014794569662413792e+01 1.063845115293538512e+01 8.072907904831895465e+00
2.000000000000000000e+00 5.479435756622316411e+00 0.000000000000000000e+00 4.996896811323189525e+00 8.439053515520839710e+00 8.592633237911394772e+00 8.874287069083976576e+00 1.005852159505846188e+01 1.054909299273253254e+01 7.985376794962133928e+00
3.000000000000000000e+00 6.001211156416278669e+00 4.996896811323189525e+00 0.000000000000000000e+00 8.118861185302218786e+00 8.272472064770683531e+00 8.554201619744393525e+00 9.738786742210063352e+00 1.022934346231132352e+01 7.665090791092536548e+00
4.000000000000000000e+00 8.526701264394535684e+00 8.439053515520839710e+00 8.118861185302218786e+00 0.000000000000000000e+00 4.960836372403303329e+00 6.093138065151707750e+00 8.157481606995251155e+00 8.638184474420295800e+00 5.301329487220568737e+00
5.000000000000000000e+00 8.680160927206179267e+00 8.592633237911394772e+00 8.272472064770683531e+00 4.960836372403303329e+00 0.000000000000000000e+00 5.582548047413670389e+00 8.234692859225365424e+00 8.711080979443035943e+00 5.784502647558767308e+00
6.000000000000000000e+00 8.961915294236046492e+00 8.874287069083976576e+00 8.554201619744393525e+00 6.093138065151707750e+00 5.582548047413670389e+00 0.000000000000000000e+00 8.317592317759434195e+00 8.786437209361366740e+00 6.325885621416619031e+00
7.000000000000000000e+00 1.014794569662413792e+01 1.005852159505846188e+01 9.738786742210063352e+00 8.157481606995251155e+00 8.234692859225365424e+00 8.317592317759434195e+00 0.000000000000000000e+00 7.098976933453865712e+00 7.909387260033769351e+00
8.000000000000000000e+00 1.063845115293538512e+01 1.054909299273253254e+01 1.022934346231132352e+01 8.638184474420295800e+00 8.711080979443035943e+00 8.786437209361366740e+00 7.098976933453865712e+00 0.000000000000000000e+00 8.393649323278983942e+00
9.000000000000000000e+00 8.072907904831895465e+00 7.985376794962133928e+00 7.665090791092536548e+00 5.301329487220568737e+00 5.784502647558767308e+00 6.325885621416619031e+00 7.909387260033769351e+00 8.393649323278983942e+00 0.000000000000000000e+00
