0.000000000000000000e+00 1.000000000000000000e+00 2.000000000000000000e+00 3.000000000000000000e+00 4.000000000000000000e+00 5.000000000000000000e+00 6.000000000000000000e+00 7.000000000000000000e+00 8.000000000000000000e+00
1.000000000000000000e+00 0.000000000000000000e+00 5.527456851414284111e-01 6.121086854555911616e-01 1.167272940554134886e+00 1.185668957739192342e+00 1.221289040353879196e+00 1.512481333472021294e+00 1.584034940042215789e+00
2.000000000000000000e+00 5.527456851414284111e-01 0.000000000000000000e+00 5.014217785455500342e-01 1.140949127260641349e+00 1.159387091385659430e+00 1.194814725957519252e+00 1.484748235211686307e+00 1.556394964117469248e+00
3.000000000000000000e+00 6.121086854555911616e-01 5.014217785455500342e-01 0.000000000000000000e+00 1.113308494882698119e+00 1.131754209510872800e+00 1.167173972127964143e+00 1.457043744250503092e+00 1.528694961444032385e+00
4.000000000000000000e+00 1.167272940554134886e+00 1.140949127260641349e+00 1.113308494882698119e+00 0.000000000000000000e+00 5.000672005264863440e-01 6.265566674418872051e-01 1.051333965386787472e+00 1.115561543090821450e+00
5.000000000000000000e+00 1.185668957739192342e+00 1.159387091385659430e+00 1.131754209510872800e+00 5.000672005264863440e-01 0.000000000000000000e+00 5.662952629579056651e-01 1.048704984611785296e+00 1.111226877474765784e+00
6.000000000000000000e+00 1.221289040353879196e+00 1.194814725957519252e+00 1.167173972127964143e+00 6.265566674418872051e-01 5.662952629579056651e-01 0.000000000000000000e+00 1.031407118016532731e+00 1.091051407220939629e+00
7.000000000000000000e+00 1.512481333472021294e+00 1.484748235211686307e+00 1.457043744250503092e+00 1.051333965386787472e+00 1.048704984611785296e+00 1.031407118016532731e+00 0.000000000000000000e+00 7.318732863708052871e-01
8.000000000000000000e+00 1.584034940042215789e+00 1.556394964117469248e+00 1.528694961444032385e+00 1.115561543090821450e+00 1.111226877474765784e+00 1.091051407220939629e+00 7.318732863708052871e-01 0.000000000000000000e+00
