0.000000000000000000e+00 1.000000000000000000e+00 2.000000000000000000e+00 3.000000000000000000e+00 4.000000000000000000e+00 5.000000000000000000e+00 6.000000000000000000e+00 7.000000000000000000e+00 8.000000000000000000e+00
1.000000000000000000e+00 0.000000000000000000e+00 5.529144436817708952e-01 6.123969702471627752e-01 1.214114944372979510e+00 1.233540025885460079e+00 1.268977691911870265e+00 1.553534363407763852e+00 1.625745320758776868e+00
2.000000000000000000e+00 5.529144436817708952e-01 0.000000000000000000e+00 5.014391429147597723e-01 1.183573788833139018e+00 1.203020534508568939e+00 1.238298109033567629e+00 1.521856407541454903e+00 1.594141323046166958e+00
3.000000000000000000e+00 6.123969702471627752e-01 5.014391429147597723e-01 0.000000000000000000e+00 1.154998126282839932e+00 1.174449976642306215e+00 1.209726296387489741e+00 1.493268216327118925e+00 1.565554131280897154e+00
4.000000000000000000e+00 1.214114944372979510e+00 1.183573788833139018e+00 1.154998126282839932e+00 0.000000000000000000e+00 5.001092338514401270e-01 6.268338688683636750e-01 1.052483081728524450e+00 1.116762265147957178e+00
5.000000000000000000e+00 1.233540025885460079e+00 1.203020534508568939e+00 1.174449976642306215e+00 5.001092338514401270e-01 0.000000000000000000e+00 5.664235104152128830e-01 1.049828283573194465e+00 1.112383894870864642e+00
6.000000000000000000e+00 1.268977691911870265e+00 1.238298109033567629e+00 1.209726296387489741e+00 6.268338688683636750e-01 5.664235104152128830e-01 0.000000000000000000e+00 1.032293934212194397e+00 1.091956830551342295e+00
7.000000000000000000e+00 1.553534363407763852e+00 1.521856407541454903e+00 1.493268216327118925e+00 1.052483081728524450e+00 1.049828283573194465e+00 1.032293934212194397e+00 0.000000000000000000e+00 7.319264498007183040e-01
8.000000000000000000e+00 1.625745320758776868e+00 1.594141323046166958e+00 1.565554131280897154e+00 1.116762265147957178e+00 1.112383894870864642e+00 1.091956830551342295e+00 7.319264498007183040e-01 0.000000000000000000e+00
