0.000000000000000000e+00 1.000000000000000000e+00 2.000000000000000000e+00 3.000000000000000000e+00 4.000000000000000000e+00 5.000000000000000000e+00 6.000000000000000000e+00 7.000000000000000000e+00 8.000000000000000000e+00
1.000000000000000000e+00 0.000000000000000000e+00 5.542187608876475435e-01 6.137838004512893297e-01 1.215767588894506757e+00 1.234653287165567104e+00 1.269378905951614733e+00 1.559038767474547837e+00 1.631258706783698109e+00
2.000000000000000000e+00 5.542187608876475435e-01 0.000000000000000000e+00 5.016033655206683095e-01 1.184559434964533198e+00 1.203475147372068399e+00 1.238046097148416180e+00 1.526688019960801723e+00 1.598984516532663935e+00
3.000000000000000000e+00 6.137838004512893297e-01 5.016033655206683095e-01 0.000000000000000000e+00 1.155092606933161070e+00 1.174013914552777482e+00 1.208582487646076231e+00 1.497197594647279528e+00 1.569495944404351917e+00
4.000000000000000000e+00 1.215767588894506757e+00 1.184559434964533198e+00 1.155092606933161070e+00 0.000000000000000000e+00 5.000572350057064241e-01 6.264556625370349963e-01 1.054265565286572004e+00 1.118795358476940116e+00
5.000000000000000000e+00 1.234653287165567104e+00 1.203475147372068399e+00 1.174013914552777482e+00 5.000572350057064241e-01 0.000000000000000000e+00 5.662517963005255783e-01 1.051536091218936209e+00 1.114361268807912531e+00
6.000000000000000000e+00 1.269378905951614733e+00 1.238046097148416180e+00 1.208582487646076231e+00 6.264556625370349963e-01 5.662517963005255783e-01 0.000000000000000000e+00 1.033887489804697468e+00 1.093869227459160598e+00
7.000000000000000000e+00 1.559038767474547837e+00 1.526688019960801723e+00 1.497197594647279528e+00 1.054265565286572004e+00 1.051536091218936209e+00 1.033887489804697468e+00 0.000000000000000000e+00 7.329325484358166776e-01
8.000000000000000000e+00 1.631258706783698109e+00 1.598984516532663935e+00 1.569495944404351917e+00 1.118795358476940116e+00 1.114361268807912531e+00 1.093869227459160598e+00 7.329325484358166776e-01 0.000000000000000000e+00
