0.000000000000000000e+00 1.000000000000000000e+00 2.000000000000000000e+00 3.000000000000000000e+00 4.000000000000000000e+00 5.000000000000000000e+00 6.000000000000000000e+00 7.000000000000000000e+00 8.000000000000000000e+00
1.000000000000000000e+00 0.000000000000000000e+00 5.598110979952263672e-02 6.283305905941197200e-02 1.766605486929927749e-01 1.765353335625856612e-01 1.792492015153661633e-01 2.260784432994158710e-01 2.395267719037426635e-01
2.000000000000000000e+00 5.598110979952263672e-02 0.000000000000000000e+00 5.037221662255281229e-02 1.730601572017715084e-01 1.729562892519286299e-01 1.756247741447760080e-01 2.212965870009188929e-01 2.348114541033184399e-01
3.000000000000000000e+00 6.283305905941197200e-02 5.037221662255281229e-02 0.000000000000000000e+00 1.712409777398228028e-01 1.711423908664496674e-01 1.737998200635021417e-01 2.191891033902198804e-01 2.327202088439169203e-01
4.000000000000000000e+00 1.766605486929927749e-01 1.730601572017715084e-01 1.712409777398228028e-01 0.000000000000000000e+00 5.049769602406878333e-02 6.469647225876795638e-02 1.705308804312395676e-01 1.805766969668130550e-01
5.000000000000000000e+00 1.765353335625856612e-01 1.729562892519286299e-01 1.711423908664496674e-01 5.049769602406878333e-02 0.000000000000000000e+00 5.736204922315868426e-02 1.695486414861582525e-01 1.794524306902817723e-01
6.000000000000000000e+00 1.792492015153661633e-01 1.756247741447760080e-01 1.737998200635021417e-01 6.469647225876795638e-02 5.736204922315868426e-02 0.000000000000000000e+00 1.681008022197695018e-01 1.776996811337575033e-01
7.000000000000000000e+00 2.260784432994158710e-01 2.212965870009188929e-01 2.191891033902198804e-01 1.705308804312395676e-01 1.695486414861582525e-01 1.681008022197695018e-01 0.000000000000000000e+00 7.589028971292838266e-02
8.000000000000000000e+00 2.395267719037426635e-01 2.348114541033184399e-01 2.327202088439169203e-01 1.805766969668130550e-01 1.794524306902817723e-01 1.776996811337575033e-01 7.589028971292838266e-02 0.000000000000000000e+00
