0.000000000000000000e+00 1.000000000000000000e+00 2.000000000000000000e+00 3.000000000000000000e+00 4.000000000000000000e+00 5.000000000000000000e+00 6.000000000000000000e+00 7.000000000000000000e+00 8.000000000000000000e+00
1.000000000000000000e+00 0.000000000000000000e+00 5.533745297258604312e-01 6.129076681121059522e-01 1.219265519654296970e+00 1.240361270243647285e+00 1.279759254243481692e+00 1.567752536617030623e+00 1.642052034400128591e+00
2.000000000000000000e+00 5.533745297258604312e-01 0.000000000000000000e+00 5.015148662687507475e-01 1.188411810948423408e+00 1.209517018083238638e+00 1.248720900721061344e+00 1.535703470551115890e+00 1.610070574710125157e+00
3.000000000000000000e+00 6.129076681121059522e-01 5.015148662687507475e-01 0.000000000000000000e+00 1.159420556951929360e+00 1.180530158079291736e+00 1.219730483691674916e+00 1.506691713795069942e+00 1.581059945822315349e+00
4.000000000000000000e+00 1.219265519654296970e+00 1.188411810948423408e+00 1.159420556951929360e+00 0.000000000000000000e+00 5.003209495458482703e-01 6.289817774264574446e-01 1.060646736595507678e+00 1.126923576171819263e+00
5.000000000000000000e+00 1.240361270243647285e+00 1.209517018083238638e+00 1.180530158079291736e+00 5.003209495458482703e-01 0.000000000000000000e+00 5.677079898203163388e-01 1.058211414211039925e+00 1.122746795980920531e+00
6.000000000000000000e+00 1.279759254243481692e+00 1.248720900721061344e+00 1.219730483691674916e+00 6.289817774264574446e-01 5.677079898203163388e-01 0.000000000000000000e+00 1.038667465986150562e+00 1.100021543282404757e+00
7.000000000000000000e+00 1.567752536617030623e+00 1.535703470551115890e+00 1.506691713795069942e+00 1.060646736595507678e+00 1.058211414211039925e+00 1.038667465986150562e+00 0.000000000000000000e+00 7.326771968627063814e-01
8.000000000000000000e+00 1.642052034400128591e+00 1.610070574710125157e+00 1.581059945822315349e+00 1.126923576171819263e+00 1.122746795980920531e+00 1.100021543282404757e+00 7.326771968627063814e-01 0.000000000000000000e+00
