0.000000000000000000e+00 1.000000000000000000e+00 2.000000000000000000e+00 3.000000000000000000e+00 4.000000000000000000e+00 5.000000000000000000e+00 6.000000000000000000e+00 7.000000000000000000e+00 8.000000000000000000e+00
1.000000000000000000e+00 0.000000000000000000e+00 5.513238794772722384e-01 6.079715282081044059e-01 1.106912864266836660e+00 1.128376591393480011e+00 1.161213893210792270e+00 1.395268541141893692e+00 1.460416266755527381e+00
2.000000000000000000e+00 5.513238794772722384e-01 0.000000000000000000e+00 5.007885290511127074e-01 1.082273551272468382e+00 1.103758858608270943e+00 1.136502465704147591e+00 1.370003072389554877e+00 1.435185574468718972e+00
3.000000000000000000e+00 6.079715282081044059e-01 5.007885290511127074e-01 0.000000000000000000e+00 1.051377158315880411e+00 1.072868046767445405e+00 1.105619993371567356e+00 1.339155381197556061e+00 1.404335403251128156e+00
4.000000000000000000e+00 1.106912864266836660e+00 1.082273551272468382e+00 1.051377158315880411e+00 0.000000000000000000e+00 4.995182353646059337e-01 6.233745072122549580e-01 9.773636016883320288e-01 1.037550574476890475e+00
5.000000000000000000e+00 1.128376591393480011e+00 1.103758858608270943e+00 1.072868046767445405e+00 4.995182353646059337e-01 0.000000000000000000e+00 5.650648488381495582e-01 9.783336343905872923e-01 1.037114186654918058e+00
6.000000000000000000e+00 1.161213893210792270e+00 1.136502465704147591e+00 1.105619993371567356e+00 6.233745072122549580e-01 5.650648488381495582e-01 0.000000000000000000e+00 9.642419628164695666e-01 1.020708856071855131e+00
7.000000000000000000e+00 1.395268541141893692e+00 1.370003072389554877e+00 1.339155381197556061e+00 9.773636016883320288e-01 9.783336343905872923e-01 9.642419628164695666e-01 0.000000000000000000e+00 7.253006133759694052e-01
8.000000000000000000e+00 1.460416266755527381e+00 1.435185574468718972e+00 1.404335403251128156e+00 1.037550574476890475e+00 1.037114186654918058e+00 1.020708856071855131e+00 7.253006133759694052e-01 0.000000000000000000e+00
