0.000000000000000000e+00 1.000000000000000000e+00 2.000000000000000000e+00 3.000000000000000000e+00 4.000000000000000000e+00 5.000000000000000000e+00 6.000000000000000000e+00 7.000000000000000000e+00 8.000000000000000000e+00
1.000000000000000000e+00 0.000000000000000000e+00 5.533677410380266615e-01 6.132786382403365710e-01 2.482762650872139876e+00 2.507358728836962758e+00 2.536298515818975474e+00 1.716565837931413707e+00 1.808874637719936063e+00
2.000000000000000000e+00 5.533677410380266615e-01 0.000000000000000000e+00 5.015178466338985341e-01 2.448357183777078117e+00 2.472974671008727920e+00 2.501534223271073998e+00 1.680053173531044219e+00 1.772503164718209456e+00
3.000000000000000000e+00 6.132786382403365710e-01 5.015178466338985341e-01 0.000000000000000000e+00 2.419062519077002538e+00 2.443689290720263418e+00 2.472237249778083346e+00 1.650691771657316398e+00 1.743146772194863692e+00
4.000000000000000000e+00 2.482762650872139876e+00 2.448357183777078117e+00 2.419062519077002538e+00 0.000000000000000000e+00 2.454194815842304589e+00 2.901394488966031915e+00 2.370449764221666644e+00 2.448885656654565146e+00
5.000000000000000000e+00 2.507358728836962758e+00 2.472974671008727920e+00 2.443689290720263418e+00 2.454194815842304589e+00 0.000000000000000000e+00 2.713993567642255300e+00 2.361279468885781885e+00 2.436612707894089347e+00
6.000000000000000000e+00 2.536298515818975474e+00 2.501534223271073998e+00 2.472237249778083346e+00 2.901394488966031915e+00 2.713993567642255300e+00 0.000000000000000000e+00 2.299612669408598098e+00 2.370024456183156936e+00
7.000000000000000000e+00 1.716565837931413707e+00 1.680053173531044219e+00 1.650691771657316398e+00 2.370449764221666644e+00 2.361279468885781885e+00 2.299612669408598098e+00 0.000000000000000000e+00 7.511540311044722085e-01
8.000000000000000000e+00 1.808874637719936063e+00 1.772503164718209456e+00 1.743146772194863692e+00 2.448885656654565146e+00 2.436612707894089347e+00 2.370024456183156936e+00 7.511540311044722085e-01 0.000000000000000000e+00
