0.000000000000000000e+00 1.000000000000000000e+00 2.000000000000000000e+00 3.000000000000000000e+00 4.000000000000000000e+00 5.000000000000000000e+00 6.000000000000000000e+00 7.000000000000000000e+00 8.000000000000000000e+00 9.000000000000000000e+00
1.000000000000000000e+00 0.000000000000000000e+00 5.463276901513888895e+00 5.965147486996907666e+00 7.045922313453873542e+00 7.159003902537615538e+00 7.491896527910756554e+00 7.819410779309122539e+00 8.215769839476109837e+00 6.575864868690539211e+00
2.000000000000000000e+00 5.463276901513888895e+00 0.000000000000000000e+00 4.992186749774384147e+00 7.060939477561399613e+00 7.174019867748282486e+00 7.506906367389370338e+00 7.834366622965935001e+00 8.230741732224945650e+00 6.590887341826521251e+00
3.000000000000000000e+00 5.965147486996907666e+00 4.992186749774384147e+00 0.000000000000000000e+00 6.743680229638089330e+00 6.856761211387735422e+00 7.189650288040994930e+00 7.517130192079840789e+00 7.913499259448450118e+00 6.273626017724602377e+00
4.000000000000000000e+00 7.045922313453873542e+00 7.060939477561399613e+00 6.743680229638089330e+00 0.000000000000000000e+00 4.950597874686175182e+00 6.072781198614525699e+00 7.193617994632064416e+00 7.589838486884458391e+00 5.246224715960234875e+00
5.000000000000000000e+00 7.159003902537615538e+00 7.174019867748282486e+00 6.856761211387735422e+00 4.950597874686175182e+00 0.000000000000000000e+00 5.569265327920294162e+00 7.305080080173918411e+00 7.701240192568356235e+00 5.684249544289409428e+00
6.000000000000000000e+00 7.491896527910756554e+00 7.506906367389370338e+00 7.189650288040994930e+00 6.072781198614525699e+00 5.569265327920294162e+00 0.000000000000000000e+00 7.632285091810177668e+00 8.028283419087948403e+00 6.195231158862220866e+00
7.000000000000000000e+00 7.819410779309122539e+00 7.834366622965935001e+00 7.517130192079840789e+00 7.193617994632064416e+00 7.305080080173918411e+00 7.632285091810177668e+00 0.000000000000000000e+00 7.024645183446969199e+00 6.728210976377081209e+00
8.000000000000000000e+00 8.215769839476109837e+00 8.230741732224945650e+00 7.913499259448450118e+00 7.589838486884458391e+00 7.701240192568356235e+00 8.028283419087948403e+00 7.024645183446969199e+00 0.000000000000000000e+00 7.124502143865813153e+00
9.000000000000000000e+00 6.575864868690539211e+00 6.590887341826521251e+00 6.273626017724602377e+00 5.246224715960234875e+00 5.684249544289409428e+00 6.195231158862220866e+00 6.728210976377081209e+00 7.124502143865813153e+00 0.000000000000000000e+00
