0.000000000000000000e+00 1.000000000000000000e+00 2.000000000000000000e+00 3.000000000000000000e+00 4.000000000000000000e+00 5.000000000000000000e+00 6.000000000000000000e+00 7.000000000000000000e+00 8.000000000000000000e+00 9.000000000000000000e+00
1.000000000000000000e+00 0.000000000000000000e+00 5.531341565668002058e-01 6.115926639817448329e-01 1.093722002458156872e+00 1.112984234452524479e+00 1.141488950338749753e+00 1.352487715331181173e+00 1.409696780359732671e+00 1.068865922302211446e+00
2.000000000000000000e+00 5.531341565668002058e-01 0.000000000000000000e+00 5.013818679512118681e-01 1.071448902247083002e+00 1.090731639232810135e+00 1.119109031846452940e+00 1.329251548945650674e+00 1.386524655405981576e+00 1.046720912781681223e+00
3.000000000000000000e+00 6.115926639817448329e-01 5.013818679512118681e-01 0.000000000000000000e+00 1.042536448325144249e+00 1.061825936777277324e+00 1.090203021140411899e+00 1.300338854979126380e+00 1.357610835542672589e+00 1.017805353658683076e+00
4.000000000000000000e+00 1.093722002458156872e+00 1.071448902247083002e+00 1.042536448325144249e+00 0.000000000000000000e+00 4.996583051762575334e-01 6.237660236060016405e-01 9.803869240708811272e-01 1.031312890917075897e+00 5.463594429764022653e-01
5.000000000000000000e+00 1.112984234452524479e+00 1.090731639232810135e+00 1.061825936777277324e+00 4.996583051762575334e-01 0.000000000000000000e+00 5.651819315050468084e-01 9.848768175655020496e-01 1.034447220915497567e+00 6.098428431965399188e-01
6.000000000000000000e+00 1.141488950338749753e+00 1.119109031846452940e+00 1.090203021140411899e+00 6.237660236060016405e-01 5.651819315050468084e-01 0.000000000000000000e+00 9.775066307110347186e-01 1.024799015309282524e+00 6.823210496406810766e-01
7.000000000000000000e+00 1.352487715331181173e+00 1.329251548945650674e+00 1.300338854979126380e+00 9.803869240708811272e-01 9.848768175655020496e-01 9.775066307110347186e-01 0.000000000000000000e+00 7.280695155874674640e-01 9.894925936020035895e-01
8.000000000000000000e+00 1.409696780359732671e+00 1.386524655405981576e+00 1.357610835542672589e+00 1.031312890917075897e+00 1.034447220915497567e+00 1.024799015309282524e+00 7.280695155874674640e-01 0.000000000000000000e+00 1.041823207969518661e+00
9.000000000000000000e+00 1.068865922302211446e+00 1.046720912781681223e+00 1.017805353658683076e+00 5.463594429764022653e-01 6.098428431965399188e-01 6.823210496406810766e-01 9.894925936020035895e-01 1.041823207969518661e+00 0.000000000000000000e+00
