0.000000000000000000e+00 1.000000000000000000e+00 2.000000000000000000e+00 3.000000000000000000e+00 4.000000000000000000e+00 5.000000000000000000e+00 6.000000000000000000e+00 7.000000000000000000e+00 8.000000000000000000e+00 9.000000000000000000e+00
1.000000000000000000e+00 0.000000000000000000e+00 8.531381484783294056e+00 9.808364764839161865e+00 9.193575453804635700e+00 9.470755638786965136e+00 9.695954388984484140e+00 1.316867104701701763e+01 1.376806513750769767e+01 8.696756794882656294e+00
2.000000000000000000e+00 8.531381484783294056e+00 0.000000000000000000e+00 9.720377538457249500e+00 1.069514607321825927e+01 1.097232364949256223e+01 1.119750071080250287e+01 1.466990236140703630e+01 1.526941681746926349e+01 1.019834366673972426e+01
3.000000000000000000e+00 9.808364764839161865e+00 9.720377538457249500e+00 0.000000000000000000e+00 1.050797225002285096e+01 1.078515547461741164e+01 1.101034555438809370e+01 1.448294500884094660e+01 1.508237608022928100e+01 1.001115533587842776e+01
4.000000000000000000e+00 9.193575453804635700e+00 1.069514607321825927e+01 1.050797225002285096e+01 0.000000000000000000e+00 5.002618412706972606e+00 6.229463436499608875e+00 1.138294763351429495e+01 1.198133487129878461e+01 5.427170997950220510e+00
5.000000000000000000e+00 9.470755638786965136e+00 1.097232364949256223e+01 1.078515547461741164e+01 5.002618412706972606e+00 0.000000000000000000e+00 5.671248268671721604e+00 1.165551284966194956e+01 1.225367411365666115e+01 6.028690349175105823e+00
6.000000000000000000e+00 9.695954388984484140e+00 1.119750071080250287e+01 1.101034555438809370e+01 6.229463436499608875e+00 5.671248268671721604e+00 0.000000000000000000e+00 1.187127850673832441e+01 1.246903624818889256e+01 6.629393003287322728e+00
7.000000000000000000e+00 1.316867104701701763e+01 1.466990236140703630e+01 1.448294500884094660e+01 1.138294763351429495e+01 1.165551284966194956e+01 1.187127850673832441e+01 0.000000000000000000e+00 1.362744472317519140e+01 1.089665924015714538e+01
8.000000000000000000e+00 1.376806513750769767e+01 1.526941681746926349e+01 1.508237608022928100e+01 1.198133487129878461e+01 1.225367411365666115e+01 1.246903624818889256e+01 1.362744472317519140e+01 0.000000000000000000e+00 1.149533515657683225e+01
9.000000000000000000e+00 8.696756794882656294e+00 1.019834366673972426e+01 1.001115533587842776e+01 5.427170997950220510e+00 6.028690349175105823e+00 6.629393003287322728e+00 1.089665924015714538e+01 1.149533515657683225e+01 0.000000000000000000e+00
