0.000000000000000000e+00 1.000000000000000000e+00 2.000000000000000000e+00 3.000000000000000000e+00 4.000000000000000000e+00 5.000000000000000000e+00 6.000000000000000000e+00 7.000000000000000000e+00 8.000000000000000000e+00 9.000000000000000000e+00
1.000000000000000000e+00 0.000000000000000000e+00 2.111850460517377570e+00 5.106709428186358757e+00 3.748436426041271141e-01 3.774267940489614559e-01 3.811065846657110678e-01 4.872839235549209391e+00 4.920850295090017035e+00 3.711227498138686132e-01
2.000000000000000000e+00 2.111850460517377570e+00 0.000000000000000000e+00 6.631269139814269131e+00 2.421470197188114515e+00 2.424055862686306462e+00 2.427738484415603804e+00 6.934903826762274903e+00 6.975431746053051718e+00 2.417742722192867344e+00
3.000000000000000000e+00 5.106709428186358757e+00 6.631269139814269131e+00 0.000000000000000000e+00 5.257313878121476769e+00 5.259913963284429173e+00 5.263613011137957542e+00 9.860794704125824595e+00 9.857663473439199464e+00 5.253548424439359543e+00
4.000000000000000000e+00 3.748436426041271141e-01 2.421470197188114515e+00 5.257313878121476769e+00 0.000000000000000000e+00 1.037365338727580522e-02 1.477760031967179088e-02 4.937591034118666400e+00 4.803692269878083287e+00 1.311722517452779124e-02
5.000000000000000000e+00 3.774267940489614559e-01 2.424055862686306462e+00 5.259913963284429173e+00 1.037365338727580522e-02 0.000000000000000000e+00 1.251290988166769980e-02 4.940120509317489805e+00 4.806162455995054650e+00 1.591486600377850502e-02
6.000000000000000000e+00 3.811065846657110678e-01 2.427738484415603804e+00 5.263613011137957542e+00 1.477760031967179088e-02 1.251290988166769980e-02 0.000000000000000000e+00 4.943737448636515097e+00 4.809708646341712246e+00 1.997645171646261764e-02
7.000000000000000000e+00 4.872839235549209391e+00 6.934903826762274903e+00 9.860794704125824595e+00 4.937591034118666400e+00 4.940120509317489805e+00 4.943737448636515097e+00 0.000000000000000000e+00 8.737642128830216848e+00 4.934001724992886473e+00
8.000000000000000000e+00 4.920850295090017035e+00 6.975431746053051718e+00 9.857663473439199464e+00 4.803692269878083287e+00 4.806162455995054650e+00 4.809708646341712246e+00 8.737642128830216848e+00 0.000000000000000000e+00 4.800240841259996394e+00
9.000000000000000000e+00 3.711227498138686132e-01 2.417742722192867344e+00 5.253548424439359543e+00 1.311722517452779124e-02 1.591486600377850502e-02 1.997645171646261764e-02 4.934001724992886473e+00 4.800240841259996394e+00 0.000000000000000000e+00
