0.000000000000000000e+00 1.000000000000000000e+00 2.000000000000000000e+00 3.000000000000000000e+00 4.000000000000000000e+00 5.000000000000000000e+00 6.000000000000000000e+00 7.000000000000000000e+00 8.000000000000000000e+00 9.000000000000000000e+00
1.000000000000000000e+00 0.000000000000000000e+00 2.073697509130058680e+00 2.883807221994092451e+00 1.273162085155253309e-01 1.277973590976107243e-01 1.279508596835617629e-01 3.068667544627706079e+00 3.466738374661958666e+00 1.270147071715481690e-01
2.000000000000000000e+00 2.073697509130058680e+00 0.000000000000000000e+00 4.498262096652124065e+00 2.167472645741983950e+00 2.167962323744721420e+00 2.168129431421127684e+00 5.114488387896939159e+00 5.510022666203210129e+00 2.167154323762982671e+00
3.000000000000000000e+00 2.883807221994092451e+00 4.498262096652124065e+00 0.000000000000000000e+00 2.908621488010245670e+00 2.909142090569654115e+00 2.909358531270980208e+00 5.875906547210432151e+00 6.262364723845581516e+00 2.908242241065070566e+00
4.000000000000000000e+00 1.273162085155253309e-01 2.167472645741983950e+00 2.908621488010245670e+00 0.000000000000000000e+00 5.142426992648302386e-03 6.884477114862480596e-03 3.022742311647059310e+00 3.389937437859023461e+00 6.166727591191883961e-03
5.000000000000000000e+00 1.277973590976107243e-01 2.167962323744721420e+00 2.909142090569654115e+00 5.142426992648302386e-03 0.000000000000000000e+00 5.994021813013811206e-03 3.023112272425634295e+00 3.390221758641214223e+00 7.395920448754200738e-03
6.000000000000000000e+00 1.279508596835617629e-01 2.168129431421127684e+00 2.909358531270980208e+00 6.884477114862480596e-03 5.994021813013811206e-03 0.000000000000000000e+00 3.023089348335754600e+00 3.390063211820542932e+00 8.758048942828444705e-03
7.000000000000000000e+00 3.068667544627706079e+00 5.114488387896939159e+00 5.875906547210432151e+00 3.022742311647059310e+00 3.023112272425634295e+00 3.023089348335754600e+00 0.000000000000000000e+00 5.882666869500664752e+00 3.022647441272716229e+00
8.000000000000000000e+00 3.466738374661958666e+00 5.510022666203210129e+00 6.262364723845581516e+00 3.389937437859023461e+00 3.390221758641214223e+00 3.390063211820542932e+00 5.882666869500664752e+00 0.000000000000000000e+00 3.389997098488140459e+00
9.000000000000000000e+00 1.270147071715481690e-01 2.167154323762982671e+00 2.908242241065070566e+00 6.166727591191883961e-03 7.395920448754200738e-03 8.758048942828444705e-03 3.022647441272716229e+00 3.389997098488140459e+00 0.000000000000000000e+00
