0.000000000000000000e+00 1.000000000000000000e+00 2.000000000000000000e+00 3.000000000000000000e+00 4.000000000000000000e+00 5.000000000000000000e+00 6.000000000000000000e+00 7.000000000000000000e+00 8.000000000000000000e+00 9.000000000000000000e+00
1.000000000000000000e+00 0.000000000000000000e+00 7.041978941673278369e-03 1.968627889306472367e+00 4.620023464544188718e-02 4.692969335538897668e-02 4.835719120897609413e-02 1.271019649979712840e+00 7.311779440720747592e-02 4.635429874001659178e-02
2.000000000000000000e+00 7.041978941673278369e-03 0.000000000000000000e+00 1.965991963712908186e+00 4.691280127088857943e-02 4.763802974324028716e-02 4.906014747806324017e-02 1.270606005459531618e+00 7.271179883102238395e-02 4.708678750019473780e-02
3.000000000000000000e+00 1.968627889306472367e+00 1.965991963712908186e+00 0.000000000000000000e+00 1.998096119277619209e+00 1.998835846433807406e+00 2.000276400231352891e+00 3.225637062997249949e+00 2.027716784763100577e+00 1.998201920044045066e+00
4.000000000000000000e+00 4.620023464544188718e-02 4.691280127088857943e-02 1.998096119277619209e+00 0.000000000000000000e+00 5.127436880780607276e-03 7.161821023520545393e-03 1.262507689737696781e+00 6.440395135791976422e-02 6.031173292611338721e-03
5.000000000000000000e+00 4.692969335538897668e-02 4.763802974324028716e-02 1.998835846433807406e+00 5.127436880780607276e-03 0.000000000000000000e+00 6.122601041222856810e-03 1.263141719351768666e+00 6.503653824402247374e-02 7.126540356898233841e-03
6.000000000000000000e+00 4.835719120897609413e-02 4.906014747806324017e-02 2.000276400231352891e+00 7.161821023520545393e-03 6.122601041222856810e-03 0.000000000000000000e+00 1.264448755132713709e+00 6.634187217759215938e-02 8.946346314770918517e-03
7.000000000000000000e+00 1.271019649979712840e+00 1.270606005459531618e+00 3.225637062997249949e+00 1.262507689737696781e+00 1.263141719351768666e+00 1.264448755132713709e+00 0.000000000000000000e+00 1.225547656070433478e+00 1.263086301676700884e+00
8.000000000000000000e+00 7.311779440720747592e-02 7.271179883102238395e-02 2.027716784763100577e+00 6.440395135791976422e-02 6.503653824402247374e-02 6.634187217759215938e-02 1.225547656070433478e+00 0.000000000000000000e+00 6.498552867724612103e-02
9.000000000000000000e+00 4.635429874001659178e-02 4.708678750019473780e-02 1.998201920044045066e+00 6.031173292611338721e-03 7.126540356898233841e-03 8.946346314770918517e-03 1.263086301676700884e+00 6.498552867724612103e-02 0.000000000000000000e+00
