0.000000000000000000e+00 1.000000000000000000e+00 2.000000000000000000e+00 3.000000000000000000e+00 4.000000000000000000e+00 5.000000000000000000e+00 6.000000000000000000e+00 7.000000000000000000e+00 8.000000000000000000e+00 9.000000000000000000e+00
1.000000000000000000e+00 0.000000000000000000e+00 8.825453659746914425e+00 1.235623380195575116e+01 1.028044810958373745e+01 1.062145191027357072e+01 1.099647461358738809e+01 1.657307116523663026e+01 1.630359148750596887e+01 9.857385495389941354e+00
2.000000000000000000e+00 8.825453659746914425e+00 0.000000000000000000e+00 1.186988309410356557e+01 1.172617907846441199e+01 1.206717414637819985e+01 1.244215926403135342e+01 1.801772906724135126e+01 1.774869491648956910e+01 1.130315874351828143e+01
3.000000000000000000e+00 1.235623380195575116e+01 1.186988309410356557e+01 0.000000000000000000e+00 1.351713244435789107e+01 1.385814010883378700e+01 1.423315034240841470e+01 1.980941821295696670e+01 1.954006673022647789e+01 1.309407590975452962e+01
4.000000000000000000e+00 1.028044810958373745e+01 1.172617907846441199e+01 1.351713244435789107e+01 0.000000000000000000e+00 5.032517014233675923e+00 6.397022244671095592e+00 1.412856930373603959e+01 1.385623441988892779e+01 5.558233209609024783e+00
5.000000000000000000e+00 1.062145191027357072e+01 1.206717414637819985e+01 1.385814010883378700e+01 5.032517014233675923e+00 0.000000000000000000e+00 5.762994971408769374e+00 1.446340402987891594e+01 1.419067531710152963e+01 6.251200693309304057e+00
6.000000000000000000e+00 1.099647461358738809e+01 1.244215926403135342e+01 1.423315034240841470e+01 6.397022244671095592e+00 5.762994971408769374e+00 0.000000000000000000e+00 1.482644344617781229e+01 1.455304627499293701e+01 7.039543657602283844e+00
7.000000000000000000e+00 1.657307116523663026e+01 1.801772906724135126e+01 1.980941821295696670e+01 1.412856930373603959e+01 1.446340402987891594e+01 1.482644344617781229e+01 0.000000000000000000e+00 1.684238532007813660e+01 1.372069389273833906e+01
8.000000000000000000e+00 1.630359148750596887e+01 1.774869491648956910e+01 1.954006673022647789e+01 1.385623441988892779e+01 1.419067531710152963e+01 1.455304627499293701e+01 1.684238532007813660e+01 0.000000000000000000e+00 1.344887021723990728e+01
9.000000000000000000e+00 9.857385495389941354e+00 1.130315874351828143e+01 1.309407590975452962e+01 5.558233209609024783e+00 6.251200693309304057e+00 7.039543657602283844e+00 1.372069389273833906e+01 1.344887021723990728e+01 0.000000000000000000e+00
