0.000000000000000000e+00 1.000000000000000000e+00 2.000000000000000000e+00 3.000000000000000000e+00 4.000000000000000000e+00 5.000000000000000000e+00 6.000000000000000000e+00 7.000000000000000000e+00 8.000000000000000000e+00 9.000000000000000000e+00
1.000000000000000000e+00 0.000000000000000000e+00 5.533742912262945568e-01 6.129073966494915648e-01 1.217641642018041814e+00 1.237998280226908276e+00 1.275752066333371015e+00 1.563501868675061024e+00 1.637163122259060577e+00 1.186519336910142552e+00
2.000000000000000000e+00 5.533742912262945568e-01 0.000000000000000000e+00 5.015148677513647790e-01 1.186822346833134034e+00 1.207194288355220246e+00 1.244767278935815291e+00 1.531507567160267369e+00 1.605238933325791040e+00 1.155876533200893341e+00
3.000000000000000000e+00 6.129073966494915648e-01 5.015148677513647790e-01 0.000000000000000000e+00 1.157833479825714829e+00 1.178210155376894219e+00 1.215780178849100945e+00 1.502498828770870043e+00 1.576231435540093928e+00 1.126886904668942258e+00
4.000000000000000000e+00 1.217641642018041814e+00 1.186822346833134034e+00 1.157833479825714829e+00 0.000000000000000000e+00 5.002259773173034496e-01 6.280786583218378460e-01 1.057951756247836217e+00 1.123658817739604965e+00 5.482368438056330895e-01
5.000000000000000000e+00 1.237998280226908276e+00 1.207194288355220246e+00 1.178210155376894219e+00 5.002259773173034496e-01 0.000000000000000000e+00 5.671897460888053466e-01 1.055398027836576214e+00 1.119373236300886143e+00 6.138161537677486734e-01
6.000000000000000000e+00 1.275752066333371015e+00 1.244767278935815291e+00 1.215780178849100945e+00 6.280786583218378460e-01 5.671897460888053466e-01 0.000000000000000000e+00 1.036465223638666666e+00 1.097368915700133618e+00 6.931522274555379504e-01
7.000000000000000000e+00 1.563501868675061024e+00 1.531507567160267369e+00 1.502498828770870043e+00 1.057951756247836217e+00 1.055398027836576214e+00 1.036465223638666666e+00 0.000000000000000000e+00 7.326203681791818578e-01 1.079019797236719036e+00
8.000000000000000000e+00 1.637163122259060577e+00 1.605238933325791040e+00 1.576231435540093928e+00 1.123658817739604965e+00 1.119373236300886143e+00 1.097368915700133618e+00 7.326203681791818578e-01 0.000000000000000000e+00 1.146549411118965356e+00
9.000000000000000000e+00 1.186519336910142552e+00 1.155876533200893341e+00 1.126886904668942258e+00 5.482368438056330895e-01 6.138161537677486734e-01 6.931522274555379504e-01 1.079019797236719036e+00 1.146549411118965356e+00 0.000000000000000000e+00
