0.000000000000000000e+00 1.000000000000000000e+00 2.000000000000000000e+00 3.000000000000000000e+00 4.000000000000000000e+00 5.000000000000000000e+00 6.000000000000000000e+00 7.000000000000000000e+00 8.000000000000000000e+00 9.000000000000000000e+00
1.000000000000000000e+00 0.000000000000000000e+00 5.493148070172029218e-01 6.029037153572165408e-01 1.167708209980824252e+00 1.188259979514638465e+00 1.230032878004969410e+00 1.516588682422097545e+00 1.589471009359988418e+00 1.139238506364631975e+00
2.000000000000000000e+00 5.493148070172029218e-01 0.000000000000000000e+00 4.990426178792743972e-01 1.139902493621292257e+00 1.160465173814012152e+00 1.202076346720248656e+00 1.487646792971116572e+00 1.560602342694665357e+00 1.111588903283331708e+00
3.000000000000000000e+00 6.029037153572165408e-01 4.990426178792743972e-01 0.000000000000000000e+00 1.111873900121007841e+00 1.132440242377829032e+00 1.174060254888298127e+00 1.459675003128166004e+00 1.532627048767564837e+00 1.083548891297902328e+00
4.000000000000000000e+00 1.167708209980824252e+00 1.139902493621292257e+00 1.111873900121007841e+00 0.000000000000000000e+00 4.916310386280355882e-01 6.165121024732702626e-01 1.034743962448807064e+00 1.100141996272176126e+00 5.319271114025339031e-01
5.000000000000000000e+00 1.188259979514638465e+00 1.160465173814012152e+00 1.132440242377829032e+00 4.916310386280355882e-01 0.000000000000000000e+00 5.627781252259032030e-01 1.035426114599017122e+00 1.099281353402362438e+00 5.887691850732890142e-01
6.000000000000000000e+00 1.230032878004969410e+00 1.202076346720248656e+00 1.174060254888298127e+00 6.165121024732702626e-01 5.627781252259032030e-01 0.000000000000000000e+00 1.024058884206951792e+00 1.085043799957160271e+00 6.707767696552136005e-01
7.000000000000000000e+00 1.516588682422097545e+00 1.487646792971116572e+00 1.459675003128166004e+00 1.034743962448807064e+00 1.035426114599017122e+00 1.024058884206951792e+00 0.000000000000000000e+00 7.291597032171188708e-01 1.050875023595820634e+00
8.000000000000000000e+00 1.589471009359988418e+00 1.560602342694665357e+00 1.532627048767564837e+00 1.100141996272176126e+00 1.099281353402362438e+00 1.085043799957160271e+00 7.291597032171188708e-01 0.000000000000000000e+00 1.117760754527584721e+00
9.000000000000000000e+00 1.139238506364631975e+00 1.111588903283331708e+00 1.083548891297902328e+00 5.319271114025339031e-01 5.887691850732890142e-01 6.707767696552136005e-01 1.050875023595820634e+00 1.117760754527584721e+00 0.000000000000000000e+00
