0.000000000000000000e+00 1.000000000000000000e+00 2.000000000000000000e+00 3.000000000000000000e+00 4.000000000000000000e+00 5.000000000000000000e+00 6.000000000000000000e+00 7.000000000000000000e+00 8.000000000000000000e+00 9.000000000000000000e+00
1.000000000000000000e+00 0.000000000000000000e+00 5.598110771882353065e-02 6.283307643700182521e-02 1.766604981498159921e-01 1.765353082888306280e-01 1.792491668644444758e-01 2.260784194928821267e-01 2.395267982946061303e-01 1.795277029942130842e-01
2.000000000000000000e+00 5.598110771882353065e-02 0.000000000000000000e+00 5.037223860064532488e-02 1.730600916559365543e-01 1.729562542437186323e-01 1.756247317571147382e-01 2.212965542387777818e-01 2.348114855571148130e-01 1.759704258890281980e-01
3.000000000000000000e+00 6.283307643700182521e-02 5.037223860064532488e-02 0.000000000000000000e+00 1.712409229236919184e-01 1.711423725038422328e-01 1.737997949881494586e-01 2.191890890408818293e-01 2.327202653854646697e-01 1.741617166935611472e-01
4.000000000000000000e+00 1.766604981498159921e-01 1.730600916559365543e-01 1.712409229236919184e-01 0.000000000000000000e+00 5.049763627021214285e-02 6.469638164860841423e-02 1.705308168641186672e-01 1.805766419014165625e-01 5.695580524707724579e-02
5.000000000000000000e+00 1.765353082888306280e-01 1.729562542437186323e-01 1.711423725038422328e-01 5.049763627021214285e-02 0.000000000000000000e+00 5.736199281456277888e-02 1.695486031586114495e-01 1.794524035807116003e-01 6.549530756067648007e-02
6.000000000000000000e+00 1.792491668644444758e-01 1.756247317571147382e-01 1.737997949881494586e-01 6.469638164860841423e-02 5.736199281456277888e-02 0.000000000000000000e+00 1.681007542528522858e-01 1.776996475218972360e-01 7.602880278084081511e-02
7.000000000000000000e+00 2.260784194928821267e-01 2.212965542387777818e-01 2.191890890408818293e-01 1.705308168641186672e-01 1.695486031586114495e-01 1.681007542528522858e-01 0.000000000000000000e+00 7.589026907972937219e-02 1.768797899984141109e-01
8.000000000000000000e+00 2.395267982946061303e-01 2.348114855571148130e-01 2.327202653854646697e-01 1.805766419014165625e-01 1.794524035807116003e-01 1.776996475218972360e-01 7.589026907972937219e-02 0.000000000000000000e+00 1.871458739619535627e-01
9.000000000000000000e+00 1.795277029942130842e-01 1.759704258890281980e-01 1.741617166935611472e-01 5.695580524707724579e-02 6.549530756067648007e-02 7.602880278084081511e-02 1.768797899984141109e-01 1.871458739619535627e-01 0.000000000000000000e+00
