0.000000000000000000e+00 1.000000000000000000e+00 2.000000000000000000e+00 3.000000000000000000e+00 4.000000000000000000e+00 5.000000000000000000e+00 6.000000000000000000e+00 7.000000000000000000e+00 8.000000000000000000e+00 9.000000000000000000e+00
1.000000000000000000e+00 0.000000000000000000e+00 5.533745302232749852e-01 6.129076681773579782e-01 1.219265519658271568e+00 1.240361270243472092e+00 1.279759254238676869e+00 1.567752536599254176e+00 1.642052034405171224e+00 1.187504301423517594e+00
2.000000000000000000e+00 5.533745302232749852e-01 0.000000000000000000e+00 5.015148669497688783e-01 1.188411811400804208e+00 1.209517018514369546e+00 1.248720901147593265e+00 1.535703470917833657e+00 1.610070575084657118e+00 1.156836422973001044e+00
3.000000000000000000e+00 6.129076681773579782e-01 5.015148669497688783e-01 0.000000000000000000e+00 1.159420557003356667e+00 1.180530158120176587e+00 1.219730483736622295e+00 1.506691713794531262e+00 1.581059945842186121e+00 1.127844895902850864e+00
4.000000000000000000e+00 1.219265519658271568e+00 1.188411811400804208e+00 1.159420557003356667e+00 0.000000000000000000e+00 5.003209495522651373e-01 6.289817774627903813e-01 1.060646736522118827e+00 1.126923576149879036e+00 5.484078870791182503e-01
5.000000000000000000e+00 1.240361270243472092e+00 1.209517018514369546e+00 1.180530158120176587e+00 5.003209495522651373e-01 0.000000000000000000e+00 5.677079898114889556e-01 1.058211414149688556e+00 1.122746795967079603e+00 6.143178831259630268e-01
6.000000000000000000e+00 1.279759254238676869e+00 1.248720901147593265e+00 1.219730483736622295e+00 6.289817774627903813e-01 5.677079898114889556e-01 0.000000000000000000e+00 1.038667465929560274e+00 1.100021543271936686e+00 6.949696775658809056e-01
7.000000000000000000e+00 1.567752536599254176e+00 1.535703470917833657e+00 1.506691713794531262e+00 1.060646736522118827e+00 1.058211414149688556e+00 1.038667465929560274e+00 0.000000000000000000e+00 7.326771968983138983e-01 1.082353500430031312e+00
8.000000000000000000e+00 1.642052034405171224e+00 1.610070575084657118e+00 1.581059945842186121e+00 1.126923576149879036e+00 1.122746795967079603e+00 1.100021543271936686e+00 7.326771968983138983e-01 0.000000000000000000e+00 1.150502968391274417e+00
9.000000000000000000e+00 1.187504301423517594e+00 1.156836422973001044e+00 1.127844895902850864e+00 5.484078870791182503e-01 6.143178831259630268e-01 6.949696775658809056e-01 1.082353500430031312e+00 1.150502968391274417e+00 0.000000000000000000e+00
