0.000000000000000000e+00 1.000000000000000000e+00 2.000000000000000000e+00 3.000000000000000000e+00 4.000000000000000000e+00 5.000000000000000000e+00 6.000000000000000000e+00 7.000000000000000000e+00 8.000000000000000000e+00 9.000000000000000000e+00
1.000000000000000000e+00 0.000000000000000000e+00 5.533257795764243703e-01 6.128025229603519808e-01 1.196234480057945415e+00 1.214289596901831914e+00 1.251424151590793121e+00 1.526762196517201797e+00 1.599414128339447627e+00 1.162749761810047522e+00
2.000000000000000000e+00 5.533257795764243703e-01 0.000000000000000000e+00 5.015038471395751873e-01 1.165780823961818147e+00 1.183858100629285204e+00 1.220824812641847723e+00 1.495161885383891498e+00 1.567885873906106342e+00 1.132465988344441010e+00
3.000000000000000000e+00 6.128025229603519808e-01 5.015038471395751873e-01 0.000000000000000000e+00 1.136895656819139067e+00 1.154977762487543025e+00 1.191941372248105369e+00 1.466252965019584575e+00 1.538978609548984133e+00 1.103581187353423809e+00
4.000000000000000000e+00 1.196234480057945415e+00 1.165780823961818147e+00 1.136895656819139067e+00 0.000000000000000000e+00 4.992100735892872621e-01 6.245134726345678011e-01 1.033600013381443805e+00 1.098974973943547040e+00 5.441155994844923960e-01
5.000000000000000000e+00 1.214289596901831914e+00 1.183858100629285204e+00 1.154977762487543025e+00 4.992100735892872621e-01 0.000000000000000000e+00 5.656050024871301929e-01 1.031308610934047465e+00 1.095065940738584986e+00 6.051138135896219072e-01
6.000000000000000000e+00 1.251424151590793121e+00 1.220824812641847723e+00 1.191941372248105369e+00 6.245134726345678011e-01 5.656050024871301929e-01 0.000000000000000000e+00 1.015762014910742028e+00 1.076660935676459596e+00 6.805742239545209404e-01
7.000000000000000000e+00 1.526762196517201797e+00 1.495161885383891498e+00 1.466252965019584575e+00 1.033600013381443805e+00 1.031308610934047465e+00 1.015762014910742028e+00 0.000000000000000000e+00 7.315482881247901137e-01 1.047791064664906679e+00
8.000000000000000000e+00 1.599414128339447627e+00 1.567885873906106342e+00 1.538978609548984133e+00 1.098974973943547040e+00 1.095065940738584986e+00 1.076660935676459596e+00 7.315482881247901137e-01 0.000000000000000000e+00 1.114737210063742490e+00
9.000000000000000000e+00 1.162749761810047522e+00 1.132465988344441010e+00 1.103581187353423809e+00 5.441155994844923960e-01 6.051138135896219072e-01 6.805742239545209404e-01 1.047791064664906679e+00 1.114737210063742490e+00 0.000000000000000000e+00
