0.000000000000000000e+00 1.000000000000000000e+00 2.000000000000000000e+00 3.000000000000000000e+00 4.000000000000000000e+00 5.000000000000000000e+00 6.000000000000000000e+00 7.000000000000000000e+00 8.000000000000000000e+00 9.000000000000000000e+00
1.000000000000000000e+00 0.000000000000000000e+00 8.027023992482265613e-02 2.764299062110263661e-01 5.981754604580752366e-01 4.351823243736144819e-01 4.600282468651580858e-01 7.333907167069603217e-01 6.505473132373501555e-01 6.026137656015978505e-01
2.000000000000000000e+00 8.027023992482265613e-02 0.000000000000000000e+00 2.364742569520111859e-01 5.812214859810685974e-01 4.182405567366838106e-01 4.430667467722823050e-01 7.158201446081092767e-01 6.330149142072279966e-01 5.857419664975397344e-01
3.000000000000000000e+00 2.764299062110263661e-01 2.364742569520111859e-01 0.000000000000000000e+00 7.460682229068152926e-01 5.830907414415723578e-01 6.079230272236210153e-01 8.808260596960347799e-01 7.980113194300245683e-01 7.505607825242585074e-01
4.000000000000000000e+00 5.981754604580752366e-01 5.812214859810685974e-01 7.460682229068152926e-01 0.000000000000000000e+00 2.377347439767595327e-01 2.762538770611920880e-01 6.378171662031971723e-01 5.503758720222647893e-01 4.327811489315774862e-01
5.000000000000000000e+00 4.351823243736144819e-01 4.182405567366838106e-01 5.830907414415723578e-01 2.377347439767595327e-01 0.000000000000000000e+00 8.475857688036592119e-02 4.674634679729608999e-01 3.794724122654621334e-01 2.877587721064109871e-01
6.000000000000000000e+00 4.600282468651580858e-01 4.430667467722823050e-01 6.079230272236210153e-01 2.762538770611920880e-01 8.475857688036592119e-02 0.000000000000000000e+00 4.838909620427086500e-01 3.953699782684593211e-01 3.187271054079899857e-01
7.000000000000000000e+00 7.333907167069603217e-01 7.158201446081092767e-01 8.808260596960347799e-01 6.378171662031971723e-01 4.674634679729608999e-01 4.838909620427086500e-01 0.000000000000000000e+00 2.932340752362347924e-01 6.626665445005873734e-01
8.000000000000000000e+00 6.505473132373501555e-01 6.330149142072279966e-01 7.980113194300245683e-01 5.503758720222647893e-01 3.794724122654621334e-01 3.953699782684593211e-01 2.932340752362347924e-01 0.000000000000000000e+00 5.759045996550450353e-01
9.000000000000000000e+00 6.026137656015978505e-01 5.857419664975397344e-01 7.505607825242585074e-01 4.327811489315774862e-01 2.877587721064109871e-01 3.187271054079899857e-01 6.626665445005873734e-01 5.759045996550450353e-01 0.000000000000000000e+00
