0.000000000000000000e+00 1.000000000000000000e+00 2.000000000000000000e+00 3.000000000000000000e+00 4.000000000000000000e+00 5.000000000000000000e+00 6.000000000000000000e+00 7.000000000000000000e+00 8.000000000000000000e+00 9.000000000000000000e+00
1.000000000000000000e+00 0.000000000000000000e+00 5.531605242889927609e-01 6.124501355203053610e-01 1.137493034952107518e+00 1.148366877251438822e+00 1.190344837410561185e+00 1.427191661962937674e+00 1.499648085122204932e+00 1.103162355025780972e+00
2.000000000000000000e+00 5.531605242889927609e-01 0.000000000000000000e+00 5.014684696864921687e-01 1.107968223853481593e+00 1.118859545809417710e+00 1.160630425220320783e+00 1.396391699816632803e+00 1.468921089092845467e+00 1.073838377680015554e+00
3.000000000000000000e+00 6.124501355203053610e-01 5.014684696864921687e-01 0.000000000000000000e+00 1.079440301624650989e+00 1.090335119093064797e+00 1.132098279313623612e+00 1.367819659201978011e+00 1.440351480220547487e+00 1.045318728833075639e+00
4.000000000000000000e+00 1.137493034952107518e+00 1.107968223853481593e+00 1.079440301624650989e+00 0.000000000000000000e+00 4.968920213272784991e-01 6.205969548991900897e-01 9.781110764054889994e-01 1.044161304720635730e+00 5.337960428359709297e-01
5.000000000000000000e+00 1.148366877251438822e+00 1.118859545809417710e+00 1.090335119093064797e+00 4.968920213272784991e-01 0.000000000000000000e+00 5.642934717130005939e-01 9.747071282024888372e-01 1.039387788326558759e+00 5.836587562296067233e-01
6.000000000000000000e+00 1.190344837410561185e+00 1.160630425220320783e+00 1.132098279313623612e+00 6.205969548991900897e-01 5.642934717130005939e-01 0.000000000000000000e+00 9.658055484192733520e-01 1.027383258072186667e+00 6.575828817155073835e-01
7.000000000000000000e+00 1.427191661962937674e+00 1.396391699816632803e+00 1.367819659201978011e+00 9.781110764054889994e-01 9.747071282024888372e-01 9.658055484192733520e-01 0.000000000000000000e+00 7.283748041311710608e-01 9.802876132414568566e-01
8.000000000000000000e+00 1.499648085122204932e+00 1.468921089092845467e+00 1.440351480220547487e+00 1.044161304720635730e+00 1.039387788326558759e+00 1.027383258072186667e+00 7.283748041311710608e-01 0.000000000000000000e+00 1.047500584951093661e+00
9.000000000000000000e+00 1.103162355025780972e+00 1.073838377680015554e+00 1.045318728833075639e+00 5.337960428359709297e-01 5.836587562296067233e-01 6.575828817155073835e-01 9.802876132414568566e-01 1.047500584951093661e+00 0.000000000000000000e+00
