0.000000000000000000e+00 1.000000000000000000e+00 2.000000000000000000e+00 3.000000000000000000e+00 4.000000000000000000e+00 5.000000000000000000e+00 6.000000000000000000e+00 7.000000000000000000e+00 8.000000000000000000e+00 9.000000000000000000e+00
1.000000000000000000e+00 0.000000000000000000e+00 6.231803341419682729e-01 6.707908804283714277e-01 3.319928861177219304e+00 1.634430499366586131e+00 1.869426718630287532e+00 2.224350116421064616e+00 2.318668292009523402e+00 3.229258341109435992e+00
2.000000000000000000e+00 6.231803341419682729e-01 0.000000000000000000e+00 5.169932368269239964e-01 3.264228282432185324e+00 1.579052215599501485e+00 1.813715645126939613e+00 2.164322590815169978e+00 2.258882399503783223e+00 3.174199519485635168e+00
3.000000000000000000e+00 6.707908804283714277e-01 5.169932368269239964e-01 0.000000000000000000e+00 3.201160367805772289e+00 1.516059849293530215e+00 1.750648811517177883e+00 2.100287173366726545e+00 2.194901091354135136e+00 3.111273904087144881e+00
4.000000000000000000e+00 3.319928861177219304e+00 3.264228282432185324e+00 3.201160367805772289e+00 0.000000000000000000e+00 2.278968683396434436e+00 2.607151437163160779e+00 3.253903653398274809e+00 3.332020792459541081e+00 3.999773068321338609e+00
5.000000000000000000e+00 1.634430499366586131e+00 1.579052215599501485e+00 1.516059849293530215e+00 2.278968683396434436e+00 0.000000000000000000e+00 7.993676398680999995e-01 1.554317742010670411e+00 1.630324110024089723e+00 2.394273222326993800e+00
6.000000000000000000e+00 1.869426718630287532e+00 1.813715645126939613e+00 1.750648811517177883e+00 2.607151437163160779e+00 7.993676398680999995e-01 0.000000000000000000e+00 1.728475284118034860e+00 1.801536980911259800e+00 2.661092279185092391e+00
7.000000000000000000e+00 2.224350116421064616e+00 2.164322590815169978e+00 2.100287173366726545e+00 3.253903653398274809e+00 1.554317742010670411e+00 1.728475284118034860e+00 0.000000000000000000e+00 8.399328658376687962e-01 3.246968024033397793e+00
8.000000000000000000e+00 2.318668292009523402e+00 2.258882399503783223e+00 2.194901091354135136e+00 3.332020792459541081e+00 1.630324110024089723e+00 1.801536980911259800e+00 8.399328658376687962e-01 0.000000000000000000e+00 3.327671742768264718e+00
9.000000000000000000e+00 3.229258341109435992e+00 3.174199519485635168e+00 3.111273904087144881e+00 3.999773068321338609e+00 2.394273222326993800e+00 2.661092279185092391e+00 3.246968024033397793e+00 3.327671742768264718e+00 0.000000000000000000e+00
