0.000000000000000000e+00 1.000000000000000000e+00 2.000000000000000000e+00 3.000000000000000000e+00 4.000000000000000000e+00 5.000000000000000000e+00 6.000000000000000000e+00 7.000000000000000000e+00 8.000000000000000000e+00 9.000000000000000000e+00
1.000000000000000000e+00 0.000000000000000000e+00 5.533737887723029214e-01 6.129068242664507116e-01 1.214275069487546377e+00 1.233223352406750406e+00 1.267883188289527396e+00 1.554902072291513226e+00 1.627371552264027077e+00 1.184453364933500730e+00
2.000000000000000000e+00 5.533737887723029214e-01 0.000000000000000000e+00 5.015148657625970730e-01 1.183529367388060694e+00 1.202505020893084753e+00 1.237010937561827451e+00 1.523023005421531240e+00 1.595567819691757538e+00 1.153864764828085310e+00
3.000000000000000000e+00 6.129068242664507116e-01 5.015148657625970730e-01 0.000000000000000000e+00 1.154545560385423331e+00 1.173526665583010553e+00 1.208030856303668799e+00 1.494020742488852749e+00 1.566567044490331018e+00 1.124879146933744689e+00
4.000000000000000000e+00 1.214275069487546377e+00 1.183529367388060694e+00 1.154545560385423331e+00 0.000000000000000000e+00 5.000612115338320951e-01 6.264776733211725457e-01 1.053037166437914118e+00 1.117740822751040586e+00 5.479197641539443886e-01
5.000000000000000000e+00 1.233223352406750406e+00 1.202505020893084753e+00 1.173526665583010553e+00 5.000612115338320951e-01 0.000000000000000000e+00 5.662629589912171468e-01 1.050383675277294815e+00 1.113385595041046727e+00 6.129116888996644086e-01
6.000000000000000000e+00 1.267883188289527396e+00 1.237010937561827451e+00 1.208030856303668799e+00 6.264776733211725457e-01 5.662629589912171468e-01 0.000000000000000000e+00 1.032848716504601638e+00 1.093008902057938325e+00 6.898835948890873482e-01
7.000000000000000000e+00 1.554902072291513226e+00 1.523023005421531240e+00 1.494020742488852749e+00 1.053037166437914118e+00 1.050383675277294815e+00 1.032848716504601638e+00 0.000000000000000000e+00 7.325278219877118246e-01 1.072781134777990086e+00
8.000000000000000000e+00 1.627371552264027077e+00 1.595567819691757538e+00 1.566567044490331018e+00 1.117740822751040586e+00 1.113385595041046727e+00 1.093008902057938325e+00 7.325278219877118246e-01 0.000000000000000000e+00 1.139197553092206050e+00
9.000000000000000000e+00 1.184453364933500730e+00 1.153864764828085310e+00 1.124879146933744689e+00 5.479197641539443886e-01 6.129116888996644086e-01 6.898835948890873482e-01 1.072781134777990086e+00 1.139197553092206050e+00 0.000000000000000000e+00
