0.000000000000000000e+00 1.000000000000000000e+00 2.000000000000000000e+00 3.000000000000000000e+00 4.000000000000000000e+00 5.000000000000000000e+00 6.000000000000000000e+00 7.000000000000000000e+00 8.000000000000000000e+00 9.000000000000000000e+00
1.000000000000000000e+00 0.000000000000000000e+00 3.650406240162273885e-01 3.894034617885406280e-01 9.770594249743548287e-01 9.924837394635602772e-01 1.021844522253499754e+00 1.085615043249195111e+00 1.133607200791854286e+00 9.421183648010035272e-01
2.000000000000000000e+00 3.650406240162273885e-01 0.000000000000000000e+00 2.576580454815398658e-01 8.886617314495651732e-01 9.041026661249317309e-01 9.333140022020198767e-01 9.961946616868595505e-01 1.044237725513464721e+00 8.539070260539988189e-01
3.000000000000000000e+00 3.894034617885406280e-01 2.576580454815398658e-01 0.000000000000000000e+00 8.610370663952154890e-01 8.764817600277300391e-01 9.056715624679045895e-01 9.684218308503727002e-01 1.016472290556524438e+00 8.263084840126405650e-01
4.000000000000000000e+00 9.770594249743548287e-01 8.886617314495651732e-01 8.610370663952154890e-01 0.000000000000000000e+00 4.968799800086632912e-01 6.127729166952269324e-01 7.976951976926565102e-01 8.400742708618917920e-01 5.361340014369800899e-01
5.000000000000000000e+00 9.924837394635602772e-01 9.041026661249317309e-01 8.764817600277300391e-01 4.968799800086632912e-01 0.000000000000000000e+00 5.590578817152334068e-01 7.963655574447381369e-01 8.376024802503221345e-01 5.901386125562816387e-01
6.000000000000000000e+00 1.021844522253499754e+00 9.333140022020198767e-01 9.056715624679045895e-01 6.127729166952269324e-01 5.590578817152334068e-01 0.000000000000000000e+00 7.835759151101044928e-01 8.228711656371165972e-01 6.539518631698223450e-01
7.000000000000000000e+00 1.085615043249195111e+00 9.961946616868595505e-01 9.684218308503727002e-01 7.976951976926565102e-01 7.963655574447381369e-01 7.835759151101044928e-01 0.000000000000000000e+00 3.847352610670951023e-01 8.024267682546767366e-01
8.000000000000000000e+00 1.133607200791854286e+00 1.044237725513464721e+00 1.016472290556524438e+00 8.400742708618917920e-01 8.376024802503221345e-01 8.228711656371165972e-01 3.847352610670951023e-01 0.000000000000000000e+00 8.459380553052614493e-01
9.000000000000000000e+00 9.421183648010035272e-01 8.539070260539988189e-01 8.263084840126405650e-01 5.361340014369800899e-01 5.901386125562816387e-01 6.539518631698223450e-01 8.024267682546767366e-01 8.459380553052614493e-01 0.000000000000000000e+00
