0.000000000000000000e+00 1.000000000000000000e+00 2.000000000000000000e+00 3.000000000000000000e+00 4.000000000000000000e+00 5.000000000000000000e+00 6.000000000000000000e+00 7.000000000000000000e+00 8.000000000000000000e+00 9.000000000000000000e+00
1.000000000000000000e+00 0.000000000000000000e+00 5.596286801013700130e-01 6.279866560113770424e-01 1.611249664306443785e+00 1.621154564530201236e+00 1.657922200049124051e+00 2.082957915485055267e+00 2.214864968914588061e+00 1.596094170953992863e+00
2.000000000000000000e+00 5.596286801013700130e-01 0.000000000000000000e+00 5.036955629699358949e-01 1.579030794938639515e+00 1.588959473842954884e+00 1.625096931409186318e+00 2.038858359437910828e+00 2.171518112044648952e+00 1.564697817277822756e+00
3.000000000000000000e+00 6.279866560113770424e-01 5.036955629699358949e-01 0.000000000000000000e+00 1.562004706619916528e+00 1.571940031832977924e+00 1.607920891785851403e+00 2.018877592240754915e+00 2.151724580380758312e+00 1.547875861740314329e+00
4.000000000000000000e+00 1.611249664306443785e+00 1.579030794938639515e+00 1.562004706619916528e+00 0.000000000000000000e+00 5.015839552800709367e-01 6.348337919008053554e-01 1.527599794422494384e+00 1.629676707835582938e+00 5.550679895544503584e-01
5.000000000000000000e+00 1.621154564530201236e+00 1.588959473842954884e+00 1.571940031832977924e+00 5.015839552800709367e-01 0.000000000000000000e+00 5.695282073628655795e-01 1.523058309955195089e+00 1.623523367692249586e+00 6.246875098562634232e-01
6.000000000000000000e+00 1.657922200049124051e+00 1.625096931409186318e+00 1.607920891785851403e+00 6.348337919008053554e-01 5.695282073628655795e-01 0.000000000000000000e+00 1.514812959292291428e+00 1.612146123898925865e+00 7.144769588760440104e-01
7.000000000000000000e+00 2.082957915485055267e+00 2.038858359437910828e+00 2.018877592240754915e+00 1.527599794422494384e+00 1.523058309955195089e+00 1.514812959292291428e+00 0.000000000000000000e+00 7.574551830648559303e-01 1.557253173660525070e+00
8.000000000000000000e+00 2.214864968914588061e+00 2.171518112044648952e+00 2.151724580380758312e+00 1.629676707835582938e+00 1.623523367692249586e+00 1.612146123898925865e+00 7.574551830648559303e-01 0.000000000000000000e+00 1.661689404900893452e+00
9.000000000000000000e+00 1.596094170953992863e+00 1.564697817277822756e+00 1.547875861740314329e+00 5.550679895544503584e-01 6.246875098562634232e-01 7.144769588760440104e-01 1.557253173660525070e+00 1.661689404900893452e+00 0.000000000000000000e+00
