0.000000000000000000e+00 1.000000000000000000e+00 2.000000000000000000e+00 3.000000000000000000e+00 4.000000000000000000e+00 5.000000000000000000e+00 6.000000000000000000e+00 7.000000000000000000e+00 8.000000000000000000e+00 9.000000000000000000e+00
1.000000000000000000e+00 0.000000000000000000e+00 5.539895159108234601e-01 6.133021409072453300e-01 1.194474384662968625e+00 1.213656972489992381e+00 1.247570934781471852e+00 1.525246653253568008e+00 1.595364799823750568e+00 1.165164826662599351e+00
2.000000000000000000e+00 5.539895159108234601e-01 0.000000000000000000e+00 5.015498331654689723e-01 1.164632448962993116e+00 1.183845079366788511e+00 1.217612830632485821e+00 1.494327549503694508e+00 1.564516938828262260e+00 1.135469465956913782e+00
3.000000000000000000e+00 6.133021409072453300e-01 5.015498331654689723e-01 0.000000000000000000e+00 1.135141115073208251e+00 1.154359679140078754e+00 1.188126530270718906e+00 1.464823981208551951e+00 1.535014383250050907e+00 1.105975195868668104e+00
4.000000000000000000e+00 1.194474384662968625e+00 1.164632448962993116e+00 1.135141115073208251e+00 0.000000000000000000e+00 4.999628461965475168e-01 6.258656187183158082e-01 1.039830260386605643e+00 1.102650945073979427e+00 5.475268859512312236e-01
5.000000000000000000e+00 1.213656972489992381e+00 1.183845079366788511e+00 1.154359679140078754e+00 4.999628461965475168e-01 0.000000000000000000e+00 5.660270664861704049e-01 1.038374918510038158e+00 1.099541112035640422e+00 6.121679378899893553e-01
6.000000000000000000e+00 1.247570934781471852e+00 1.217612830632485821e+00 1.188126530270718906e+00 6.258656187183158082e-01 5.660270664861704049e-01 0.000000000000000000e+00 1.022334680357611658e+00 1.080745632086274943e+00 6.881468573280826728e-01
7.000000000000000000e+00 1.525246653253568008e+00 1.494327549503694508e+00 1.464823981208551951e+00 1.039830260386605643e+00 1.038374918510038158e+00 1.022334680357611658e+00 0.000000000000000000e+00 7.319537566004770124e-01 1.057855519658747356e+00
8.000000000000000000e+00 1.595364799823750568e+00 1.564516938828262260e+00 1.535014383250050907e+00 1.102650945073979427e+00 1.099541112035640422e+00 1.080745632086274943e+00 7.319537566004770124e-01 0.000000000000000000e+00 1.122327986345950768e+00
9.000000000000000000e+00 1.165164826662599351e+00 1.135469465956913782e+00 1.105975195868668104e+00 5.475268859512312236e-01 6.121679378899893553e-01 6.881468573280826728e-01 1.057855519658747356e+00 1.122327986345950768e+00 0.000000000000000000e+00
