0.000000000000000000e+00 1.000000000000000000e+00 2.000000000000000000e+00 3.000000000000000000e+00 4.000000000000000000e+00 5.000000000000000000e+00 6.000000000000000000e+00 7.000000000000000000e+00 8.000000000000000000e+00 9.000000000000000000e+00
1.000000000000000000e+00 0.000000000000000000e+00 5.480812719584042814e-01 6.004362826746854065e-01 8.855062740520953657e-01 9.099069584565168123e-01 9.359320469152823119e-01 1.049845417083514754e+00 1.101462482355383576e+00 8.395202587878697331e-01
2.000000000000000000e+00 5.480812719584042814e-01 0.000000000000000000e+00 4.997261772308909666e-01 8.761414477486353380e-01 9.005477923834827036e-01 9.265368578792450016e-01 1.040258782241276769e+00 1.091883893578587506e+00 8.301797683374495529e-01
3.000000000000000000e+00 6.004362826746854065e-01 4.997261772308909666e-01 0.000000000000000000e+00 8.439573837835270265e-01 8.683687775503278194e-01 8.943675316031849398e-01 1.008128581472390373e+00 1.059751449345921914e+00 7.979819886161804154e-01
4.000000000000000000e+00 8.855062740520953657e-01 8.761414477486353380e-01 8.439573837835270265e-01 0.000000000000000000e+00 4.984169877403549220e-01 6.167320258407162914e-01 8.447603266847636405e-01 8.946283673502588574e-01 5.384638008514556207e-01
5.000000000000000000e+00 9.099069584565168123e-01 9.005477923834827036e-01 8.683687775503278194e-01 4.984169877403549220e-01 0.000000000000000000e+00 5.624925011855748114e-01 8.566255181256092754e-01 9.058366013117560289e-01 5.965752176641995197e-01
6.000000000000000000e+00 9.359320469152823119e-01 9.265368578792450016e-01 8.943675316031849398e-01 6.167320258407162914e-01 5.624925011855748114e-01 0.000000000000000000e+00 8.564697552825215610e-01 9.045908848196437813e-01 6.568274911738304356e-01
7.000000000000000000e+00 1.049845417083514754e+00 1.040258782241276769e+00 1.008128581472390373e+00 8.447603266847636405e-01 8.566255181256092754e-01 8.564697552825215610e-01 0.000000000000000000e+00 7.120530845508619144e-01 8.272116565636681296e-01
8.000000000000000000e+00 1.101462482355383576e+00 1.091883893578587506e+00 1.059751449345921914e+00 8.946283673502588574e-01 9.058366013117560289e-01 9.045908848196437813e-01 7.120530845508619144e-01 0.000000000000000000e+00 8.777690078449155164e-01
9.000000000000000000e+00 8.395202587878697331e-01 8.301797683374495529e-01 7.979819886161804154e-01 5.384638008514556207e-01 5.965752176641995197e-01 6.568274911738304356e-01 8.272116565636681296e-01 8.777690078449155164e-01 0.000000000000000000e+00
