0.000000000000000000e+00 1.000000000000000000e+00 2.000000000000000000e+00 3.000000000000000000e+00 4.000000000000000000e+00 5.000000000000000000e+00 6.000000000000000000e+00 7.000000000000000000e+00 8.000000000000000000e+00 9.000000000000000000e+00
1.000000000000000000e+00 0.000000000000000000e+00 1.123880253486962078e+00 1.347187273340463509e+00 1.684979758611588441e+00 1.709648962215748913e+00 1.748623021238273179e+00 2.777767698994459966e+00 2.924210906740969396e+00 1.666122464140971537e+00
2.000000000000000000e+00 1.123880253486962078e+00 0.000000000000000000e+00 1.441641658137825299e+00 1.972164033199944821e+00 1.996877872808312748e+00 2.035695575818230463e+00 3.063315513509479171e+00 3.209939800615500882e+00 1.953416415142934959e+00
3.000000000000000000e+00 1.347187273340463509e+00 1.441641658137825299e+00 0.000000000000000000e+00 1.999508595690346446e+00 2.024238977457114785e+00 2.063151477734133099e+00 3.091527319538419416e+00 3.238061363971505013e+00 1.980655420713274051e+00
4.000000000000000000e+00 1.684979758611588441e+00 1.972164033199944821e+00 1.999508595690346446e+00 0.000000000000000000e+00 5.050302784102607134e-01 6.482390214584730082e-01 1.877076647397637910e+00 2.009134192649721040e+00 5.698326481088229478e-01
5.000000000000000000e+00 1.709648962215748913e+00 1.996877872808312748e+00 2.024238977457114785e+00 5.050302784102607134e-01 0.000000000000000000e+00 5.781080305373595962e-01 1.874669142037971081e+00 2.003842385384963176e+00 6.534781909122249210e-01
6.000000000000000000e+00 1.748623021238273179e+00 2.035695575818230463e+00 2.063151477734133099e+00 6.482390214584730082e-01 5.781080305373595962e-01 0.000000000000000000e+00 1.852194811464469293e+00 1.976573035952447821e+00 7.503943747536325759e-01
7.000000000000000000e+00 2.777767698994459966e+00 3.063315513509479171e+00 3.091527319538419416e+00 1.877076647397637910e+00 1.874669142037971081e+00 1.852194811464469293e+00 0.000000000000000000e+00 2.050460288597161895e+00 1.918995762731080745e+00
8.000000000000000000e+00 2.924210906740969396e+00 3.209939800615500882e+00 3.238061363971505013e+00 2.009134192649721040e+00 2.003842385384963176e+00 1.976573035952447821e+00 2.050460288597161895e+00 0.000000000000000000e+00 2.054290998515156730e+00
9.000000000000000000e+00 1.666122464140971537e+00 1.953416415142934959e+00 1.980655420713274051e+00 5.698326481088229478e-01 6.534781909122249210e-01 7.503943747536325759e-01 1.918995762731080745e+00 2.054290998515156730e+00 0.000000000000000000e+00
