0.000000000000000000e+00 1.000000000000000000e+00 2.000000000000000000e+00 3.000000000000000000e+00 4.000000000000000000e+00 5.000000000000000000e+00 6.000000000000000000e+00 7.000000000000000000e+00 8.000000000000000000e+00 9.000000000000000000e+00
1.000000000000000000e+00 0.000000000000000000e+00 5.533713415053128637e-01 6.129040395023218624e-01 1.198026974118282295e+00 1.211312659383481316e+00 1.234788320718052335e+00 1.518884130162720725e+00 1.587151007084955934e+00 1.174211317408043298e+00
2.000000000000000000e+00 5.533713415053128637e-01 0.000000000000000000e+00 5.015148847828932999e-01 1.167655033787156293e+00 1.181023694571718297e+00 1.204453005282503097e+00 1.487546660635385765e+00 1.555912475104263892e+00 1.143908503867925530e+00
3.000000000000000000e+00 6.129040395023218624e-01 5.015148847828932999e-01 0.000000000000000000e+00 1.138696745854896664e+00 1.152074489283226866e+00 1.175507774949505313e+00 1.458577065820105156e+00 1.526945633639798183e+00 1.114943148746428525e+00
4.000000000000000000e+00 1.198026974118282295e+00 1.167655033787156293e+00 1.138696745854896664e+00 0.000000000000000000e+00 4.995427189893011377e-01 6.218307549547323898e-01 1.037965442256503446e+00 1.099708123347006739e+00 5.468295036863741743e-01
5.000000000000000000e+00 1.211312659383481316e+00 1.181023694571718297e+00 1.152074489283226866e+00 4.995427189893011377e-01 0.000000000000000000e+00 5.636973434443499631e-01 1.035546279162576466e+00 1.095772826950320189e+00 6.098979575679011056e-01
6.000000000000000000e+00 1.234788320718052335e+00 1.204453005282503097e+00 1.175507774949505313e+00 6.218307549547323898e-01 5.636973434443499631e-01 0.000000000000000000e+00 1.022953576874431780e+00 1.081175011245308015e+00 6.798425324432140204e-01
7.000000000000000000e+00 1.518884130162720725e+00 1.487546660635385765e+00 1.458577065820105156e+00 1.037965442256503446e+00 1.035546279162576466e+00 1.022953576874431780e+00 0.000000000000000000e+00 7.323033507305762857e-01 1.052783751825747460e+00
8.000000000000000000e+00 1.587151007084955934e+00 1.555912475104263892e+00 1.526945633639798183e+00 1.099708123347006739e+00 1.095772826950320189e+00 1.081175011245308015e+00 7.323033507305762857e-01 0.000000000000000000e+00 1.115765550993815802e+00
9.000000000000000000e+00 1.174211317408043298e+00 1.143908503867925530e+00 1.114943148746428525e+00 5.468295036863741743e-01 6.098979575679011056e-01 6.798425324432140204e-01 1.052783751825747460e+00 1.115765550993815802e+00 0.000000000000000000e+00
