0.000000000000000000e+00 1.000000000000000000e+00 2.000000000000000000e+00 3.000000000000000000e+00 4.000000000000000000e+00 5.000000000000000000e+00 6.000000000000000000e+00 7.000000000000000000e+00 8.000000000000000000e+00 9.000000000000000000e+00
1.000000000000000000e+00 0.000000000000000000e+00 5.533737870737927000e-01 6.129068243599941068e-01 1.214275069488017778e+00 1.233223352385213856e+00 1.267883188293603913e+00 1.554902072302691396e+00 1.627371552255358900e+00 1.184453364938618858e+00
2.000000000000000000e+00 5.533737870737927000e-01 0.000000000000000000e+00 5.015148637068201909e-01 1.183529366027626040e+00 1.202505019581737278e+00 1.237010936267658900e+00 1.523023004258515334e+00 1.595567818585812425e+00 1.153864763545296324e+00
3.000000000000000000e+00 6.129068243599941068e-01 5.015148637068201909e-01 0.000000000000000000e+00 1.154545560592539211e+00 1.173526665815156411e+00 1.208030856525041274e+00 1.494020742784383460e+00 1.566567044793565344e+00 1.124879147229763454e+00
4.000000000000000000e+00 1.214275069488017778e+00 1.183529366027626040e+00 1.154545560592539211e+00 0.000000000000000000e+00 5.000612116073770430e-01 6.264776732200676435e-01 1.053037166618649989e+00 1.117740822810820767e+00 5.479197642441706595e-01
5.000000000000000000e+00 1.233223352385213856e+00 1.202505019581737278e+00 1.173526665815156411e+00 5.000612116073770430e-01 0.000000000000000000e+00 5.662629590430932058e-01 1.050383675429794605e+00 1.113385595079883217e+00 6.129116887394552293e-01
6.000000000000000000e+00 1.267883188293603913e+00 1.237010936267658900e+00 1.208030856525041274e+00 6.264776732200676435e-01 5.662629590430932058e-01 0.000000000000000000e+00 1.032848716682974510e+00 1.093008902117544423e+00 6.898835945308956497e-01
7.000000000000000000e+00 1.554902072302691396e+00 1.523023004258515334e+00 1.494020742784383460e+00 1.053037166618649989e+00 1.050383675429794605e+00 1.032848716682974510e+00 0.000000000000000000e+00 7.325278217496542510e-01 1.072781135007893294e+00
8.000000000000000000e+00 1.627371552255358900e+00 1.595567818585812425e+00 1.566567044793565344e+00 1.117740822810820767e+00 1.113385595079883217e+00 1.093008902117544423e+00 7.325278217496542510e-01 0.000000000000000000e+00 1.139197553257887296e+00
9.000000000000000000e+00 1.184453364938618858e+00 1.153864763545296324e+00 1.124879147229763454e+00 5.479197642441706595e-01 6.129116887394552293e-01 6.898835945308956497e-01 1.072781135007893294e+00 1.139197553257887296e+00 0.000000000000000000e+00
