0.000000000000000000e+00 1.000000000000000000e+00 2.000000000000000000e+00 3.000000000000000000e+00 4.000000000000000000e+00 5.000000000000000000e+00 6.000000000000000000e+00 7.000000000000000000e+00 8.000000000000000000e+00 9.000000000000000000e+00
1.000000000000000000e+00 0.000000000000000000e+00 5.536253262625382421e-01 6.134643482430752748e-01 1.270624341988997541e+00 1.285697057184690184e+00 1.310507996184709700e+00 1.632196177370958123e+00 1.704507340620047051e+00 1.261306099738448205e+00
2.000000000000000000e+00 5.536253262625382421e-01 0.000000000000000000e+00 5.015762576767335279e-01 1.238290069202369059e+00 1.253426609639692213e+00 1.278137696082181307e+00 1.598677037196815531e+00 1.671086150762609135e+00 1.229065887487348130e+00
3.000000000000000000e+00 6.134643482430752748e-01 5.015762576767335279e-01 0.000000000000000000e+00 1.208789271242612928e+00 1.223933913541073171e+00 1.248648826403286005e+00 1.569182913069390617e+00 1.641592307714777599e+00 1.199555066867864506e+00
4.000000000000000000e+00 1.270624341988997541e+00 1.238290069202369059e+00 1.208789271242612928e+00 0.000000000000000000e+00 5.023970212498640731e-01 6.338913727715342894e-01 1.116680078189082659e+00 1.179214627585954522e+00 5.575472689364417977e-01
5.000000000000000000e+00 1.285697057184690184e+00 1.253426609639692213e+00 1.223933913541073171e+00 5.023970212498640731e-01 0.000000000000000000e+00 5.687727641685280666e-01 1.110675491732843634e+00 1.171305689852050635e+00 6.329981343947319594e-01
6.000000000000000000e+00 1.310507996184709700e+00 1.278137696082181307e+00 1.248648826403286005e+00 6.338913727715342894e-01 5.687727641685280666e-01 0.000000000000000000e+00 1.087987132678711832e+00 1.145718252396060288e+00 7.180492073291855348e-01
7.000000000000000000e+00 1.632196177370958123e+00 1.598677037196815531e+00 1.569182913069390617e+00 1.116680078189082659e+00 1.110675491732843634e+00 1.087987132678711832e+00 0.000000000000000000e+00 7.352023755724250709e-01 1.154627072997157500e+00
8.000000000000000000e+00 1.704507340620047051e+00 1.671086150762609135e+00 1.641592307714777599e+00 1.179214627585954522e+00 1.171305689852050635e+00 1.145718252396060288e+00 7.352023755724250709e-01 0.000000000000000000e+00 1.219200682359185217e+00
9.000000000000000000e+00 1.261306099738448205e+00 1.229065887487348130e+00 1.199555066867864506e+00 5.575472689364417977e-01 6.329981343947319594e-01 7.180492073291855348e-01 1.154627072997157500e+00 1.219200682359185217e+00 0.000000000000000000e+00
