0.000000000000000000e+00 1.000000000000000000e+00 2.000000000000000000e+00 3.000000000000000000e+00 4.000000000000000000e+00 5.000000000000000000e+00 6.000000000000000000e+00 7.000000000000000000e+00 8.000000000000000000e+00 9.000000000000000000e+00
1.000000000000000000e+00 0.000000000000000000e+00 5.526670813197457344e-01 6.119188549343218542e-01 1.023774001757737473e+00 1.037877601167978447e+00 1.064408475332597304e+00 1.478807925067848750e+00 1.540824433741774913e+00 1.011081071852807378e+00
2.000000000000000000e+00 5.526670813197457344e-01 0.000000000000000000e+00 5.013982444361108071e-01 9.957905434007261469e-01 1.009910529833282222e+00 1.036340631477414620e+00 1.449911281867929613e+00 1.511988591518405256e+00 9.831912571648546706e-01
3.000000000000000000e+00 6.119188549343218542e-01 5.013982444361108071e-01 0.000000000000000000e+00 9.678121325040422995e-01 9.819357746081260885e-01 1.008365360524500209e+00 1.421923407950227869e+00 1.484001429510406700e+00 9.552107266438458755e-01
4.000000000000000000e+00 1.023774001757737473e+00 9.957905434007261469e-01 9.678121325040422995e-01 0.000000000000000000e+00 2.524997402994106910e-01 3.272094936991016834e-01 8.523516871453384880e-01 9.080197523486346345e-01 2.826443612944229411e-01
5.000000000000000000e+00 1.037877601167978447e+00 1.009910529833282222e+00 9.819357746081260885e-01 2.524997402994106910e-01 0.000000000000000000e+00 2.904189231272142901e-01 8.508321987317728485e-01 9.053378896846677737e-01 3.234899943960061197e-01
6.000000000000000000e+00 1.064408475332597304e+00 1.036340631477414620e+00 1.008365360524500209e+00 3.272094936991016834e-01 2.904189231272142901e-01 0.000000000000000000e+00 8.410333459681327284e-01 8.935282677760298942e-01 3.764553512172759131e-01
7.000000000000000000e+00 1.478807925067848750e+00 1.449911281867929613e+00 1.421923407950227869e+00 8.523516871453384880e-01 8.508321987317728485e-01 8.410333459681327284e-01 0.000000000000000000e+00 7.239271457339013782e-01 8.729044140679484975e-01
8.000000000000000000e+00 1.540824433741774913e+00 1.511988591518405256e+00 1.484001429510406700e+00 9.080197523486346345e-01 9.053378896846677737e-01 8.935282677760298942e-01 7.239271457339013782e-01 0.000000000000000000e+00 9.298062249721810169e-01
9.000000000000000000e+00 1.011081071852807378e+00 9.831912571648546706e-01 9.552107266438458755e-01 2.826443612944229411e-01 3.234899943960061197e-01 3.764553512172759131e-01 8.729044140679484975e-01 9.298062249721810169e-01 0.000000000000000000e+00
