0.000000000000000000e+00 1.000000000000000000e+00 2.000000000000000000e+00 3.000000000000000000e+00 4.000000000000000000e+00 5.000000000000000000e+00 6.000000000000000000e+00 7.000000000000000000e+00 8.000000000000000000e+00 9.000000000000000000e+00
1.000000000000000000e+00 0.000000000000000000e+00 5.513238798863981938e-01 6.079715281544935124e-01 1.106912864265692020e+00 1.128376591396512252e+00 1.161213893184159796e+00 1.395268541140991081e+00 1.460416266754458237e+00 1.070890019069094201e+00
2.000000000000000000e+00 5.513238798863981938e-01 0.000000000000000000e+00 5.007885295117215918e-01 1.082273551636313558e+00 1.103758858962169631e+00 1.136502466008648460e+00 1.370003072717298709e+00 1.435185574769057615e+00 1.046330658590925999e+00
3.000000000000000000e+00 6.079715281544935124e-01 5.007885295117215918e-01 0.000000000000000000e+00 1.051377158238681497e+00 1.072868046688644883e+00 1.105619993263768697e+00 1.339155381110332721e+00 1.404335403152558337e+00 1.015420880608137733e+00
4.000000000000000000e+00 1.106912864265692020e+00 1.082273551636313558e+00 1.051377158238681497e+00 0.000000000000000000e+00 4.995182353542790832e-01 6.233745072247756092e-01 9.773636017478641858e-01 1.037550574552736693e+00 5.449058969176230338e-01
5.000000000000000000e+00 1.128376591396512252e+00 1.103758858962169631e+00 1.072868046688644883e+00 4.995182353542790832e-01 0.000000000000000000e+00 5.650648488095855182e-01 9.783336344504454107e-01 1.037114186730208720e+00 6.078234813828093941e-01
6.000000000000000000e+00 1.161213893184159796e+00 1.136502466008648460e+00 1.105619993263768697e+00 6.233745072247756092e-01 5.650648488095855182e-01 0.000000000000000000e+00 9.642419628371967644e-01 1.020708856108691220e+00 6.796745824121139812e-01
7.000000000000000000e+00 1.395268541140991081e+00 1.370003072717298709e+00 1.339155381110332721e+00 9.773636017478641858e-01 9.783336344504454107e-01 9.642419628371967644e-01 0.000000000000000000e+00 7.253006134023995966e-01 9.874976020205541438e-01
8.000000000000000000e+00 1.460416266754458237e+00 1.435185574769057615e+00 1.404335403152558337e+00 1.037550574552736693e+00 1.037114186730208720e+00 1.020708856108691220e+00 7.253006134023995966e-01 0.000000000000000000e+00 1.049062696317667687e+00
9.000000000000000000e+00 1.070890019069094201e+00 1.046330658590925999e+00 1.015420880608137733e+00 5.449058969176230338e-01 6.078234813828093941e-01 6.796745824121139812e-01 9.874976020205541438e-01 1.049062696317667687e+00 0.000000000000000000e+00
