0.000000000000000000e+00 1.000000000000000000e+00 2.000000000000000000e+00 3.000000000000000000e+00 4.000000000000000000e+00 5.000000000000000000e+00 6.000000000000000000e+00 7.000000000000000000e+00 8.000000000000000000e+00 9.000000000000000000e+00
1.000000000000000000e+00 0.000000000000000000e+00 5.541646625694610639e-01 6.136688957709082182e-01 1.211197471300864859e+00 1.230189586451208017e+00 1.264810597478735588e+00 1.552593975161132400e+00 1.624372953634380723e+00 1.181371156508713494e+00
2.000000000000000000e+00 5.541646625694610639e-01 0.000000000000000000e+00 5.015903404207102678e-01 1.180242614160677217e+00 1.199265135576796704e+00 1.233734757390141379e+00 1.520523599239638424e+00 1.592377014336564534e+00 1.150569256250809858e+00
3.000000000000000000e+00 6.136688957709082182e-01 5.015903404207102678e-01 0.000000000000000000e+00 1.150754081056637457e+00 1.169782243717487402e+00 1.204250051855512371e+00 1.491015686395077422e+00 1.562870659573953658e+00 1.121078878550642255e+00
4.000000000000000000e+00 1.211197471300864859e+00 1.180242614160677217e+00 1.150754081056637457e+00 0.000000000000000000e+00 5.000341516481425774e-01 6.263172024793863812e-01 1.051138876472614170e+00 1.115374884898421071e+00 5.478256638531580069e-01
5.000000000000000000e+00 1.230189586451208017e+00 1.199265135576796704e+00 1.169782243717487402e+00 5.000341516481425774e-01 0.000000000000000000e+00 5.662003689403589668e-01 1.048658043487692870e+00 1.111202148597668637e+00 6.127263054808689269e-01
6.000000000000000000e+00 1.264810597478735588e+00 1.233734757390141379e+00 1.204250051855512371e+00 6.263172024793863812e-01 5.662003689403589668e-01 0.000000000000000000e+00 1.031282501698211673e+00 1.091007770336061666e+00 6.894495573837802205e-01
7.000000000000000000e+00 1.552593975161132400e+00 1.520523599239638424e+00 1.491015686395077422e+00 1.051138876472614170e+00 1.048658043487692870e+00 1.031282501698211673e+00 0.000000000000000000e+00 7.327031238026069371e-01 1.070653953534512759e+00
8.000000000000000000e+00 1.624372953634380723e+00 1.592377014336564534e+00 1.562870659573953658e+00 1.115374884898421071e+00 1.111202148597668637e+00 1.091007770336061666e+00 7.327031238026069371e-01 0.000000000000000000e+00 1.136580317029828979e+00
9.000000000000000000e+00 1.181371156508713494e+00 1.150569256250809858e+00 1.121078878550642255e+00 5.478256638531580069e-01 6.127263054808689269e-01 6.894495573837802205e-01 1.070653953534512759e+00 1.136580317029828979e+00 0.000000000000000000e+00
