0.000000000000000000e+00 1.000000000000000000e+00 2.000000000000000000e+00 3.000000000000000000e+00 4.000000000000000000e+00 5.000000000000000000e+00 6.000000000000000000e+00 7.000000000000000000e+00 8.000000000000000000e+00 9.000000000000000000e+00
1.000000000000000000e+00 0.000000000000000000e+00 1.122992961168265191e+00 1.159134361922410150e+00 2.276232062626590835e+00 2.305155560604630338e+00 2.367132979117597014e+00 2.939767622187058560e+00 3.047943116691984589e+00 2.243096648834911999e+00
2.000000000000000000e+00 1.122992961168265191e+00 0.000000000000000000e+00 5.304521004555873276e-01 1.750630537649891405e+00 1.779599601141350185e+00 1.841252395550848409e+00 2.410494555609647538e+00 2.518817982450600734e+00 1.717943758231031293e+00
3.000000000000000000e+00 1.159134361922410150e+00 5.304521004555873276e-01 0.000000000000000000e+00 1.668271823720793190e+00 1.697252895363266845e+00 1.758827688050463411e+00 2.327253679864584424e+00 2.435612591856456621e+00 1.635692877489401287e+00
4.000000000000000000e+00 2.276232062626590835e+00 1.750630537649891405e+00 1.668271823720793190e+00 0.000000000000000000e+00 5.034462257749710012e-01 6.546758458220618415e-01 1.521662275843424172e+00 1.617869839508907059e+00 5.543968732717350356e-01
5.000000000000000000e+00 2.305155560604630338e+00 1.779599601141350185e+00 1.697252895363266845e+00 5.034462257749710012e-01 0.000000000000000000e+00 5.806982697375464575e-01 1.524641464247994183e+00 1.619347576693181967e+00 6.278811834217727927e-01
6.000000000000000000e+00 2.367132979117597014e+00 1.841252395550848409e+00 1.758827688050463411e+00 6.546758458220618415e-01 5.806982697375464575e-01 0.000000000000000000e+00 1.520365164714596151e+00 1.612262600224667164e+00 7.361176465835530536e-01
7.000000000000000000e+00 2.939767622187058560e+00 2.410494555609647538e+00 2.327253679864584424e+00 1.521662275843424172e+00 1.524641464247994183e+00 1.520365164714596151e+00 0.000000000000000000e+00 7.980258509895197250e-01 1.547012025001961444e+00
8.000000000000000000e+00 3.047943116691984589e+00 2.518817982450600734e+00 2.435612591856456621e+00 1.617869839508907059e+00 1.619347576693181967e+00 1.612262600224667164e+00 7.980258509895197250e-01 0.000000000000000000e+00 1.644897734533351308e+00
9.000000000000000000e+00 2.243096648834911999e+00 1.717943758231031293e+00 1.635692877489401287e+00 5.543968732717350356e-01 6.278811834217727927e-01 7.361176465835530536e-01 1.547012025001961444e+00 1.644897734533351308e+00 0.000000000000000000e+00
