0.000000000000000000e+00 1.000000000000000000e+00 2.000000000000000000e+00 3.000000000000000000e+00 4.000000000000000000e+00 5.000000000000000000e+00 6.000000000000000000e+00 7.000000000000000000e+00 8.000000000000000000e+00 9.000000000000000000e+00
1.000000000000000000e+00 0.000000000000000000e+00 1.650598573569714844e+00 1.815961385950892737e+00 3.064082193336449045e+00 3.119862512080548989e+00 3.214505048570978740e+00 3.795276375268447744e+00 3.973833210529968074e+00 2.941882269513833581e+00
2.000000000000000000e+00 1.650598573569714844e+00 0.000000000000000000e+00 1.501233663976047072e+00 3.003716354877817629e+00 3.059565776793650826e+00 3.154041927198055983e+00 3.733622986430097157e+00 3.912246619411993809e+00 2.881655276178598957e+00
3.000000000000000000e+00 1.815961385950892737e+00 1.501233663976047072e+00 0.000000000000000000e+00 2.909390720838863409e+00 2.965254450280881748e+00 3.059758261520860945e+00 3.639458308869037317e+00 3.818074745448981400e+00 2.787291099887232004e+00
4.000000000000000000e+00 3.064082193336449045e+00 3.003716354877817629e+00 2.909390720838863409e+00 0.000000000000000000e+00 1.493468564527504761e+00 1.850922285171330284e+00 2.742584383406799553e+00 2.911829645352291163e+00 1.613374514713639574e+00
5.000000000000000000e+00 3.119862512080548989e+00 3.059565776793650826e+00 2.965254450280881748e+00 1.493468564527504761e+00 0.000000000000000000e+00 1.686364817587594711e+00 2.752058507875675630e+00 2.918199678660625462e+00 1.780129496640333375e+00
6.000000000000000000e+00 3.214505048570978740e+00 3.154041927198055983e+00 3.059758261520860945e+00 1.850922285171330284e+00 1.686364817587594711e+00 0.000000000000000000e+00 2.733857983876940345e+00 2.894879002465045037e+00 1.973203636808379624e+00
7.000000000000000000e+00 3.795276375268447744e+00 3.733622986430097157e+00 3.639458308869037317e+00 2.742584383406799553e+00 2.752058507875675630e+00 2.733857983876940345e+00 0.000000000000000000e+00 2.159513247556380744e+00 2.730669578378978724e+00
8.000000000000000000e+00 3.973833210529968074e+00 3.912246619411993809e+00 3.818074745448981400e+00 2.911829645352291163e+00 2.918199678660625462e+00 2.894879002465045037e+00 2.159513247556380744e+00 0.000000000000000000e+00 2.902570969579670201e+00
9.000000000000000000e+00 2.941882269513833581e+00 2.881655276178598957e+00 2.787291099887232004e+00 1.613374514713639574e+00 1.780129496640333375e+00 1.973203636808379624e+00 2.730669578378978724e+00 2.902570969579670201e+00 0.000000000000000000e+00
