0.000000000000000000e+00 1.000000000000000000e+00 2.000000000000000000e+00 3.000000000000000000e+00 4.000000000000000000e+00 5.000000000000000000e+00 6.000000000000000000e+00 7.000000000000000000e+00 8.000000000000000000e+00 9.000000000000000000e+00
1.000000000000000000e+00 0.000000000000000000e+00 5.533737886744746204e-01 6.129068243718656106e-01 1.214275069490422965e+00 1.233223352386493499e+00 1.267883188290780838e+00 1.554902072297572158e+00 1.627371552253666920e+00 1.184453364933482522e+00
2.000000000000000000e+00 5.533737886744746204e-01 0.000000000000000000e+00 5.015148663469377599e-01 1.183529366914422454e+00 1.202505020296551042e+00 1.237010937007857914e+00 1.523023004740266639e+00 1.595567818893846468e+00 1.153864764267378717e+00
3.000000000000000000e+00 6.129068243718656106e-01 5.015148663469377599e-01 0.000000000000000000e+00 1.154545560370445756e+00 1.173526665481743780e+00 1.208030856270694064e+00 1.494020742388844525e+00 1.566567044337562553e+00 1.124879146819920184e+00
4.000000000000000000e+00 1.214275069490422965e+00 1.183529366914422454e+00 1.154545560370445756e+00 0.000000000000000000e+00 5.000612113969478134e-01 6.264776734420725024e-01 1.053037166235881283e+00 1.117740822645584942e+00 5.479197640545696579e-01
5.000000000000000000e+00 1.233223352386493499e+00 1.202505020296551042e+00 1.173526665481743780e+00 5.000612113969478134e-01 0.000000000000000000e+00 5.662629588939311898e-01 1.050383675057977584e+00 1.113385594910963228e+00 6.129116890420067687e-01
6.000000000000000000e+00 1.267883188290780838e+00 1.237010937007857914e+00 1.208030856270694064e+00 6.264776734420725024e-01 5.662629588939311898e-01 0.000000000000000000e+00 1.032848716305255987e+00 1.093008901954005907e+00 6.898835953004245347e-01
7.000000000000000000e+00 1.554902072297572158e+00 1.523023004740266639e+00 1.494020742388844525e+00 1.053037166235881283e+00 1.050383675057977584e+00 1.032848716305255987e+00 0.000000000000000000e+00 7.325278222549092000e-01 1.072781134532176495e+00
8.000000000000000000e+00 1.627371552253666920e+00 1.595567818893846468e+00 1.566567044337562553e+00 1.117740822645584942e+00 1.113385594910963228e+00 1.093008901954005907e+00 7.325278222549092000e-01 0.000000000000000000e+00 1.139197552880971909e+00
9.000000000000000000e+00 1.184453364933482522e+00 1.153864764267378717e+00 1.124879146819920184e+00 5.479197640545696579e-01 6.129116890420067687e-01 6.898835953004245347e-01 1.072781134532176495e+00 1.139197552880971909e+00 0.000000000000000000e+00
