0.000000000000000000e+00 1.000000000000000000e+00 2.000000000000000000e+00 3.000000000000000000e+00 4.000000000000000000e+00 5.000000000000000000e+00 6.000000000000000000e+00 7.000000000000000000e+00 8.000000000000000000e+00 9.000000000000000000e+00
1.000000000000000000e+00 0.000000000000000000e+00 5.545408140348094816e-01 6.144689015189928050e-01 1.238814263530013893e+00 1.256719572999326129e+00 1.291066505065121328e+00 1.582360801373905224e+00 1.656873137033278098e+00 1.209520506812770568e+00
2.000000000000000000e+00 5.545408140348094816e-01 0.000000000000000000e+00 5.016810510573037618e-01 1.207066930280582984e+00 1.224992185028504821e+00 1.259138260621447847e+00 1.549055829136681384e+00 1.623676575610442541e+00 1.177983416023544061e+00
3.000000000000000000e+00 6.144689015189928050e-01 5.016810510573037618e-01 0.000000000000000000e+00 1.177941574879830089e+00 1.195872320364793850e+00 1.230007636742770361e+00 1.519841468662427753e+00 1.594468637743221784e+00 1.148866190631010697e+00
4.000000000000000000e+00 1.238814263530013893e+00 1.207066930280582984e+00 1.177941574879830089e+00 0.000000000000000000e+00 5.001895336926482916e-01 6.272249975000432354e-01 1.074048082188291398e+00 1.138985874003452192e+00 5.483691276397351100e-01
5.000000000000000000e+00 1.256719572999326129e+00 1.224992185028504821e+00 1.195872320364793850e+00 5.001895336926482916e-01 0.000000000000000000e+00 5.665318763593800711e-01 1.070427846663694504e+00 1.133571920169894831e+00 6.137618161119131610e-01
6.000000000000000000e+00 1.291066505065121328e+00 1.259138260621447847e+00 1.230007636742770361e+00 6.272249975000432354e-01 5.665318763593800711e-01 0.000000000000000000e+00 1.052342830103736082e+00 1.112438715382994658e+00 6.918771254185718256e-01
7.000000000000000000e+00 1.582360801373905224e+00 1.549055829136681384e+00 1.519841468662427753e+00 1.074048082188291398e+00 1.070427846663694504e+00 1.052342830103736082e+00 0.000000000000000000e+00 7.343270138886865972e-01 1.094634921596360444e+00
8.000000000000000000e+00 1.656873137033278098e+00 1.623676575610442541e+00 1.594468637743221784e+00 1.138985874003452192e+00 1.133571920169894831e+00 1.112438715382994658e+00 7.343270138886865972e-01 0.000000000000000000e+00 1.161486318427545017e+00
9.000000000000000000e+00 1.209520506812770568e+00 1.177983416023544061e+00 1.148866190631010697e+00 5.483691276397351100e-01 6.137618161119131610e-01 6.918771254185718256e-01 1.094634921596360444e+00 1.161486318427545017e+00 0.000000000000000000e+00
